29707 11217673 3.069024513910648 -0.6958438585451167 0.42672 2.2691385112094458 -1.2112899144904086
29708 11217673 3.0753214010173484 -0.6602262967412387 0.42672 2.2691385112094458 -1.2112899144904086
29709 11217673 3.081618288124049 -0.6246087349373608 0.42672 2.2691385112094458 -1.2112899144904086
29710 11217673 3.0866770649709045 -0.5887038780544769 0.42672 2.2691385112094458 -1.2112899144904086
29711 11217673 3.0917358418177603 -0.552799021171593 0.42672 2.2691385112094458 -1.2112899144904086
29712 11217673 3.0946406816234258 -0.5350567394656487 0.42672 2.2691385112094458 -1.2112899144904086
29713 11217673 3.0975455214290912 -0.5173144577597045 0.42672 2.2691385112094458 -1.2112899144904086
29714 11217673 3.1074000091643215 -0.4449515779991967 0.39624 2.2691385112094458 -1.2112899144904086
29715 11217673 3.11288753720888 -0.4118149594468633 0.39624 2.2691385112094458 -1.2112899144904086
29716 11217673 3.1183750652534394 -0.3786783408945299 0.39624 2.2691385112094458 -1.2112899144904086
29717 11217673 3.1223510986531284 -0.34201118844450096 0.39624 2.2691385112094458 -1.2112899144904086
29718 11217673 3.1223692403197427 -0.3093088882977329 0.39624 2.2691385112094458 -1.2112899144904086
29719 11217673 3.1250827751310637 -0.2751500227409797 0.39624 2.2691385112094458 -1.2112899144904086
29720 11217673 3.1205141475920537 -0.2435789298905293 0.39624 2.2691385112094458 -1.2112899144904086
29721 11217673 3.115945520053044 -0.21200783704007897 0.39624 2.2691385112094458 -1.2112899144904086
29722 11217673 3.1105086944722258 -0.1953393129150577 0.39624 2.2691385112094458 -1.2112899144904086
29723 11217673 3.1050718688914074 -0.17867078879003642 0.39624 2.2691385112094458 -1.2112899144904086
29724 11217673 3.0959855098006863 -0.14801973317709252 0.39624 2.2691385112094458 -1.2112899144904086
29725 11217673 3.0649494931860444 -0.0853223736585573 0.39624 2.2691385112094458 -1.2112899144904086
29726 11217673 3.0404500520450406 -0.0610880102702101 0.381 2.2691385112094458 -1.2112899144904086
29727 11217673 3.0159506109040377 -0.036853646881862906 0.36576 2.2691385112094458 -1.2112899144904086
29728 11217673 2.9892927467161368 -0.017872151833597943 0.36576 2.2691385112094458 -1.2112899144904086
29729 11217673 2.954312844197169 -0.005343965689949964 0.36576 2.2691385112094458 -1.2112899144904086
29730 11217673 2.919332941678201 0.007184220453698016 0.36576 2.2691385112094458 -1.2112899144904086
29731 11217673 2.8848281937112734 0.01844783146506143 0.36576 2.2691385112094458 -1.2112899144904086
29732 11217673 2.85185191553396 0.016713249757291687 0.36576 2.2691385112094458 -1.2112899144904086
29733 11217673 2.8336801499085866 0.018848804782113315 0.36576 2.2691385112094458 -1.2112899144904086
29734 11217673 2.8155083842832136 0.020984359806934944 0.36576 2.2691385112094458 -1.2112899144904086
29735 11217673 2.760233593592304 0.023025047747306158 0.36576 2.2691385112094458 -1.2112899144904086
29736 11217673 2.7171158262737105 0.02150624366750331 0.36576 2.2691385112094458 -1.2112899144904086
29737 11217673 2.6739980589551164 0.019987439587700467 0.36576 2.2691385112094458 -1.2112899144904086
29738 11217673 2.6432909290359863 0.0170456492535562 0.33528 2.2691385112094458 -1.2112899144904086
29739 11217673 2.6081199387648573 0.017430496171362664 0.33528 2.2691385112094458 -1.2112899144904086
29740 11217673 2.572948948493728 0.017815343089169128 0.33528 2.2691385112094458 -1.2112899144904086
29741 11217673 2.5399722162543075 0.016082208445870244 0.33528 2.2691385112094458 -1.2112899144904086
29742 11217673 2.5110862522635116 0.010560412781403877 0.33528 2.2691385112094458 -1.2112899144904086
29743 11217673 2.494850673773958 0.01060439487023443 0.33528 2.2691385112094458 -1.2112899144904086
29744 11217673 2.4786150952844044 0.01064837695906498 0.33528 2.2691385112094458 -1.2112899144904086
29745 11217673 2.4489529654387643 0.010637059211169614 0.33528 2.2691385112094458 -1.2112899144904086
29746 11217673 2.418671470136312 0.010360804203634085 0.33528 2.2691385112094458 -1.2112899144904086
29747 11217673 2.3868540016901405 0.01081981469703966 0.33528 2.2691385112094458 -1.2112899144904086
29748 11217673 2.322182137925055 0.004483535840674764 0.33528 2.2691385112094458 -1.2112899144904086
29749 11217673 2.2921182976655587 0.004195163366516735 0.32004 2.2691385112094458 -1.2112899144904086
29750 11217673 2.2620544574060624 0.003906790892358708 0.3048 2.2691385112094458 -1.2112899144904086
29751 11217673 2.2326785658326567 0.003686004761096123 0.3048 2.2691385112094458 -1.2112899144904086
29752 11217673 2.2011063750676887 0.002722310173488313 0.3048 2.2691385112094458 -1.2112899144904086
29753 11217673 2.1695341843027203 0.001758615585880502 0.3048 2.2691385112094458 -1.2112899144904086
29754 11217673 2.1402627304301927 0.00349001876583957 0.3048 2.2691385112094458 -1.2112899144904086
29755 11217673 2.1104397084561333 0.003532521227605528 0.3048 2.2691385112094458 -1.2112899144904086
29756 11217673 2.078832884906126 0.0024638063704147672 0.3048 2.2691385112094458 -1.2112899144904086
29757 11217673 2.0472260613561186 0.001395091513224006 0.3048 2.2691385112094458 -1.2112899144904086
29758 11217673 2.0185049034966482 0.003180899609067339 0.3048 2.2691385112094458 -1.2112899144904086
29759 11217673 2.003743096593288 0.004204886178355599 0.3048 2.2691385112094458 -1.2112899144904086
29760 11217673 1.988981289689928 0.005228872747643859 0.3048 2.2691385112094458 -1.2112899144904086
29761 11217673 1.9591693999005984 0.005034679517439994 0.3048 2.2691385112094458 -1.2112899144904086
29762 11217673 1.8967369863565764 0.005563874692523119 0.3048 2.2691385112094458 -1.2112899144904086
29763 11217673 1.864746524254517 0.005497411496512865 0.27432 2.2691385112094458 -1.2112899144904086
29764 11217673 1.835894453504612 0.008786997438061953 0.27432 2.2691385112094458 -1.2112899144904086
29765 11217673 1.8070423827547064 0.01207658337961104 0.27432 2.2691385112094458 -1.2112899144904086
29766 11217673 1.7778395891487295 0.014020609361840852 0.27432 2.2691385112094458 -1.2112899144904086
29767 11217673 1.7479817197794114 0.013959073605092907 0.27432 2.2691385112094458 -1.2112899144904086
29768 11217673 1.7330985345204812 0.013796598488603998 0.27432 2.2691385112094458 -1.2112899144904086
29769 11217673 1.7182153492615508 0.013634123372115087 0.27432 2.2691385112094458 -1.2112899144904086
29770 11217673 1.657562778802137 0.018256869604530296 0.27432 2.2691385112094458 -1.2112899144904086
29771 11217673 1.6241490263244285 0.01655346581626191 0.27432 2.2691385112094458 -1.2112899144904086
29772 11217673 1.5930986057186038 0.01664845271501741 0.27432 2.2691385112094458 -1.2112899144904086
29773 11217673 1.5620481851127792 0.01674343961377292 0.27432 2.2691385112094458 -1.2112899144904086
29774 11217673 1.5293232317647298 0.016334225901449825 0.27432 2.2691385112094458 -1.2112899144904086
29775 11217673 1.4965982784166805 0.01592501218912673 0.27432 2.2691385112094458 -1.2112899144904086
29776 11217673 1.4659470444783538 0.01343675752328216 0.27432 2.2691385112094458 -1.2112899144904086
29777 11217673 1.4335435871046778 0.013740625472568824 0.24384 2.2691385112094458 -1.2112899144904086
29778 11217673 1.4070742903086109 0.007199632603775555 0.24384 2.2691385112094458 -1.2112899144904086
29779 11217673 1.3771814942129073 0.007034095115143163 0.24384 2.2691385112094458 -1.2112899144904086
29780 11217673 1.3472084020094148 0.006894958918758395 0.24384 2.2691385112094458 -1.2112899144904086
29781 11217673 1.3172353098059224 0.006755822722373628 0.24384 2.2691385112094458 -1.2112899144904086
29782 11217673 1.2894725587082811 0.0033246773491779624 0.24384 2.2691385112094458 -1.2112899144904086
29783 11217673 1.2648318920621149 0.00401402025464731 0.24384 2.2691385112094458 -1.2112899144904086
29784 11217673 1.2369656064107803 0.00026639896232827365 0.24384 2.2691385112094458 -1.2112899144904086
29785 11217673 1.2115317570254118 -0.0014719523359889713 0.24384 2.2691385112094458 -1.2112899144904086
29786 11217673 1.188587394064071 -0.0015701291711912105 0.24384 2.2691385112094458 -1.2112899144904086
29787 11217673 1.1656430311027302 -0.0016683060063934494 0.24384 2.2691385112094458 -1.2112899144904086
29788 11217673 1.1532012783701475 -0.002510438257173661 0.24384 2.2691385112094458 -1.2112899144904086
29789 11217673 1.1407595256375649 -0.003352570507953873 0.24384 2.2691385112094458 -1.2112899144904086
29790 11217673 1.1107516569393407 -0.0035963243414320538 0.24384 2.2691385112094458 -1.2112899144904086
29791 11217673 1.0938284938194491 -0.0019813065323599738 0.24384 2.2691385112094458 -1.2112899144904086
29792 11217673 1.0769053306995575 -0.0003662887232878942 0.24384 2.2691385112094458 -1.2112899144904086
29793 11217673 1.057148069089458 -0.0010380196202246506 0.24384 2.2691385112094458 -1.2112899144904086
29794 11217673 1.042835423263412 -0.004072587902466797 0.24384 2.2691385112094458 -1.2112899144904086
29795 11217673 1.003847354226741 -0.006522438081004139 0.24384 2.2691385112094458 -1.2112899144904086
29796 11217673 0.9873804293705568 -0.006545594729064429 0.24384 2.2691385112094458 -1.2112899144904086
29797 11217673 0.9709135045143726 -0.006568751377124718 0.24384 2.2691385112094458 -1.2112899144904086
29798 11217673 0.9544465796581884 -0.006591908025185007 0.24384 2.2691385112094458 -1.2112899144904086
29799 11217673 0.9379796548020044 -0.006615064673245297 0.24384 2.2691385112094458 -1.2112899144904086
29800 11217673 0.92151272994582 -0.006638221321305586 0.24384 2.2691385112094458 -1.2112899144904086
29801 11217673 0.905045805089636 -0.006661377969365875 0.24384 2.2691385112094458 -1.2112899144904086
29802 11217673 0.8885788802334519 -0.006684534617426165 0.24384 2.2691385112094458 -1.2112899144904086
29803 11217673 0.8721119553772677 -0.006707691265486454 0.24384 2.2691385112094458 -1.2112899144904086
29804 11217673 0.8556450305210835 -0.006730847913546743 0.24384 2.2691385112094458 -1.2112899144904086
29805 11217673 0.8391781056648994 -0.006754004561607033 0.24384 2.2691385112094458 -1.2112899144904086
29806 11217673 0.8227111808087152 -0.006777161209667322 0.24384 2.2691385112094458 -1.2112899144904086
29807 11217673 0.8062442559525309 -0.006800317857727611 0.24384 2.2691385112094458 -1.2112899144904086
29808 11217673 0.7654400213910986 -0.007195154505089806 0.24384 2.2691385112094458 -1.2112899144904086
29809 11217673 0.7246357868296659 -0.007589991152452 0.24384 2.2691385112094458 -1.2112899144904086
29810 11217673 0.6943460746943387 -0.006065417491820722 0.24384 2.2691385112094458 -1.2112899144904086
29811 11217673 0.6640563625590113 -0.0045408438311894455 0.24384 2.2691385112094458 -1.2112899144904086
29812 11217673 0.6337666504236841 -0.0030162701705581663 0.24384 2.2691385112094458 -1.2112899144904086
29813 11217673 0.6030426856720432 -0.001914161359080388 0.24384 2.2691385112094458 -1.2112899144904086
29814 11217673 0.5723187209204024 -0.0008120525476026098 0.24384 2.2691385112094458 -1.2112899144904086
29815 11217673 0.5439883766932943 0.003538647062914444 0.27432 2.2691385112094458 -1.2112899144904086
29816 11217673 0.5142093122530721 0.0034560784814368357 0.27432 2.2691385112094458 -1.2112899144904086
29817 11217673 0.4807248459385722 0.0015469348232514252 0.27432 2.2691385112094458 -1.2112899144904086
29818 11217673 0.44814168552698375 0.0010374792879312908 0.27432 2.2691385112094458 -1.2112899144904086
29819 11217673 0.4155585251153953 0.0005280237526111563 0.27432 2.2691385112094458 -1.2112899144904086
29820 11217673 0.3993561466300677 0.0006823551282858636 0.27432 2.2691385112094458 -1.2112899144904086
29821 11217673 0.3831537681447402 0.0008366865039605709 0.27432 2.2691385112094458 -1.2112899144904086
29822 11217673 0.3159143268055862 0.002715844491924829 0.3048 2.2691385112094458 -1.2112899144904086
29823 11217673 0.2836931925155102 0.0033154052250624066 0.3048 2.2691385112094458 -1.2112899144904086
29824 11217673 0.25384483775636224 0.003022817416633683 0.3048 2.2691385112094458 -1.2112899144904086
29825 11217673 0.22022949441072606 0.008868306550686489 0.3048 2.2691385112094458 -1.2112899144904086
29826 11217673 0.18916844237113306 0.011659390998069535 0.3048 2.2691385112094458 -1.2112899144904086
29827 11217673 0.16036315550870814 0.011026325699446615 0.3048 2.2691385112094458 -1.2112899144904086
29828 11217673 0.13155786864628327 0.010393260400823695 0.3048 2.2691385112094458 -1.2112899144904086
29829 11217673 0.09994628732140254 0.013130982472627978 0.33528 2.2691385112094458 -1.2112899144904086
29830 11217673 0.07252831501138401 0.012395257647781072 0.33528 2.2691385112094458 -1.2112899144904086
29831 11217673 0.040318181424378034 0.012758588496529529 0.33528 2.2691385112094458 -1.2112899144904086
29832 11217673 0.010758361750174195 0.014709250740146063 0.33528 2.2691385112094458 -1.2112899144904086
29833 11217673 -0.037685965305274016 -0.005790982666881064 0.33528 2.2691385112094458 -1.2112899144904086
29834 11217673 -0.08613029236072223 -0.02629121607390819 0.33528 2.2691385112094458 -1.2112899144904086
29835 11217673 -0.11710493563909807 -0.02866774074071401 0.36576 2.2691385112094458 -1.2112899144904086
29836 11217673 -0.15044803863264378 -0.031496636991018484 0.36576 2.2691385112094458 -1.2112899144904086
29837 11217673 -0.18379114162618948 -0.03432553324132295 0.36576 2.2691385112094458 -1.2112899144904086
29838 11217673 -0.2159824632668408 -0.03770590335785007 0.36576 2.2691385112094458 -1.2112899144904086
29839 11217673 -0.2481737849074921 -0.04108627347437718 0.36576 2.2691385112094458 -1.2112899144904086
29840 11217673 -0.28221161404848805 -0.044680683829167706 0.36576 2.2691385112094458 -1.2112899144904086
29841 11217673 -0.3135444766712303 -0.04950968025495914 0.39624 2.2691385112094458 -1.2112899144904086
29842 11217673 -0.34731924518234925 -0.05365714853516415 0.39624 2.2691385112094458 -1.2112899144904086
29843 11217673 -0.3775007412756384 -0.05360482535055325 0.39624 2.2691385112094458 -1.2112899144904086
29844 11217673 -0.4076734552482433 -0.056242406731702534 0.39624 2.2691385112094458 -1.2112899144904086
29845 11217673 -0.4411595159417474 -0.0581472166501544 0.39624 2.2691385112094458 -1.2112899144904086
29846 11217673 -0.472389180449001 -0.06265885941108859 0.39624 2.2691385112094458 -1.2112899144904086
29847 11217673 -0.5068439387556046 -0.06412981355342308 0.4114800000000001 2.2691385112094458 -1.2112899144904086
29848 11217673 -0.5412986970622082 -0.06560076769575754 0.42672 2.2691385112094458 -1.2112899144904086
29849 11217673 -0.5741654934045646 -0.06724014629210898 0.42672 2.2691385112094458 -1.2112899144904086
29850 11217673 -0.6054756587793444 -0.0717249731703141 0.42672 2.2691385112094458 -1.2112899144904086
29851 11217673 -0.6398165208367779 -0.06809198529622633 0.42672 2.2691385112094458 -1.2112899144904086
29852 11217673 -0.6731907067928693 -0.07236908531086997 0.42672 2.2691385112094458 -1.2112899144904086
29853 11217673 -0.7073674126839695 -0.07638367382001279 0.42672 2.2691385112094458 -1.2112899144904086
29854 11217673 -0.7402802214760724 -0.077890498869126 0.42672 2.2691385112094458 -1.2112899144904086
29855 11217673 -0.7583717018945979 -0.07956967801878334 0.42672 2.2691385112094458 -1.2112899144904086
29856 11217673 -0.7764631823131234 -0.08124885716844069 0.42672 2.2691385112094458 -1.2112899144904086
29857 11217673 -0.8452702056005849 -0.08387117014643372 0.4572000000000001 2.2691385112094458 -1.2112899144904086
29858 11217673 -0.8812226212589054 -0.08584392869986651 0.4572000000000001 2.2691385112094458 -1.2112899144904086
29859 11217673 -0.9171750369172258 -0.0878166872532993 0.4572000000000001 2.2691385112094458 -1.2112899144904086
29860 11217673 -0.952978740535422 -0.09001300493199757 0.4572000000000001 2.2691385112094458 -1.2112899144904086
29861 11217673 -0.9887824441536182 -0.09220932261069584 0.4572000000000001 2.2691385112094458 -1.2112899144904086
29862 11217673 -1.0252290674244908 -0.09501302395732716 0.4572000000000001 2.2691385112094458 -1.2112899144904086
29863 11217673 -1.0607223126417673 -0.09625894054162346 0.4572000000000001 2.2691385112094458 -1.2112899144904086
29864 11217673 -1.098484902440723 -0.0962952804865568 0.4572000000000001 2.2691385112094458 -1.2112899144904086
29865 11217673 -1.1367178011992545 -0.09641131607357893 0.48768 2.2691385112094458 -1.2112899144904086
29866 11217673 -1.175710102502889 -0.09884922988280834 0.48768 2.2691385112094458 -1.2112899144904086
29867 11217673 -1.2121139783122736 -0.10423646860910354 0.48768 2.2691385112094458 -1.2112899144904086
29868 11217673 -1.2495058628151121 -0.10585368578943574 0.48768 2.2691385112094458 -1.2112899144904086
29869 11217673 -1.28689774731795 -0.10747090296976794 0.48768 2.2691385112094458 -1.2112899144904086
29870 11217673 -1.32469522810474 -0.10761159005771773 0.48768 2.2691385112094458 -1.2112899144904086
29871 11217673 -1.3635518911040259 -0.10623723135982384 0.48768 2.2691385112094458 -1.2112899144904086
29872 11217673 -1.4024085541033122 -0.10486287266192998 0.48768 2.2691385112094458 -1.2112899144904086
29873 11217673 -1.440694646337155 -0.10595306045372956 0.50292 2.2691385112094458 -1.2112899144904086
29874 11217673 -1.478980738570998 -0.10704324824552916 0.5181600000000001 2.2691385112094458 -1.2112899144904086
29875 11217673 -1.5176527076445891 -0.10958426638064958 0.5181600000000001 2.2691385112094458 -1.2112899144904086
29876 11217673 -1.5590185653499082 -0.11112718751233776 0.5181600000000001 2.2691385112094458 -1.2112899144904086
29877 11217673 -1.5952833412224223 -0.11445514281384996 0.5181600000000001 2.2691385112094458 -1.2112899144904086
29878 11217673 -1.632837619940838 -0.122268391034855 0.5181600000000001 2.2691385112094458 -1.2112899144904086
29879 11217673 -1.6526449635726017 -0.12443591369521376 0.5181600000000001 2.2691385112094458 -1.2112899144904086
29880 11217673 -1.6724523072043656 -0.1266034363555725 0.5181600000000001 2.2691385112094458 -1.2112899144904086
29881 11217673 -1.7088404248969171 -0.1373682420964715 0.54864 2.2691385112094458 -1.2112899144904086
29882 11217673 -1.7829550654852218 -0.1657036766827258 0.54864 2.2691385112094458 -1.2112899144904086
29883 11217673 -1.8219114466669228 -0.1856761701364135 0.54864 2.2691385112094458 -1.2112899144904086
29884 11217673 -1.8543363723810569 -0.21012177014480551 0.54864 2.2691385112094458 -1.2112899144904086
29885 11217673 -1.8867502764545925 -0.2348045760142599 0.54864 2.2691385112094458 -1.2112899144904086
29886 11217673 -1.9190234759977356 -0.26666054539592265 0.54864 2.2691385112094458 -1.2112899144904086
29887 11217673 -1.9522057554124983 -0.31107144597751724 0.54864 2.2691385112094458 -1.2112899144904086
29888 11217673 -1.9787304743076628 -0.35006549092600514 0.54864 2.2691385112094458 -1.2112899144904086
29889 11217673 -2.0020192767111213 -0.3873138694160312 0.54864 2.2691385112094458 -1.2112899144904086
29890 11217673 -2.022370725670553 -0.4332345114882869 0.54864 2.2691385112094458 -1.2112899144904086
29891 11217673 -2.0317570518977712 -0.4578551311073405 0.54864 2.2691385112094458 -1.2112899144904086
29892 11217673 -2.041143378124988 -0.4824757507263941 0.54864 2.2691385112094458 -1.2112899144904086
29893 11217673 -2.0636415278775124 -0.5553267709558926 0.54864 2.2691385112094458 -1.2112899144904086
29894 11217673 -2.083766657018235 -0.6290708735334494 0.54864 2.2691385112094458 -1.2112899144904086
29895 11217673 -2.095409520354655 -0.6816374886017409 0.54864 2.2691385112094458 -1.2112899144904086
29896 11217673 -2.107052383691075 -0.7342041036700325 0.54864 2.2691385112094458 -1.2112899144904086
29897 11217673 -2.1115540292037087 -0.7853093853590257 0.54864 1.7180071643616903 -1.9143312731086808
29898 11217673 -2.1160556747163426 -0.8364146670480189 0.54864 1.7180071643616903 -1.9143312731086808
29899 11217673 -2.1111873745108025 -0.8880728131094541 0.54864 1.7180071643616903 -1.9143312731086808
29900 11217673 -2.1063190743052624 -0.9397309591708891 0.54864 1.7180071643616903 -1.9143312731086808
29901 11217673 -2.0988052921530658 -0.9900928219318628 0.54864 1.7180071643616903 -1.9143312731086808
29902 11217673 -2.079994896134284 -1.0412287101774715 0.54864 1.7180071643616903 -1.9143312731086808
29903 11217673 -2.048455186446005 -1.0941912798636642 0.54864 1.7180071643616903 -1.9143312731086808
29904 11217673 -2.0225845016819566 -1.140041571077444 0.54864 1.7180071643616903 -1.9143312731086808
29905 11217673 -2.0105813855129995 -1.1766823350968072 0.54864 1.7180071643616903 -1.9143312731086808
29906 11217673 -1.9906553697592064 -1.1945329603726735 0.54864 1.7180071643616903 -1.9143312731086808
29907 11217673 -1.9707293540054136 -1.21238358564854 0.54864 1.7180071643616903 -1.9143312731086808
29908 11217673 -1.894757859934876 -1.2787670261630173 0.54864 1.7180071643616903 -1.9143312731086808
29909 11217673 -1.8643422323852905 -1.3018295664031942 0.54864 1.7180071643616903 -1.9143312731086808
29910 11217673 -1.8339266048357048 -1.3248921066433708 0.54864 1.7180071643616903 -1.9143312731086808
29911 11217673 -1.7847588351013333 -1.348683339743906 0.54864 1.7180071643616903 -1.9143312731086808
29912 11217673 -1.7027781958965218 -1.3628753324042442 0.54864 1.7180071643616903 -1.9143312731086808
29913 11217673 -1.6474511738932145 -1.3757108755884426 0.54864 1.7180071643616903 -1.9143312731086808
29914 11217673 -1.589663085812229 -1.3821069241198396 0.54864 1.7180071643616903 -1.9143312731086808
29915 11217673 -1.5353174416146766 -1.3900640498456474 0.54864 1.7180071643616903 -1.9143312731086808
29916 11217673 -1.47938415815042 -1.393165476191598 0.54864 1.7180071643616903 -1.9143312731086808
29917 11217673 -1.4240384915637716 -1.3988783883248035 0.54864 1.7180071643616903 -1.9143312731086808
29918 11217673 -1.3973159436715783 -1.4000218933321853 0.54864 1.7180071643616903 -1.9143312731086808
29919 11217673 -1.370593395779385 -1.401165398339567 0.54864 1.7180071643616903 -1.9143312731086808
29920 11217673 -1.267828805096605 -1.4020526808931246 0.57912 1.7180071643616903 -1.9143312731086808
29921 11217673 -1.21489770577044 -1.4018336799408488 0.57912 1.7180071643616903 -1.9143312731086808
29922 11217673 -1.1619666064442749 -1.4016146789885728 0.57912 1.7180071643616903 -1.9143312731086808
29923 11217673 -1.1126473572021431 -1.4002142779721192 0.57912 1.7180071643616903 -1.9143312731086808
29924 11217673 -1.0592028002685938 -1.40249894162841 0.57912 1.7180071643616903 -1.9143312731086808
29925 11217673 -1.0075794857810163 -1.4022016530483887 0.57912 1.7180071643616903 -1.9143312731086808
29926 11217673 -0.9541351008847048 -1.4044855247446515 0.57912 1.7180071643616903 -1.9143312731086808
29927 11217673 -0.9000351784664786 -1.4047635016462616 0.57912 1.7180071643616903 -1.9143312731086808
29928 11217673 -0.8489987596629225 -1.4062594469727412 0.57912 1.7180071643616903 -1.9143312731086808
29929 11217673 -0.7949335426534188 -1.4066421751152152 0.57912 1.7180071643616903 -1.9143312731086808
29930 11217673 -0.7690186236570269 -1.4061759112931582 0.57912 1.7180071643616903 -1.9143312731086808
29931 11217673 -0.743103704660635 -1.4057096474711013 0.57912 1.7180071643616903 -1.9143312731086808
29932 11217673 -0.6349048021117671 -1.406261972621471 0.57912 1.7180071643616903 -1.9143312731086808
29933 11217673 -0.5807538137403245 -1.4063789798565025 0.57912 1.7180071643616903 -1.9143312731086808
29934 11217673 -0.5266028253688819 -1.4064959870915341 0.57912 1.7180071643616903 -1.9143312731086808
29935 11217673 -0.4851610247100258 -1.4081245659775936 0.5638799999999999 1.7180071643616903 -1.9143312731086808
29936 11217673 -0.4437192240511696 -1.409753144863653 0.54864 1.7180071643616903 -1.9143312731086808
29937 11217673 -0.36004231986342217 -1.4105816800096496 0.54864 1.7180071643616903 -1.9143312731086808
29938 11217673 -0.3186593366289293 -1.4103500623755731 0.54864 1.7180071643616903 -1.9143312731086808
29939 11217673 -0.2772763533944365 -1.4101184447414965 0.54864 1.7180071643616903 -1.9143312731086808
29940 11217673 -0.19282727057408103 -1.4126579092201228 0.54864 1.7180071643616903 -1.9143312731086808
29941 11217673 -0.13697645507665768 -1.4157225134096345 0.54864 1.7180071643616903 -1.9143312731086808
29942 11217673 -0.07990619006461971 -1.4186785211093913 0.54864 1.7180071643616903 -1.9143312731086808
29943 11217673 -0.022835925052581738 -1.421634528809148 0.54864 1.7180071643616903 -1.9143312731086808
29944 11217673 0.03423433995945624 -1.4245905365089049 0.54864 1.7180071643616903 -1.9143312731086808
29945 11217673 0.09008483633782782 -1.4276533502297182 0.54864 1.7180071643616903 -1.9143312731086808
29946 11217673 0.14517643347439502 -1.4330379756033496 0.54864 1.7180071643616903 -1.9143312731086808
