28206 10995703 -1.7735891320633832 3.072720609934916 0.97536 2.2691385112094458 -1.2112899144904086
28207 10995703 -1.810923918404216 3.0373238899434205 0.97536 2.2691385112094458 -1.2112899144904086
28208 10995703 -1.8269708966489524 3.0224778875428906 0.97536 2.2691385112094458 -1.2112899144904086
28209 10995703 -1.8827983079789952 2.9658497596730893 0.97536 2.2691385112094458 -1.2112899144904086
28210 10995703 -1.9249632145586724 2.9243807198301743 0.97536 2.2691385112094458 -1.2112899144904086
28211 10995703 -1.9671281211383496 2.8829116799872594 0.97536 2.2691385112094458 -1.2112899144904086
28212 10995703 -2.0098008499951407 2.8354162322014407 0.9601200000000001 2.2691385112094458 -1.2112899144904086
28213 10995703 -2.0524735788519326 2.787920784415621 0.94488 2.2691385112094458 -1.2112899144904086
28214 10995703 -2.083673631580928 2.750925978336695 0.94488 2.2691385112094458 -1.2112899144904086
28215 10995703 -2.1200915203850292 2.704772225070565 0.94488 2.2691385112094458 -1.2112899144904086
28216 10995703 -2.1595800489095787 2.660090873252878 0.97536 2.2691385112094458 -1.2112899144904086
28217 10995703 -2.1965857031372846 2.6121432379102814 0.97536 2.2691385112094458 -1.2112899144904086
28218 10995703 -2.2309645168644687 2.5654391724786683 0.97536 2.2691385112094458 -1.2112899144904086
28219 10995703 -2.2696268076045762 2.5056481527906427 0.97536 2.2691385112094458 -1.2112899144904086
28220 10995703 -2.298324931095613 2.4674843008970018 0.97536 2.2691385112094458 -1.2112899144904086
28221 10995703 -2.3270230545866517 2.429320449003361 0.97536 2.2691385112094458 -1.2112899144904086
28222 10995703 -2.3736079778101993 2.3616064282318883 0.97536 2.2691385112094458 -1.2112899144904086
28223 10995703 -2.3996650222340343 2.3226951168455297 0.97536 2.2691385112094458 -1.2112899144904086
28224 10995703 -2.4308097874578216 2.2777371825947075 0.97536 2.2691385112094458 -1.2112899144904086
28225 10995703 -2.4619545526816093 2.2327792483438844 0.97536 2.2691385112094458 -1.2112899144904086
28226 10995703 -2.4966250149430413 2.1838340913029377 0.97536 2.2691385112094458 -1.2112899144904086
28227 10995703 -2.5316624013465647 2.135125954049907 0.97536 2.2691385112094458 -1.2112899144904086
28228 10995703 -2.566699787750089 2.086417816796876 0.97536 2.2691385112094458 -1.2112899144904086
28229 10995703 -2.6039830924107825 2.030849846115148 0.97536 2.2691385112094458 -1.2112899144904086
28230 10995703 -2.641266397071476 1.9752818754334192 0.97536 2.2691385112094458 -1.2112899144904086
28231 10995703 -2.6681539490055464 1.933838346376943 0.97536 2.2691385112094458 -1.2112899144904086
28232 10995703 -2.698634351548212 1.881418743127984 0.97536 2.2691385112094458 -1.2112899144904086
28233 10995703 -2.734398516764582 1.8304949624404312 0.97536 2.2691385112094458 -1.2112899144904086
28234 10995703 -2.7654877180534307 1.7775736163418046 0.97536 2.2691385112094458 -1.2112899144904086
28235 10995703 -2.8044440269609483 1.7155426687255697 0.97536 2.2691385112094458 -1.2112899144904086
28236 10995703 -2.836668048604584 1.6632265642316386 0.97536 2.2691385112094458 -1.2112899144904086
28237 10995703 -2.8688920702482195 1.6109104597377075 0.97536 2.2691385112094458 -1.2112899144904086
28238 10995703 -2.8993737005116538 1.55849145659302 0.97536 2.2691385112094458 -1.2112899144904086
28239 10995703 -2.939160184910963 1.4939280881129626 0.97536 2.2691385112094458 -1.2112899144904086
28240 10995703 -2.9580439949139565 1.4620170862482016 0.97536 2.2691385112094458 -1.2112899144904086
28241 10995703 -2.9889963990622985 1.4095185753933832 0.97536 2.2691385112094458 -1.2112899144904086
28242 10995703 -3.0279890132812035 1.3473829593706363 0.97536 2.2691385112094458 -1.2112899144904086
28243 10995703 -3.062237284083949 1.2834606713780474 0.97536 2.2691385112094458 -1.2112899144904086
28244 10995703 -3.087305264078545 1.2410713652355805 0.97536 2.2691385112094458 -1.2112899144904086
28245 10995703 -3.1273796230115085 1.1767193241534577 0.97536 2.2691385112094458 -1.2112899144904086
28246 10995703 -3.1664769683582428 1.1142676270423175 0.97536 2.2691385112094458 -1.2112899144904086
28247 10995703 -3.1982709548537818 1.0594741556174907 0.97536 2.2691385112094458 -1.2112899144904086
28248 10995703 -3.2210494806996306 1.022995855898623 0.97536 2.2691385112094458 -1.2112899144904086
28249 10995703 -3.2438280065454794 0.9865175561797552 0.97536 2.2691385112094458 -1.2112899144904086
28250 10995703 -3.2889954470102585 0.9136671827461286 0.97536 2.2691385112094458 -1.2112899144904086
28251 10995703 -3.321111147885458 0.8589791519270938 0.97536 2.2691385112094458 -1.2112899144904086
28252 10995703 -3.3517337234362543 0.80613933013911 0.97536 2.2691385112094458 -1.2112899144904086
28253 10995703 -3.383691603672084 0.7539703815454326 0.97536 2.2691385112094458 -1.2112899144904086
28254 10995703 -3.4156494839079135 0.7018014329517553 0.97536 2.2691385112094458 -1.2112899144904086
28255 10995703 -3.4488736091816254 0.6505144586853209 0.97536 2.2691385112094458 -1.2112899144904086
28256 10995703 -3.4745620792100214 0.6086791538652918 0.97536 2.2691385112094458 -1.2112899144904086
28257 10995703 -3.5002505492384173 0.5668438490452626 0.97536 2.2691385112094458 -1.2112899144904086
28258 10995703 -3.550023256269196 0.4826481421828925 0.97536 2.2691385112094458 -1.2112899144904086
28259 10995703 -3.582985295244848 0.4308081273045873 0.97536 2.2691385112094458 -1.2112899144904086
28260 10995703 -3.6012975885207785 0.3992946596950607 0.97536 2.2691385112094458 -1.2112899144904086
28261 10995703 -3.6469731361934192 0.32626062683873924 0.97536 2.2691385112094458 -1.2112899144904086
28262 10995703 -3.659651784119396 0.3051719919057446 0.97536 2.2691385112094458 -1.2112899144904086
28263 10995703 -3.7140255161486135 0.22049641575452048 0.97536 2.2691385112094458 -1.2112899144904086
28264 10995703 -3.742472007391144 0.17973956269996547 0.97536 2.2691385112094458 -1.2112899144904086
28265 10995703 -3.770918498633675 0.13898270964541046 0.97536 2.2691385112094458 -1.2112899144904086
28266 10995703 -3.801557980636531 0.0925463911808975 0.97536 2.2691385112094458 -1.2112899144904086
28267 10995703 -3.8321974626393867 0.04611007271638454 0.97536 2.2691385112094458 -1.2112899144904086
28268 10995703 -3.8694260010594874 -0.0045080451010127975 0.97536 2.2691385112094458 -1.2112899144904086
28269 10995703 -3.9125837253635023 -0.06305867177492455 0.97536 2.2691385112094458 -1.2112899144904086
28270 10995703 -3.9484258808597055 -0.11418898730904928 0.97536 2.2691385112094458 -1.2112899144904086
28271 10995703 -3.9919855291917408 -0.1726078741256253 0.97536 2.2691385112094458 -1.2112899144904086
28272 10995703 -4.022443664308197 -0.21136199172679648 0.97536 2.2691385112094458 -1.2112899144904086
28273 10995703 -4.052901799424654 -0.2501161093279677 0.97536 2.2691385112094458 -1.2112899144904086
28274 10995703 -4.092398382021921 -0.2974789925944935 0.97536 2.2691385112094458 -1.2112899144904086
