9413 10979952 -2.132588013349629 3.972665503369456 1.154685692527368 5.537098811094331 1.1674788656664163
9414 10979952 -2.129874789132373 3.972848607727871 1.1545841408852926 5.537098811094331 1.1674788656664163
9415 10979952 -2.1271615649151157 3.973031712086285 1.1544825892432176 5.537098811094331 1.1674788656664163
9416 10979952 -2.12444834069786 3.973214816444699 1.1543810376011423 5.537098811094331 1.1674788656664163
9417 10979952 -2.121735116480602 3.9733979208031136 1.1542794859590673 5.537098811094331 1.1674788656664163
9418 10979952 -2.119021892263346 3.973581025161528 1.1541779343169918 5.537098811094331 1.1674788656664163
9419 10979952 -2.116308668046089 3.9737641295199437 1.1540763826749167 5.537098811094331 1.1674788656664163
9420 10979952 -2.1135954438288325 3.9739472338783575 1.1539748310328417 5.537098811094331 1.1674788656664163
9421 10979952 -2.110882219611576 3.974130338236772 1.1538732793907662 5.537098811094331 1.1674788656664163
9422 10979952 -2.108168995394319 3.974313442595186 1.1537717277486907 5.537098811094331 1.1674788656664163
9423 10979952 -2.1054557711770623 3.9744965469536 1.153670176106616 5.537098811094331 1.1674788656664163
9424 10979952 -2.1027425469598056 3.974679651312015 1.153568624464541 5.537098811094331 1.1674788656664163
9425 10979952 -2.1000293227425493 3.9748627556704297 1.1534670728224654 5.537098811094331 1.1674788656664163
9426 10979952 -2.0973160985252925 3.975045860028844 1.1533655211803902 5.537098811094331 1.1674788656664163
9427 10979952 -2.094602874308036 3.9752289643872585 1.1532639695383151 5.537098811094331 1.1674788656664163
9428 10979952 -2.091889650090779 3.9754120687456727 1.15316241789624 5.537098811094331 1.1674788656664163
9429 10979952 -2.0891764258735224 3.9755951731040873 1.1530608662541646 5.537098811094331 1.1674788656664163
9430 10979952 -2.0864632016562656 3.9757782774625023 1.1529593146120891 5.537098811094331 1.1674788656664163
9431 10979952 -2.083749977439009 3.975961381820916 1.1528577629700143 5.537098811094331 1.1674788656664163
9432 10979952 -2.081036753221752 3.9761444861793303 1.152756211327939 5.537098811094331 1.1674788656664163
9433 10979952 -2.0783235290044955 3.976327590537745 1.1526546596858638 5.537098811094331 1.1674788656664163
9434 10979952 -2.075610304787239 3.97651069489616 1.1525531080437883 5.537098811094331 1.1674788656664163
9435 10979952 -2.0728970805699825 3.9766937992545737 1.1524515564017137 5.537098811094331 1.1674788656664163
9436 10979952 -2.0701838563527257 3.976876903612988 1.1523500047596382 5.537098811094331 1.1674788656664163
9437 10979952 -2.067470632135469 3.977060007971404 1.152248453117563 5.537098811094331 1.1674788656664163
9438 10979952 -2.0647574079182123 3.9772431123298175 1.1521469014754877 5.537098811094331 1.1674788656664163
