20580 11217673 -0.5824570185808471 4.142311376519018 1.00584 7.047216668665513 1.4858821926663477
20581 11217673 -0.5580560516379194 4.184337185503908 1.03632 7.047216668665513 1.4858821926663477
20582 11217673 -0.5124355928231437 4.272233760446295 1.03632 7.047216668665513 1.4858821926663477
20583 11217673 -0.501369142030233 4.293851333912122 1.03632 7.047216668665513 1.4858821926663477
20584 11217673 -0.4903026912373223 4.315468907377949 1.03632 7.047216668665513 1.4858821926663477
20585 11217673 -0.4462443143074557 4.401306045097272 1.03632 7.047216668665513 1.4858821926663477
20586 11217673 -0.42108442326795226 4.445654187525749 1.03632 7.047216668665513 1.4858821926663477
20587 11217673 -0.3979294703144669 4.49065819067103 1.03632 7.047216668665513 1.4858821926663477
20588 11217673 -0.37325990905010376 4.53282995680095 1.03632 7.047216668665513 1.4858821926663477
20589 11217673 -0.3485903477857406 4.57500172293087 1.03632 7.047216668665513 1.4858821926663477
20590 11217673 -0.32185381416004466 4.616030030592103 1.0668 7.047216668665513 1.4858821926663477
20591 11217673 -0.2984220062394253 4.658489892514243 1.0668 7.047216668665513 1.4858821926663477
20592 11217673 -0.2749901983188059 4.7009497544363805 1.0668 7.047216668665513 1.4858821926663477
20593 11217673 -0.25162874647262745 4.7465873448120215 1.0668 7.047216668665513 1.4858821926663477
20594 11217673 -0.22729841207789714 4.788402812099903 1.0668 7.047216668665513 1.4858821926663477
20595 11217673 -0.2036704704710297 4.832142244070887 1.0668 7.047216668665513 1.4858821926663477
20596 11217673 -0.18004252886416228 4.87588167604187 1.0668 7.047216668665513 1.4858821926663477
20597 11217673 -0.15287144389491036 4.916884829004159 1.0668 7.047216668665513 1.4858821926663477
20598 11217673 -0.12871539987712755 4.9615615530201005 1.08204 7.047216668665513 1.4858821926663477
20599 11217673 -0.10455935585934473 5.006238277036042 1.09728 7.047216668665513 1.4858821926663477
20600 11217673 -0.10377135214218074 5.006255885523079 1.0972319747899157 7.047216668665513 1.4858821926663477
20601 11217673 -0.10298334842501676 5.0062734940101175 1.097183949579832 7.047216668665513 1.4858821926663477
20602 11217673 -0.10219534470785276 5.006291102497155 1.0971359243697478 7.047216668665513 1.4858821926663477
20603 11217673 -0.1014073409906888 5.006308710984191 1.097087899159664 7.047216668665513 1.4858821926663477
20604 11217673 -0.1006193372735248 5.0063263194712295 1.09703987394958 7.047216668665513 1.4858821926663477
20605 11217673 -0.09983133355636084 5.006343927958267 1.0969918487394958 7.047216668665513 1.4858821926663477
20606 11217673 -0.09904332983919684 5.006361536445303 1.0969438235294118 7.047216668665513 1.4858821926663477
20607 11217673 -0.09825532612203286 5.006379144932342 1.0968957983193277 7.047216668665513 1.4858821926663477
20608 11217673 -0.09746732240486887 5.00639675341938 1.0968477731092436 7.047216668665513 1.4858821926663477
20609 11217673 -0.09667931868770488 5.006414361906417 1.0967997478991598 7.047216668665513 1.4858821926663477
20610 11217673 -0.0958913149705409 5.006431970393455 1.0967517226890755 7.047216668665513 1.4858821926663477
20611 11217673 -0.09510331125337693 5.006449578880493 1.0967036974789917 7.047216668665513 1.4858821926663477
20612 11217673 -0.09431530753621294 5.006467187367528 1.0966556722689076 7.047216668665513 1.4858821926663477
20613 11217673 -0.09352730381904896 5.006484795854567 1.0966076470588235 7.047216668665513 1.4858821926663477
20614 11217673 -0.09273930010188497 5.006502404341605 1.0965596218487397 7.047216668665513 1.4858821926663477
20615 11217673 -0.09195129638472098 5.006520012828641 1.0965115966386556 7.047216668665513 1.4858821926663477
20616 11217673 -0.09116329266755699 5.00653762131568 1.0964635714285715 7.047216668665513 1.4858821926663477
20617 11217673 -0.090375288950393 5.006555229802717 1.0964155462184877 7.047216668665513 1.4858821926663477
20618 11217673 -0.08958728523322904 5.006572838289753 1.0963675210084034 7.047216668665513 1.4858821926663477
20619 11217673 -0.08879928151606505 5.006590446776792 1.096319495798319 7.047216668665513 1.4858821926663477
20620 11217673 -0.08801127779890107 5.00660805526383 1.0962714705882353 7.047216668665513 1.4858821926663477
20621 11217673 -0.08722327408173708 5.006625663750867 1.0962234453781512 7.047216668665513 1.4858821926663477
20622 11217673 -0.08643527036457309 5.0066432722379055 1.0961754201680671 7.047216668665513 1.4858821926663477
20623 11217673 -0.08564726664740911 5.006660880724941 1.0961273949579833 7.047216668665513 1.4858821926663477
20624 11217673 -0.08485926293024512 5.0066784892119784 1.0960793697478992 7.047216668665513 1.4858821926663477
20625 11217673 -0.08407125921308115 5.006696097699017 1.0960313445378151 7.047216668665513 1.4858821926663477
20626 11217673 -0.08328325549591717 5.006713706186055 1.095983319327731 7.047216668665513 1.4858821926663477
20627 11217673 -0.08249525177875316 5.006731314673091 1.095935294117647 7.047216668665513 1.4858821926663477
20628 11217673 -0.08170724806158919 5.00674892316013 1.0958872689075632 7.047216668665513 1.4858821926663477
20629 11217673 -0.0809192443444252 5.006766531647167 1.095839243697479 7.047216668665513 1.4858821926663477
20630 11217673 -0.08013124062726122 5.006784140134204 1.095791218487395 7.047216668665513 1.4858821926663477
20631 11217673 -0.07934323691009723 5.006801748621242 1.095743193277311 7.047216668665513 1.4858821926663477
20632 11217673 -0.07855523319293325 5.00681935710828 1.0956951680672269 7.047216668665513 1.4858821926663477
20633 11217673 -0.07776722947576926 5.006836965595316 1.0956471428571428 7.047216668665513 1.4858821926663477
20634 11217673 -0.07697922575860527 5.006854574082356 1.0955991176470588 7.047216668665513 1.4858821926663477
20635 11217673 -0.0761912220414413 5.006872182569392 1.095551092436975 7.047216668665513 1.4858821926663477
20636 11217673 -0.07540321832427732 5.0068897910564285 1.0955030672268908 7.047216668665513 1.4858821926663477
20637 11217673 -0.07461521460711333 5.006907399543467 1.0954550420168068 7.047216668665513 1.4858821926663477
20638 11217673 -0.07382721088994934 5.006925008030505 1.0954070168067227 7.047216668665513 1.4858821926663477
20639 11217673 -0.07303920717278536 5.006942616517542 1.0953589915966386 7.047216668665513 1.4858821926663477
20640 11217673 -0.07225120345562139 5.00696022500458 1.0953109663865546 7.047216668665513 1.4858821926663477
20641 11217673 -0.07146319973845737 5.006977833491617 1.0952629411764707 7.047216668665513 1.4858821926663477
20642 11217673 -0.07067519602129341 5.006995441978653 1.0952149159663866 7.047216668665513 1.4858821926663477
20643 11217673 -0.06988719230412943 5.007013050465692 1.0951668907563026 7.047216668665513 1.4858821926663477
20644 11217673 -0.06909918858696544 5.00703065895273 1.0951188655462183 7.047216668665513 1.4858821926663477
20645 11217673 -0.06831118486980145 5.0070482674397665 1.0950708403361344 7.047216668665513 1.4858821926663477
20646 11217673 -0.06752318115263747 5.007065875926805 1.0950228151260504 7.047216668665513 1.4858821926663477
20647 11217673 -0.0667351774354735 5.007083484413842 1.0949747899159663 7.047216668665513 1.4858821926663477
20648 11217673 -0.0659471737183095 5.00710109290088 1.0949267647058825 7.047216668665513 1.4858821926663477
20649 11217673 -0.06515917000114553 5.007118701387917 1.0948787394957984 7.047216668665513 1.4858821926663477
20650 11217673 -0.06437116628398154 5.007136309874955 1.0948307142857143 7.047216668665513 1.4858821926663477
20651 11217673 -0.06358316256681755 5.007153918361992 1.0947826890756305 7.047216668665513 1.4858821926663477
20652 11217673 -0.06279515884965356 5.007171526849031 1.0947346638655462 7.047216668665513 1.4858821926663477
20653 11217673 -0.062007155132489576 5.007189135336066 1.094686638655462 7.047216668665513 1.4858821926663477
20654 11217673 -0.0612191514153256 5.0072067438231045 1.0946386134453785 7.047216668665513 1.4858821926663477
20655 11217673 -0.06043114769816161 5.007224352310141 1.0945905882352942 7.047216668665513 1.4858821926663477
20656 11217673 -0.059643143980997626 5.00724196079718 1.09454256302521 7.047216668665513 1.4858821926663477
20657 11217673 -0.05885514026383365 5.0072595692842174 1.094494537815126 7.047216668665513 1.4858821926663477
20658 11217673 -0.05806713654666967 5.007277177771255 1.094446512605042 7.047216668665513 1.4858821926663477
20659 11217673 -0.057279132829505676 5.007294786258292 1.094398487394958 7.047216668665513 1.4858821926663477
