11130 10561439 0.013672398659448777 0.005622576684941767 0.3048 -2.4052100301063675 2.680063782352152
11131 10561439 0.037240954265810484 0.005381908626846996 0.3048 -2.4052100301063675 2.680063782352152
11132 10561439 0.06080950987217217 0.005141240568752224 0.3048 -2.4052100301063675 2.680063782352152
11133 10561439 0.08437806547853388 0.004900572510657453 0.3048 -2.4052100301063675 2.680063782352152
11134 10561439 0.10604720336418516 0.005529201023293813 0.3048 -2.4052100301063675 2.680063782352152
11135 10561439 0.12771634124983644 0.006157829535930175 0.3048 -2.4052100301063675 2.680063782352152
11136 10561439 0.14938547913548772 0.006786458048566535 0.3048 -2.4052100301063675 2.680063782352152
11137 10561439 0.17482951601190178 0.005831030302207593 0.3048 -2.4052100301063675 2.680063782352152
11138 10561439 0.20027355288831586 0.004875602555848652 0.3048 -2.4052100301063675 2.680063782352152
11139 10561439 0.21265508385605325 0.0019973799775721834 0.3048 -2.4052100301063675 2.680063782352152
11140 10561439 0.2230732501396328 0.0026232142300523127 0.3048 -2.4052100301063675 2.680063782352152
11141 10561439 0.2334914164232124 0.003249048482532442 0.3048 -2.4052100301063675 2.680063782352152
11142 10561439 0.243909582706792 0.0038748827350125713 0.3048 -2.4052100301063675 2.680063782352152
11143 10561439 0.2543277489903715 0.0045007169874927005 0.3048 -2.4052100301063675 2.680063782352152
11144 10561439 0.2647459152739511 0.00512655123997283 0.3048 -2.4052100301063675 2.680063782352152
11145 10561439 0.2751640815575307 0.005752385492452959 0.3048 -2.4052100301063675 2.680063782352152
11146 10561439 0.28558224784111025 0.006378219744933088 0.3048 -2.4052100301063675 2.680063782352152
11147 10561439 0.2960004141246898 0.007004053997413218 0.3048 -2.4052100301063675 2.680063782352152
11148 10561439 0.3007115459464702 0.005113939248910793 0.3048 -2.4052100301063675 2.680063782352152
11149 10561439 0.3060896036648492 0.005264576761132289 0.3048 -2.4052100301063675 2.680063782352152
11150 10561439 0.3114676613832282 0.005415214273353786 0.3048 -2.4052100301063675 2.680063782352152
11151 10561439 0.3168457191016072 0.005565851785575282 0.3048 -2.4052100301063675 2.680063782352152
11152 10561439 0.31829455156749464 0.009999196490781405 0.3048 -2.4052100301063675 2.680063782352152
11153 10561439 0.3184325356124956 0.010421419797868842 0.3048 -2.4052100301063675 2.680063782352152
11154 10561439 0.32163325129886416 0.012062488294961024 0.3048 -2.4052100301063675 2.680063782352152
11155 10561439 0.3248339669852327 0.013703556792053206 0.3048 -2.4052100301063675 2.680063782352152
11156 10561439 0.32588034382061304 0.016905417637397602 0.3048 -2.4052100301063675 2.680063782352152
11157 10561439 0.3269267206559934 0.020107278482742 0.3048 -2.4052100301063675 2.680063782352152
11158 10561439 0.3279730974913737 0.0233091393280864 0.3048 -2.4052100301063675 2.680063782352152
11159 10561439 0.3295599107405377 0.028164708599435387 0.3048 -2.4052100301063675 2.680063782352152
11160 10561439 0.3311467239897017 0.033020277870784376 0.3048 -2.4052100301063675 2.680063782352152
11161 10561439 0.3327507852347384 0.03792862514797045 0.3048 -2.4052100301063675 2.680063782352152
11162 10561439 0.3343548464797751 0.04283697242515652 0.3048 -2.4052100301063675 2.680063782352152
11163 10561439 0.3332559230358604 0.044909599493477975 0.3048 -2.4052100301063675 2.680063782352152
11164 10561439 0.3321569995919457 0.04698222656179943 0.3048 -2.4052100301063675 2.680063782352152
11165 10561439 0.33105807614803096 0.04905485363012088 0.3048 -2.4052100301063675 2.680063782352152
11166 10561439 0.3326448927737081 0.053910421988682934 0.3048 -2.4052100301063675 2.680063782352152
11167 10561439 0.3343696934700504 0.05918821372861183 0.3048 -2.4052100301063675 2.680063782352152
11168 10561439 0.33110743362084305 0.06551164981088957 0.3048 -2.4052100301063675 2.680063782352152
11169 10561439 0.3309349531887451 0.06498387074750178 0.3048 -2.4052100301063675 2.680063782352152
11170 10561439 0.3328322379570737 0.0707894404572802 0.3048 -2.4052100301063675 2.680063782352152
11171 10561439 0.3277416928815293 0.07151841972888498 0.3048 -2.4052100301063675 2.680063782352152
11172 10561439 0.32801766215316386 0.07236286604688666 0.3048 -2.4052100301063675 2.680063782352152
11173 10561439 0.3245139442168382 0.07794741405856404 0.3048 -2.4052100301063675 2.680063782352152
11174 10561439 0.3247554178367722 0.07868630442792128 0.3048 -2.4052100301063675 2.680063782352152
11175 10561439 0.319820110657176 0.07989029216847475 0.3048 -2.4052100301063675 2.680063782352152
11176 10561439 0.3148848034775797 0.08109427990902822 0.3048 -2.4052100301063675 2.680063782352152
11177 10561439 0.31098565901104136 0.08057716741228843 0.3048 -2.4052100301063675 2.680063782352152
11178 10561439 0.307086514544503 0.08006005491554861 0.3048 -2.4052100301063675 2.680063782352152
11179 10561439 0.3031873700779646 0.0795429424188088 0.3048 -2.4052100301063675 2.680063782352152
11180 10561439 0.30316487052833235 0.08001761323459444 0.3048 -2.4052100301063675 2.680063782352152
11181 10561439 0.3031423709787001 0.08049228405038009 0.3048 -2.4052100301063675 2.680063782352152
11182 10561439 0.2981898156439738 0.0816435091097785 0.3048 -2.4052100301063675 2.680063782352152
11183 10561439 0.29323726030924746 0.0827947341691769 0.3048 -2.4052100301063675 2.680063782352152
11184 10561439 0.2858504296222261 0.08030199144420641 0.3048 -2.4052100301063675 2.680063782352152
11185 10561439 0.2808468772777915 0.08002899822839342 0.3048 -2.4052100301063675 2.680063782352152
11186 10561439 0.275843324933357 0.07975600501258047 0.3048 -2.4052100301063675 2.680063782352152
11187 10561439 0.27083977258892244 0.07948301179676748 0.3048 -2.4052100301063675 2.680063782352152
11188 10561439 0.2658647176625517 0.0811089305331905 0.3048 -2.4052100301063675 2.680063782352152
11189 10561439 0.26088966273618097 0.08273484926961353 0.3048 -2.4052100301063675 2.680063782352152
11190 10561439 0.2555580124104133 0.08313377931034963 0.3048 -2.4052100301063675 2.680063782352152
11191 10561439 0.2502263620846456 0.08353270935108574 0.3048 -2.4052100301063675 2.680063782352152
11192 10561439 0.2448947117588779 0.08393163939182187 0.3048 -2.4052100301063675 2.680063782352152
11193 10561439 0.23956306143311026 0.08433056943255796 0.3048 -2.4052100301063675 2.680063782352152
11194 10561439 0.23396654943083006 0.0835114758740106 0.3048 -2.4052100301063675 2.680063782352152
11195 10561439 0.2283700374285498 0.08269238231546325 0.3048 -2.4052100301063675 2.680063782352152
11196 10561439 0.2227735254262696 0.0818732887569159 0.3048 -2.4052100301063675 2.680063782352152
11197 10561439 0.2152574963418412 0.08231438026578394 0.3048 -2.4052100301063675 2.680063782352152
11198 10561439 0.2077414672574128 0.082755471774652 0.3048 -2.4052100301063675 2.680063782352152
11199 10561439 0.20022543817298435 0.08319656328352006 0.3048 -2.4052100301063675 2.680063782352152
11200 10561439 0.19270940908855594 0.0836376547923881 0.3048 -2.4052100301063675 2.680063782352152
11201 10561439 0.1843018582439634 0.08101127488496876 0.3048 -2.4052100301063675 2.680063782352152
11202 10561439 0.17707172348950684 0.08062877059244958 0.3048 -2.4052100301063675 2.680063782352152
11203 10561439 0.1698415887350503 0.0802462662999304 0.3048 -2.4052100301063675 2.680063782352152
11204 10561439 0.16342216319403313 0.08234431645174753 0.3048 -2.4052100301063675 2.680063782352152
11205 10561439 0.15558291591151768 0.08172864797439956 0.3048 -2.4052100301063675 2.680063782352152
11206 10561439 0.14774366862900226 0.0811129794970516 0.3048 -2.4052100301063675 2.680063782352152
11207 10561439 0.1399044213464868 0.08049731101970363 0.3048 -2.4052100301063675 2.680063782352152
11208 10561439 0.1320651740639714 0.07988164254235565 0.3048 -2.4052100301063675 2.680063782352152
11209 10561439 0.12422592678145596 0.07926597406500767 0.3048 -2.4052100301063675 2.680063782352152
11210 10561439 0.1155389196205187 0.08031380332318296 0.3048 -2.4052100301063675 2.680063782352152
11211 10561439 0.10685191245958144 0.08136163258135821 0.3048 -2.4052100301063675 2.680063782352152
11212 10561439 0.0981649052986442 0.08240946183953349 0.3048 -2.4052100301063675 2.680063782352152
11213 10561439 0.08994895890753563 0.08240765483672867 0.3048 -2.4052100301063675 2.680063782352152
11214 10561439 0.08173301251642706 0.08240584783392382 0.3048 -2.4052100301063675 2.680063782352152
11215 10561439 0.07230276362027695 0.0816326437451812 0.3048 -2.4052100301063675 2.680063782352152
11216 10561439 0.06287251472412685 0.08085943965643858 0.3048 -2.4052100301063675 2.680063782352152
11217 10561439 0.05344226582797673 0.08008623556769595 0.3048 -2.4052100301063675 2.680063782352152
11218 10561439 0.04862769638250442 0.08165985224231964 0.3048 -2.4052100301063675 2.680063782352152
11219 10561439 0.04494073148435066 0.08124876587828894 0.3048 -2.4052100301063675 2.680063782352152
11220 10561439 0.04125376658619692 0.08083767951425824 0.3048 -2.4052100301063675 2.680063782352152
11221 10561439 0.03756680168804316 0.08042659315022754 0.3048 -2.4052100301063675 2.680063782352152
11222 10561439 0.033879836789889414 0.08001550678619684 0.3048 -2.4052100301063675 2.680063782352152
11223 10561439 0.030192871891735657 0.07960442042216613 0.3048 -2.4052100301063675 2.680063782352152
11224 10561439 0.02650590699358191 0.07919333405813545 0.3048 -2.4052100301063675 2.680063782352152
11225 10561439 0.022180936213127576 0.07710202363125797 0.3048 -2.4052100301063675 2.680063782352152
11226 10561439 0.01785596543267325 0.07501071320438049 0.3048 -2.4052100301063675 2.680063782352152
11227 10561439 0.01353099465221892 0.07291940277750303 0.3048 -2.4052100301063675 2.680063782352152
11228 10561439 0.009206023871764592 0.07082809235062555 0.3048 -2.4052100301063675 2.680063782352152
11229 10561439 0.004881053091310261 0.06873678192374807 0.3048 -2.4052100301063675 2.680063782352152
11230 10561439 0.0085357181073853 0.06657425902999928 0.3048 -2.4052100301063675 2.680063782352152
11231 10561439 0.01219038312346034 0.06441173613625048 0.3048 -2.4052100301063675 2.680063782352152
11232 10561439 0.01584504813953538 0.062249213242501676 0.3048 -2.4052100301063675 2.680063782352152
11233 10561439 0.01949971315561042 0.060086690348752886 0.3048 -2.4052100301063675 2.680063782352152
11234 10561439 0.023154378171685457 0.05792416745500409 0.3048 -2.4052100301063675 2.680063782352152
11235 10561439 0.0268090431877605 0.055761644561255284 0.3048 -2.4052100301063675 2.680063782352152
11236 10561439 0.030463708203835538 0.053599121667506494 0.3048 -2.4052100301063675 2.680063782352152
11237 10561439 0.034118373219910576 0.0514365987737577 0.3048 -2.4052100301063675 2.680063782352152
11238 10561439 0.03777303823598562 0.0492740758800089 0.3048 -2.4052100301063675 2.680063782352152
11239 10561439 0.04142770325206065 0.0471115529862601 0.3048 -2.4052100301063675 2.680063782352152
11240 10561439 0.045082368268135685 0.044949030092511305 0.3048 -2.4052100301063675 2.680063782352152
11241 10561439 0.04873703328421074 0.042786507198762515 0.3048 -2.4052100301063675 2.680063782352152
11242 10561439 0.052391698300285776 0.04062398430501371 0.3048 -2.4052100301063675 2.680063782352152
11243 10561439 0.05604636331636082 0.03846146141126491 0.3048 -2.4052100301063675 2.680063782352152
11244 10561439 0.05970102833243585 0.036298938517516116 0.3048 -2.4052100301063675 2.680063782352152
11245 10561439 0.06335569334851089 0.03413641562376732 0.3048 -2.4052100301063675 2.680063782352152
11246 10561439 0.06701035836458594 0.03197389273001852 0.3048 -2.4052100301063675 2.680063782352152
11247 10561439 0.07066502338066097 0.029811369836269724 0.3048 -2.4052100301063675 2.680063782352152
11248 10561439 0.07431968839673601 0.027648846942520927 0.3048 -2.4052100301063675 2.680063782352152
11249 10561439 0.07797435341281105 0.02548632404877213 0.3048 -2.4052100301063675 2.680063782352152
11250 10561439 0.08162901842888609 0.023323801155023333 0.3048 -2.4052100301063675 2.680063782352152
11251 10561439 0.08528368344496112 0.021161278261274532 0.3048 -2.4052100301063675 2.680063782352152
11252 10561439 0.08893834846103618 0.018998755367525738 0.3048 -2.4052100301063675 2.680063782352152
11253 10561439 0.0925930134771112 0.01683623247377694 0.3048 -2.4052100301063675 2.680063782352152
11254 10561439 0.09624767849318623 0.014673709580028144 0.3048 -2.4052100301063675 2.680063782352152
11255 10561439 0.09990234350926128 0.012511186686279345 0.3048 -2.4052100301063675 2.680063782352152
11256 10561439 0.10355700852533632 0.010348663792530549 0.3048 -2.4052100301063675 2.680063782352152
11257 10561439 0.10721167354141137 0.008186140898781752 0.3048 -2.4052100301063675 2.680063782352152
11258 10561439 0.12650396226858165 0.007430263486427348 0.3048 -2.4052100301063675 2.680063782352152
11259 10561439 0.14579625099575189 0.006674386074072947 0.3048 -2.4052100301063675 2.680063782352152
11260 10561439 0.16744408268328348 0.004973518924900874 0.3048 -2.4052100301063675 2.680063782352152
11261 10561439 0.18909191437081507 0.003272651775728802 0.3048 -2.4052100301063675 2.680063782352152
11262 10561439 0.2143109592909781 0.0070640374693617955 0.3048 -2.4052100301063675 2.680063782352152
11263 10561439 0.2388925229753284 0.003469909962784984 0.3048 -2.4052100301063675 2.680063782352152
11264 10561439 0.2568040982901796 0.003924967792177825 0.3048 -2.4052100301063675 2.680063782352152
11265 10561439 0.2837404279005381 0.004818750517724124 0.3048 -2.4052100301063675 2.680063782352152
11266 10561439 0.31913227177817954 0.004409777606542972 0.3048 -2.4052100301063675 2.680063782352152
11267 10561439 0.35452411565582104 0.00400080469536182 0.3048 -2.4052100301063675 2.680063782352152
11268 10561439 0.372021662356671 0.0031894811501802234 0.3048 -2.4052100301063675 2.680063782352152
11269 10561439 0.39692179239757946 0.0032887518614332853 0.3048 -2.4052100301063675 2.680063782352152
11270 10561439 0.4218219224384879 0.0033880225726863468 0.3048 -2.4052100301063675 2.680063782352152
11271 10561439 0.4584075497041649 0.0033725879304054183 0.310896 -2.4052100301063675 2.680063782352152
11272 10561439 0.4949931769698419 0.00335715328812449 0.316992 -2.4052100301063675 2.680063782352152
11273 10561439 0.531578804235519 0.003341718645843561 0.32308800000000004 -2.4052100301063675 2.680063782352152
11274 10561439 0.568164431501196 0.0033262840035626325 0.32918400000000003 -2.4052100301063675 2.680063782352152
11275 10561439 0.6047500587668729 0.003310849361281704 0.33528 -2.4052100301063675 2.680063782352152
11276 10561439 0.6399655304975895 0.0023653970754645647 0.33528 -2.4052100301063675 2.680063782352152
11277 10561439 0.6751810022283061 0.001419944789647426 0.33528 -2.4052100301063675 2.680063782352152
11278 10561439 0.7103964739590227 0.0004744925038302874 0.33528 -2.4052100301063675 2.680063782352152
11279 10561439 0.7456119456897392 -0.00047095978198685154 0.33528 -2.4052100301063675 2.680063782352152
11280 10561439 0.7808274174204558 -0.0014164120678039904 0.33528 -2.4052100301063675 2.680063782352152
11281 10561439 0.8163208520023086 -0.0018976144997587539 0.3396342857142857 -2.4052100301063675 2.680063782352152
11282 10561439 0.8518142865841614 -0.0023788169317135177 0.3439885714285714 -2.4052100301063675 2.680063782352152
11283 10561439 0.8873077211660142 -0.002860019363668281 0.3483428571428571 -2.4052100301063675 2.680063782352152
11284 10561439 0.922801155747867 -0.003341221795623045 0.3526971428571429 -2.4052100301063675 2.680063782352152
11285 10561439 0.9582945903297198 -0.0038224242275778095 0.3570514285714286 -2.4052100301063675 2.680063782352152
11286 10561439 0.9937880249115726 -0.004303626659532572 0.3614057142857143 -2.4052100301063675 2.680063782352152
11287 10561439 1.0292814594934254 -0.004784829091487336 0.36576 -2.4052100301063675 2.680063782352152
11288 10561439 1.0696715907878491 -0.00657708332269237 0.368808 -2.4052100301063675 2.680063782352152
11289 10561439 1.1100617220822735 -0.008369337553897405 0.371856 -2.4052100301063675 2.680063782352152
11290 10561439 1.1504518533766976 -0.01016159178510244 0.374904 -2.4052100301063675 2.680063782352152
11291 10561439 1.1908419846711216 -0.011953846016307472 0.377952 -2.4052100301063675 2.680063782352152
11292 10561439 1.2312321159655455 -0.013746100247512508 0.381 -2.4052100301063675 2.680063782352152
11293 10561439 1.2716222472599696 -0.01553835447871754 0.384048 -2.4052100301063675 2.680063782352152
11294 10561439 1.3120123785543938 -0.017330608709922576 0.387096 -2.4052100301063675 2.680063782352152
11295 10561439 1.3524025098488175 -0.01912286294112761 0.3901440000000001 -2.4052100301063675 2.680063782352152
11296 10561439 1.3927926411432416 -0.020915117172332645 0.393192 -2.4052100301063675 2.680063782352152
11297 10561439 1.4331827724376658 -0.022707371403537683 0.39624 -2.4052100301063675 2.680063782352152
11298 10561439 1.489079701789195 -0.02449338588260516 0.39624 -2.4052100301063675 2.680063782352152
11299 10561439 1.5313425938772172 -0.02696594941700361 0.39624 -2.4052100301063675 2.680063782352152
11300 10561439 1.5684460095287438 -0.028921298419767594 0.42672 -2.4052100301063675 2.680063782352152
11301 10561439 1.6062453143636857 -0.03554302614109081 0.42672 -2.4052100301063675 2.680063782352152
11302 10561439 1.639910082140652 -0.03579077646379364 0.42672 -2.4052100301063675 2.680063782352152
11303 10561439 1.674204863290374 -0.036828261297541576 0.42672 -2.4052100301063675 2.680063782352152
11304 10561439 1.7149393024164319 -0.0437071217385315 0.42672 -2.4052100301063675 2.680063782352152
11305 10561439 1.7527873580422892 -0.04637204019555247 0.42672 -2.4052100301063675 2.680063782352152
11306 10561439 1.791164411295776 -0.04687309205005308 0.4572000000000001 -2.4052100301063675 2.680063782352152
11307 10561439 1.816857459496632 -0.05059125256128755 0.4572000000000001 -2.4052100301063675 2.680063782352152
11308 10561439 1.8425505076974869 -0.05430941307252202 0.4572000000000001 -2.4052100301063675 2.680063782352152
11309 10561439 1.875948785051221 -0.058090551128211286 0.4572000000000001 -2.4052100301063675 2.680063782352152
11310 10561439 1.9251106106915916 -0.06526716262965668 0.4572000000000001 -2.4052100301063675 2.680063782352152
11311 10561439 1.9609162017349195 -0.06983406584394762 0.48768 -2.4052100301063675 2.680063782352152
11312 10561439 1.998843769211469 -0.07334143071915017 0.48768 -2.4052100301063675 2.680063782352152
11313 10561439 2.0394283976656493 -0.08122089889120512 0.48768 -2.4052100301063675 2.680063782352152
11314 10561439 2.0777447235147424 -0.08625664650584264 0.48768 -2.4052100301063675 2.680063782352152
11315 10561439 2.1127144935355577 -0.08903118868326737 0.48768 -2.4052100301063675 2.680063782352152
11316 10561439 2.16438982396375 -0.09258775372973584 0.5181600000000001 -2.4052100301063675 2.680063782352152
11317 10561439 2.2024772224997458 -0.0969639894628722 0.5181600000000001 -2.4052100301063675 2.680063782352152
11318 10561439 2.244141157725833 -0.10262467284702753 0.5181600000000001 -2.4052100301063675 2.680063782352152
11319 10561439 2.2621817816356358 -0.10448505664065366 0.5181600000000001 -2.4052100301063675 2.680063782352152
11320 10561439 2.2802224055454388 -0.1063454404342798 0.5181600000000001 -2.4052100301063675 2.680063782352152
11321 10561439 2.318848860082495 -0.11042979728413976 0.5181600000000001 -2.4052100301063675 2.680063782352152
11322 10561439 2.364633809098075 -0.1089075508004261 0.5181600000000001 -2.4052100301063675 2.680063782352152
11323 10561439 2.4028810528473965 -0.11415266533444175 0.54864 -2.4052100301063675 2.680063782352152
11324 10561439 2.4661474427563066 -0.1189215974041141 0.54864 -2.4052100301063675 2.680063782352152
11325 10561439 2.503811357705544 -0.12187299334308092 0.54864 -2.4052100301063675 2.680063782352152
11326 10561439 2.5410184909435105 -0.1218714289278484 0.54864 -2.4052100301063675 2.680063782352152
11327 10561439 2.5635010531526152 -0.12535653384674658 0.54864 -2.4052100301063675 2.680063782352152
11328 10561439 2.6269004513813434 -0.11883619149395605 0.54864 -2.4052100301063675 2.680063782352152
11329 10561439 2.6631588393592347 -0.11385160484540888 0.54864 -2.4052100301063675 2.680063782352152
11330 10561439 2.680808058177865 -0.10874939039542544 0.57912 -2.4052100301063675 2.680063782352152
11331 10561439 2.7407856425020096 -0.09094799353581633 0.57912 -2.4052100301063675 2.680063782352152
11332 10561439 2.7746315746838683 -0.07431139433025437 0.57912 -2.4052100301063675 2.680063782352152
11333 10561439 2.807103884547681 -0.053721763459387034 0.57912 -2.4052100301063675 2.680063782352152
11334 10561439 2.822123977214908 -0.044431732781832295 0.57912 -2.4052100301063675 2.680063782352152
11335 10561439 2.8371440698821337 -0.03514170210427756 0.57912 -2.4052100301063675 2.680063782352152
11336 10561439 2.879693458034376 0.002718302691863323 0.57912 -2.4052100301063675 2.680063782352152
11337 10561439 2.9044904653464036 0.035159040543983534 0.6096 -2.4052100301063675 2.680063782352152
11338 10561439 2.9282436910060383 0.06712281698093323 0.6096 -2.269138511209445 1.2112899144904092
11339 10561439 2.9377794098342727 0.08001391260866694 0.6096 -2.269138511209445 1.2112899144904092
11340 10561439 2.9695668011869083 0.1447505498165533 0.6096 -2.269138511209445 1.2112899144904092
11341 10561439 2.9859970681333605 0.1828429627294633 0.6096 -2.269138511209445 1.2112899144904092
11342 10561439 3.0011228007087563 0.22509935463920835 0.6096 -2.269138511209445 1.2112899144904092
11343 10561439 3.0131520851942843 0.2660301979198584 0.6096 -2.269138511209445 1.2112899144904092
11344 10561439 3.029459560848694 0.3282269370592239 0.6096 -2.269138511209445 1.2112899144904092
11345 10561439 3.0368002695663003 0.37927433498711793 0.6096 -2.269138511209445 1.2112899144904092
11346 10561439 3.0441409782839064 0.4303217329150121 0.6096 -2.269138511209445 1.2112899144904092
11347 10561439 3.0506360306530564 0.4763300409714312 0.6096 -2.269138511209445 1.2112899144904092
11348 10561439 3.0517485484852687 0.513465089575836 0.6400800000000001 -2.269138511209445 1.2112899144904092
11349 10561439 3.0433175804439685 0.5610750115157229 0.6400800000000001 -2.269138511209445 1.2112899144904092
11350 10561439 3.0328438868787577 0.6051464309018686 0.6400800000000001 -2.269138511209445 1.2112899144904092
11351 10561439 3.0217059376499047 0.6499020468429296 0.6400800000000001 -2.269138511209445 1.2112899144904092
11352 10561439 3.012233553862905 0.6725612312331424 0.6400800000000001 -2.269138511209445 1.2112899144904092
11353 10561439 3.002761170075905 0.6952204156233552 0.6400800000000001 -2.269138511209445 1.2112899144904092
11354 10561439 2.9664073311017534 0.7660813159946785 0.6400800000000001 -2.269138511209445 1.2112899144904092
11355 10561439 2.9368580014708763 0.8101894525657596 0.6400800000000001 -2.269138511209445 1.2112899144904092
11356 10561439 2.9096796619147245 0.8418420010328365 0.6400800000000001 -2.269138511209445 1.2112899144904092
11357 10561439 2.882501322358573 0.8734945494999132 0.6400800000000001 -2.269138511209445 1.2112899144904092
11358 10561439 2.8323749186959235 0.9184805482930728 0.6400800000000001 -2.269138511209445 1.2112899144904092
11359 10561439 2.7920617360973683 0.945660734176033 0.6400800000000001 -2.269138511209445 1.2112899144904092
11360 10561439 2.750441339423384 0.9720998479404522 0.6400800000000001 -2.269138511209445 1.2112899144904092
11361 10561439 2.7053338301921706 0.9954723635426672 0.6400800000000001 -2.269138511209445 1.2112899144904092
11362 10561439 2.6597903172537367 1.0180530417062224 0.6400800000000001 -2.269138511209445 1.2112899144904092
11363 10561439 2.590884685303203 1.0435896378099871 0.6400800000000001 -2.269138511209445 1.2112899144904092
11364 10561439 2.56511659992473 1.0489663805543088 0.6400800000000001 -2.269138511209445 1.2112899144904092
11365 10561439 2.515967235089617 1.0626790249441986 0.6400800000000001 -2.269138511209445 1.2112899144904092
11366 10561439 2.4447570574892983 1.071913900855229 0.6400800000000001 -2.269138511209445 1.2112899144904092
11367 10561439 2.413911873711721 1.0794164995964346 0.6400800000000001 -2.269138511209445 1.2112899144904092
11368 10561439 2.383066689934144 1.0869190983376404 0.6400800000000001 -2.269138511209445 1.2112899144904092
11369 10561439 2.330299047052105 1.0911839456166343 0.6400800000000001 -2.269138511209445 1.2112899144904092
