25908 11276220 -4.020314580372856 0.006801108381355586 0.67056 7.047216668665513 1.4858821926663477
25909 11276220 -3.901249352298497 0.0052098264412131215 0.67056 7.047216668665513 1.4858821926663477
25910 11276220 -3.825292447407199 0.005464391859502178 0.67056 7.047216668665513 1.4858821926663477
25911 11276220 -3.7822760017538637 0.0038841585685639173 0.6400800000000001 7.047216668665513 1.4858821926663477
25912 11276220 -3.715348010390082 0.0020712352563726217 0.6400800000000001 7.047216668665513 1.4858821926663477
25913 11276220 -3.6286779627980663 -0.0045680823149147065 0.6400800000000001 7.047216668665513 1.4858821926663477
25914 11276220 -3.5579186382941392 -0.005530586388074936 0.6400800000000001 7.047216668665513 1.4858821926663477
25915 11276220 -3.4849249097534827 -0.007808096691873574 0.6400800000000001 7.047216668665513 1.4858821926663477
25916 11276220 -3.3915540004557148 -0.011613711373536534 0.6400800000000001 7.047216668665513 1.4858821926663477
25917 11276220 -3.3054398346473617 -0.013159770985747304 0.6096 7.047216668665513 1.4858821926663477
25918 11276220 -3.2773861139267355 -0.011592282661908064 0.6096 7.047216668665513 1.4858821926663477
25919 11276220 -3.176028548973872 -0.011349156355330431 0.6096 7.047216668665513 1.4858821926663477
25920 11276220 -3.0924127079020227 -0.011023539069906413 0.6096 7.047216668665513 1.4858821926663477
25921 11276220 -3.0498197210587312 -0.011175754556779577 0.6096 7.047216668665513 1.4858821926663477
25922 11276220 -2.981753475796609 -0.009498910300339477 0.57912 7.047216668665513 1.4858821926663477
25923 11276220 -2.922516953234675 -0.006976410880258271 0.57912 7.047216668665513 1.4858821926663477
25924 11276220 -2.8632804306727406 -0.004453911460177068 0.57912 7.047216668665513 1.4858821926663477
25925 11276220 -2.8068075029202215 -0.0015521769566770036 0.6096 7.047216668665513 1.4858821926663477
25926 11276220 -2.722579355563723 0.0033676015070332748 0.57912 7.047216668665513 1.4858821926663477
25927 11276220 -2.636470409989881 0.008607564835261566 0.6096 7.047216668665513 1.4858821926663477
25928 11276220 -2.5811672447996257 0.012010494764541496 0.6096 7.047216668665513 1.4858821926663477
25929 11276220 -2.5002716510206366 0.012180900898037113 0.6096 7.047216668665513 1.4858821926663477
25930 11276220 -2.4449688466364043 0.01558488915232234 0.57912 7.047216668665513 1.4858821926663477
25931 11276220 -2.3568681728916685 0.01877405146370012 0.57912 7.047216668665513 1.4858821926663477
25932 11276220 -2.289550611463569 0.019533353217240784 0.57912 7.047216668665513 1.4858821926663477
25933 11276220 -2.221709006083904 0.017551269570325573 0.57912 7.047216668665513 1.4858821926663477
25934 11276220 -2.161409461118005 0.018855103833740755 0.57912 7.047216668665513 1.4858821926663477
25935 11276220 -2.0804461686683906 0.01924138045955701 0.57912 7.047216668665513 1.4858821926663477
25936 11276220 -1.9801294082255851 0.016335215019921717 0.57912 7.047216668665513 1.4858821926663477
25937 11276220 -1.9125020854971928 0.018048000846694414 0.57912 7.047216668665513 1.4858821926663477
25938 11276220 -1.877429852355476 0.016506714682881313 0.57912 7.047216668665513 1.4858821926663477
25939 11276220 -1.84235761921376 0.01496542851906821 0.57912 7.047216668665513 1.4858821926663477
25940 11276220 -1.7727488460543122 0.014862877101215338 0.57912 7.047216668665513 1.4858821926663477
25941 11276220 -1.7023564807414864 0.018243492504609632 0.54864 7.047216668665513 1.4858821926663477
25942 11276220 -1.5916607496655153 0.017205321903958376 0.54864 7.047216668665513 1.4858821926663477
25943 11276220 -1.5291771513208 0.01949404751021808 0.5638799999999999 7.047216668665513 1.4858821926663477
25944 11276220 -1.466693552976085 0.021782773116477774 0.57912 7.047216668665513 1.4858821926663477
25945 11276220 -1.4015570464087224 0.02267885861914096 0.57912 7.047216668665513 1.4858821926663477
25946 11276220 -1.3465331894845949 0.025247002118026857 0.57912 7.047216668665513 1.4858821926663477
25947 11276220 -1.283528178821326 0.027775842255384403 0.57912 7.047216668665513 1.4858821926663477
25948 11276220 -1.2207564280777925 0.02687635860153967 0.6096 7.047216668665513 1.4858821926663477
25949 11276220 -1.1430575275416606 0.033597507562952406 0.6096 7.047216668665513 1.4858821926663477
25950 11276220 -1.0714402834043721 0.03693364541525043 0.6096 7.047216668665513 1.4858821926663477
25951 11276220 -1.0363936302718724 0.039260041296817455 0.6096 7.047216668665513 1.4858821926663477
25952 11276220 -0.9392128054717226 0.04580491921916405 0.6400800000000001 7.047216668665513 1.4858821926663477
25953 11276220 -0.9111622130017604 0.04738173622349592 0.6400800000000001 7.047216668665513 1.4858821926663477
25954 11276220 -0.8501533855742822 0.050333022347010176 0.6400800000000001 7.047216668665513 1.4858821926663477
25955 11276220 -0.7786062051896814 0.053461004798222606 0.6400800000000001 7.047216668665513 1.4858821926663477
25956 11276220 -0.7057927775622435 0.061550002927465125 0.6400800000000001 7.047216668665513 1.4858821926663477
25957 11276220 -0.6435992151889258 0.06867202420371141 0.6400800000000001 7.047216668665513 1.4858821926663477
25958 11276220 -0.581911468332734 0.07479153777283545 0.6400800000000001 7.047216668665513 1.4858821926663477
25959 11276220 -0.5510696081104552 0.08164926858170146 0.6553200000000001 7.047216668665513 1.4858821926663477
25960 11276220 -0.5202277478881765 0.08850699939056747 0.67056 7.047216668665513 1.4858821926663477
25961 11276220 -0.4327747778946149 0.11693144451969276 0.6400800000000001 7.047216668665513 1.4858821926663477
25962 11276220 -0.3718532962448491 0.1375565555853097 0.6400800000000001 7.047216668665513 1.4858821926663477
25963 11276220 -0.3144355280525004 0.16376704774399545 0.67056 7.047216668665513 1.4858821926663477
25964 11276220 -0.2530325304985217 0.19673653572326316 0.67056 7.047216668665513 1.4858821926663477
25965 11276220 -0.2009653210930793 0.22831848146833397 0.67056 7.047216668665513 1.4858821926663477
25966 11276220 -0.13911558073486385 0.2735267293296536 0.67056 7.047216668665513 1.4858821926663477
25967 11276220 -0.08639856805292513 0.31389279846988105 0.67056 7.047216668665513 1.4858821926663477
25968 11276220 -0.04442370433435028 0.3567188780095503 0.7010400000000001 7.047216668665513 1.4858821926663477
25969 11276220 0.00620772936792635 0.4110857893610438 0.7010400000000001 7.047216668665513 1.4858821926663477
25970 11276220 0.04710742971814974 0.4574179750879674 0.7010400000000001 7.047216668665513 1.4858821926663477
25971 11276220 0.08172576661365982 0.5062707003633449 0.7010400000000001 7.047216668665513 1.4858821926663477
25972 11276220 0.11635270524661212 0.5524335468058446 0.7010400000000001 7.047216668665513 1.4858821926663477
25973 11276220 0.14019562600927693 0.5927747699772975 0.73152 7.047216668665513 1.4858821926663477
25974 11276220 0.17038659708555126 0.6525380456766158 0.73152 7.047216668665513 1.4858821926663477
25975 11276220 0.19566061570919116 0.7026926813655029 0.73152 7.047216668665513 1.4858821926663477
25976 11276220 0.21512388656215495 0.7554475747037634 0.73152 7.047216668665513 1.4858821926663477
25977 11276220 0.2342854514136584 0.8045624931504366 0.762 7.047216668665513 1.4858821926663477
25978 11276220 0.2446701651228707 0.8363343767963356 0.762 7.047216668665513 1.4858821926663477
25979 11276220 0.255054878832083 0.8681062604422345 0.762 7.047216668665513 1.4858821926663477
25980 11276220 0.2695957891943439 0.9288957676106756 0.762 7.047216668665513 1.4858821926663477
25981 11276220 0.27838250804995857 0.9910987422179328 0.762 7.047216668665513 1.4858821926663477
25982 11276220 0.2918459877991789 1.0404404854451106 0.7924800000000001 7.047216668665513 1.4858821926663477
25983 11276220 0.30084063448013776 1.0924112104646289 0.7924800000000001 7.047216668665513 1.4858821926663477
25984 11276220 0.3041163463996049 1.1350354199445691 0.7924800000000001 7.047216668665513 1.4858821926663477
25985 11276220 0.3104546070079275 1.178878420959929 0.7924800000000001 7.047216668665513 1.4858821926663477
25986 11276220 0.317853737864952 1.2286835731779528 0.7924800000000001 7.047216668665513 1.4858821926663477
25987 11276220 0.32200055887968404 1.282122087575855 0.7924800000000001 7.047216668665513 1.4858821926663477
25988 11276220 0.3293603680178697 1.3494648592406058 0.7924800000000001 7.047216668665513 1.4858821926663477
25989 11276220 0.3357805556822803 1.4057821264498191 0.82296 7.047216668665513 1.4858821926663477
25990 11276220 0.3385291227670817 1.4478777656679067 0.82296 7.047216668665513 1.4858821926663477
25991 11276220 0.3443347818022432 1.4971523781147973 0.82296 7.047216668665513 1.4858821926663477
25992 11276220 0.3491119000617813 1.560666196092962 0.82296 7.047216668665513 1.4858821926663477
25993 11276220 0.35096152285458937 1.6088389340188736 0.82296 7.047216668665513 1.4858821926663477
25994 11276220 0.3528111456473974 1.6570116719447852 0.82296 7.047216668665513 1.4858821926663477
25995 11276220 0.35629914019045017 1.709380617180901 0.82296 7.047216668665513 1.4858821926663477
25996 11276220 0.3597871347335029 1.7617495624170163 0.82296 7.047216668665513 1.4858821926663477
25997 11276220 0.3605111298966099 1.8182933531086367 0.82296 7.047216668665513 1.4858821926663477
25998 11276220 0.3606101214615349 1.847118566777696 0.82296 7.047216668665513 1.4858821926663477
25999 11276220 0.3614164249952481 1.916136588878084 0.82296 7.047216668665513 1.4858821926663477
26000 11276220 0.35696994874812904 1.9935312135777927 0.82296 7.047216668665513 1.4858821926663477
26001 11276220 0.3552495234378811 2.0466682898494666 0.82296 7.047216668665513 1.4858821926663477
26002 11276220 0.3517138890013538 2.117339558522409 0.82296 7.047216668665513 1.4858821926663477
26003 11276220 0.34906657919439843 2.1608489559120683 0.82296 7.047216668665513 1.4858821926663477
26004 11276220 0.34100968879404114 2.216057603081188 0.82296 7.047216668665513 1.4858821926663477
26005 11276220 0.3285491619984553 2.2800664133328863 0.8534400000000001 7.047216668665513 1.4858821926663477
26006 11276220 0.31979617205862343 2.337488998799392 0.8534400000000001 7.047216668665513 1.4858821926663477
26007 11276220 0.310887579188748 2.3781385307521705 0.8534400000000001 7.047216668665513 1.4858821926663477
26008 11276220 0.2981764800801363 2.442463295188646 0.8534400000000001 7.047216668665513 1.4858821926663477
26009 11276220 0.2858793883015397 2.497189322188352 0.8534400000000001 7.047216668665513 1.4858821926663477
26010 11276220 0.2793832753408905 2.5520051479202386 0.8534400000000001 7.047216668665513 1.4858821926663477
26011 11276220 0.2731599310949653 2.583890838514124 0.8534400000000001 7.047216668665513 1.4858821926663477
26012 11276220 0.2669365868490401 2.6157765291080093 0.8534400000000001 7.047216668665513 1.4858821926663477
26013 11276220 0.2562020142005813 2.6725624195101556 0.88392 7.047216668665513 1.4858821926663477
26014 11276220 0.2490111662170652 2.730409693316658 0.88392 7.047216668665513 1.4858821926663477
26015 11276220 0.2389172042717093 2.785350673293246 0.88392 7.047216668665513 1.4858821926663477
26016 11276220 0.2341520701494413 2.8386663473877984 0.88392 7.047216668665513 1.4858821926663477
26017 11276220 0.2215993471114636 2.8980332909458415 0.88392 7.047216668665513 1.4858821926663477
26018 11276220 0.21440491026700226 2.9911662930372716 0.88392 7.047216668665513 1.4858821926663477
26019 11276220 0.21064850937432744 3.0138921302092285 0.88392 7.047216668665513 1.4858821926663477
26020 11276220 0.1985969561414278 3.108730321472381 0.88392 7.047216668665513 1.4858821926663477
26021 11276220 0.19643958233734504 3.1360741697771464 0.88392 7.047216668665513 1.4858821926663477
26022 11276220 0.1812700652683037 3.2200149311028285 0.88392 7.047216668665513 1.4858821926663477
26023 11276220 0.18230127501232585 3.2584671872832227 0.88392 7.047216668665513 1.4858821926663477
26024 11276220 0.1724585743061483 3.3098218375351918 0.88392 7.047216668665513 1.4858821926663477
26025 11276220 0.1615966835792152 3.4096462714890228 0.88392 7.047216668665513 1.4858821926663477
26026 11276220 0.15733974024830066 3.4346391140304364 0.88392 7.047216668665513 1.4858821926663477
26027 11276220 0.14909890930930414 3.5207548190064784 0.88392 7.047216668665513 1.4858821926663477
26028 11276220 0.14439023473394452 3.5760393176398355 0.88392 7.047216668665513 1.4858821926663477
26029 11276220 0.1396815601585849 3.631323816273192 0.88392 7.047216668665513 1.4858821926663477
26030 11276220 0.1349728855832253 3.686608314906549 0.88392 7.047216668665513 1.4858821926663477
26031 11276220 0.1267250687876018 3.7557271280869378 0.8991600000000001 7.047216668665513 1.4858821926663477
26032 11276220 0.11847725199197835 3.8248459412673257 0.9144 7.047216668665513 1.4858821926663477
26033 11276220 0.11105409456323752 3.88639305417605 0.9144 7.047216668665513 1.4858821926663477
26034 11276220 0.10363093713449673 3.9479401670847736 0.9144 7.047216668665513 1.4858821926663477
26035 11276220 0.09620777970575588 4.009487279993499 0.9144 7.047216668665513 1.4858821926663477
26036 11276220 0.08956298224455864 4.071364439569496 0.920496 7.047216668665513 1.4858821926663477
26037 11276220 0.08291818478336138 4.133241599145493 0.926592 7.047216668665513 1.4858821926663477
26038 11276220 0.07627338732216411 4.195118758721493 0.932688 7.047216668665513 1.4858821926663477
26039 11276220 0.06962858986096684 4.25699591829749 0.9387840000000001 7.047216668665513 1.4858821926663477
26040 11276220 0.06298379239976959 4.318873077873489 0.94488 7.047216668665513 1.4858821926663477
