12747 11038812 5.5058058071828375 1.5576618669278437 0.57912 -3.176793915693223 1.6958058802865732
12748 11038812 5.482867954861502 1.5542797662651475 0.57912 -3.176793915693223 1.6958058802865732
12749 11038812 5.410020152829951 1.545916834759714 0.57912 -3.176793915693223 1.6958058802865732
12750 11038812 5.387116585991991 1.542640617827123 0.57912 -3.176793915693223 1.6958058802865732
12751 11038812 5.317559449909049 1.5372934913039564 0.57912 -3.176793915693223 1.6958058802865732
12752 11038812 5.25950921623584 1.5291281835079742 0.57912 -3.176793915693223 1.6958058802865732
12753 11038812 5.1791747291146555 1.5195881594600331 0.57912 -3.176793915693223 1.6958058802865732
12754 11038812 5.143531348588317 1.5151729572834685 0.57912 -3.176793915693223 1.6958058802865732
12755 11038812 5.107887968061981 1.5107577551069042 0.57912 -3.176793915693223 1.6958058802865732
12756 11038812 5.072244587535642 1.5063425529303398 0.57912 -3.176793915693223 1.6958058802865732
12757 11038812 5.000713738648902 1.499305727057915 0.57912 -3.176793915693223 1.6958058802865732
12758 11038812 4.953334432390307 1.4917499127812928 0.57912 -3.176793915693223 1.6958058802865732
12759 11038812 4.919379154145519 1.4867069518068898 0.57912 -3.176793915693223 1.6958058802865732
12760 11038812 4.832999504823553 1.4722504947163324 0.57912 -3.176793915693223 1.6958058802865732
12761 11038812 4.776139415952756 1.4639338434004223 0.57912 -3.176793915693223 1.6958058802865732
12762 11038812 4.749601543455534 1.4614945622724311 0.57912 -3.176793915693223 1.6958058802865732
12763 11038812 4.643731001605844 1.441717707165423 0.57912 -3.176793915693223 1.6958058802865732
12764 11038812 4.592465961133913 1.4369501617294818 0.57912 -3.176793915693223 1.6958058802865732
12765 11038812 4.573916070373072 1.4317884470962583 0.57912 -3.176793915693223 1.6958058802865732
12766 11038812 4.5125834209317945 1.4220127175972446 0.57912 -3.176793915693223 1.6958058802865732
12767 11038812 4.4512507714905185 1.4122369880982306 0.57912 -3.176793915693223 1.6958058802865732
12768 11038812 4.387245130708552 1.3997131406379806 0.57912 -3.176793915693223 1.6958058802865732
12769 11038812 4.323239489926585 1.3871892931777303 0.57912 -3.176793915693223 1.6958058802865732
12770 11038812 4.2916264616680495 1.3814429939952348 0.57912 -3.176793915693223 1.6958058802865732
12771 11038812 4.260013433409513 1.3756966948127392 0.57912 -3.176793915693223 1.6958058802865732
12772 11038812 4.206483351888871 1.3612742411093766 0.57912 -3.176793915693223 1.6958058802865732
12773 11038812 4.171975947065147 1.3561807553856688 0.57912 -3.176793915693223 1.6958058802865732
12774 11038812 4.1143108270533695 1.3481311544795995 0.57912 -3.176793915693223 1.6958058802865732
12775 11038812 4.0391924200848965 1.3301245484603879 0.57912 -3.176793915693223 1.6958058802865732
12776 11038812 3.9950533199848346 1.321633377803784 0.57912 -3.176793915693223 1.6958058802865732
12777 11038812 3.920203769211545 1.3137028456387223 0.57912 -3.176793915693223 1.6958058802865732
12778 11038812 3.8962297349902535 1.3071587183750282 0.57912 -3.176793915693223 1.6958058802865732
12779 11038812 3.81513855197627 1.290986434248705 0.57912 -3.176793915693223 1.6958058802865732
12780 11038812 3.7631224207434633 1.2812123477250157 0.57912 -3.176793915693223 1.6958058802865732
12781 11038812 3.708012597675718 1.274200514321662 0.57912 -3.176793915693223 1.6958058802865732
12782 11038812 3.666669586027544 1.2658497447222057 0.57912 -3.176793915693223 1.6958058802865732
12783 11038812 3.613471541429848 1.2551773385496665 0.57912 -3.176793915693223 1.6958058802865732
12784 11038812 3.5599878366308584 1.2463507266424023 0.57912 -3.176793915693223 1.6958058802865732
12785 11038812 3.504623660703464 1.2372037167452028 0.57912 -3.176793915693223 1.6958058802865732
12786 11038812 3.45299612134946 1.2275382639942327 0.57912 -3.176793915693223 1.6958058802865732
12787 11038812 3.4006797073962334 1.2165793635538331 0.57912 -3.176793915693223 1.6958058802865732
12788 11038812 3.3666292422907844 1.212216124089132 0.57912 -3.176793915693223 1.6958058802865732
12789 11038812 3.3325787771853355 1.2078528846244307 0.57912 -3.176793915693223 1.6958058802865732
12790 11038812 3.2820770074537466 1.2027272673813367 0.57912 -3.176793915693223 1.6958058802865732
12791 11038812 3.235342643735769 1.1914657852741202 0.57912 -3.176793915693223 1.6958058802865732
12792 11038812 3.1849896963733464 1.1865257975204246 0.57912 -3.176793915693223 1.6958058802865732
12793 11038812 3.1348772881800513 1.1815075896745648 0.57912 -3.176793915693223 1.6958058802865732
12794 11038812 3.0593103820657115 1.17031428908425 0.57912 -3.176793915693223 1.6958058802865732
12795 11038812 3.0056521987223666 1.1609639805228449 0.57912 -3.176793915693223 1.6958058802865732
12796 11038812 2.959790862545804 1.1537412135212388 0.57912 -3.176793915693223 1.6958058802865732
12797 11038812 2.912003838044119 1.147147403632801 0.54864 -3.176793915693223 1.6958058802865732
12798 11038812 2.8487252232289015 1.1357989997885627 0.54864 -3.176793915693223 1.6958058802865732
12799 11038812 2.8247287186075307 1.1330032738453293 0.54864 -3.176793915693223 1.6958058802865732
12800 11038812 2.769098295125481 1.1244151844097436 0.54864 -3.176793915693223 1.6958058802865732
12801 11038812 2.6895166895380265 1.1129004927657653 0.54864 -3.176793915693223 1.6958058802865732
12802 11038812 2.6607836043438717 1.1079720348533617 0.54864 -3.176793915693223 1.6958058802865732
12803 11038812 2.632050519149716 1.103043576940958 0.54864 -3.176793915693223 1.6958058802865732
12804 11038812 2.5694492770457984 1.0948638428876705 0.54864 -3.176793915693223 1.6958058802865732
12805 11038812 2.5181975205803657 1.0867752663530856 0.54864 -3.176793915693223 1.6958058802865732
12806 11038812 2.4669457641149344 1.078686689818501 0.54864 -3.176793915693223 1.6958058802865732
12807 11038812 2.4149700975599693 1.0687906137405478 0.54864 -3.176793915693223 1.6958058802865732
12808 11038812 2.364889617856444 1.0638833662514675 0.54864 -3.176793915693223 1.6958058802865732
12809 11038812 2.306725050975354 1.0570603970689785 0.54864 -3.176793915693223 1.6958058802865732
12810 11038812 2.2906630724769665 1.0568151576969824 0.57912 -3.176793915693223 1.6958058802865732
12811 11038812 2.2201030411239397 1.0473819793420294 0.57912 -3.176793915693223 1.6958058802865732
12812 11038812 2.1572261844283824 1.0408139555232208 0.57912 -3.176793915693223 1.6958058802865732
12813 11038812 2.0966802924725725 1.039209416955618 0.57912 -3.176793915693223 1.6958058802865732
12814 11038812 2.050866305546504 1.0375835432507348 0.57912 -3.176793915693223 1.6958058802865732
12815 11038812 2.002171904839821 1.0325762624726291 0.57912 -3.176793915693223 1.6958058802865732
12816 11038812 1.9777635989969484 1.032604420165376 0.57912 -3.176793915693223 1.6958058802865732
12817 11038812 1.9533552931540756 1.0326325778581231 0.57912 -3.176793915693223 1.6958058802865732
12818 11038812 1.9047202876635616 1.0305270618821312 0.57912 -3.176793915693223 1.6958058802865732
12819 11038812 1.8331905293758075 1.029007448371849 0.57912 -3.176793915693223 1.6958058802865732
12820 11038812 1.792073856801379 1.0240963926831803 0.57912 -3.176793915693223 1.6958058802865732
12821 11038812 1.7090572390419143 1.0241103346101832 0.57912 -3.176793915693223 1.6958058802865732
12822 11038812 1.6584285039053444 1.0240594740077764 0.57912 -3.176793915693223 1.6958058802865732
12823 11038812 1.603305303645128 1.0238415918003807 0.57912 -3.176793915693223 1.6958058802865732
12824 11038812 1.5822127905633825 1.027227127468905 0.57912 -3.176793915693223 1.6958058802865732
12825 11038812 1.5075544159682213 1.0283680645025337 0.57912 -3.176793915693223 1.6958058802865732
12826 11038812 1.4603689330022191 1.0331517538633923 0.57912 -3.176793915693223 1.6958058802865732
12827 11038812 1.4025892802061402 1.0373079228238629 0.57912 -3.176793915693223 1.6958058802865732
12828 11038812 1.3594026349513606 1.0393839402395588 0.57912 -3.176793915693223 1.6958058802865732
12829 11038812 1.3072884048281899 1.0456620279324194 0.57912 -3.176793915693223 1.6958058802865732
12830 11038812 1.2560981212142068 1.0466150804303316 0.57912 -3.176793915693223 1.6958058802865732
12831 11038812 1.2244134897371397 1.051826735326908 0.57912 -3.176793915693223 1.6958058802865732
12832 11038812 1.1542419353279263 1.0582811743801048 0.57912 -3.176793915693223 1.6958058802865732
12833 11038812 1.106460080708775 1.063145168887368 0.57912 -3.176793915693223 1.6958058802865732
12834 11038812 1.0599274098692102 1.0674844815201965 0.57912 -3.176793915693223 1.6958058802865732
12835 11038812 1.0126958642160315 1.0724029330048002 0.57912 -3.176793915693223 1.6958058802865732
12836 11038812 0.9737933556859228 1.076995184916885 0.57912 -3.176793915693223 1.6958058802865732
12837 11038812 0.9348908471558138 1.0815874368289702 0.57912 -3.176793915693223 1.6958058802865732
12838 11038812 0.8649709399152794 1.0877287334345689 0.57912 -2.269138511209445 1.2112899144904092
12839 11038812 0.8306899726236117 1.0935569824805045 0.57912 -2.269138511209445 1.2112899144904092
12840 11038812 0.7964090053319438 1.09938523152644 0.57912 -2.269138511209445 1.2112899144904092
12841 11038812 0.7533830697982982 1.1022300641260758 0.54864 -2.269138511209445 1.2112899144904092
12842 11038812 0.7033393825453298 1.103980490059944 0.54864 -2.269138511209445 1.2112899144904092
12843 11038812 0.646009737815562 1.1119677266651922 0.54864 -2.269138511209445 1.2112899144904092
12844 11038812 0.6038894741197618 1.1148679347478403 0.54864 -2.269138511209445 1.2112899144904092
12845 11038812 0.5614715102722152 1.1182161656889589 0.54864 -2.269138511209445 1.2112899144904092
12846 11038812 0.5157920806439009 1.1278879363863832 0.54864 -2.269138511209445 1.2112899144904092
12847 11038812 0.4669042740804984 1.1277433835191302 0.54864 -2.269138511209445 1.2112899144904092
12848 11038812 0.4408123959116161 1.1307801166967573 0.54864 -2.269138511209445 1.2112899144904092
12849 11038812 0.3835516198155132 1.1389805941100444 0.54864 -2.269138511209445 1.2112899144904092
12850 11038812 0.3633021599247817 1.142912010045015 0.54864 -2.269138511209445 1.2112899144904092
12851 11038812 0.3430527000340502 1.1468434259799856 0.54864 -2.269138511209445 1.2112899144904092
12852 11038812 0.2793356903758878 1.153766903817513 0.54864 -2.269138511209445 1.2112899144904092
12853 11038812 0.24158188087682725 1.1607915567205027 0.54864 -2.269138511209445 1.2112899144904092
12854 11038812 0.2038280713777667 1.1678162096234923 0.54864 -2.269138511209445 1.2112899144904092
12855 11038812 0.18193141662194967 1.1698330771243408 0.54864 -2.269138511209445 1.2112899144904092
12856 11038812 0.12140695842175594 1.1819064704495672 0.54864 -2.269138511209445 1.2112899144904092
12857 11038812 0.07703040656771065 1.1874165899441895 0.5181600000000001 -2.269138511209445 1.2112899144904092
12858 11038812 0.04010740438432592 1.1939954104708983 0.5181600000000001 -2.269138511209445 1.2112899144904092
12859 11038812 0.001963797212797491 1.19548230155798 0.5181600000000001 -2.269138511209445 1.2112899144904092
12860 11038812 -0.04089013865255542 1.1988597340972056 0.5181600000000001 -2.269138511209445 1.2112899144904092
12861 11038812 -0.09460966935906978 1.2056727272367571 0.5181600000000001 -2.269138511209445 1.2112899144904092
12862 11038812 -0.11042704045316476 1.2048268179885806 0.5181600000000001 -2.269138511209445 1.2112899144904092
12863 11038812 -0.12624441154725974 1.203980908740404 0.5181600000000001 -2.269138511209445 1.2112899144904092
12864 11038812 -0.17509847918511598 1.20394634388524 0.5181600000000001 -2.269138511209445 1.2112899144904092
12865 11038812 -0.22379740147141655 1.1989543355931829 0.5181600000000001 -2.269138511209445 1.2112899144904092
12866 11038812 -0.24709875541678986 1.1955900178218928 0.5181600000000001 -2.269138511209445 1.2112899144904092
12867 11038812 -0.2999647930286904 1.1860022991822514 0.5181600000000001 -2.269138511209445 1.2112899144904092
12868 11038812 -0.3535817070091545 1.171402844867354 0.5181600000000001 -2.269138511209445 1.2112899144904092
12869 11038812 -0.3858746766209302 1.1552060566490454 0.48768 -2.269138511209445 1.2112899144904092
12870 11038812 -0.4165080114122224 1.136480536422927 0.48768 -2.269138511209445 1.2112899144904092
12871 11038812 -0.4313166710092733 1.1251407742806174 0.48768 -2.269138511209445 1.2112899144904092
12872 11038812 -0.4461253306063242 1.1138010121383077 0.48768 -2.269138511209445 1.2112899144904092
12873 11038812 -0.480677956177765 1.07602782602012 0.48768 -2.269138511209445 1.2112899144904092
12874 11038812 -0.5020223083580284 1.0487740673096857 0.48768 -2.269138511209445 1.2112899144904092
12875 11038812 -0.521546491940861 1.0189389930171766 0.4572000000000001 -2.269138511209445 1.2112899144904092
12876 11038812 -0.5327796454393694 1.0008805658550708 0.4572000000000001 -2.269138511209445 1.2112899144904092
12877 11038812 -0.5563524979685379 0.9488854461332972 0.4572000000000001 -2.269138511209445 1.2112899144904092
12878 11038812 -0.5723250986856878 0.9166039486813896 0.4572000000000001 -2.269138511209445 1.2112899144904092
12879 11038812 -0.5832373861718465 0.8666614585719885 0.4572000000000001 -2.269138511209445 1.2112899144904092
12880 11038812 -0.5930629914667349 0.8355246214146684 0.4572000000000001 -2.269138511209445 1.2112899144904092
12881 11038812 -0.5987320052395602 0.7991731434361516 0.4572000000000001 -2.269138511209445 1.2112899144904092
12882 11038812 -0.5999302214146283 0.7618271997094522 0.4572000000000001 -2.269138511209445 1.2112899144904092
12883 11038812 -0.6062478153808359 0.7300106997434541 0.42672 -2.269138511209445 1.2112899144904092
12884 11038812 -0.6044020023810179 0.6976280674275803 0.42672 -2.269138511209445 1.2112899144904092
12885 11038812 -0.6056145042251453 0.6681147817331375 0.42672 -2.269138511209445 1.2112899144904092
12886 11038812 -0.6068270060692726 0.6386014960386948 0.42672 -2.269138511209445 1.2112899144904092
12887 11038812 -0.6059903733027017 0.6058478701686976 0.42672 -2.269138511209445 1.2112899144904092
12888 11038812 -0.6011417869944145 0.5717825126437566 0.42672 -2.269138511209445 1.2112899144904092
12889 11038812 -0.5956632476064545 0.5369270483461189 0.42672 -2.269138511209445 1.2112899144904092
12890 11038812 -0.5903156368261737 0.4864586062032178 0.42672 -2.269138511209445 1.2112899144904092
12891 11038812 -0.5825745861500009 0.4547190320303086 0.42672 -2.269138511209445 1.2112899144904092
12892 11038812 -0.5692010516178732 0.4141279097249467 0.42672 -2.269138511209445 1.2112899144904092
12893 11038812 -0.5627642524380099 0.38491787730995175 0.39624 -2.269138511209445 1.2112899144904092
12894 11038812 -0.5489747232518658 0.35809415014874635 0.39624 -2.269138511209445 1.2112899144904092
12895 11038812 -0.5370693018406218 0.3276804564461489 0.39624 -2.269138511209445 1.2112899144904092
12896 11038812 -0.528268401278274 0.3111335460871937 0.39624 -2.269138511209445 1.2112899144904092
12897 11038812 -0.5194675007159262 0.2945866357282385 0.39624 -2.269138511209445 1.2112899144904092
12898 11038812 -0.5024092646043963 0.2679796467576357 0.39624 -2.269138511209445 1.2112899144904092
12899 11038812 -0.4753677220890109 0.2257245760034572 0.39624 -2.269138511209445 1.2112899144904092
12900 11038812 -0.4473168361650499 0.1947062400403304 0.39624 -2.269138511209445 1.2112899144904092
12901 11038812 -0.4219536669119115 0.17040840398519527 0.39624 -2.269138511209445 1.2112899144904092
12902 11038812 -0.3878496595958254 0.13752842560326542 0.36576 -2.269138511209445 1.2112899144904092
12903 11038812 -0.3627019282865529 0.11528750868424295 0.36576 -2.269138511209445 1.2112899144904092
12904 11038812 -0.33937069599952463 0.09971583598468887 0.36576 -2.269138511209445 1.2112899144904092
12905 11038812 -0.31705962849017044 0.08441938766399247 0.36576 -2.269138511209445 1.2112899144904092
12906 11038812 -0.29474856098081625 0.06912293934329608 0.36576 -2.269138511209445 1.2112899144904092
12907 11038812 -0.2578279298036774 0.05436680055060597 0.36576 -2.269138511209445 1.2112899144904092
12908 11038812 -0.2306744140756851 0.04233625392451015 0.36576 -2.269138511209445 1.2112899144904092
12909 11038812 -0.2009843861656757 0.03263115892580545 0.36576 -2.269138511209445 1.2112899144904092
12910 11038812 -0.15834397658373067 0.02722178248658394 0.36576 -2.269138511209445 1.2112899144904092
12911 11038812 -0.12738776264090568 0.02247738398353347 0.33528 -2.269138511209445 1.2112899144904092
12912 11038812 -0.10780834224747328 0.016077540495132353 0.33528 -2.269138511209445 1.2112899144904092
12913 11038812 -0.06207951253154586 0.01468298895327649 0.33528 -2.269138511209445 1.2112899144904092
12914 11038812 -0.02651919683384496 0.01614498655625643 0.33528 -2.269138511209445 1.2112899144904092
12915 11038812 0.0059437475911328095 0.016282896605335412 0.3048 -2.269138511209445 1.2112899144904092
12916 11038812 0.03722087712942157 0.011434309584313379 0.3048 -2.269138511209445 1.2112899144904092
12917 11038812 0.08094570500657218 0.01314904794567312 0.3048 -2.269138511209445 1.2112899144904092
12918 11038812 0.09485491360857896 0.013042579316108069 0.3048 -2.269138511209445 1.2112899144904092
12919 11038812 0.10876412221058572 0.01293611068654302 0.3048 -2.269138511209445 1.2112899144904092
12920 11038812 0.17384561512310104 0.008255488746522488 0.3048 -2.269138511209445 1.2112899144904092
12921 11038812 0.20027355288831586 0.004875602555848652 0.3048 -2.269138511209445 1.2112899144904092
12922 11038812 0.2340779011284119 0.0050433998002905045 0.3048 -2.269138511209445 1.2112899144904092
12923 11038812 0.2568040982901796 0.003924967792177825 0.27432 -2.269138511209445 1.2112899144904092
12924 11038812 0.2843831215056205 0.005426518835316141 0.27432 -2.269138511209445 1.2112899144904092
12925 11038812 0.31196210652314793 0.006928176703664357 0.27432 -2.269138511209445 1.2112899144904092
12926 11038812 0.32324715377970104 0.008847987654324013 0.27432 -2.269138511209445 1.2112899144904092
12927 11038812 0.3500844149210407 0.00808039331604235 0.27432 -2.269138511209445 1.2112899144904092
12928 11038812 0.3769216760623804 0.007312798977760687 0.27432 -2.269138511209445 1.2112899144904092
12929 11038812 0.4033494933199908 0.003933671370024317 0.27432 -2.269138511209445 1.2112899144904092
12930 11038812 0.4278311257639613 0.0041113855042264474 0.27432 -2.269138511209445 1.2112899144904092
12931 11038812 0.4523127582079317 0.004289099638428578 0.27432 -2.269138511209445 1.2112899144904092
12932 11038812 0.4698610845595835 0.009069173309542794 0.27432 -2.269138511209445 1.2112899144904092
12933 11038812 0.5026556687940793 0.008867131649772 0.27432 -2.269138511209445 1.2112899144904092
12934 11038812 0.5235353336537456 0.007535094005798201 0.27432 -2.269138511209445 1.2112899144904092
12935 11038812 0.5367266813003813 0.006320474011306906 0.27432 -2.269138511209445 1.2112899144904092
12936 11038812 0.5499180289470168 0.005105854016815611 0.27432 -2.269138511209445 1.2112899144904092
12937 11038812 0.5652873430987322 0.005302030560313219 0.27432 -2.269138511209445 1.2112899144904092
12938 11038812 0.5806566572504475 0.005498207103810826 0.27432 -2.269138511209445 1.2112899144904092
12939 11038812 0.5960259714021627 0.0056943836473084325 0.27432 -2.269138511209445 1.2112899144904092
12940 11038812 0.6113952855538781 0.005890560190806041 0.27432 -2.269138511209445 1.2112899144904092
12941 11038812 0.6267645997055935 0.006086736734303648 0.27432 -2.269138511209445 1.2112899144904092
12942 11038812 0.6421339138573088 0.0062829132778012544 0.27432 -2.269138511209445 1.2112899144904092
12943 11038812 0.6665681571182543 0.004958062640983571 0.27432 -2.269138511209445 1.2112899144904092
12944 11038812 0.6759062338841872 0.005450596027138714 0.27432 -2.269138511209445 1.2112899144904092
12945 11038812 0.6852443106501201 0.005943129413293858 0.27432 -2.269138511209445 1.2112899144904092
12946 11038812 0.6945823874160529 0.006435662799449003 0.27432 -2.269138511209445 1.2112899144904092
12947 11038812 0.7093472282355093 0.0016112702713357574 0.27432 -2.269138511209445 1.2112899144904092
12948 11038812 0.7159666266255409 0.005289766763848097 0.27432 -2.269138511209445 1.2112899144904092
12949 11038812 0.7238565467026636 0.0063334111112767775 0.27432 -2.269138511209445 1.2112899144904092
12950 11038812 0.7286711676668782 0.0047602562534747725 0.27432 -2.269138511209445 1.2112899144904092
