8441 10561439 0.7764236753345211 0.0021933102798283705 0.42672 4.074525223500135 -0.5794385847190122
8442 10561439 0.7546780433661722 0.002038289678150828 0.42672 4.074525223500135 -0.5794385847190122
8443 10561439 0.7329324113978233 0.0018832690764732849 0.42672 4.074525223500135 -0.5794385847190122
8444 10561439 0.7111867794294743 0.0017282484747957422 0.42672 4.074525223500135 -0.5794385847190122
8445 10561439 0.6894411474611254 0.0015732278731181992 0.42672 4.074525223500135 -0.5794385847190122
8446 10561439 0.6465564161107342 0.002150913347165835 0.44196 4.074525223500135 -0.5794385847190122
8447 10561439 0.6036716847603429 0.002728598821213471 0.4572000000000001 4.074525223500135 -0.5794385847190122
8448 10561439 0.5674931658730038 0.0014074171514597206 0.4572000000000001 4.074525223500135 -0.5794385847190122
8449 10561439 0.5313146469856648 8.623548170597073e-05 0.4572000000000001 4.074525223500135 -0.5794385847190122
8450 10561439 0.4989920678339045 0.0024121267285517538 0.4572000000000001 4.074525223500135 -0.5794385847190122
8451 10561439 0.4666694886821443 0.0047380179753975385 0.4572000000000001 4.074525223500135 -0.5794385847190122
8452 10561439 0.4423706097215932 0.0037606589473526686 0.4572000000000001 4.074525223500135 -0.5794385847190122
8453 10561439 0.4180717307610421 0.0027832999193077995 0.4572000000000001 4.074525223500135 -0.5794385847190122
8454 10561439 0.3937728518004909 0.0018059408912629304 0.4572000000000001 4.074525223500135 -0.5794385847190122
8455 10561439 0.3168457191016072 0.005565851785575282 0.48768 4.074525223500135 -0.5794385847190122
8456 10561439 0.2895989616044943 0.00372194226662953 0.48768 4.074525223500135 -0.5794385847190122
8457 10561439 0.2552554744665758 0.0032627813472039524 0.48768 4.074525223500135 -0.5794385847190122
8458 10561439 0.20784046100316125 0.0035708877587543875 0.48768 4.074525223500135 -0.5794385847190122
8459 10561439 0.1722932070234614 0.003505505571986367 0.48768 4.074525223500135 -0.5794385847190122
8460 10561439 0.12727259604406027 0.0016295934361214848 0.48768 4.074525223500135 -0.5794385847190122
8461 10561439 0.11068083703522792 0.0024959423584713647 0.50292 4.074525223500135 -0.5794385847190122
8462 10561439 0.09408907802639556 0.003362291280821245 0.5181600000000001 4.074525223500135 -0.5794385847190122
8463 10561439 0.060741983910512436 0.0018773452013997052 0.5181600000000001 4.074525223500135 -0.5794385847190122
8464 10561439 0.024165673823503764 0.005186570774042386 0.5181600000000001 4.074525223500135 -0.5794385847190122
8465 10561439 -0.010672415567815952 0.003488269084136797 0.5181600000000001 4.074525223500135 -0.5794385847190122
8466 10561439 -0.05727266416899868 0.004933660968266168 0.5181600000000001 4.074525223500135 -0.5794385847190122
8467 10561439 -0.0821559840407422 0.0048888041323969225 0.5181600000000001 4.074525223500135 -0.5794385847190122
8468 10561439 -0.11579712803039245 0.007940309920704797 0.54864 4.074525223500135 -0.5794385847190122
8469 10561439 -0.16400239263749805 0.009910980862425395 0.54864 4.074525223500135 -0.5794385847190122
8470 10561439 -0.1913103715036576 0.010600665190738991 0.54864 4.074525223500135 -0.5794385847190122
8471 10561439 -0.21861835036981714 0.011290349519052584 0.54864 4.074525223500135 -0.5794385847190122
8472 10561439 -0.25601254839966825 0.011012839637152856 0.54864 4.074525223500135 -0.5794385847190122
8473 10561439 -0.2903310789881066 0.013351901164403518 0.54864 4.074525223500135 -0.5794385847190122
8474 10561439 -0.3240975593553461 0.017379976166537664 0.57912 4.074525223500135 -0.5794385847190122
8475 10561439 -0.3597578071468117 0.01969063121515349 0.57912 4.074525223500135 -0.5794385847190122
8476 10561439 -0.399999250999036 0.016138613391735033 0.57912 4.074525223500135 -0.5794385847190122
8477 10561439 -0.4363327875478069 0.02182421591120373 0.57912 4.074525223500135 -0.5794385847190122
8478 10561439 -0.4900432322529109 0.02326000870526804 0.57912 4.074525223500135 -0.5794385847190122
8479 10561439 -0.5131237617822413 0.02601534692187593 0.57912 4.074525223500135 -0.5794385847190122
8480 10561439 -0.5473477252129624 0.03136234275992408 0.6096 4.074525223500135 -0.5794385847190122
8481 10561439 -0.5741857667078119 0.03213343610648864 0.6096 4.074525223500135 -0.5794385847190122
8482 10561439 -0.6010238082026613 0.032904529453053194 0.6096 4.074525223500135 -0.5794385847190122
8483 10561439 -0.6499805616364328 0.04073202542286597 0.6096 4.074525223500135 -0.5794385847190122
8484 10561439 -0.6719770082025955 0.04395130786586275 0.6248400000000001 4.074525223500135 -0.5794385847190122
8485 10561439 -0.6939734547687582 0.04717059030885954 0.6400800000000001 4.074525223500135 -0.5794385847190122
8486 10561439 -0.7450249723381419 0.047505211107648736 0.6400800000000001 4.074525223500135 -0.5794385847190122
8487 10561439 -0.7827045421902499 0.0490761057988108 0.6400800000000001 4.074525223500135 -0.5794385847190122
8488 10561439 -0.8130242195353319 0.04870808844563665 0.6400800000000001 4.074525223500135 -0.5794385847190122
8489 10561439 -0.8445605091248078 0.04733596509260898 0.6400800000000001 4.074525223500135 -0.5794385847190122
8490 10561439 -0.8907217645679579 0.041983340810972415 0.67056 4.074525223500135 -0.5794385847190122
8491 10561439 -0.9210605562447588 0.0344950305403848 0.67056 4.074525223500135 -0.5794385847190122
8492 10561439 -0.9555289479584428 0.025786757802806787 0.67056 4.074525223500135 -0.5794385847190122
8493 10561439 -0.9653730206077392 0.020943986711195656 0.67056 4.074525223500135 -0.5794385847190122
8494 10561439 -0.9752170932570354 0.016101215619584525 0.67056 4.074525223500135 -0.5794385847190122
8495 10561439 -1.0035457514331048 0.0011794156008906045 0.7010400000000001 4.074525223500135 -0.5794385847190122
8496 10561439 -1.0468086432681272 -0.02790312479288584 0.7010400000000001 4.074525223500135 -0.5794385847190122
8497 10561439 -1.074894417894591 -0.062182093648522035 0.7010400000000001 4.074525223500135 -0.5794385847190122
8498 10561439 -1.0880443265033088 -0.0806650896864011 0.7010400000000001 4.074525223500135 -0.5794385847190122
8499 10561439 -1.1150346154628354 -0.13060773739832468 0.7010400000000001 4.074525223500135 -0.5794385847190122
8500 10561439 -1.1197976539789594 -0.1451735805398471 0.7010400000000001 4.074525223500135 -0.5794385847190122
8501 10561439 -1.1403339418487264 -0.20797558141382505 0.7010400000000001 4.074525223500135 -0.5794385847190122
8502 10561439 -1.1465638765387858 -0.2433258821125808 0.7010400000000001 4.074525223500135 -0.5794385847190122
8503 10561439 -1.1478926134526275 -0.2962853691511188 0.7010400000000001 4.074525223500135 -0.5794385847190122
8504 10561439 -1.1493246841844968 -0.3495615366002043 0.73152 4.074525223500135 -0.5794385847190122
8505 10561439 -1.150394209968687 -0.39629658554817937 0.73152 4.074525223500135 -0.5794385847190122
8506 10561439 -1.1484222206988657 -0.41878966506723975 0.73152 4.074525223500135 -0.5794385847190122
8507 10561439 -1.1464502314290443 -0.4412827445863001 0.73152 4.074525223500135 -0.5794385847190122
8508 10561439 -1.1376737246326922 -0.49322346146581203 0.73152 4.074525223500135 -0.5794385847190122
8509 10561439 -1.1339795746694168 -0.5362584531684349 0.73152 4.074525223500135 -0.5794385847190122
8510 10561439 -1.1151921162519047 -0.6119185427558091 0.73152 4.074525223500135 -0.5794385847190122
8511 10561439 -1.0975095644523585 -0.6583588905108737 0.73152 4.074525223500135 -0.5794385847190122
8512 10561439 -1.0755034668341406 -0.7051612480713426 0.73152 4.074525223500135 -0.5794385847190122
8513 10561439 -1.0657862089282486 -0.724344823631485 0.762 4.074525223500135 -0.5794385847190122
8514 10561439 -1.022526489776473 -0.7919992704751554 0.762 4.074525223500135 -0.5794385847190122
8515 10561439 -0.9779262324244572 -0.8387108284778438 0.762 4.074525223500135 -0.5794385847190122
8516 10561439 -0.935424845055967 -0.8744543518732736 0.762 4.074525223500135 -0.5794385847190122
8517 10561439 -0.9052163653328176 -0.8975327569857477 0.762 4.074525223500135 -0.5794385847190122
8518 10561439 -0.8750078856096684 -0.920611162098222 0.762 4.074525223500135 -0.5794385847190122
8519 10561439 -0.8262932872215745 -0.9482205371425132 0.762 4.074525223500135 -0.5794385847190122
8520 10561439 -0.7896961060037215 -0.9710502970331244 0.762 4.074525223500135 -0.5794385847190122
8521 10561439 -0.7259903526769442 -0.9973674918678852 0.762 4.074525223500135 -0.5794385847190122
8522 10561439 -0.6685426964080672 -1.0200026228385115 0.762 4.074525223500135 -0.5794385847190122
8523 10561439 -0.5903587829318129 -1.0417046884317058 0.762 4.074525223500135 -0.5794385847190122
8524 10561439 -0.5457366123298248 -1.0562907925823828 0.762 4.074525223500135 -0.5794385847190122
8525 10561439 -0.4772341248698753 -1.067933822538577 0.762 4.074525223500135 -0.5794385847190122
8526 10561439 -0.417448723583618 -1.0806991919036046 0.762 4.074525223500135 -0.5794385847190122
8527 10561439 -0.35094132824084623 -1.091922528034079 0.762 4.074525223500135 -0.5794385847190122
8528 10561439 -0.30897200904379696 -1.098045857376372 0.762 4.074525223500135 -0.5794385847190122
8529 10561439 -0.2670026898467477 -1.1041691867186652 0.762 4.074525223500135 -0.5794385847190122
8530 10561439 -0.2105836314946876 -1.1109256726300452 0.762 4.074525223500135 -0.5794385847190122
8531 10561439 -0.15379425610873754 -1.113830539601406 0.762 4.074525223500135 -0.5794385847190122
8532 10561439 -0.09355322890140216 -1.1170452077325226 0.762 4.074525223500135 -0.5794385847190122
8533 10561439 -0.03893024863473316 -1.1184234078638189 0.762 4.074525223500135 -0.5794385847190122
8534 10561439 0.019062714630878164 -1.1217203085599898 0.762 4.074525223500135 -0.5794385847190122
8535 10561439 0.08101208308296902 -1.125141370247028 0.762 4.074525223500135 -0.5794385847190122
8536 10561439 0.14711557431225752 -1.1253630913938637 0.762 4.074525223500135 -0.5794385847190122
8537 10561439 0.20617412830430595 -1.1294740739938167 0.762 4.074525223500135 -0.5794385847190122
8538 10561439 0.27787678206440314 -1.1261502216360435 0.762 4.074525223500135 -0.5794385847190122
8539 10561439 0.3480271138481884 -1.1275757312388972 0.762 4.074525223500135 -0.5794385847190122
8540 10561439 0.4063769303282483 -1.1284160815209994 0.73152 4.074525223500135 -0.5794385847190122
8541 10561439 0.4617922767634819 -1.127362598566528 0.73152 4.074525223500135 -0.5794385847190122
8542 10561439 0.5195965175537434 -1.121715223199761 0.762 4.074525223500135 -0.5794385847190122
8543 10561439 0.5771433665971795 -1.1222919547247174 0.762 4.074525223500135 -0.5794385847190122
8544 10561439 0.6331019868343755 -1.1152230053457926 0.762 4.074525223500135 -0.5794385847190122
8545 10561439 0.6876784313680131 -1.115646261735967 0.762 4.074525223500135 -0.5794385847190122
8546 10561439 0.7442749747776658 -1.1136916265154342 0.762 4.074525223500135 -0.5794385847190122
8547 10561439 0.8017629929053021 -1.1155325655277888 0.762 4.074525223500135 -0.5794385847190122
8548 10561439 0.8542167144778132 -1.1170135648307942 0.762 4.074525223500135 -0.5794385847190122
8549 10561439 0.8833654174013332 -1.121044841218273 0.762 4.074525223500135 -0.5794385847190122
8550 10561439 0.9125141203248532 -1.1250761176057518 0.762 4.074525223500135 -0.5794385847190122
8551 10561439 0.9970287973474166 -1.1311880613502336 0.762 4.074525223500135 -0.5794385847190122
8552 10561439 1.0517032790218952 -1.1378324006198866 0.762 4.074525223500135 -0.5794385847190122
8553 10561439 1.1175256739525647 -1.1429774207060388 0.762 4.074525223500135 -0.5794385847190122
8554 10561439 1.1649989758673192 -1.1485537926381608 0.762 4.074525223500135 -0.5794385847190122
8555 10561439 1.2138954417773469 -1.15249187855209 0.73152 4.074525223500135 -0.5794385847190122
8556 10561439 1.2739962285876336 -1.1561171661543608 0.73152 4.074525223500135 -0.5794385847190122
8557 10561439 1.3164940660408826 -1.1592497425937194 0.73152 4.074525223500135 -0.5794385847190122
8558 10561439 1.3601832868816346 -1.1641730483807666 0.73152 4.074525223500135 -0.5794385847190122
8559 10561439 1.4088161928353695 -1.1675564789636423 0.73152 4.074525223500135 -0.5794385847190122
8560 10561439 1.4764253131510694 -1.1753846230738076 0.73152 4.074525223500135 -0.5794385847190122
8561 10561439 1.5215499673807134 -1.1772711088661036 0.73152 4.074525223500135 -0.5794385847190122
8562 10561439 1.5657545368484194 -1.1830624121334408 0.73152 4.074525223500135 -0.5794385847190122
8563 10561439 1.5918204105263731 -1.1837477114648511 0.73152 4.074525223500135 -0.5794385847190122
8564 10561439 1.625882343959664 -1.184152746152695 0.73152 4.074525223500135 -0.5794385847190122
8565 10561439 1.6599442773929551 -1.184557780840539 0.73152 4.074525223500135 -0.5794385847190122
8566 10561439 1.7049442796826109 -1.1881838418036463 0.73152 4.074525223500135 -0.5794385847190122
8567 10561439 1.7499442819722668 -1.1918099027667537 0.73152 4.074525223500135 -0.5794385847190122
8568 10561439 1.8000353455650782 -1.1918118707059142 0.73152 4.074525223500135 -0.5794385847190122
8569 10561439 1.8229704778777256 -1.192291815150465 0.73152 4.074525223500135 -0.5794385847190122
8570 10561439 1.8931632964869536 -1.1938338054640032 0.73152 4.074525223500135 -0.5794385847190122
8571 10561439 1.9251926313800067 -1.193661510948731 0.73152 4.074525223500135 -0.5794385847190122
8572 10561439 1.9657893541685747 -1.191730512449756 0.73152 4.074525223500135 -0.5794385847190122
8573 10561439 2.0069226419582096 -1.1935958884250992 0.73152 4.074525223500135 -0.5794385847190122
8574 10561439 2.039387589990989 -1.1934485371055583 0.73152 4.074525223500135 -0.5794385847190122
8575 10561439 2.106269640289685 -1.1885339649776814 0.73152 4.074525223500135 -0.5794385847190122
8576 10561439 2.147190968339067 -1.180166201170104 0.7010400000000001 4.074525223500135 -0.5794385847190122
8577 10561439 2.1695546128816723 -1.176953999112761 0.7010400000000001 4.074525223500135 -0.5794385847190122
8578 10561439 2.203535765329804 -1.1721610113803698 0.7010400000000001 4.074525223500135 -0.5794385847190122
8579 10561439 2.2735114492289656 -1.1509660814489189 0.7010400000000001 4.074525223500135 -0.5794385847190122
8580 10561439 2.3086934338009257 -1.1316120781843078 0.7010400000000001 4.074525223500135 -0.5794385847190122
8581 10561439 2.321861724226376 -1.125280692715495 0.7010400000000001 4.074525223500135 -0.5794385847190122
8582 10561439 2.3468083571008616 -1.1066736639232329 0.7010400000000001 4.074525223500135 -0.5794385847190122
8583 10561439 2.3717549899753467 -1.0880666351309711 0.7010400000000001 4.074525223500135 -0.5794385847190122
8584 10561439 2.394494429724062 -1.068738979526981 0.67056 4.074525223500135 -0.5794385847190122
8585 10561439 2.430467953539348 -1.0279150314872607 0.67056 4.074525223500135 -0.5794385847190122
8586 10561439 2.449014524364413 -1.0010272064040375 0.67056 4.074525223500135 -0.5794385847190122
8587 10561439 2.4657637962545134 -0.9687631329349624 0.67056 4.074525223500135 -0.5794385847190122
8588 10561439 2.478514947982388 -0.9297034517489916 0.67056 4.074525223500135 -0.5794385847190122
8589 10561439 2.4933488949306755 -0.8978654604880253 0.67056 4.074525223500135 -0.5794385847190122
8590 10561439 2.501009472931159 -0.8771196701221031 0.67056 4.074525223500135 -0.5794385847190122
8591 10561439 2.5090733595321675 -0.8333757494050752 0.67056 4.074525223500135 -0.5794385847190122
8592 10561439 2.521937794791862 -0.7966893833356093 0.67056 4.074525223500135 -0.5794385847190122
8593 10561439 2.526314270578027 -0.7642411213322994 0.67056 4.074525223500135 -0.5794385847190122
8594 10561439 2.5364313663765 -0.7196488389693142 0.6400800000000001 4.074525223500135 -0.5794385847190122
8595 10561439 2.5420044540349918 -0.6998570140030433 0.6400800000000001 4.074525223500135 -0.5794385847190122
8596 10561439 2.5419893948104724 -0.6672600851698912 0.6400800000000001 4.074525223500135 -0.5794385847190122
8597 10561439 2.548064609852464 -0.6323291138031085 0.6400800000000001 4.074525223500135 -0.5794385847190122
8598 10561439 2.554277724304024 -0.5969758857189121 0.6400800000000001 4.074525223500135 -0.5794385847190122
8599 10561439 2.554332797771191 -0.5625327395916456 0.6400800000000001 4.074525223500135 -0.5794385847190122
8600 10561439 2.55957023158182 -0.529080506776929 0.6400800000000001 4.074525223500135 -0.5794385847190122
8601 10561439 2.5595112540212988 -0.4938991945710075 0.6400800000000001 4.074525223500135 -0.5794385847190122
8602 10561439 2.5640457303049757 -0.4664087854401807 0.6400800000000001 4.074525223500135 -0.5794385847190122
8603 10561439 2.564715505605527 -0.4398762187848712 0.6248400000000001 4.074525223500135 -0.5794385847190122
8604 10561439 2.5653852809060784 -0.4133436521295616 0.6096 4.074525223500135 -0.5794385847190122
8605 10561439 2.5680024619332347 -0.3713259951495893 0.6096 4.074525223500135 -0.5794385847190122
8606 10561439 2.571564842505074 -0.3400136742220752 0.6096 4.074525223500135 -0.5794385847190122
8607 10561439 2.572111836772506 -0.3084178245082564 0.6096 4.074525223500135 -0.5794385847190122
8608 10561439 2.5692520367790586 -0.2790974615511199 0.6096 4.074525223500135 -0.5794385847190122
8609 10561439 2.5701536188448264 -0.2491359765351762 0.6096 4.074525223500135 -0.5794385847190122
8610 10561439 2.5647857705194346 -0.21525859082495194 0.6096 4.074525223500135 -0.5794385847190122
8611 10561439 2.554770465062255 -0.18745705772279436 0.6096 4.074525223500135 -0.5794385847190122
8612 10561439 2.5416169885583235 -0.1543086553716452 0.6096 4.074525223500135 -0.5794385847190122
8613 10561439 2.5330914628726364 -0.1461515968754036 0.6096 4.074525223500135 -0.5794385847190122
8614 10561439 2.5206433570998463 -0.12199475443103905 0.6096 4.074525223500135 -0.5794385847190122
8615 10561439 2.4985025593787493 -0.1041356073886732 0.6096 4.074525223500135 -0.5794385847190122
8616 10561439 2.4771766804006488 -0.08514060103879825 0.6096 4.074525223500135 -0.5794385847190122
8617 10561439 2.4490716291586274 -0.07059079009568439 0.6096 4.074525223500135 -0.5794385847190122
8618 10561439 2.4337045398577346 -0.06598231007126049 0.6096 4.074525223500135 -0.5794385847190122
8619 10561439 2.418337450556842 -0.061373830046836574 0.6096 4.074525223500135 -0.5794385847190122
8620 10561439 2.4001225087977778 -0.05460885867279405 0.6096 4.074525223500135 -0.5794385847190122
8621 10561439 2.3782152650751 -0.048273736236327615 0.57912 4.074525223500135 -0.5794385847190122
8622 10561439 2.349587958598526 -0.04348257651108897 0.57912 4.074525223500135 -0.5794385847190122
8623 10561439 2.310669536512678 -0.03077510874251085 0.57912 4.074525223500135 -0.5794385847190122
8624 10561439 2.289424160384061 -0.02921176704566233 0.57912 4.074525223500135 -0.5794385847190122
8625 10561439 2.2698208955386225 -0.02397904395901565 0.57912 4.074525223500135 -0.5794385847190122
8626 10561439 2.243738820129196 -0.019551244953016998 0.57912 4.074525223500135 -0.5794385847190122
8627 10561439 2.2120837668834445 -0.01587362854068589 0.57912 4.074525223500135 -0.5794385847190122
8628 10561439 2.1868041302762444 -0.011707642114369449 0.57912 4.074525223500135 -0.5794385847190122
8629 10561439 2.1599444850482064 -0.004221939876524611 0.54864 4.074525223500135 -0.5794385847190122
8630 10561439 2.129834954772833 -0.003969143995367658 0.54864 4.074525223500135 -0.5794385847190122
8631 10561439 2.1186889525659134 -0.005469559687814402 0.54864 4.074525223500135 -0.5794385847190122
8632 10561439 2.081012709900068 -0.00391388794107264 0.54864 4.074525223500135 -0.5794385847190122
8633 10561439 2.0598362050521715 -0.002138728657976069 0.54864 4.074525223500135 -0.5794385847190122
8634 10561439 2.038841621635333 -0.002525692641958177 0.54864 4.074525223500135 -0.5794385847190122
8635 10561439 2.0171773986764463 -0.0012920304342554922 0.54864 4.074525223500135 -0.5794385847190122
8636 10561439 1.99551317571756 -5.8368226552807385e-05 0.54864 4.074525223500135 -0.5794385847190122
8637 10561439 1.9569315305650707 0.002260862274457265 0.54864 4.074525223500135 -0.5794385847190122
8638 10561439 1.9460392176548504 0.002897452017829857 0.54864 4.074525223500135 -0.5794385847190122
8639 10561439 1.9351469047446304 0.00353404176120245 0.54864 4.074525223500135 -0.5794385847190122
8640 10561439 1.9067674490115976 0.002288143717544128 0.5181600000000001 4.074525223500135 -0.5794385847190122
8641 10561439 1.8783190050186649 0.0008312332253200827 0.5181600000000001 5.093156529375169 -0.7242982308987653
8642 10561439 1.8574057097767935 0.0020537161317051573 0.5181600000000001 5.093156529375169 -0.7242982308987653
8643 10561439 1.8185712880236085 0.0038721096710599423 0.5181600000000001 5.093156529375169 -0.7242982308987653
8644 10561439 1.7961089456698602 0.0036146918516037907 0.5181600000000001 5.093156529375169 -0.7242982308987653
8645 10561439 1.7740471986206308 0.0024087501506896702 0.5181600000000001 5.093156529375169 -0.7242982308987653
8646 10561439 1.7488448109012744 0.0027349132698192193 0.508 5.093156529375169 -0.7242982308987653
8647 10561439 1.7236424231819176 0.003061076388948767 0.49783999999999995 5.093156529375169 -0.7242982308987653
8648 10561439 1.698440035462561 0.003387239508078316 0.48768 5.093156529375169 -0.7242982308987653
8649 10561439 1.6771598889422688 0.0048468573137614435 0.48768 5.093156529375169 -0.7242982308987653
8650 10561439 1.6331514826903453 0.0033326925285753484 0.48768 5.093156529375169 -0.7242982308987653
8651 10561439 1.6115108242235143 0.0032358404775518304 0.48768 5.093156529375169 -0.7242982308987653
8652 10561439 1.5898701657566832 0.0031389884265283128 0.48768 5.093156529375169 -0.7242982308987653
8653 10561439 1.5682295072898522 0.0030421363755047948 0.48768 5.093156529375169 -0.7242982308987653
8654 10561439 1.5482166552596306 0.0024916490794007987 0.48768 5.093156529375169 -0.7242982308987653
8655 10561439 1.5282038032294092 0.001941161783296804 0.48768 5.093156529375169 -0.7242982308987653
8656 10561439 1.5081909511991871 0.0013906744871928086 0.48768 5.093156529375169 -0.7242982308987653
8657 10561439 1.4861521035125398 0.000528554181151844 0.48768 5.093156529375169 -0.7242982308987653
8658 10561439 1.4641132558258922 -0.0003335661248891203 0.48768 5.093156529375169 -0.7242982308987653
8659 10561439 1.438167532561459 0.0028843321877019684 0.48768 5.093156529375169 -0.7242982308987653
8660 10561439 1.4112911192394997 0.0036610167789751587 0.47243999999999997 5.093156529375169 -0.7242982308987653
8661 10561439 1.3844147059175398 0.004437701370248347 0.4572000000000001 5.093156529375169 -0.7242982308987653
8662 10561439 1.3795198410539613 0.0060366195289225655 0.4572000000000001 5.093156529375169 -0.7242982308987653
8663 10561439 1.3423241916496769 0.007438947043811567 0.4572000000000001 5.093156529375169 -0.7242982308987653
8664 10561439 1.3220410627340975 0.007257210867864706 0.454429090909091 5.093156529375169 -0.7242982308987653
8665 10561439 1.301757933818518 0.007075474691917843 0.4516581818181818 5.093156529375169 -0.7242982308987653
8666 10561439 1.2814748049029383 0.006893738515970983 0.4488872727272728 5.093156529375169 -0.7242982308987653
8667 10561439 1.2611916759873592 0.006712002340024122 0.4461163636363637 5.093156529375169 -0.7242982308987653
8668 10561439 1.2409085470717796 0.006530266164077261 0.4433454545454546 5.093156529375169 -0.7242982308987653
8669 10561439 1.2206254181562002 0.0063485299881304 0.4405745454545455 5.093156529375169 -0.7242982308987653
8670 10561439 1.2003422892406206 0.0061667938121835394 0.4378036363636364 5.093156529375169 -0.7242982308987653
8671 10561439 1.1800591603250412 0.005985057636236678 0.4350327272727273 5.093156529375169 -0.7242982308987653
8672 10561439 1.1597760314094616 0.005803321460289817 0.4322618181818183 5.093156529375169 -0.7242982308987653
8673 10561439 1.139492902493882 0.005621585284342956 0.4294909090909092 5.093156529375169 -0.7242982308987653
8674 10561439 1.1192097735783026 0.005439849108396093 0.42672 5.093156529375169 -0.7242982308987653
8675 10561439 1.0923181401172577 0.0019584434496282416 0.42672 5.093156529375169 -0.7242982308987653
8676 10561439 1.0807121823739174 0.0024791395998421733 0.42672 5.093156529375169 -0.7242982308987653
8677 10561439 1.0691062246305776 0.002999835750056106 0.42672 5.093156529375169 -0.7242982308987653
8678 10561439 1.0575002668872375 0.003520531900270038 0.42672 5.093156529375169 -0.7242982308987653
8679 10561439 1.0458943091438977 0.00404122805048397 0.42672 5.093156529375169 -0.7242982308987653
8680 10561439 1.0342883514005576 0.004561924200697903 0.42672 5.093156529375169 -0.7242982308987653
