13948 10628960 2.017712025142186 0.0007529402851774725 0.4572000000000001 6.111787835250203 -0.8691578770785184
13949 10628960 1.9800701581669984 0.0024147126169507807 0.4572000000000001 6.111787835250203 -0.8691578770785184
13950 10628960 1.9407639648770991 0.0016996613039843569 0.4572000000000001 6.111787835250203 -0.8691578770785184
13951 10628960 1.8983513812913828 0.002349750970418424 0.4572000000000001 6.111787835250203 -0.8691578770785184
13952 10628960 1.8590605168581356 0.0071207271530880625 0.4572000000000001 6.111787835250203 -0.8691578770785184
13953 10628960 1.8136764227660944 0.005470725930815545 0.4572000000000001 6.111787835250203 -0.8691578770785184
13954 10628960 1.7797582036021238 0.00358093544433552 0.4572000000000001 6.111787835250203 -0.8691578770785184
13955 10628960 1.7358314364877423 0.003675044131754179 0.42672 6.111787835250203 -0.8691578770785184
13956 10628960 1.6935451698684671 0.004985939303743886 0.42672 6.111787835250203 -0.8691578770785184
13957 10628960 1.6591709513588222 0.00686710260050355 0.42672 6.111787835250203 -0.8691578770785184
13958 10628960 1.6332339572898047 0.006304293812399099 0.42672 6.111787835250203 -0.8691578770785184
13959 10628960 1.6072969632207867 0.00574148502429465 0.42672 6.111787835250203 -0.8691578770785184
13960 10628960 1.5813599691517697 0.0051786762361902 0.42672 6.111787835250203 -0.8691578770785184
13961 10628960 1.5306215766000848 0.004811856675077733 0.42672 6.111787835250203 -0.8691578770785184
13962 10628960 1.489228636764799 0.005189667870994397 0.42672 6.111787835250203 -0.8691578770785184
13963 10628960 1.4478356969295132 0.00556747906691106 0.42672 6.111787835250203 -0.8691578770785184
13964 10628960 1.4168759377349824 0.00458206453024676 0.39624 6.111787835250203 -0.8691578770785184
13965 10628960 1.3795198410539613 0.0060366195289225655 0.39624 6.111787835250203 -0.8691578770785184
13966 10628960 1.3478033204299982 0.0051818517629256405 0.39624 6.111787835250203 -0.8691578770785184
13967 10628960 1.3197554081860634 0.003596116617902378 0.39624 6.111787835250203 -0.8691578770785184
13968 10628960 1.2983151820152865 0.005926856931117358 0.39624 6.111787835250203 -0.8691578770785184
13969 10628960 1.2483441918510525 0.0051943674205642 0.39624 6.111787835250203 -0.8691578770785184
13970 10628960 1.2165598416427807 0.0057641855039678455 0.39624 6.111787835250203 -0.8691578770785184
13971 10628960 1.1938343507848503 0.00687954105588269 0.39624 6.111787835250203 -0.8691578770785184
13972 10628960 1.145235926466348 0.0021945665856439728 0.39624 6.111787835250203 -0.8691578770785184
13973 10628960 1.1245509449113995 0.002760372171618904 0.39624 6.111787835250203 -0.8691578770785184
13974 10628960 1.1038659633564514 0.0033261777575938345 0.39624 6.111787835250203 -0.8691578770785184
13975 10628960 1.0817366153594197 0.003465655268654113 0.39624 6.111787835250203 -0.8691578770785184
13976 10628960 1.0596072673623882 0.003605132779714392 0.39624 6.111787835250203 -0.8691578770785184
13977 10628960 1.0374779193653565 0.00374461029077467 0.39624 6.111787835250203 -0.8691578770785184
13978 10628960 1.015348571368325 0.003884087801834949 0.39624 6.111787835250203 -0.8691578770785184
13979 10628960 0.9932192233712934 0.004023565312895228 0.39624 6.111787835250203 -0.8691578770785184
13980 10628960 0.9710898753742618 0.004163042823955506 0.39624 6.111787835250203 -0.8691578770785184
13981 10628960 0.94896052737723 0.004302520335015784 0.39624 6.111787835250203 -0.8691578770785184
13982 10628960 0.9268311793801988 0.004441997846076063 0.39624 6.111787835250203 -0.8691578770785184
13983 10628960 0.9047018313831671 0.00458147535713634 0.39624 6.111787835250203 -0.8691578770785184
13984 10628960 0.8825724833861355 0.00472095286819662 0.39624 6.111787835250203 -0.8691578770785184
13985 10628960 0.8604431353891038 0.004860430379256897 0.39624 6.111787835250203 -0.8691578770785184
13986 10628960 0.8383137873920722 0.004999907890317177 0.39624 6.111787835250203 -0.8691578770785184
13987 10628960 0.8161844393950406 0.0051393854013774545 0.39624 6.111787835250203 -0.8691578770785184
13988 10628960 0.8024652748687595 0.0058250358931817925 0.39624 6.111787835250203 -0.8691578770785184
13989 10628960 0.7887461103424783 0.006510686384986128 0.39624 6.111787835250203 -0.8691578770785184
13990 10628960 0.7615689231194767 0.004876084430104455 0.39624 6.111787835250203 -0.8691578770785184
13991 10628960 0.7379463494958043 0.003248397857861407 0.39624 6.111787835250203 -0.8691578770785184
13992 10628960 0.7210789898889569 0.0032688570959290703 0.39624 6.111787835250203 -0.8691578770785184
13993 10628960 0.7042116302821094 0.0032893163339967326 0.39624 6.111787835250203 -0.8691578770785184
13994 10628960 0.6909932402816238 0.006323315375165117 0.39624 6.111787835250203 -0.8691578770785184
13995 10628960 0.6777495029381404 0.006561762675565561 0.39624 6.111787835250203 -0.8691578770785184
13996 10628960 0.6693503012637911 0.0066776112621402045 0.39624 6.111787835250203 -0.8691578770785184
13997 10628960 0.660951099589442 0.00679345984871485 0.39624 6.111787835250203 -0.8691578770785184
13998 10628960 0.6491351967618366 0.007324793585398212 0.39624 6.111787835250203 -0.8691578770785184
13999 10628960 0.6373192939342314 0.007856127322081574 0.39624 6.111787835250203 -0.8691578770785184
14000 10628960 0.6332233120131683 0.00510555380045645 0.39624 6.111787835250203 -0.8691578770785184
14001 10628960 0.6245946240619025 0.005062781720145432 0.39624 6.111787835250203 -0.8691578770785184
14002 10628960 0.6159659361106368 0.005020009639834414 0.39624 6.111787835250203 -0.8691578770785184
14003 10628960 0.6100729422684366 0.0060109901156795995 0.39624 6.111787835250203 -0.8691578770785184
14004 10628960 0.6069551750601506 0.007341300771924672 0.39624 6.111787835250203 -0.8691578770785184
14005 10628960 0.6038374078518647 0.008671611428169745 0.39624 6.111787835250203 -0.8691578770785184
14006 10628960 0.6007196406435787 0.01000192208441482 0.39624 6.111787835250203 -0.8691578770785184
14007 10628960 0.5980732708761116 0.012774849825687235 0.39624 6.111787835250203 -0.8691578770785184
14008 10628960 0.5954269011086445 0.015547777566959657 0.39624 6.111787835250203 -0.8691578770785184
14009 10628960 0.5927805313411774 0.018320705308232068 0.39624 6.111787835250203 -0.8691578770785184
14010 10628960 0.5887764934450669 0.022374544216836045 0.39624 6.111787835250203 -0.8691578770785184
14011 10628960 0.5847724555489564 0.02642838312544002 0.39624 6.111787835250203 -0.8691578770785184
14012 10628960 0.5851082733265758 0.03017397262045284 0.39624 6.111787835250203 -0.8691578770785184
14013 10628960 0.5854146789681824 0.03437311985988013 0.39624 6.111787835250203 -0.8691578770785184
14014 10628960 0.5857210846097892 0.03857226709930744 0.39624 6.111787835250203 -0.8691578770785184
14015 10628960 0.5860274902513959 0.042771414338734735 0.39624 6.111787835250203 -0.8691578770785184
14016 10628960 0.5863338958930027 0.04697056157816204 0.39624 6.111787835250203 -0.8691578770785184
14017 10628960 0.5866403015346093 0.05116970881758934 0.39624 6.111787835250203 -0.8691578770785184
14018 10628960 0.5854143824908842 0.055571660472715945 0.39624 6.111787835250203 -0.8691578770785184
14019 10628960 0.5841884634471589 0.05997361212784255 0.39624 6.111787835250203 -0.8691578770785184
14020 10628960 0.5829625444034336 0.06437556378296913 0.39624 6.111787835250203 -0.8691578770785184
14021 10628960 0.5817366253597085 0.06877751543809575 0.39624 6.111787835250203 -0.8691578770785184
14022 10628960 0.5817918136955205 0.06894640652741321 0.39624 6.111787835250203 -0.8691578770785184
14023 10628960 0.5818470020313324 0.06911529761673067 0.39624 6.111787835250203 -0.8691578770785184
14024 10628960 0.5819021903671443 0.06928418870604812 0.39624 6.111787835250203 -0.8691578770785184
14025 10628960 0.5819573787029563 0.0694530797953656 0.39624 6.111787835250203 -0.8691578770785184
14026 10628960 0.5820125670387682 0.06962197088468305 0.39624 6.111787835250203 -0.8691578770785184
14027 10628960 0.5820677553745802 0.06979086197400051 0.39624 6.111787835250203 -0.8691578770785184
14028 10628960 0.5821229437103922 0.06995975306331798 0.39624 6.111787835250203 -0.8691578770785184
14029 10628960 0.5821781320462039 0.07012864415263544 0.39624 6.111787835250203 -0.8691578770785184
14030 10628960 0.582233320382016 0.0702975352419529 0.39624 6.111787835250203 -0.8691578770785184
14031 10628960 0.582288508717828 0.07046642633127036 0.39624 6.111787835250203 -0.8691578770785184
14032 10628960 0.5822997672735211 0.07069501274511214 0.39624 6.111787835250203 -0.8691578770785184
14033 10628960 0.5823110258292142 0.07092359915895392 0.39624 6.111787835250203 -0.8691578770785184
14034 10628960 0.5823222843849073 0.07115218557279569 0.39624 6.111787835250203 -0.8691578770785184
14035 10628960 0.5823335429406004 0.07138077198663748 0.39624 6.111787835250203 -0.8691578770785184
14036 10628960 0.5823448014962935 0.07160935840047926 0.39624 6.111787835250203 -0.8691578770785184
14037 10628960 0.5823560600519866 0.07183794481432104 0.39624 6.111787835250203 -0.8691578770785184
14038 10628960 0.5823673186076797 0.07206653122816281 0.39624 6.111787835250203 -0.8691578770785184
14039 10628960 0.5823785771633728 0.0722951176420046 0.39624 6.111787835250203 -0.8691578770785184
14040 10628960 0.5823898357190659 0.07252370405584638 0.39624 6.111787835250203 -0.8691578770785184
14041 10628960 0.5824010942747591 0.07275229046968816 0.39624 6.111787835250203 -0.8691578770785184
14042 10628960 0.5824123528304521 0.07298087688352993 0.39624 6.111787835250203 -0.8691578770785184
14043 10628960 0.5824236113861452 0.07320946329737171 0.39624 6.111787835250203 -0.8691578770785184
14044 10628960 0.5824348699418382 0.0734380497112135 0.39624 6.111787835250203 -0.8691578770785184
14045 10628960 0.5824461284975314 0.07366663612505528 0.39624 6.111787835250203 -0.8691578770785184
14046 10628960 0.5824573870532245 0.07389522253889705 0.39624 6.111787835250203 -0.8691578770785184
14047 10628960 0.5824686456089175 0.07412380895273883 0.39624 6.111787835250203 -0.8691578770785184
14048 10628960 0.5824799041646107 0.07435239536658061 0.39624 6.111787835250203 -0.8691578770785184
14049 10628960 0.5824911627203038 0.0745809817804224 0.39624 6.111787835250203 -0.8691578770785184
14050 10628960 0.5825024212759968 0.07480956819426418 0.39624 6.111787835250203 -0.8691578770785184
14051 10628960 0.58251367983169 0.07503815460810595 0.39624 6.111787835250203 -0.8691578770785184
14052 10628960 0.5825249383873831 0.07526674102194772 0.39624 6.111787835250203 -0.8691578770785184
14053 10628960 0.5825361969430761 0.07549532743578953 0.39624 6.111787835250203 -0.8691578770785184
14054 10628960 0.5825474554987693 0.07572391384963129 0.39624 6.111787835250203 -0.8691578770785184
14055 10628960 0.5825587140544624 0.07595250026347307 0.39624 6.111787835250203 -0.8691578770785184
14056 10628960 0.5825699726101554 0.07618108667731485 0.39624 6.111787835250203 -0.8691578770785184
14057 10628960 0.5825812311658486 0.07640967309115664 0.39624 6.111787835250203 -0.8691578770785184
14058 10628960 0.5825924897215417 0.07663825950499842 0.39624 6.111787835250203 -0.8691578770785184
14059 10628960 0.5826037482772347 0.07686684591884019 0.39624 6.111787835250203 -0.8691578770785184
14060 10628960 0.5826150068329279 0.07709543233268197 0.39624 6.111787835250203 -0.8691578770785184
14061 10628960 0.582626265388621 0.07732401874652375 0.39624 6.111787835250203 -0.8691578770785184
14062 10628960 0.582637523944314 0.07755260516036554 0.39624 6.111787835250203 -0.8691578770785184
14063 10628960 0.5826487825000072 0.0777811915742073 0.39624 6.111787835250203 -0.8691578770785184
14064 10628960 0.5826600410557002 0.07800977798804909 0.39624 6.111787835250203 -0.8691578770785184
14065 10628960 0.5826712996113933 0.07823836440189087 0.39624 6.111787835250203 -0.8691578770785184
14066 10628960 0.5826825581670865 0.07846695081573266 0.39624 6.111787835250203 -0.8691578770785184
14067 10628960 0.5826938167227795 0.07869553722957442 0.39624 6.111787835250203 -0.8691578770785184
14068 10628960 0.5827050752784726 0.07892412364341621 0.39624 6.111787835250203 -0.8691578770785184
14069 10628960 0.5827163338341658 0.07915271005725799 0.39624 6.111787835250203 -0.8691578770785184
14070 10628960 0.5827275923898588 0.07938129647109977 0.39624 6.111787835250203 -0.8691578770785184
14071 10628960 0.5827388509455519 0.07960988288494156 0.39624 6.111787835250203 -0.8691578770785184
14072 10628960 0.5827501095012451 0.07983846929878333 0.39624 6.111787835250203 -0.8691578770785184
14073 10628960 0.5827613680569381 0.08006705571262511 0.39624 6.111787835250203 -0.8691578770785184
14074 10628960 0.5827726266126312 0.08029564212646689 0.39624 6.111787835250203 -0.8691578770785184
14075 10628960 0.5827838851683244 0.08052422854030866 0.39624 6.111787835250203 -0.8691578770785184
14076 10628960 0.5827951437240174 0.08075281495415045 0.39624 6.111787835250203 -0.8691578770785184
14077 10628960 0.5828064022797105 0.08098140136799223 0.39624 6.111787835250203 -0.8691578770785184
14078 10628960 0.5828176608354037 0.08120998778183401 0.39624 6.111787835250203 -0.8691578770785184
14079 10628960 0.5828289193910967 0.0814385741956758 0.39624 6.111787835250203 -0.8691578770785184
14080 10628960 0.5828401779467898 0.08166716060951756 0.39624 6.111787835250203 -0.8691578770785184
14081 10628960 0.582851436502483 0.08189574702335935 0.39624 6.111787835250203 -0.8691578770785184
14082 10628960 0.582862695058176 0.08212433343720113 0.39624 6.111787835250203 -0.8691578770785184
14083 10628960 0.5828739536138691 0.08235291985104291 0.39624 6.111787835250203 -0.8691578770785184
14084 10628960 0.5828852121695622 0.08258150626488467 0.39624 6.111787835250203 -0.8691578770785184
14085 10628960 0.5828964707252553 0.08281009267872648 0.39624 6.111787835250203 -0.8691578770785184
14086 10628960 0.5829077292809484 0.08303867909256825 0.39624 6.111787835250203 -0.8691578770785184
14087 10628960 0.5829189878366415 0.08326726550641002 0.39624 6.111787835250203 -0.8691578770785184
14088 10628960 0.5829302463923346 0.0834958519202518 0.39624 6.111787835250203 -0.8691578770785184
14089 10628960 0.5829415049480277 0.08372443833409357 0.39624 6.111787835250203 -0.8691578770785184
14090 10628960 0.5829527635037208 0.08395302474793538 0.39624 6.111787835250203 -0.8691578770785184
14091 10628960 0.5829640220594139 0.08418161116177715 0.39624 6.111787835250203 -0.8691578770785184
14115 10628960 0.5832342273960482 0.08966768509397986 0.39624 6.111787835250203 -0.8691578770785184
14116 10628960 0.5838895902766711 0.0916732663957646 0.39624 6.111787835250203 -0.8691578770785184
14117 10628960 0.5827526272011184 0.09399192702657004 0.39624 6.111787835250203 -0.8691578770785184
14118 10628960 0.5816156641255658 0.09631058765737543 0.39624 6.111787835250203 -0.8691578770785184
14119 10628960 0.5804787010500132 0.09862924828818086 0.39624 6.111787835250203 -0.8691578770785184
14120 10628960 0.5819963869203401 0.1032737513133531 0.39624 6.111787835250203 -0.8691578770785184
14121 10628960 0.5832036370576075 0.10696824239265057 0.39624 6.111787835250203 -0.8691578770785184
14122 10628960 0.5844108871948749 0.11066273347194806 0.39624 6.111787835250203 -0.8691578770785184
14123 10628960 0.5859975588179528 0.11551835036817837 0.39624 6.111787835250203 -0.8691578770785184
14124 10628960 0.5819306016376047 0.11965118848588607 0.39624 6.111787835250203 -0.8691578770785184
14125 10628960 0.5842416283019823 0.1267234985442172 0.39624 6.111787835250203 -0.8691578770785184
14126 10628960 0.5793468484711819 0.1283229731065823 0.39624 6.111787835250203 -0.8691578770785184
14127 10628960 0.5815438693574957 0.13613350628988266 0.39624 6.111787835250203 -0.8691578770785184
14128 10628960 0.5831305480139379 0.14098912108388667 0.39624 6.111787835250203 -0.8691578770785184
14129 10628960 0.5856590692010746 0.1476398757143077 0.39624 6.111787835250203 -0.8691578770785184
14130 10628960 0.58105368107997 0.15229915070018324 0.39624 6.111787835250203 -0.8691578770785184
14131 10628960 0.5836969418121151 0.15902923965539328 0.39624 6.111787835250203 -0.8691578770785184
14132 10628960 0.5794702630538354 0.1640320799713083 0.39624 6.111787835250203 -0.8691578770785184
14133 10628960 0.5804691117158393 0.16545810646482828 0.39624 6.111787835250203 -0.8691578770785184
14134 10628960 0.5810914419176445 0.16899324948167715 0.39624 6.111787835250203 -0.8691578770785184
14135 10628960 0.5823669621916506 0.1720812908253812 0.39624 6.111787835250203 -0.8691578770785184
14136 10628960 0.5836424824656568 0.17516933216908528 0.39624 6.111787835250203 -0.8691578770785184
14137 10628960 0.584333799685895 0.1789155886251394 0.39624 6.111787835250203 -0.8691578770785184
14138 10628960 0.5851946746988184 0.17991938827666304 0.39624 6.111787835250203 -0.8691578770785184
14139 10628960 0.5915613659360663 0.18309619578758396 0.39624 6.111787835250203 -0.8691578770785184
14140 10628960 0.5923674159733306 0.18692178861064807 0.39624 6.111787835250203 -0.8691578770785184
14141 10628960 0.5931825411233811 0.1880573666872244 0.39624 6.111787835250203 -0.8691578770785184
14142 10628960 0.5939196052624435 0.1916718457944151 0.39624 6.111787835250203 -0.8691578770785184
14143 10628960 0.5999046828495183 0.19123485489284373 0.39624 6.111787835250203 -0.8691578770785184
14144 10628960 0.6004450733809248 0.1928885789468919 0.39624 6.111787835250203 -0.8691578770785184
14145 10628960 0.6009854639123313 0.19454230300094008 0.39624 6.111787835250203 -0.8691578770785184
14146 10628960 0.6015258544437379 0.19619602705498826 0.39624 6.111787835250203 -0.8691578770785184
14147 10628960 0.6037490166556727 0.1947101777723025 0.39624 6.111787835250203 -0.8691578770785184
14148 10628960 0.6059721788676076 0.19322432848961685 0.39624 6.111787835250203 -0.8691578770785184
14149 10628960 0.6073443444812627 0.19410778597623693 0.39624 6.111787835250203 -0.8691578770785184
14150 10628960 0.6087165100949179 0.194991243462857 0.39624 6.111787835250203 -0.8691578770785184
14151 10628960 0.6100886757085731 0.19587470094947712 0.39624 6.111787835250203 -0.8691578770785184
14152 10628960 0.6114608413222282 0.1967581584360972 0.39624 6.111787835250203 -0.8691578770785184
14153 10628960 0.6128330069358834 0.19764161592271728 0.39624 6.111787835250203 -0.8691578770785184
14154 10628960 0.6076623329009518 0.19839661556765487 0.39624 6.111787835250203 -0.8691578770785184
14155 10628960 0.6102388654508173 0.1977883374741745 0.39624 6.111787835250203 -0.8691578770785184
14156 10628960 0.6128153980006827 0.19718005938069413 0.39624 6.111787835250203 -0.8691578770785184
14157 10628960 0.6153919305505483 0.19657178128721373 0.39624 6.111787835250203 -0.8691578770785184
14158 10628960 0.6179684631004138 0.19596350319373332 0.39624 6.111787835250203 -0.8691578770785184
14159 10628960 0.6194997667301676 0.1965729874252924 0.39624 6.111787835250203 -0.8691578770785184
14160 10628960 0.6210310703599214 0.19718247165685135 0.39624 6.111787835250203 -0.8691578770785184
14161 10628960 0.6225623739896753 0.1977919558884104 0.39624 6.111787835250203 -0.8691578770785184
14162 10628960 0.6240936776194291 0.19840144011996946 0.39624 6.111787835250203 -0.8691578770785184
14163 10628960 0.6263048620440517 0.1963353731080935 0.39624 6.111787835250203 -0.8691578770785184
14164 10628960 0.6285160464686743 0.1942693060962176 0.39624 6.111787835250203 -0.8691578770785184
14165 10628960 0.630727230893297 0.19220323908434164 0.39624 6.111787835250203 -0.8691578770785184
14166 10628960 0.6329384153179195 0.19013717207246567 0.39624 6.111787835250203 -0.8691578770785184
14167 10628960 0.6345005969822652 0.18676441640006225 0.39624 6.111787835250203 -0.8691578770785184
14168 10628960 0.6360627786466111 0.18339166072765872 0.39624 6.111787835250203 -0.8691578770785184
14169 10628960 0.6405232633562403 0.18345288967452605 0.39624 6.111787835250203 -0.8691578770785184
14170 10628960 0.6389021192472693 0.17849170853153945 0.39624 6.111787835250203 -0.8691578770785184
14171 10628960 0.6381087934128096 0.1760638965014409 0.39624 6.111787835250203 -0.8691578770785184
14172 10628960 0.63731546757835 0.17363608447134232 0.39624 6.111787835250203 -0.8691578770785184
14173 10628960 0.6365048955370298 0.1711554939397723 0.39624 6.111787835250203 -0.8691578770785184
14174 10628960 0.6356943234957098 0.16867490340820232 0.39624 6.111787835250203 -0.8691578770785184
14175 10628960 0.6361518175912079 0.1673571301807943 0.39624 6.111787835250203 -0.8691578770785184
14176 10628960 0.6345651665049776 0.16250150602872426 0.39624 6.111787835250203 -0.8691578770785184
14177 10628960 0.6341421642799483 0.16392483646977318 0.39624 6.111787835250203 -0.8691578770785184
14178 10628960 0.6297506534286674 0.1640747252506169 0.39624 6.111787835250203 -0.8691578770785184
14179 10628960 0.6280260290870824 0.15879687413326285 0.39624 6.111787835250203 -0.8691578770785184
14180 10628960 0.6277754897234757 0.1607479901428863 0.39624 6.111787835250203 -0.8691578770785184
14181 10628960 0.6262541643074953 0.16062202603792744 0.39624 6.111787835250203 -0.8691578770785184
14182 10628960 0.6247328388915149 0.1604960619329686 0.39624 6.111787835250203 -0.8691578770785184
14183 10628960 0.6232115134755344 0.16037009782800973 0.39624 6.111787835250203 -0.8691578770785184
14184 10628960 0.6222929153314122 0.1589178450515075 0.39624 6.111787835250203 -0.8691578770785184
14185 10628960 0.6213743171872901 0.15746559227500526 0.39624 6.111787835250203 -0.8691578770785184
14186 10628960 0.6194844485726303 0.1598355609539694 0.39624 6.111787835250203 -0.8691578770785184
14187 10628960 0.6175945799579706 0.1622055296329335 0.39624 6.111787835250203 -0.8691578770785184
14188 10628960 0.6168357418122135 0.15988327628537388 0.39624 6.111787835250203 -0.8691578770785184
14189 10628960 0.6160769036664562 0.15756102293781427 0.39624 6.111787835250203 -0.8691578770785184
14190 10628960 0.6162378693332295 0.15805362213144 0.39624 6.111787835250203 -0.8691578770785184
14191 10628960 0.6163988350000029 0.1585462213250657 0.39624 6.111787835250203 -0.8691578770785184
14192 10628960 0.6165598006667763 0.15903882051869145 0.39624 6.111787835250203 -0.8691578770785184
14193 10628960 0.6156768984239755 0.15905472623308958 0.39624 6.111787835250203 -0.8691578770785184
14194 10628960 0.6147939961811749 0.15907063194748772 0.39624 6.111787835250203 -0.8691578770785184
14195 10628960 0.6139110939383742 0.15908653766188585 0.39624 6.111787835250203 -0.8691578770785184
14196 10628960 0.6130281916955734 0.159102443376284 0.39624 6.111787835250203 -0.8691578770785184
14197 10628960 0.6121452894527728 0.15911834909068212 0.39624 6.111787835250203 -0.8691578770785184
14198 10628960 0.6112623872099721 0.15913425480508026 0.39624 6.111787835250203 -0.8691578770785184
14199 10628960 0.6108247039935634 0.15927727618327805 0.39624 6.111787835250203 -0.8691578770785184
14200 10628960 0.6103870207771547 0.1594202975614758 0.39624 6.111787835250203 -0.8691578770785184
14201 10628960 0.609949337560746 0.15956331893967354 0.39624 6.111787835250203 -0.8691578770785184
14202 10628960 0.6095116543443373 0.15970634031787134 0.39624 6.111787835250203 -0.8691578770785184
14203 10628960 0.6090739711279286 0.15984936169606911 0.39624 6.111787835250203 -0.8691578770785184
14204 10628960 0.6086362879115198 0.1599923830742669 0.39624 6.111787835250203 -0.8691578770785184
14205 10628960 0.6081986046951111 0.16013540445246466 0.39624 6.111787835250203 -0.8691578770785184
14206 10628960 0.6077609214787024 0.16027842583066246 0.39624 6.111787835250203 -0.8691578770785184
14207 10628960 0.6073232382622937 0.1604214472088602 0.39624 6.111787835250203 -0.8691578770785184
14208 10628960 0.606885555045885 0.16056446858705795 0.39624 6.111787835250203 -0.8691578770785184
14209 10628960 0.6064478718294763 0.16070748996525575 0.39624 6.111787835250203 -0.8691578770785184
14210 10628960 0.6065018292172593 0.1606661969902177 0.39624 6.111787835250203 -0.8691578770785184
