12975 10628960 -2.1878228549259453 -3.7428679919346433 0.7010400000000001 6.111787835250203 -0.8691578770785184
12976 10628960 -2.175485284318736 -3.6997009663892224 0.7010400000000001 6.111787835250203 -0.8691578770785184
12977 10628960 -2.153156976872311 -3.620544286809972 0.7010400000000001 6.111787835250203 -0.8691578770785184
12978 10628960 -2.1417709305630765 -3.5639806178089617 0.7010400000000001 6.111787835250203 -0.8691578770785184
12979 10628960 -2.130045975175233 -3.5291421993797587 0.7010400000000001 6.111787835250203 -0.8691578770785184
12980 10628960 -2.1183210197873894 -3.4943037809505557 0.7010400000000001 6.111787835250203 -0.8691578770785184
12981 10628960 -2.1035397810588154 -3.448080229801876 0.7010400000000001 6.111787835250203 -0.8691578770785184
12982 10628960 -2.088758542330241 -3.4018566786531963 0.7010400000000001 6.111787835250203 -0.8691578770785184
12983 10628960 -2.0715401510717584 -3.3532754973205585 0.7010400000000001 6.111787835250203 -0.8691578770785184
12984 10628960 -2.0486195951017754 -3.2791026515088224 0.7010400000000001 6.111787835250203 -0.8691578770785184
12985 10628960 -2.02860905349637 -3.2287764585052328 0.7010400000000001 6.111787835250203 -0.8691578770785184
12986 10628960 -2.0085985118909644 -3.1784502655016427 0.7010400000000001 6.111787835250203 -0.8691578770785184
12987 10628960 -1.9931969970423131 -3.131348786854375 0.6858000000000001 6.111787835250203 -0.8691578770785184
12988 10628960 -1.9777954821936623 -3.084247308207108 0.67056 6.111787835250203 -0.8691578770785184
12989 10628960 -1.9570861566000568 -3.0317836828154783 0.67056 6.111787835250203 -0.8691578770785184
12990 10628960 -1.9409761119166236 -2.990667987205212 0.67056 6.111787835250203 -0.8691578770785184
12991 10628960 -1.9248660672331899 -2.949552291594945 0.67056 6.111787835250203 -0.8691578770785184
12992 10628960 -1.8871993016921336 -2.8696860308211627 0.67056 6.111787835250203 -0.8691578770785184
12993 10628960 -1.8636677774247563 -2.8167431659840383 0.67056 6.111787835250203 -0.8691578770785184
12994 10628960 -1.8433076952679064 -2.7694228706166624 0.67056 6.111787835250203 -0.8691578770785184
12995 10628960 -1.804368510579294 -2.702240248622935 0.7010400000000001 6.111787835250203 -0.8691578770785184
12996 10628960 -1.7913966034984752 -2.679960308319325 0.7010400000000001 6.111787835250203 -0.8691578770785184
12997 10628960 -1.7516497263272222 -2.6073168240213658 0.7010400000000001 6.111787835250203 -0.8691578770785184
12998 10628960 -1.7225776255868632 -2.5537319935606035 0.7010400000000001 6.111787835250203 -0.8691578770785184
12999 10628960 -1.6920114442317102 -2.509164582923125 0.7010400000000001 6.111787835250203 -0.8691578770785184
13000 10628960 -1.6761072385015838 -2.484980924926358 0.7010400000000001 6.111787835250203 -0.8691578770785184
13001 10628960 -1.6602030327714574 -2.4607972669295903 0.7010400000000001 6.111787835250203 -0.8691578770785184
13002 10628960 -1.6278247468688216 -2.416121274311761 0.7010400000000001 6.111787835250203 -0.8691578770785184
13003 10628960 -1.577160848334972 -2.345411385613063 0.7010400000000001 6.111787835250203 -0.8691578770785184
13004 10628960 -1.5474148876664435 -2.306066821552032 0.7010400000000001 6.111787835250203 -0.8691578770785184
13005 10628960 -1.5153658437917985 -2.256960161514067 0.7010400000000001 6.111787835250203 -0.8691578770785184
13006 10628960 -1.4804027721294826 -2.2193212832003275 0.67056 6.111787835250203 -0.8691578770785184
13007 10628960 -1.4622937523831945 -2.197902961570408 0.67056 6.111787835250203 -0.8691578770785184
13008 10628960 -1.4061163353717736 -2.129345848396315 0.67056 6.111787835250203 -0.8691578770785184
13009 10628960 -1.3694157666076807 -2.0850311403241544 0.67056 6.111787835250203 -0.8691578770785184
13010 10628960 -1.3523296524163275 -2.065381288721876 0.67056 6.111787835250203 -0.8691578770785184
13011 10628960 -1.2921401481113155 -1.9981355741711382 0.67056 6.111787835250203 -0.8691578770785184
13012 10628960 -1.2800683614703705 -1.9802344483220011 0.67056 6.111787835250203 -0.8691578770785184
13013 10628960 -1.2248817914337973 -1.9262490281795643 0.67056 6.111787835250203 -0.8691578770785184
13014 10628960 -1.1696952213972238 -1.8722636080371282 0.67056 6.111787835250203 -0.8691578770785184
13015 10628960 -1.134256444850957 -1.8384597737373929 0.67056 6.111787835250203 -0.8691578770785184
13016 10628960 -1.0988176683046895 -1.8046559394376571 0.67056 6.111787835250203 -0.8691578770785184
13017 10628960 -1.0664431652747444 -1.7724789599229491 0.67056 6.111787835250203 -0.8691578770785184
13018 10628960 -0.9996837486458958 -1.7163761332974177 0.67056 6.111787835250203 -0.8691578770785184
13019 10628960 -0.9630301147692164 -1.6886354295888424 0.67056 6.111787835250203 -0.8691578770785184
13020 10628960 -0.926376480892537 -1.6608947258802667 0.67056 6.111787835250203 -0.8691578770785184
13021 10628960 -0.8596643942359035 -1.6046589515807703 0.67056 6.111787835250203 -0.8691578770785184
13022 10628960 -0.8181414754535157 -1.5754720110971614 0.67056 6.111787835250203 -0.8691578770785184
13023 10628960 -0.7630795209127947 -1.5401957987302624 0.67056 6.111787835250203 -0.8691578770785184
13024 10628960 -0.7132567579112514 -1.501921608588314 0.67056 6.111787835250203 -0.8691578770785184
13025 10628960 -0.657082582671819 -1.4659570096281882 0.67056 6.111787835250203 -0.8691578770785184
13026 10628960 -0.6043441661312894 -1.4366968025588598 0.67056 6.111787835250203 -0.8691578770785184
13027 10628960 -0.5547025043650735 -1.4071251290629403 0.67056 6.111787835250203 -0.8691578770785184
13028 10628960 -0.506966373787622 -1.3790333668035977 0.67056 6.111787835250203 -0.8691578770785184
13029 10628960 -0.4555204886924649 -1.3575281520164069 0.67056 6.111787835250203 -0.8691578770785184
13030 10628960 -0.409303877609851 -1.3348975792652702 0.67056 6.111787835250203 -0.8691578770785184
13031 10628960 -0.3630872665272371 -1.3122670065141335 0.67056 6.111787835250203 -0.8691578770785184
13032 10628960 -0.3062762459407176 -1.2922809284979853 0.67056 6.111787835250203 -0.8691578770785184
13033 10628960 -0.2466769322806808 -1.2702850634607483 0.67056 6.111787835250203 -0.8691578770785184
13034 10628960 -0.1874229898417441 -1.2493442648632067 0.67056 6.111787835250203 -0.8691578770785184
13035 10628960 -0.13244138246344206 -1.2349512578779265 0.67056 6.111787835250203 -0.8691578770785184
13036 10628960 -0.04299237385600385 -1.215115347883692 0.67056 6.111787835250203 -0.8691578770785184
13037 10628960 0.021464412677613787 -1.19727547376618 0.67056 6.111787835250203 -0.8691578770785184
13038 10628960 0.08294511750768653 -1.1858228087200977 0.67056 6.111787835250203 -0.8691578770785184
13039 10628960 0.14632507789820715 -1.1794298027562649 0.67056 6.111787835250203 -0.8691578770785184
13040 10628960 0.21479952781264267 -1.1696774185647538 0.67056 6.111787835250203 -0.8691578770785184
13041 10628960 0.2740407603168637 -1.16099644548717 0.67056 6.111787835250203 -0.8691578770785184
13042 10628960 0.34490970870656623 -1.1534273562023798 0.67056 6.111787835250203 -0.8691578770785184
13043 10628960 0.4048462319819199 -1.1494120723025552 0.67056 6.111787835250203 -0.8691578770785184
13044 10628960 0.4602617147642113 -1.1483585968486878 0.67056 6.111787835250203 -0.8691578770785184
13045 10628960 0.5367791415824306 -1.1466054620836008 0.67056 6.111787835250203 -0.8691578770785184
13046 10628960 0.5856796708186167 -1.1464600228562194 0.67056 6.111787835250203 -0.8691578770785184
13047 10628960 0.6512115304123808 -1.1429858738396876 0.67056 6.111787835250203 -0.8691578770785184
13048 10628960 0.7182542565993917 -1.1430422387274215 0.67056 6.111787835250203 -0.8691578770785184
13049 10628960 0.7855915379894207 -1.147633599485434 0.67056 6.111787835250203 -0.8691578770785184
13050 10628960 0.8393070186181733 -1.1490595257265503 0.67056 6.111787835250203 -0.8691578770785184
13051 10628960 0.908236733911058 -1.1555718843838054 0.67056 6.111787835250203 -0.8691578770785184
13052 10628960 0.9534702847197885 -1.1584901538275565 0.67056 6.111787835250203 -0.8691578770785184
13053 10628960 0.9987038355285188 -1.161408423271307 0.67056 6.111787835250203 -0.8691578770785184
13054 10628960 1.058964974868034 -1.1659053136472552 0.67056 6.111787835250203 -0.8691578770785184
13055 10628960 1.1192261142075492 -1.1704022040232032 0.67056 6.111787835250203 -0.8691578770785184
13056 10628960 1.1676745447857269 -1.175712897987134 0.67056 6.111787835250203 -0.8691578770785184
13057 10628960 1.2304466740742086 -1.180678292176131 0.67056 6.111787835250203 -0.8691578770785184
13058 10628960 1.2908426351174938 -1.1888390362216787 0.67056 6.111787835250203 -0.8691578770785184
13059 10628960 1.3559189344482772 -1.1949063855453252 0.67056 6.111787835250203 -0.8691578770785184
13060 10628960 1.4244812706367602 -1.2011770896338512 0.67056 6.111787835250203 -0.8691578770785184
13061 10628960 1.4850991420666677 -1.203217144032509 0.67056 6.111787835250203 -0.8691578770785184
13062 10628960 1.5511032871662658 -1.210520357241951 0.67056 6.111787835250203 -0.8691578770785184
13063 10628960 1.6375218828098037 -1.2151438674106765 0.67056 6.111787835250203 -0.8691578770785184
13064 10628960 1.6737810405183418 -1.218339810790941 0.67056 6.111787835250203 -0.8691578770785184
13065 10628960 1.7747394331970816 -1.2246724165763976 0.67056 6.111787835250203 -0.8691578770785184
13066 10628960 1.8051833920144098 -1.2293566003922418 0.67056 6.111787835250203 -0.8691578770785184
13067 10628960 1.8949939360271133 -1.2371874666560232 0.67056 6.111787835250203 -0.8691578770785184
13068 10628960 1.956529411819258 -1.2377710478793698 0.67056 6.111787835250203 -0.8691578770785184
13069 10628960 2.0271983536977896 -1.2484621907995164 0.67056 6.111787835250203 -0.8691578770785184
13070 10628960 2.0428228270952657 -1.2488908367212723 0.67056 6.111787835250203 -0.8691578770785184
13071 10628960 2.058447300492742 -1.2493194826430287 0.67056 6.111787835250203 -0.8691578770785184
13072 10628960 2.160101650738386 -1.2603131699672894 0.67056 6.111787835250203 -0.8691578770785184
13073 10628960 2.230861616142525 -1.2720833804753475 0.67056 6.111787835250203 -0.8691578770785184
13074 10628960 2.3096988459722905 -1.2767939520783227 0.67056 6.111787835250203 -0.8691578770785184
13075 10628960 2.36313428421521 -1.283140691061709 0.67056 6.111787835250203 -0.8691578770785184
13076 10628960 2.4309731588985835 -1.289165831619979 0.67056 6.111787835250203 -0.8691578770785184
13077 10628960 2.4927812328335417 -1.292988057021355 0.67056 6.111787835250203 -0.8691578770785184
13078 10628960 2.580988683848476 -1.294563254021572 0.67056 6.111787835250203 -0.8691578770785184
13079 10628960 2.6492739053754404 -1.3016666256786704 0.67056 6.111787835250203 -0.8691578770785184
13080 10628960 2.6796294832055803 -1.2995429694395422 0.67056 6.111787835250203 -0.8691578770785184
13081 10628960 2.777477945091129 -1.306131819968779 0.67056 6.111787835250203 -0.8691578770785184
13082 10628960 2.8326479631861887 -1.3057987833248748 0.67056 6.111787835250203 -0.8691578770785184
13083 10628960 2.8981514050670274 -1.3026467808943012 0.67056 6.111787835250203 -0.8691578770785184
13084 10628960 2.930192044174025 -1.3010720669606728 0.67056 6.111787835250203 -0.8691578770785184
13085 10628960 2.962232683281023 -1.2994973530270446 0.67056 6.111787835250203 -0.8691578770785184
13086 10628960 3.0526437245510185 -1.2943102486817848 0.6400800000000001 6.111787835250203 -0.8691578770785184
13087 10628960 3.109491073555516 -1.2861121158903135 0.6400800000000001 6.111787835250203 -0.8691578770785184
13088 10628960 3.1696882711223036 -1.274451077904578 0.6400800000000001 6.111787835250203 -0.8691578770785184
13089 10628960 3.237937139976638 -1.2585251752717894 0.6400800000000001 6.111787835250203 -0.8691578770785184
13090 10628960 3.2923279080045003 -1.2415223747868291 0.6400800000000001 6.111787835250203 -0.8691578770785184
13091 10628960 3.3467186760323617 -1.2245195743018689 0.6400800000000001 6.111787835250203 -0.8691578770785184
13092 10628960 3.4064071374408935 -1.1940010091436255 0.6400800000000001 6.111787835250203 -0.8691578770785184
13093 10628960 3.4545177810577776 -1.1663040258890578 0.6400800000000001 6.111787835250203 -0.8691578770785184
13094 10628960 3.5026284246746613 -1.13860704263449 0.6400800000000001 6.111787835250203 -0.8691578770785184
13095 10628960 3.5718956745189065 -1.0961444273495264 0.6400800000000001 6.111787835250203 -0.8691578770785184
13096 10628960 3.614955062937848 -1.066506687004108 0.6400800000000001 6.111787835250203 -0.8691578770785184
13097 10628960 3.6378283650416536 -1.0467528203611869 0.6400800000000001 6.111787835250203 -0.8691578770785184
13098 10628960 3.6607016671454593 -1.0269989537182658 0.6400800000000001 6.111787835250203 -0.8691578770785184
13099 10628960 3.7022533432900935 -0.9819755286606076 0.6400800000000001 6.111787835250203 -0.8691578770785184
13100 10628960 3.743805019434727 -0.9369521036029492 0.6400800000000001 6.111787835250203 -0.8691578770785184
13101 10628960 3.7691420697177036 -0.8861709124531231 0.6400800000000001 6.111787835250203 -0.8691578770785184
13102 10628960 3.7944791200006818 -0.835389721303297 0.6400800000000001 6.111787835250203 -0.8691578770785184
13103 10628960 3.81981617028366 -0.7846085301534709 0.6400800000000001 6.111787835250203 -0.8691578770785184
13104 10628960 3.8451532205666368 -0.7338273390036447 0.6400800000000001 6.111787835250203 -0.8691578770785184
13105 10628960 3.86306099617446 -0.6871051834229506 0.6400800000000001 6.111787835250203 -0.8691578770785184
13106 10628960 3.872060724270379 -0.6422853202403948 0.6400800000000001 6.111787835250203 -0.8691578770785184
13107 10628960 3.8810604523662975 -0.5974654570578389 0.6400800000000001 6.111787835250203 -0.8691578770785184
13108 10628960 3.890060180462217 -0.5526455938752832 0.6400800000000001 6.111787835250203 -0.8691578770785184
13109 10628960 3.8830259645709235 -0.5116144762635852 0.6366933333333334 6.111787835250203 -0.8691578770785184
13110 10628960 3.875991748679629 -0.4705833586518873 0.6333066666666668 6.111787835250203 -0.8691578770785184
13111 10628960 3.868957532788335 -0.4295522410401894 0.62992 6.111787835250203 -0.8691578770785184
13112 10628960 3.8619233168970406 -0.3885211234284914 0.6265333333333334 6.111787835250203 -0.8691578770785184
13113 10628960 3.8548891010057473 -0.3474900058167935 0.6231466666666667 6.111787835250203 -0.8691578770785184
13114 10628960 3.8478548851144527 -0.3064588882050956 0.6197600000000001 6.111787835250203 -0.8691578770785184
13115 10628960 3.840820669223159 -0.2654277705933976 0.6163733333333333 6.111787835250203 -0.8691578770785184
13116 10628960 3.833786453331864 -0.2243966529816997 0.6129866666666667 6.111787835250203 -0.8691578770785184
13117 10628960 3.82675223744057 -0.1833655353700018 0.6096 6.111787835250203 -0.8691578770785184
13118 10628960 3.803172764997577 -0.1495056975186896 0.6096 6.111787835250203 -0.8691578770785184
13119 10628960 3.7543569423056478 -0.0950287676031112 0.6096 6.111787835250203 -0.8691578770785184
13120 10628960 3.710003721851681 -0.059529408925181576 0.6096 6.111787835250203 -0.8691578770785184
13121 10628960 3.692031924532294 -0.04794099704328866 0.6096 6.111787835250203 -0.8691578770785184
13122 10628960 3.6740601272129063 -0.03635258516139575 0.6096 6.111787835250203 -0.8691578770785184
13123 10628960 3.6368521011365873 -0.01977168333625437 0.57912 6.111787835250203 -0.8691578770785184
13124 10628960 3.597089016861582 -0.00013728474372412536 0.57912 6.111787835250203 -0.8691578770785184
13125 10628960 3.5549144296918085 0.012107415727073162 0.57912 6.111787835250203 -0.8691578770785184
13126 10628960 3.5103426218055733 0.022448006297211304 0.57912 6.111787835250203 -0.8691578770785184
13127 10628960 3.4683604269482817 0.02984110059907627 0.57912 6.111787835250203 -0.8691578770785184
13128 10628960 3.41160538045508 0.027337176537699157 0.57912 6.111787835250203 -0.8691578770785184
13129 10628960 3.371612452061705 0.024502815211459774 0.57912 6.111787835250203 -0.8691578770785184
13130 10628960 3.3258500406446885 0.01759412334054508 0.57912 6.111787835250203 -0.8691578770785184
13131 10628960 3.285020019771707 0.01491657432675006 0.57912 6.111787835250203 -0.8691578770785184
13132 10628960 3.2393607130098183 0.008325143104661675 0.57912 6.111787835250203 -0.8691578770785184
13133 10628960 3.2001698205339077 0.005229836845064367 0.54864 6.111787835250203 -0.8691578770785184
13134 10628960 3.1380480161582085 0.0026104572649011393 0.54864 6.111787835250203 -0.8691578770785184
13135 10628960 3.117637759449545 -7.280472539952787e-05 0.54864 6.111787835250203 -0.8691578770785184
13136 10628960 3.0522379931814103 -0.00021978207638054248 0.54864 6.111787835250203 -0.8691578770785184
13137 10628960 3.0135281822078044 -0.0034712176481423163 0.54864 6.111787835250203 -0.8691578770785184
13138 10628960 2.9890834144436638 -0.0035521966943326266 0.54864 6.111787835250203 -0.8691578770785184
13139 10628960 2.9646386466795223 -0.0036331757405229366 0.54864 6.111787835250203 -0.8691578770785184
13140 10628960 2.9366862557059257 -0.002218594451288719 0.54864 6.111787835250203 -0.8691578770785184
13141 10628960 2.878142698961268 -0.0020322260520614643 0.54864 6.111787835250203 -0.8691578770785184
13142 10628960 2.8589481275887287 -0.003709886371240728 0.54864 6.111787835250203 -0.8691578770785184
13143 10628960 2.7882546392811336 0.002779769177114838 0.54864 6.111787835250203 -0.8691578770785184
13144 10628960 2.7552560378128015 0.0023378482702084147 0.5181600000000001 6.111787835250203 -0.8691578770785184
13145 10628960 2.7170981337346776 0.0024122061982035647 0.5181600000000001 6.111787835250203 -0.8691578770785184
13146 10628960 2.6682770060548124 0.0024634236530470532 0.5181600000000001 6.111787835250203 -0.8691578770785184
13147 10628960 2.6145033066558443 0.003664574099843471 0.5181600000000001 6.111787835250203 -0.8691578770785184
13148 10628960 2.5989071098625747 -0.0005890628619621696 0.5181600000000001 6.111787835250203 -0.8691578770785184
13149 10628960 2.557987252694813 0.0019065439974203515 0.5181600000000001 6.111787835250203 -0.8691578770785184
13150 10628960 2.5170673955270506 0.004402150856802872 0.5181600000000001 6.111787835250203 -0.8691578770785184
13151 10628960 2.4624565180648643 0.005760877020306449 0.5181600000000001 6.111787835250203 -0.8691578770785184
13152 10628960 2.4257662953102765 0.006525663979423196 0.5181600000000001 6.111787835250203 -0.8691578770785184
13153 10628960 2.4045668632304293 0.00795689742176933 0.5181600000000001 6.111787835250203 -0.8691578770785184
13154 10628960 2.344599337965934 0.006509497154538829 0.48768 6.111787835250203 -0.8691578770785184
13155 10628960 2.3272876711412205 0.009241580902328015 0.48768 6.111787835250203 -0.8691578770785184
13156 10628960 2.3099760043165083 0.011973664650117205 0.48768 6.111787835250203 -0.8691578770785184
13157 10628960 2.274428850362572 0.007809972498926594 0.48768 6.111787835250203 -0.8691578770785184
13158 10628960 2.226987706573686 0.006654182922915947 0.48768 6.111787835250203 -0.8691578770785184
13159 10628960 2.1795465627848007 0.0054983933469053 0.48768 6.111787835250203 -0.8691578770785184
13160 10628960 2.137855419377177 0.00427611304359346 0.48768 6.111787835250203 -0.8691578770785184
13161 10628960 2.1218603377026493 0.004242320003532557 0.48768 6.111787835250203 -0.8691578770785184
13162 10628960 2.0684399110774523 0.0038132458263797353 0.4572000000000001 6.111787835250203 -0.8691578770785184
13163 10628960 2.025146590316183 0.0072034943222068215 0.4572000000000001 6.111787835250203 -0.8691578770785184
13164 10628960 1.9960308563124336 0.002342622895959323 0.4572000000000001 6.111787835250203 -0.8691578770785184
13165 10628960 1.9585517992314132 0.0072223314993069 0.4572000000000001 6.111787835250203 -0.8691578770785184
13166 10628960 1.9168038093877475 0.00718800688738408 0.4572000000000001 6.111787835250203 -0.8691578770785184
13167 10628960 1.8799048485334298 0.005687123167734093 0.4572000000000001 6.111787835250203 -0.8691578770785184
13168 10628960 1.83505040612317 0.007018212415941028 0.4572000000000001 6.111787835250203 -0.8691578770785184
13169 10628960 1.7972109754867045 0.0053575737485798145 0.4572000000000001 6.111787835250203 -0.8691578770785184
13170 10628960 1.7637284261160948 0.0034423870054670898 0.4572000000000001 6.111787835250203 -0.8691578770785184
13171 10628960 1.7245003192562465 0.000249649838854199 0.42672 6.111787835250203 -0.8691578770785184
13172 10628960 1.6819745109246609 0.003274354476816399 0.42672 6.111787835250203 -0.8691578770785184
13173 10628960 1.6527483754038068 0.004876061379422743 0.42672 6.111787835250203 -0.8691578770785184
13174 10628960 1.6235222398829532 0.006477768282029089 0.42672 6.111787835250203 -0.8691578770785184
13175 10628960 1.5973553782882952 0.0052112512419490034 0.42672 6.111787835250203 -0.8691578770785184
13176 10628960 1.547419454238785 0.004582218451590125 0.42672 6.111787835250203 -0.8691578770785184
13177 10628960 1.5097770252591614 0.006246488155712493 0.42672 6.111787835250203 -0.8691578770785184
13178 10628960 1.4705484595634053 0.00305515209225872 0.42672 6.111787835250203 -0.8691578770785184
13179 10628960 1.4192832486814082 0.003795723687440522 0.42672 6.111787835250203 -0.8691578770785184
13180 10628960 1.4018489772994742 0.004116712528844435 0.4114800000000001 6.111787835250203 -0.8691578770785184
13181 10628960 1.3844147059175398 0.004437701370248347 0.39624 6.111787835250203 -0.8691578770785184
13182 10628960 1.3531256114001222 0.004560115255069695 0.39624 6.111787835250203 -0.8691578770785184
13183 10628960 1.3218365168827044 0.004682529139891044 0.39624 6.111787835250203 -0.8691578770785184
13184 10628960 1.2905474223652864 0.004804943024712391 0.39624 6.111787835250203 -0.8691578770785184
13185 10628960 1.2592583278478686 0.004927356909533738 0.39624 6.111787835250203 -0.8691578770785184
13186 10628960 1.2279692333304508 0.005049770794355086 0.39624 6.111787835250203 -0.8691578770785184
13187 10628960 1.196680138813033 0.0051721846791764345 0.39624 6.111787835250203 -0.8691578770785184
13188 10628960 1.1653910442956152 0.005294598563997781 0.39624 6.111787835250203 -0.8691578770785184
13189 10628960 1.1341019497781972 0.005417012448819129 0.39624 6.111787835250203 -0.8691578770785184
13190 10628960 1.1028128552607794 0.0055394263336404756 0.39624 6.111787835250203 -0.8691578770785184
13191 10628960 1.0807736393480187 0.00467856380789293 0.39624 6.111787835250203 -0.8691578770785184
13192 10628960 1.058734423435258 0.0038177012821453827 0.39624 6.111787835250203 -0.8691578770785184
13193 10628960 1.0387068026405228 0.0037828372392747726 0.39624 6.111787835250203 -0.8691578770785184
13194 10628960 1.0186791818457877 0.003747973196404164 0.39624 6.111787835250203 -0.8691578770785184
13195 10628960 0.9986515610510523 0.003713109153533554 0.39624 6.111787835250203 -0.8691578770785184
13196 10628960 0.9786239402563172 0.0036782451106629455 0.39624 6.111787835250203 -0.8691578770785184
13197 10628960 0.958596319461582 0.0036433810677923353 0.39624 6.111787835250203 -0.8691578770785184
13198 10628960 0.9385686986668468 0.003608517024921725 0.39624 6.111787835250203 -0.8691578770785184
13199 10628960 0.9185410778721116 0.0035736529820511154 0.39624 6.111787835250203 -0.8691578770785184
13200 10628960 0.8985134570773764 0.0035387889391805057 0.39624 6.111787835250203 -0.8691578770785184
13201 10628960 0.8784858362826411 0.003503924896309896 0.39624 6.111787835250203 -0.8691578770785184
13202 10628960 0.8584582154879059 0.003469060853439286 0.39624 6.111787835250203 -0.8691578770785184
13203 10628960 0.8384305946931707 0.003434196810568677 0.39624 6.111787835250203 -0.8691578770785184
13204 10628960 0.8184029738984355 0.003399332767698067 0.39624 6.111787835250203 -0.8691578770785184
13205 10628960 0.7983753531037003 0.003364468724827457 0.39624 6.111787835250203 -0.8691578770785184
13206 10628960 0.7820943626328398 0.005179248796216979 0.39624 6.111787835250203 -0.8691578770785184
13207 10628960 0.7708440990252491 0.0033642691996920715 0.39624 6.111787835250203 -0.8691578770785184
13208 10628960 0.7548481831468706 0.003333556536119539 0.39624 6.111787835250203 -0.8691578770785184
13209 10628960 0.7334857897070286 0.003187104689830439 0.39624 6.111787835250203 -0.8691578770785184
13210 10628960 0.7211824668254585 0.0035855099718146155 0.39624 6.111787835250203 -0.8691578770785184
13211 10628960 0.6993970083111981 0.004862487920299058 0.39624 6.111787835250203 -0.8691578770785184
13212 10628960 0.6873787456311645 0.00341539318521622 0.39624 6.111787835250203 -0.8691578770785184
13213 10628960 0.6749972812567742 0.0062927828173930675 0.39624 6.111787835250203 -0.8691578770785184
13214 10628960 0.6685615730571984 0.0029047763557681072 0.39624 6.111787835250203 -0.8691578770785184
