15976 11396927 -4.12662553447513 0.04978984733189082 0.7010400000000001 4.890006969550464 -1.5977118631805556
15977 11396927 -4.056179851444439 0.045419816393097966 0.7010400000000001 4.890006969550464 -1.5977118631805556
15978 11396927 -4.028300464563755 0.04482150525373782 0.7010400000000001 4.890006969550464 -1.5977118631805556
15979 11396927 -3.93866992253958 0.03907876412873454 0.7010400000000001 4.890006969550464 -1.5977118631805556
15980 11396927 -3.85007613754486 0.030171043860175745 0.67056 4.890006969550464 -1.5977118631805556
15981 11396927 -3.7907769770223365 0.02676532072131596 0.67056 4.890006969550464 -1.5977118631805556
15982 11396927 -3.7569675319763487 0.02691411296110333 0.67056 4.890006969550464 -1.5977118631805556
15983 11396927 -3.675433226458487 0.021955521247368187 0.67056 4.890006969550464 -1.5977118631805556
15984 11396927 -3.615778807414255 0.01855172348579312 0.67056 4.890006969550464 -1.5977118631805556
15985 11396927 -3.567525716743116 0.013973061063066922 0.6400800000000001 4.890006969550464 -1.5977118631805556
15986 11396927 -3.5090639480500867 0.010726840515465323 0.6400800000000001 4.890006969550464 -1.5977118631805556
15987 11396927 -3.4505331700972715 0.007692180482269023 0.6400800000000001 4.890006969550464 -1.5977118631805556
15988 11396927 -3.3920715724134745 0.0044469256987638974 0.6400800000000001 4.890006969550464 -1.5977118631805556
15989 11396927 -3.3393473436421592 -0.0011263962989466472 0.6400800000000001 4.890006969550464 -1.5977118631805556
15990 11396927 -3.2810129124402145 -0.005030236019204186 0.6400800000000001 4.890006969550464 -1.5977118631805556
15991 11396927 -3.236938394569989 -0.008122056837882613 0.6400800000000001 4.890006969550464 -1.5977118631805556
15992 11396927 -3.1928638766997626 -0.01121387765656104 0.6400800000000001 4.890006969550464 -1.5977118631805556
15993 11396927 -3.139315058081687 -0.017523035572535678 0.6400800000000001 4.890006969550464 -1.5977118631805556
15994 11396927 -3.0813193641683334 -0.0259882664491892 0.6400800000000001 4.890006969550464 -1.5977118631805556
15995 11396927 -3.0274150737630348 -0.032296085937898365 0.6096 4.890006969550464 -1.5977118631805556
15996 11396927 -2.9663659309784918 -0.03848803997634534 0.6096 4.890006969550464 -1.5977118631805556
15997 11396927 -2.8886117382875516 -0.047926287532850026 0.6096 4.890006969550464 -1.5977118631805556
15998 11396927 -2.836485131878245 -0.054235148771735985 0.6096 4.890006969550464 -1.5977118631805556
15999 11396927 -2.7843930867225666 -0.06064916738291806 0.6096 4.890006969550464 -1.5977118631805556
16000 11396927 -2.7329389191049267 -0.06358244508057301 0.6096 4.890006969550464 -1.5977118631805556
16001 11396927 -2.673369966632828 -0.07022232611421933 0.6096 4.890006969550464 -1.5977118631805556
16002 11396927 -2.6262095029760184 -0.07677412494441553 0.6096 4.890006969550464 -1.5977118631805556
16003 11396927 -2.573280587415499 -0.08334361883862465 0.57912 4.890006969550464 -1.5977118631805556
16004 11396927 -2.5218052692949726 -0.08756761775256452 0.57912 4.890006969550464 -1.5977118631805556
16005 11396927 -2.4761116205198146 -0.09317111589418096 0.57912 4.890006969550464 -1.5977118631805556
16006 11396927 -2.4175412944394754 -0.10041688578163292 0.57912 4.890006969550464 -1.5977118631805556
16007 11396927 -2.342692784780104 -0.103523830209195 0.57912 4.890006969550464 -1.5977118631805556
16008 11396927 -2.2986420006085906 -0.10192873024358533 0.57912 4.890006969550464 -1.5977118631805556
16009 11396927 -2.2617623358088683 -0.10324503243608288 0.57912 4.890006969550464 -1.5977118631805556
16010 11396927 -2.224882671009145 -0.10456133462858044 0.57912 4.890006969550464 -1.5977118631805556
16011 11396927 -2.1735920811558906 -0.09984256288439013 0.57912 4.890006969550464 -1.5977118631805556
16012 11396927 -2.1132918462533983 -0.0985382927038704 0.54864 4.890006969550464 -1.5977118631805556
16013 11396927 -2.0619951763525344 -0.0981439108756367 0.54864 4.890006969550464 -1.5977118631805556
16014 11396927 -2.01422556361515 -0.09332385785712397 0.54864 4.890006969550464 -1.5977118631805556
16015 11396927 -1.9537288462138505 -0.0903300505373064 0.54864 4.890006969550464 -1.5977118631805556
16016 11396927 -1.8820409323092133 -0.08842609100612778 0.54864 4.890006969550464 -1.5977118631805556
16017 11396927 -1.8283962308725743 -0.09008349527826656 0.54864 4.890006969550464 -1.5977118631805556
16018 11396927 -1.7658985669472371 -0.09183214560341472 0.54864 4.890006969550464 -1.5977118631805556
16019 11396927 -1.712936098608583 -0.09828965682330007 0.54864 4.890006969550464 -1.5977118631805556
16020 11396927 -1.6559445274653717 -0.11143918854135962 0.54864 4.890006969550464 -1.5977118631805556
16021 11396927 -1.5954996087014226 -0.12326411827573396 0.54864 4.890006969550464 -1.5977118631805556
16022 11396927 -1.5427636450711175 -0.13747441782742567 0.54864 4.890006969550464 -1.5977118631805556
16023 11396927 -1.4681353746909958 -0.16188197568077947 0.57912 4.890006969550464 -1.5977118631805556
16024 11396927 -1.4387596335110582 -0.17663006896740488 0.54864 4.890006969550464 -1.5977118631805556
16025 11396927 -1.3824516434582799 -0.1993385112406879 0.5638799999999999 4.890006969550464 -1.5977118631805556
16026 11396927 -1.3261436534055022 -0.2220469535139709 0.57912 4.890006969550464 -1.5977118631805556
16027 11396927 -1.280881069613618 -0.2442385976703897 0.57912 4.890006969550464 -1.5977118631805556
16028 11396927 -1.2356184858217338 -0.2664302418268086 0.57912 4.890006969550464 -1.5977118631805556
16029 11396927 -1.189356724214338 -0.2903207179478763 0.57912 4.890006969550464 -1.5977118631805556
16030 11396927 -1.1430949626069424 -0.31421119406894393 0.57912 4.890006969550464 -1.5977118631805556
16031 11396927 -1.0823289221994383 -0.34366159330446217 0.57912 4.890006969550464 -1.5977118631805556
16032 11396927 -1.0377275430708286 -0.3658396093511701 0.57912 4.890006969550464 -1.5977118631805556
16033 11396927 -0.9931261639422186 -0.3880176253978781 0.57912 4.890006969550464 -1.5977118631805556
16034 11396927 -0.9222053699018901 -0.418333196865308 0.57912 4.890006969550464 -1.5977118631805556
16035 11396927 -0.9008056008343871 -0.42895189050409255 0.57912 4.890006969550464 -1.5977118631805556
16036 11396927 -0.8286846544777098 -0.4637479375137329 0.57912 4.890006969550464 -1.5977118631805556
16037 11396927 -0.766738803391678 -0.4905431675274831 0.57912 4.890006969550464 -1.5977118631805556
16038 11396927 -0.7158253846402349 -0.5179369754892239 0.57912 4.890006969550464 -1.5977118631805556
16039 11396927 -0.6636453664666366 -0.540370077689155 0.57912 4.890006969550464 -1.5977118631805556
16040 11396927 -0.606305070170291 -0.5633213372955302 0.57912 4.890006969550464 -1.5977118631805556
16041 11396927 -0.5325260125396609 -0.5930478379255145 0.57912 4.890006969550464 -1.5977118631805556
16042 11396927 -0.5070350526710277 -0.6074559598918934 0.57912 4.890006969550464 -1.5977118631805556
16043 11396927 -0.4506346345634327 -0.630565830986865 0.57912 4.890006969550464 -1.5977118631805556
16044 11396927 -0.3922404878019803 -0.6557288527228905 0.57912 4.890006969550464 -1.5977118631805556
16045 11396927 -0.333902319073512 -0.6797046959093657 0.57912 4.890006969550464 -1.5977118631805556
16046 11396927 -0.2805170182455281 -0.7025284305638354 0.57912 4.890006969550464 -1.5977118631805556
16047 11396927 -0.23262192375441024 -0.7224471221553361 0.57912 4.890006969550464 -1.5977118631805556
16048 11396927 -0.1847268292632924 -0.7423658137468371 0.57912 4.890006969550464 -1.5977118631805556
16049 11396927 -0.10638461745305228 -0.7757983605937385 0.57912 4.890006969550464 -1.5977118631805556
16050 11396927 -0.0526153158587146 -0.7933714100225283 0.57912 4.890006969550464 -1.5977118631805556
16051 11396927 -0.00046722141750321633 -0.8159051556751366 0.57912 4.890006969550464 -1.5977118631805556
16052 11396927 0.02321657992561033 -0.8263322487666629 0.57912 4.890006969550464 -1.5977118631805556
16053 11396927 0.04690038126872387 -0.8367593418581895 0.57912 4.890006969550464 -1.5977118631805556
16054 11396927 0.12715382372822526 -0.8629858471001033 0.57912 4.890006969550464 -1.5977118631805556
16055 11396927 0.17771369473397106 -0.87950792648289 0.57912 4.890006969550464 -1.5977118631805556
16056 11396927 0.2282735657397168 -0.8960300058656768 0.57912 4.890006969550464 -1.5977118631805556
16057 11396927 0.29358194554590744 -0.9119966894266096 0.57912 4.890006969550464 -1.5977118631805556
16058 11396927 0.35105999506256746 -0.9252873093243468 0.57912 4.890006969550464 -1.5977118631805556
16059 11396927 0.379864074563175 -0.9295587329021978 0.57912 4.890006969550464 -1.5977118631805556
16060 11396927 0.4393717830816957 -0.9431613170003424 0.57912 4.890006969550464 -1.5977118631805556
16061 11396927 0.5243169196468674 -0.9550274903133812 0.57912 4.890006969550464 -1.5977118631805556
16062 11396927 0.5726049184775505 -0.9594722677335966 0.57912 4.890006969550464 -1.5977118631805556
16063 11396927 0.6212657588547597 -0.9709312769153344 0.57912 4.890006969550464 -1.5977118631805556
16064 11396927 0.6749459400807865 -0.972464037365068 0.57912 4.890006969550464 -1.5977118631805556
16065 11396927 0.7378866438122429 -0.9809938877634028 0.57912 4.890006969550464 -1.5977118631805556
16066 11396927 0.7908173903468892 -0.9875381143239504 0.57912 4.890006969550464 -1.5977118631805556
16067 11396927 0.8200446555747175 -0.9932310783027748 0.57912 4.890006969550464 -1.5977118631805556
16068 11396927 0.9024001285095218 -1.0021439073948135 0.57912 4.890006969550464 -1.5977118631805556
16069 11396927 0.9491588482746368 -1.0078680158520328 0.57912 4.890006969550464 -1.5977118631805556
16070 11396927 0.9959175680397518 -1.0135921243092518 0.57912 4.890006969550464 -1.5977118631805556
16071 11396927 1.0465008769446538 -1.019163049437156 0.57912 4.890006969550464 -1.5977118631805556
16072 11396927 1.097084185849556 -1.02473397456506 0.57912 4.890006969550464 -1.5977118631805556
16073 11396927 1.1423655351665558 -1.0315807413608402 0.57912 4.890006969550464 -1.5977118631805556
16074 11396927 1.1957895344990288 -1.0376989869134663 0.57912 4.890006969550464 -1.5977118631805556
16075 11396927 1.2779117273164409 -1.0516715493525202 0.57912 4.890006969550464 -1.5977118631805556
16076 11396927 1.3293999697974872 -1.0544696292934972 0.57912 4.890006969550464 -1.5977118631805556
16077 11396927 1.3869140765802908 -1.066011104802681 0.57912 4.890006969550464 -1.5977118631805556
16078 11396927 1.4337439988102645 -1.072193558051461 0.57912 4.890006969550464 -1.5977118631805556
16079 11396927 1.487408096002402 -1.0792058001893374 0.57912 4.890006969550464 -1.5977118631805556
16080 11396927 1.5404764615474398 -1.0853221586166384 0.57912 4.890006969550464 -1.5977118631805556
16081 11396927 1.5941749915794952 -1.0922280268083322 0.57912 4.890006969550464 -1.5977118631805556
16082 11396927 1.6495077044653128 -1.0990244294983729 0.57912 4.890006969550464 -1.5977118631805556
16083 11396927 1.7048404173511305 -1.105820832188413 0.57912 4.890006969550464 -1.5977118631805556
16084 11396927 1.7621391099459882 -1.1136674514961409 0.57912 4.890006969550464 -1.5977118631805556
16085 11396927 1.8010170710707778 -1.1183605065815865 0.57912 4.890006969550464 -1.5977118631805556
16086 11396927 1.8398950321955676 -1.1230535616670316 0.57912 4.890006969550464 -1.5977118631805556
16087 11396927 1.8887929954545049 -1.1228991521020786 0.57912 4.890006969550464 -1.5977118631805556
16088 11396927 1.942525820104948 -1.129696808099739 0.57912 4.890006969550464 -1.5977118631805556
16089 11396927 1.9934793891230669 -1.124605604803257 0.57912 4.890006969550464 -1.5977118631805556
16090 11396927 2.0220002032475968 -1.1229369704837548 0.57912 4.890006969550464 -1.5977118631805556
16091 11396927 2.098667745218661 -1.1111712843213608 0.57912 4.890006969550464 -1.5977118631805556
16092 11396927 2.147471659050531 -1.0949804451020635 0.57912 4.890006969550464 -1.5977118631805556
16093 11396927 2.2045692015861644 -1.0737870605288895 0.57912 4.890006969550464 -1.5977118631805556
16094 11396927 2.2408971640117303 -1.0556836441929698 0.57912 4.890006969550464 -1.5977118631805556
16095 11396927 2.277225126437296 -1.0375802278570496 0.57912 4.890006969550464 -1.5977118631805556
16096 11396927 2.320072802320648 -1.0083462955207316 0.57912 4.890006969550464 -1.5977118631805556
16097 11396927 2.3591142259789137 -0.9771686948276092 0.57912 4.890006969550464 -1.5977118631805556
16098 11396927 2.407133271413648 -0.9280115218547336 0.57912 4.890006969550464 -1.5977118631805556
16099 11396927 2.424206530201797 -0.9008764117906349 0.57912 4.890006969550464 -1.5977118631805556
16100 11396927 2.4412797889899465 -0.8737413017265364 0.57912 4.890006969550464 -1.5977118631805556
16101 11396927 2.466899705352107 -0.8303550844213528 0.57912 4.890006969550464 -1.5977118631805556
16102 11396927 2.493334591212812 -0.7659741469528564 0.57912 4.890006969550464 -1.5977118631805556
16103 11396927 2.5078090957447645 -0.7216361880098496 0.57912 4.890006969550464 -1.5977118631805556
16104 11396927 2.50949619361396 -0.6998748398236794 0.57912 4.890006969550464 -1.5977118631805556
16105 11396927 2.522109718490672 -0.6612374804289639 0.57912 4.890006969550464 -1.5977118631805556
16106 11396927 2.531172500875829 -0.6160673432948423 0.54864 4.890006969550464 -1.5977118631805556
16107 11396927 2.545601776986472 -0.5707800677866275 0.54864 4.890006969550464 -1.5977118631805556
16108 11396927 2.551584618246048 -0.5372207251401847 0.54864 4.890006969550464 -1.5977118631805556
16109 11396927 2.5595112540212988 -0.4938991945710075 0.54864 4.890006969550464 -1.5977118631805556
16110 11396927 2.5660003196706924 -0.4577014829708764 0.54864 4.890006969550464 -1.5977118631805556
16111 11396927 2.5723860436427732 -0.4218204809876488 0.54864 4.890006969550464 -1.5977118631805556
16112 11396927 2.5732578379664384 -0.3837889184267516 0.54864 4.890006969550464 -1.5977118631805556
16113 11396927 2.5759993299358834 -0.3634231094162964 0.54864 4.890006969550464 -1.5977118631805556
16114 11396927 2.5707916390525707 -0.3295980885765828 0.54864 4.890006969550464 -1.5977118631805556
16115 11396927 2.5655839481692584 -0.2957730677368692 0.54864 4.890006969550464 -1.5977118631805556
16116 11396927 2.5570173828796854 -0.25197324909629154 0.54864 4.890006969550464 -1.5977118631805556
16117 11396927 2.5450480819976717 -0.22709671960162756 0.54864 4.890006969550464 -1.5977118631805556
16118 11396927 2.5330787811156568 -0.20222019010696354 0.54864 4.890006969550464 -1.5977118631805556
16119 11396927 2.5146475609456744 -0.1743577414972272 0.5181600000000001 4.890006969550464 -1.5977118631805556
16120 11396927 2.492760184736805 -0.15436182390734754 0.5181600000000001 4.890006969550464 -1.5977118631805556
16121 11396927 2.467791250320558 -0.13020559886964764 0.5181600000000001 4.890006969550464 -1.5977118631805556
16122 11396927 2.443143971925572 -0.1114109761269051 0.5181600000000001 4.890006969550464 -1.5977118631805556
16123 11396927 2.4184966935305856 -0.09261635338416258 0.5181600000000001 4.890006969550464 -1.5977118631805556
16124 11396927 2.393849415135599 -0.07382173064142003 0.5181600000000001 4.890006969550464 -1.5977118631805556
16125 11396927 2.348002417637137 -0.048338566108864466 0.5181600000000001 4.890006969550464 -1.5977118631805556
16126 11396927 2.3251893399897985 -0.04205796605378778 0.5181600000000001 4.890006969550464 -1.5977118631805556
16127 11396927 2.2990534520149333 -0.03235593187824223 0.48768 4.890006969550464 -1.5977118631805556
16128 11396927 2.2607844636243044 -0.025818025982360212 0.48768 4.890006969550464 -1.5977118631805556
16129 11396927 2.2312182612641864 -0.01914267323798459 0.48768 4.890006969550464 -1.5977118631805556
16130 11396927 2.2016520589040693 -0.012467320493608963 0.48768 4.890006969550464 -1.5977118631805556
16131 11396927 2.1916215752227304 -0.009192009715780963 0.48768 4.890006969550464 -1.5977118631805556
16132 11396927 2.1500999051541307 -0.005679968458765172 0.47243999999999997 4.890006969550464 -1.5977118631805556
16133 11396927 2.1085782350855324 -0.0021679272017493807 0.4572000000000001 4.890006969550464 -1.5977118631805556
16134 11396927 2.088099627161662 -0.0026066938866136373 0.48768 4.890006969550464 -1.5977118631805556
16135 11396927 2.056137149162919 0.0042093353442833326 0.4572000000000001 4.890006969550464 -1.5977118631805556
16136 11396927 2.0289270258513774 0.002464324591221784 0.4572000000000001 4.890006969550464 -1.5977118631805556
16137 11396927 1.9960308563124336 0.002342622895959323 0.4572000000000001 4.890006969550464 -1.5977118631805556
16138 11396927 1.9539297968834617 0.005577566438997122 0.4572000000000001 4.890006969550464 -1.5977118631805556
16139 11396927 1.9377741133263704 0.00559661719991178 0.4572000000000001 4.890006969550464 -1.5977118631805556
16140 11396927 1.9216184297692784 0.005615667960826437 0.4572000000000001 4.890006969550464 -1.5977118631805556
16141 11396927 1.8799048485334298 0.005687123167734093 0.4572000000000001 4.890006969550464 -1.5977118631805556
16142 11396927 1.851366632012552 0.006946533291127932 0.4572000000000001 4.890006969550464 -1.5977118631805556
16143 11396927 1.82569398168196 0.006919721625579023 0.4572000000000001 4.890006969550464 -1.5977118631805556
16144 11396927 1.7972109754867045 0.0053575737485798145 0.42672 4.890006969550464 -1.5977118631805556
16145 11396927 1.7637284261160948 0.0034423870054670898 0.42672 4.890006969550464 -1.5977118631805556
16146 11396927 1.7189879051429844 0.004036006292020915 0.42672 4.890006969550464 -1.5977118631805556
16147 11396927 1.6857703766557472 0.004020574366927071 0.42672 4.890006969550464 -1.5977118631805556
16148 11396927 1.6591709513588222 0.00686710260050355 0.42672 4.890006969550464 -1.5977118631805556
16149 11396927 1.6331514826903453 0.0033326925285753484 0.42672 4.890006969550464 -1.5977118631805556
16150 11396927 1.6123759483908358 0.004978145549382113 0.42672 4.890006969550464 -1.5977118631805556
16151 11396927 1.5813599691517697 0.0051786762361902 0.42672 4.890006969550464 -1.5977118631805556
16152 11396927 1.5357571734440618 0.0031344135234139398 0.42672 4.890006969550464 -1.5977118631805556
16153 11396927 1.5074574736784256 0.0018639001991963282 0.42672 4.890006969550464 -1.5977118631805556
16154 11396927 1.4753630827709825 0.0014825079395038856 0.39624 4.890006969550464 -1.5977118631805556
16155 11396927 1.4594965706664451 0.0014373127139288495 0.39624 4.890006969550464 -1.5977118631805556
16156 11396927 1.443630058561907 0.001392117488353814 0.39624 4.890006969550464 -1.5977118631805556
16157 11396927 1.4190602371699037 0.002116307045828908 0.39624 4.890006969550464 -1.5977118631805556
16158 11396927 1.3944904157779 0.002840496603304002 0.39624 4.890006969550464 -1.5977118631805556
16159 11396927 1.3699205943858968 0.0035646861607790963 0.39624 4.890006969550464 -1.5977118631805556
16160 11396927 1.3308743704563226 0.0029723202073189056 0.39624 4.890006969550464 -1.5977118631805556
16161 11396927 1.2918281465267485 0.002379954253858716 0.39624 4.890006969550464 -1.5977118631805556
16162 11396927 1.272493480061029 0.003000762771089009 0.39624 4.890006969550464 -1.5977118631805556
16163 11396927 1.25315881359531 0.003621571288319303 0.39624 4.890006969550464 -1.5977118631805556
16164 11396927 1.225459781557373 0.0035578453141859915 0.39624 4.890006969550464 -1.5977118631805556
16165 11396927 1.1977607495194351 0.0034941193400526795 0.39624 4.890006969550464 -1.5977118631805556
16166 11396927 1.170061717481498 0.003430393365919368 0.39624 4.890006969550464 -1.5977118631805556
16167 11396927 1.148047767627163 0.0053648615203004115 0.39624 4.890006969550464 -1.5977118631805556
16168 11396927 1.1241046388563984 0.003840749940590943 0.39624 4.890006969550464 -1.5977118631805556
16169 11396927 1.1038659633564514 0.0033261777575938345 0.39624 4.890006969550464 -1.5977118631805556
16170 11396927 1.0703512360167724 0.005396499416409546 0.39624 4.890006969550464 -1.5977118631805556
16171 11396927 1.0539198018257103 0.005390630392337392 0.39624 4.890006969550464 -1.5977118631805556
16172 11396927 1.0190251452163377 0.005505424912512957 0.3996266666666667 4.890006969550464 -1.5977118631805556
16173 11396927 0.9841304886069644 0.005620219432688521 0.4030133333333334 4.890006969550464 -1.5977118631805556
16174 11396927 0.9492358319975917 0.005735013952864086 0.4064 4.890006969550464 -1.5977118631805556
16175 11396927 0.9143411753882186 0.005849808473039651 0.4097866666666667 4.890006969550464 -1.5977118631805556
16176 11396927 0.8794465187788456 0.005964602993215214 0.4131733333333334 4.890006969550464 -1.5977118631805556
16177 11396927 0.8445518621694728 0.006079397513390779 0.41656 4.890006969550464 -1.5977118631805556
16178 11396927 0.8096572055600998 0.0061941920335663436 0.4199466666666667 4.890006969550464 -1.5977118631805556
16179 11396927 0.7747625489507268 0.006308986553741908 0.4233333333333334 4.890006969550464 -1.5977118631805556
16180 11396927 0.7398678923413539 0.006423781073917473 0.42672 4.890006969550464 -1.5977118631805556
16181 11396927 0.7049732357319809 0.0065385755940930365 0.4301066666666667 4.890006969550464 -1.5977118631805556
16182 11396927 0.6700785791226079 0.006653370114268602 0.4334933333333334 4.890006969550464 -1.5977118631805556
16183 11396927 0.6351839225132351 0.0067681646344441675 0.4368800000000001 4.890006969550464 -1.5977118631805556
16184 11396927 0.6002892659038621 0.006882959154619731 0.4402666666666667 4.890006969550464 -1.5977118631805556
16185 11396927 0.5653946092944893 0.006997753674795295 0.4436533333333334 4.890006969550464 -1.5977118631805556
16186 11396927 0.5304999526851163 0.0071125481949708596 0.4470400000000001 4.890006969550464 -1.5977118631805556
16187 11396927 0.4956052960757433 0.007227342715146423 0.4504266666666667 4.890006969550464 -1.5977118631805556
16188 11396927 0.4607106394663704 0.007342137235321989 0.4538133333333334 4.890006969550464 -1.5977118631805556
16189 11396927 0.4258159828569975 0.007456931755497553 0.4572000000000001 4.890006969550464 -1.5977118631805556
16190 11396927 0.3879501529750549 0.0077688392066374784 0.4572000000000001 4.890006969550464 -1.5977118631805556
16191 11396927 0.35008432309311216 0.008080746657777402 0.4572000000000001 4.890006969550464 -1.5977118631805556
16192 11396927 0.31221849321116946 0.008392654108917326 0.4572000000000001 4.890006969550464 -1.5977118631805556
16193 11396927 0.2743526633292268 0.00870456156005725 0.4572000000000001 4.890006969550464 -1.5977118631805556
16194 11396927 0.2535688212054852 0.014679148951158127 0.48768 4.890006969550464 -1.5977118631805556
16195 11396927 0.20358532109654104 0.015008911901422728 0.4572000000000001 4.890006969550464 -1.5977118631805556
16196 11396927 0.1573739351433857 0.014923979383853841 0.48768 4.890006969550464 -1.5977118631805556
16197 11396927 0.12573534287067978 0.013230880749868112 0.48768 4.890006969550464 -1.5977118631805556
16198 11396927 0.06708988459077525 0.0212994073299958 0.48768 4.890006969550464 -1.5977118631805556
16199 11396927 0.022207161830305574 0.019846382911157503 0.48768 4.890006969550464 -1.5977118631805556
16200 11396927 -0.013314698280313286 0.022577512994962884 0.48768 4.890006969550464 -1.5977118631805556
16201 11396927 -0.050993469312497264 0.02414451681406773 0.48768 4.890006969550464 -1.5977118631805556
16202 11396927 -0.08727598146501936 0.022918699493134714 0.48768 4.890006969550464 -1.5977118631805556
16203 11396927 -0.12066508574424673 0.025654207896948528 0.48768 4.890006969550464 -1.5977118631805556
16204 11396927 -0.16315858218458199 0.02879554400597625 0.48768 4.890006969550464 -1.5977118631805556
16205 11396927 -0.20083751181449694 0.030363344759183206 0.5181600000000001 4.890006969550464 -1.5977118631805556
16206 11396927 -0.2506476509520135 0.0328592046922935 0.5181600000000001 4.890006969550464 -1.5977118631805556
16207 11396927 -0.27382712028266565 0.03395212680495005 0.5181600000000001 4.890006969550464 -1.5977118631805556
16208 11396927 -0.29700658961331783 0.0350450489176066 0.5181600000000001 4.890006969550464 -1.5977118631805556
16209 11396927 -0.3342499361791651 0.036587957787736415 0.5181600000000001 4.890006969550464 -1.5977118631805556
16210 11396927 -0.3715278272237146 0.038025509738776025 0.5181600000000001 4.890006969550464 -1.5977118631805556
16211 11396927 -0.40917246878338004 0.03969997128347272 0.54864 4.890006969550464 -1.5977118631805556
16212 11396927 -0.4400011791309288 0.04592271562397551 0.54864 4.890006969550464 -1.5977118631805556
16213 11396927 -0.4773265345662057 0.045857480914742316 0.54864 4.890006969550464 -1.5977118631805556
16214 11396927 -0.5197858628919259 0.049106510487650884 0.54864 4.890006969550464 -1.5977118631805556
16215 11396927 -0.5535956332520093 0.05572016242747882 0.54864 4.890006969550464 -1.5977118631805556
