18056 11133865 0.7564897259986918 -0.007950895924998952 0.4572000000000001 5.6024721823126855 -0.7967280539886418
18057 11133865 0.7195904036362184 -0.009982899504772415 0.4625340000000001 5.6024721823126855 -0.7967280539886418
18058 11133865 0.682691081273745 -0.01201490308454588 0.4678680000000001 5.6024721823126855 -0.7967280539886418
18059 11133865 0.6457917589112716 -0.014046906664319344 0.47320200000000007 5.6024721823126855 -0.7967280539886418
18060 11133865 0.6088924365487982 -0.01607891024409281 0.47853599999999996 5.6024721823126855 -0.7967280539886418
18061 11133865 0.5719931141863248 -0.018110913823866277 0.48386999999999997 5.6024721823126855 -0.7967280539886418
18062 11133865 0.5350937918238515 -0.020142917403639736 0.48920399999999997 5.6024721823126855 -0.7967280539886418
18063 11133865 0.4981944694613781 -0.0221749209834132 0.494538 5.6024721823126855 -0.7967280539886418
18064 11133865 0.4612951470989047 -0.02420692456318666 0.49987200000000004 5.6024721823126855 -0.7967280539886418
18065 11133865 0.42439582473643134 -0.026238928142960128 0.505206 5.6024721823126855 -0.7967280539886418
18066 11133865 0.3874965023739579 -0.028270931722733594 0.51054 5.6024721823126855 -0.7967280539886418
18067 11133865 0.3672121300472554 -0.02783406544350456 0.5181600000000001 5.6024721823126855 -0.7967280539886418
18068 11133865 0.3153672944251693 -0.03157000157711532 0.5181600000000001 5.6024721823126855 -0.7967280539886418
18069 11133865 0.28060603825166663 -0.03738377523546396 0.52578 5.6024721823126855 -0.7967280539886418
18070 11133865 0.24566170232851425 -0.04267025932581653 0.5334 5.6024721823126855 -0.7967280539886418
18071 11133865 0.21176946332449187 -0.050987525512321615 0.5334 5.6024721823126855 -0.7967280539886418
18072 11133865 0.1810583988870781 -0.0539186993723319 0.54102 5.6024721823126855 -0.7967280539886418
18073 11133865 0.13852282868783894 -0.059060373190070764 0.54864 5.6024721823126855 -0.7967280539886418
18074 11133865 0.09356325787614406 -0.0689006110012245 0.5562600000000001 5.6024721823126855 -0.7967280539886418
18075 11133865 0.06246866711680987 -0.07708019984673581 0.5562600000000001 5.6024721823126855 -0.7967280539886418
18076 11133865 0.026464763014914183 -0.08669271625957313 0.56388 5.6024721823126855 -0.7967280539886418
18077 11133865 -0.00909076327072611 -0.09493284514262726 0.5715 5.6024721823126855 -0.7967280539886418
18078 11133865 -0.04613885755534086 -0.10502160527968354 0.57912 5.6024721823126855 -0.7967280539886418
18079 11133865 -0.0855944337924942 -0.1143233212495918 0.5867399999999999 5.6024721823126855 -0.7967280539886418
18080 11133865 -0.10320373613805424 -0.1220031643962661 0.5867399999999999 5.6024721823126855 -0.7967280539886418
18081 11133865 -0.12081303848361424 -0.1296830075429404 0.5867399999999999 5.6024721823126855 -0.7967280539886418
18082 11133865 -0.1571152964282545 -0.13884680494120635 0.59436 5.6024721823126855 -0.7967280539886418
18083 11133865 -0.18894796957947316 -0.15063973986572013 0.6019800000000001 5.6024721823126855 -0.7967280539886418
18084 11133865 -0.2311475867224122 -0.16289934378971313 0.6096 5.6024721823126855 -0.7967280539886418
18085 11133865 -0.2699561477890702 -0.17837019506074686 0.6096 5.6024721823126855 -0.7967280539886418
18086 11133865 -0.3043434880691149 -0.1871078865766593 0.61722 5.6024721823126855 -0.7967280539886418
18087 11133865 -0.3495237636232145 -0.20984218336341606 0.61722 5.6024721823126855 -0.7967280539886418
18088 11133865 -0.3854680551602441 -0.2274172159382902 0.61722 5.6024721823126855 -0.7967280539886418
18089 11133865 -0.4014730371882401 -0.2356210036230615 0.61722 5.6024721823126855 -0.7967280539886418
18090 11133865 -0.4533350730044121 -0.27743414663826715 0.6248400000000001 5.6024721823126855 -0.7967280539886418
18091 11133865 -0.4803739748197346 -0.3112389708128126 0.6248400000000001 5.6024721823126855 -0.7967280539886418
18092 11133865 -0.5078375317122767 -0.3452554357569405 0.63246 5.6024721823126855 -0.7967280539886418
18093 11133865 -0.5318441123085289 -0.3855426085040669 0.6400800000000001 5.6024721823126855 -0.7967280539886418
18094 11133865 -0.5559422937690071 -0.425566152333943 0.6400800000000001 5.6024721823126855 -0.7967280539886418
18095 11133865 -0.572608636621581 -0.4765479950576842 0.6477 5.6024721823126855 -0.7967280539886418
18096 11133865 -0.5822516201511798 -0.5223485276935503 0.65532 5.6024721823126855 -0.7967280539886418
18097 11133865 -0.5850752052342674 -0.5486474833759025 0.65532 5.6024721823126855 -0.7967280539886418
18098 11133865 -0.5878987903173549 -0.5749464390582548 0.65532 5.6024721823126855 -0.7967280539886418
18099 11133865 -0.5887464467461385 -0.6454698526921824 0.6629400000000001 5.6024721823126855 -0.7967280539886418
18100 11133865 -0.5808178751899067 -0.7011036145933629 0.67056 5.6024721823126855 -0.7967280539886418
18101 11133865 -0.5704767328953113 -0.7526189883463282 0.67056 5.6024721823126855 -0.7967280539886418
18102 11133865 -0.5516829541201964 -0.8282775981115397 0.6781800000000001 5.6024721823126855 -0.7967280539886418
18103 11133865 -0.5419643973772248 -0.8474604420562853 0.6858000000000001 5.6024721823126855 -0.7967280539886418
18104 11133865 -0.5109948363364807 -0.9157660487948386 0.6858000000000001 5.6024721823126855 -0.7967280539886418
18105 11133865 -0.4954639066186215 -0.9375496604792054 0.6858000000000001 5.6024721823126855 -0.7967280539886418
18106 11133865 -0.4242567664039352 -1.0254326762534194 0.69342 5.6024721823126855 -0.7967280539886418
18107 11133865 -0.39138322277014814 -1.0580250268295481 0.69342 5.6024721823126855 -0.7967280539886418
18108 11133865 -0.33756616712118315 -1.1015515205775572 0.69342 5.6024721823126855 -0.7967280539886418
18109 11133865 -0.2849037298524133 -1.1415456358241731 0.7010400000000001 5.6024721823126855 -0.7967280539886418
18110 11133865 -0.22846994082382224 -1.1710887934809802 0.7010400000000001 5.6024721823126855 -0.7967280539886418
18111 11133865 -0.18911749959832824 -1.186578623762148 0.7010400000000001 5.6024721823126855 -0.7967280539886418
18112 11133865 -0.14976505837283427 -1.2020684540433162 0.7010400000000001 5.6024721823126855 -0.7967280539886418
18113 11133865 -0.09868536493762757 -1.2170093559138528 0.7010400000000001 5.6024721823126855 -0.7967280539886418
18114 11133865 -0.04267396680672908 -1.2318090924558578 0.7086600000000001 5.6024721823126855 -0.7967280539886418
18115 11133865 0.01720090719537959 -1.2347861023014832 0.7086600000000001 5.6024721823126855 -0.7967280539886418
18116 11133865 0.08693545397243763 -1.2415687118160437 0.7086600000000001 5.6024721823126855 -0.7967280539886418
18117 11133865 0.14717694598986852 -1.2447813114648567 0.7162800000000001 5.6024721823126855 -0.7967280539886418
18118 11133865 0.2338849408690967 -1.2512675293648805 0.7162800000000001 5.6024721823126855 -0.7967280539886418
18119 11133865 0.2715690828497316 -1.2528328679307683 0.7162800000000001 5.6024721823126855 -0.7967280539886418
18120 11133865 0.3694598561461955 -1.2577142723137231 0.7162800000000001 5.6024721823126855 -0.7967280539886418
18121 11133865 0.4035209644617521 -1.2578615204414134 0.7086600000000001 5.6024721823126855 -0.7967280539886418
18122 11133865 0.456813358823617 -1.2595021046025303 0.7086600000000001 5.6024721823126855 -0.7967280539886418
18123 11133865 0.5524150798310171 -1.2577919630444885 0.7086600000000001 5.6024721823126855 -0.7967280539886418
18124 11133865 0.6183428430213601 -1.2626249231793036 0.7010400000000001 5.6024721823126855 -0.7967280539886418
18125 11133865 0.6843802042616884 -1.2589648625325391 0.69342 5.6024721823126855 -0.7967280539886418
18126 11133865 0.7411250455214342 -1.259278039776107 0.69342 5.6024721823126855 -0.7967280539886418
18127 11133865 0.7743943757689353 -1.2593985773764536 0.6896100000000001 5.6024721823126855 -0.7967280539886418
18128 11133865 0.8076637060164364 -1.2595191149768 0.6858000000000001 5.6024721823126855 -0.7967280539886418
18129 11133865 0.8846952440255884 -1.2602666672608407 0.6781800000000001 5.6024721823126855 -0.7967280539886418
18130 11133865 0.9496628743769058 -1.2598765024893173 0.6781800000000001 5.6024721823126855 -0.7967280539886418
18131 11133865 1.0187716467023722 -1.2576842450067385 0.67056 5.6024721823126855 -0.7967280539886418
18132 11133865 1.1086152218900955 -1.254553745052964 0.67056 5.6024721823126855 -0.7967280539886418
18133 11133865 1.142022013828556 -1.254250394455314 0.67056 5.6024721823126855 -0.7967280539886418
18134 11133865 1.2034463004631328 -1.252467133521802 0.67056 5.6024721823126855 -0.7967280539886418
18135 11133865 1.2917376549748891 -1.2540845822761744 0.67056 5.6024721823126855 -0.7967280539886418
18136 11133865 1.3518390341990048 -1.257709192005261 0.6629400000000001 5.6024721823126855 -0.7967280539886418
18137 11133865 1.423295074159084 -1.259200536311362 0.67056 5.6024721823126855 -0.7967280539886418
18138 11133865 1.4800480228971735 -1.2621978550032815 0.67056 5.6024721823126855 -0.7967280539886418
18139 11133865 1.5337284589461044 -1.263724066190167 0.67056 5.6024721823126855 -0.7967280539886418
18140 11133865 1.5909940411089485 -1.2716776156635579 0.67056 5.6024721823126855 -0.7967280539886418
18141 11133865 1.6309065618161631 -1.2740222610596228 0.67056 5.6024721823126855 -0.7967280539886418
18142 11133865 1.6708190825233775 -1.2763669064556873 0.67056 5.6024721823126855 -0.7967280539886418
18143 11133865 1.7229480499370995 -1.2826420418716362 0.67056 5.6024721823126855 -0.7967280539886418
18144 11133865 1.781443668929002 -1.2857388464251651 0.67056 5.6024721823126855 -0.7967280539886418
18145 11133865 1.8326763482638968 -1.2947578374774278 0.67056 5.6024721823126855 -0.7967280539886418
18146 11133865 1.9071890942151075 -1.303200474792523 0.67056 5.6024721823126855 -0.7967280539886418
18147 11133865 1.9578949338073808 -1.3111119818532588 0.6629400000000001 5.6024721823126855 -0.7967280539886418
18148 11133865 2.0043268839480604 -1.3130717600810202 0.6629400000000001 5.6024721823126855 -0.7967280539886418
18149 11133865 2.0572681221711107 -1.3222965189563531 0.65532 5.6024721823126855 -0.7967280539886418
18150 11133865 2.1038920590233685 -1.3291079031118078 0.65532 5.6024721823126855 -0.7967280539886418
18151 11133865 2.1514588389692046 -1.3316708995155409 0.65532 5.6024721823126855 -0.7967280539886418
18152 11133865 2.213619946784978 -1.3412177823412952 0.65532 5.6024721823126855 -0.7967280539886418
18153 11133865 2.2692102020252283 -1.3504880572072036 0.6477 5.6024721823126855 -0.7967280539886418
18154 11133865 2.322909630969185 -1.3573883643929656 0.6477 5.6024721823126855 -0.7967280539886418
18155 11133865 2.3471375119302107 -1.3634285668919806 0.6477 5.6024721823126855 -0.7967280539886418
18156 11133865 2.3909069904017617 -1.3683716914182749 0.6400800000000001 5.6024721823126855 -0.7967280539886418
18157 11133865 2.472643637448864 -1.377531246852394 0.6400800000000001 5.6024721823126855 -0.7967280539886418
18158 11133865 2.537229114394476 -1.3782877689358608 0.63246 5.6024721823126855 -0.7967280539886418
18159 11133865 2.5758068671117127 -1.3770959890219852 0.63246 5.6024721823126855 -0.7967280539886418
18160 11133865 2.6143846198289493 -1.375904209108109 0.63246 5.6024721823126855 -0.7967280539886418
18161 11133865 2.673676048939362 -1.368389892749242 0.63246 5.6024721823126855 -0.7967280539886418
18162 11133865 2.7217998679611908 -1.3569964470247882 0.6248400000000001 5.6024721823126855 -0.7967280539886418
18163 11133865 2.773342555236793 -1.3419290849739285 0.62103 5.6024721823126855 -0.7967280539886418
18164 11133865 2.8248852425123947 -1.3268617229230684 0.61722 5.6024721823126855 -0.7967280539886418
18165 11133865 2.8658459789256217 -1.30612072967447 0.61722 5.6024721823126855 -0.7967280539886418
18166 11133865 2.8899103505887185 -1.2947004403228437 0.6096 5.6024721823126855 -0.7967280539886418
18167 11133865 2.948172153286212 -1.2565933720090037 0.6096 5.6024721823126855 -0.7967280539886418
18168 11133865 2.988587020699063 -1.2252773224781113 0.6019800000000001 5.6024721823126855 -0.7967280539886418
18169 11133865 3.0178993354815318 -1.1980474122679812 0.6019800000000001 5.6024721823126855 -0.7967280539886418
18170 11133865 3.0515141621003057 -1.1657968514731911 0.6019800000000001 5.6024721823126855 -0.7967280539886418
18171 11133865 3.0834547379133257 -1.1332334427001942 0.59436 5.6024721823126855 -0.7967280539886418
18172 11133865 3.114001560354973 -1.0897018768036253 0.5867399999999999 5.6024721823126855 -0.7967280539886418
18173 11133865 3.1252021070921665 -1.0719803118090756 0.5867399999999999 5.6024721823126855 -0.7967280539886418
18174 11133865 3.13640265382936 -1.054258746814526 0.5867399999999999 5.6024721823126855 -0.7967280539886418
18175 11133865 3.1550790667005124 -1.0144460701379103 0.5867399999999999 5.6024721823126855 -0.7967280539886418
18176 11133865 3.1743646318206045 -0.9716782149830318 0.5867399999999999 5.6024721823126855 -0.7967280539886418
18177 11133865 3.1857685644760223 -0.9367345842934746 0.5867399999999999 5.6024721823126855 -0.7967280539886418
18178 11133865 3.1979014685415854 -0.8658165986136648 0.57912 5.6024721823126855 -0.7967280539886418
18179 11133865 3.2040654746879405 -0.8303310271578906 0.5715 5.6024721823126855 -0.7967280539886418
18180 11133865 3.2102639829109987 -0.7947398959681463 0.5715 5.6024721823126855 -0.7967280539886418
18181 11133865 3.2049032758954668 -0.7611002095018359 0.56388 5.6024721823126855 -0.7967280539886418
18182 11133865 3.2064258811841486 -0.7210626880401244 0.56388 5.6024721823126855 -0.7967280539886418
18183 11133865 3.2008251004833044 -0.6865268904468498 0.5562600000000001 5.6024721823126855 -0.7967280539886418
18184 11133865 3.1957823543079282 -0.6706882094556265 0.5562600000000001 5.6024721823126855 -0.7967280539886418
18185 11133865 3.190739608132551 -0.6548495284644031 0.5562600000000001 5.6024721823126855 -0.7967280539886418
18186 11133865 3.1835676944255464 -0.6213194663658508 0.54864 5.6024721823126855 -0.7967280539886418
18187 11133865 3.1678557887900256 -0.5834835727918958 0.54864 5.6024721823126855 -0.7967280539886418
18188 11133865 3.158927872161473 -0.5537024234162355 0.54102 5.6024721823126855 -0.7967280539886418
18189 11133865 3.1438466073123252 -0.5166562590413769 0.54102 5.6024721823126855 -0.7967280539886418
18190 11133865 3.1241111195008786 -0.4780909442823268 0.5334 5.6024721823126855 -0.7967280539886418
18191 11133865 3.107158815563733 -0.4456905603057996 0.5334 5.6024721823126855 -0.7967280539886418
18192 11133865 3.094790409392461 -0.41829066657056224 0.52578 5.6024721823126855 -0.7967280539886418
18193 11133865 3.0877103829096346 -0.407335501698494 0.52578 5.6024721823126855 -0.7967280539886418
18194 11133865 3.0587059613860825 -0.3574505707953645 0.5181600000000001 5.6024721823126855 -0.7967280539886418
18195 11133865 3.045979797107802 -0.33495675457892715 0.5181600000000001 5.6024721823126855 -0.7967280539886418
18196 11133865 3.0217018396163913 -0.3021506640133761 0.51054 5.6024721823126855 -0.7967280539886418
18197 11133865 3.001236836294386 -0.2788829187977789 0.50292 5.6024721823126855 -0.7967280539886418
18198 11133865 2.9696238395170367 -0.2413459612138421 0.50292 5.6024721823126855 -0.7967280539886418
18199 11133865 2.9554008860234395 -0.2305121069540013 0.50292 5.6024721823126855 -0.7967280539886418
18200 11133865 2.9321990170315173 -0.2020284647769919 0.50292 5.6024721823126855 -0.7967280539886418
18201 11133865 2.9023000697852583 -0.17556396690770468 0.50292 5.6024721823126855 -0.7967280539886418
18202 11133865 2.8716983466080936 -0.1550611481050068 0.50292 5.6024721823126855 -0.7967280539886418
18203 11133865 2.8451090314958707 -0.13586795333460236 0.50292 5.6024721823126855 -0.7967280539886418
18204 11133865 2.814734019588521 -0.12011148397336432 0.50292 5.6024721823126855 -0.7967280539886418
18205 11133865 2.7980504596024174 -0.11192001000223156 0.50292 5.6024721823126855 -0.7967280539886418
18206 11133865 2.781366899616313 -0.1037285360310988 0.50292 5.6024721823126855 -0.7967280539886418
18207 11133865 2.7514469014271734 -0.09419469763845537 0.50292 5.6024721823126855 -0.7967280539886418
18208 11133865 2.7215269032380336 -0.08466085924581193 0.50292 5.6024721823126855 -0.7967280539886418
18209 11133865 2.7060972880908425 -0.07915645398474316 0.4953 5.6024721823126855 -0.7967280539886418
18210 11133865 2.657331229919943 -0.06370336440955929 0.4953 5.6024721823126855 -0.7967280539886418
18211 11133865 2.6109273451731827 -0.048086549901281056 0.48768 5.6024721823126855 -0.7967280539886418
18212 11133865 2.5796171138317305 -0.04335491784872711 0.48768 5.6024721823126855 -0.7967280539886418
18213 11133865 2.5478022637467266 -0.038808852081222665 0.48768 5.6024721823126855 -0.7967280539886418
18214 11133865 2.512093629474233 -0.027150436559628868 0.48768 5.6024721823126855 -0.7967280539886418
18215 11133865 2.486503899548894 -0.023935613887853063 0.48006000000000004 5.6024721823126855 -0.7967280539886418
18216 11133865 2.4596415712545405 -0.02053883718211572 0.48006000000000004 5.6024721823126855 -0.7967280539886418
18217 11133865 2.424353625530837 -0.014390974841275191 0.48006000000000004 5.6024721823126855 -0.7967280539886418
18218 11133865 2.393548033333052 -0.009472820333987305 0.48006000000000004 5.6024721823126855 -0.7967280539886418
18219 11133865 2.344588368744016 -0.009841638986067295 0.48006000000000004 5.6024721823126855 -0.7967280539886418
18220 11133865 2.313347059123028 -0.00489769562334766 0.47244 5.6024721823126855 -0.7967280539886418
18221 11133865 2.2814480604649887 -0.006047126983656587 0.47244 5.6024721823126855 -0.7967280539886418
18222 11133865 2.2649546231104143 -0.005568018528771672 0.46863 5.6024721823126855 -0.7967280539886418
18223 11133865 2.24846118575584 -0.00508891007388676 0.4648200000000001 5.6024721823126855 -0.7967280539886418
18224 11133865 2.2175865851548466 -0.0003811172033659493 0.4648200000000001 5.6024721823126855 -0.7967280539886418
18225 11133865 2.163949897678536 0.0012457057327023011 0.4572000000000001 5.6024721823126855 -0.7967280539886418
18226 11133865 2.131489583569985 0.0010979259525818186 0.4572000000000001 5.6024721823126855 -0.7967280539886418
18227 11133865 2.0986280098140897 0.0010813125979377836 0.4572000000000001 5.6024721823126855 -0.7967280539886418
18228 11133865 2.0662478574831944 0.0009076275345523963 0.4572000000000001 5.6024721823126855 -0.7967280539886418
18229 11133865 2.049805736089006 0.0011367842011323626 0.4572000000000001 5.6024721823126855 -0.7967280539886418
18230 11133865 2.005981079801188 -0.0009067619309396646 0.44958 5.6024721823126855 -0.7967280539886418
18231 11133865 1.973669751796406 -0.0008688981196517676 0.44958 5.6024721823126855 -0.7967280539886418
18232 11133865 1.9392126340913438 -0.0030506783074473747 0.44958 5.6024721823126855 -0.7967280539886418
18233 11133865 1.91556454171896 -0.002045014119551658 0.44577 5.6024721823126855 -0.7967280539886418
18234 11133865 1.8919164493465752 -0.0010393499316559418 0.44196 5.6024721823126855 -0.7967280539886418
18235 11133865 1.8718495846809704 -0.0026634126498732698 0.44196 5.6024721823126855 -0.7967280539886418
18236 11133865 1.8254781616310845 -0.005977027947114133 0.44196 5.6024721823126855 -0.7967280539886418
18237 11133865 1.7989227657209184 -0.005715470008417406 0.4343400000000001 5.6024721823126855 -0.7967280539886418
18238 11133865 1.7443449292531563 -0.004245654308170727 0.4343400000000001 5.6024721823126855 -0.7967280539886418
18239 11133865 1.718099752735753 -0.003033733579414888 0.4343400000000001 5.6024721823126855 -0.7967280539886418
18240 11133865 1.6792318776218509 0.0003149779057629032 0.42672 5.6024721823126855 -0.7967280539886418
18241 11133865 1.6512188407629969 -0.0011665037561167102 0.42672 5.6024721823126855 -0.7967280539886418
18242 11133865 1.622005193251952 0.0018330545478236202 0.42672 5.6024721823126855 -0.7967280539886418
18243 11133865 1.5859791717064144 0.003008109111779761 0.4241800000000001 5.6024721823126855 -0.7967280539886418
18244 11133865 1.5499531501608772 0.0041831636757359006 0.42163999999999996 5.6024721823126855 -0.7967280539886418
18245 11133865 1.5139271286153395 0.005358218239692042 0.4191 5.6024721823126855 -0.7967280539886418
18246 11133865 1.4886739299307128 0.004533589555695351 0.41656 5.6024721823126855 -0.7967280539886418
18247 11133865 1.4634207312460858 0.0037089608716986593 0.41402 5.6024721823126855 -0.7967280539886418
18248 11133865 1.438167532561459 0.0028843321877019684 0.41148 5.6024721823126855 -0.7967280539886418
18249 11133865 1.4054483284086032 0.002765801022119381 0.41148 5.6024721823126855 -0.7967280539886418
18250 11133865 1.3727291242557478 0.002647269856536793 0.41148 5.6024721823126855 -0.7967280539886418
18251 11133865 1.3407380130974924 0.0025831679396450253 0.40386 5.6024721823126855 -0.7967280539886418
18252 11133865 1.3127590489715528 0.0012085809482820092 0.40386 5.6024721823126855 -0.7967280539886418
18253 11133865 1.2818262026124785 0.0054720067314253384 0.40386 5.6024721823126855 -0.7967280539886418
18254 11133865 1.2589827731436782 0.0024200069239107003 0.41148 5.6024721823126855 -0.7967280539886418
18255 11133865 1.2372321536028232 0.0038009251269055452 0.40767 5.6024721823126855 -0.7967280539886418
18256 11133865 1.2154815340619682 0.00518184332990039 0.40386 5.6024721823126855 -0.7967280539886418
18257 11133865 1.1891842000760875 0.006237431854423153 0.40386 5.6024721823126855 -0.7967280539886418
18258 11133865 1.1628868660902072 0.0072930203789459145 0.40386 5.6024721823126855 -0.7967280539886418
18259 11133865 1.148047767627163 0.0053648615203004115 0.40386 5.6024721823126855 -0.7967280539886418
18260 11133865 1.1090161630424973 0.005498893765006306 0.40386 5.6024721823126855 -0.7967280539886418
18261 11133865 1.0840178671179903 0.0037355266010849174 0.40386 5.6024721823126855 -0.7967280539886418
18262 11133865 1.0590195711934831 0.0019721594371635287 0.40386 5.6024721823126855 -0.7967280539886418
18263 11133865 1.0278373766258946 0.001671781179700339 0.4054928571428572 5.6024721823126855 -0.7967280539886418
18264 11133865 0.9966551820583058 0.0013714029222371494 0.4071257142857143 5.6024721823126855 -0.7967280539886418
18265 11133865 0.9654729874907172 0.00107102466477396 0.4087585714285714 5.6024721823126855 -0.7967280539886418
18266 11133865 0.9342907929231284 0.0007706464073107702 0.4103914285714286 5.6024721823126855 -0.7967280539886418
18267 11133865 0.9031085983555396 0.00047026814984758056 0.4120242857142857 5.6024721823126855 -0.7967280539886418
18268 11133865 0.8719264037879509 0.0001698898923843911 0.4136571428571428 5.6024721823126855 -0.7967280539886418
18269 11133865 0.8407442092203622 -0.00013048836507879855 0.41528999999999994 5.6024721823126855 -0.7967280539886418
18270 11133865 0.8095620146527736 -0.00043086662254198825 0.4169228571428572 5.6024721823126855 -0.7967280539886418
18271 11133865 0.7783798200851848 -0.0007312448800051778 0.4185557142857143 5.6024721823126855 -0.7967280539886418
18272 11133865 0.747197625517596 -0.0010316231374683676 0.42018857142857147 5.6024721823126855 -0.7967280539886418
18273 11133865 0.7160154309500073 -0.0013320013949315573 0.42182142857142857 5.6024721823126855 -0.7967280539886418
18274 11133865 0.6848332363824186 -0.0016323796523947465 0.4234542857142857 5.6024721823126855 -0.7967280539886418
18275 11133865 0.6536510418148298 -0.001932757909857936 0.4250871428571429 5.6024721823126855 -0.7967280539886418
18276 11133865 0.6224688472472409 -0.0022331361673211263 0.42672 5.6024721823126855 -0.7967280539886418
18277 11133865 0.5912866526796524 -0.002533514424784316 0.4283528571428572 5.6024721823126855 -0.7967280539886418
18278 11133865 0.5601044581120637 -0.002833892682247505 0.4299857142857143 5.6024721823126855 -0.7967280539886418
18279 11133865 0.5289222635444749 -0.0031342709397106944 0.43161857142857146 5.6024721823126855 -0.7967280539886418
18280 11133865 0.4977400689768862 -0.0034346491971738845 0.4332514285714286 5.6024721823126855 -0.7967280539886418
18281 11133865 0.4665578744092975 -0.0037350274546370742 0.4348842857142857 5.6024721823126855 -0.7967280539886418
18282 11133865 0.4353756798417088 -0.004035405712100264 0.4365171428571429 5.6024721823126855 -0.7967280539886418
18283 11133865 0.40419348527411997 -0.004335783969563453 0.43815 5.6024721823126855 -0.7967280539886418
18284 11133865 0.3730112907065313 -0.004636162227026643 0.4397828571428571 5.6024721823126855 -0.7967280539886418
18285 11133865 0.3418290961389425 -0.0049365404844898325 0.4414157142857143 5.6024721823126855 -0.7967280539886418
18286 11133865 0.3106469015713538 -0.005236918741953022 0.44304857142857146 5.6024721823126855 -0.7967280539886418
18287 11133865 0.27946470700376513 -0.005537296999416212 0.4446814285714286 5.6024721823126855 -0.7967280539886418
18288 11133865 0.2482825124361764 -0.005837675256879401 0.4463142857142858 5.6024721823126855 -0.7967280539886418
18289 11133865 0.21710031786858766 -0.0061380535143425894 0.4479471428571429 5.6024721823126855 -0.7967280539886418
18290 11133865 0.18591812330099888 -0.0064384317718057795 0.44958 5.6024721823126855 -0.7967280539886418
18291 11133865 0.1112955897064034 -0.014645378623782263 0.44958 5.6024721823126855 -0.7967280539886418
18292 11133865 0.06590804927142624 -0.016284219052561773 0.4572000000000001 5.6024721823126855 -0.7967280539886418
18293 11133865 0.016230681033332358 -0.019090967357408426 0.4648200000000001 5.6024721823126855 -0.7967280539886418
18294 11133865 -0.03054678540200006 -0.02307890968069173 0.47244 5.6024721823126855 -0.7967280539886418
18295 11133865 -0.09440900260991293 -0.025805030155827663 0.48006000000000004 5.6024721823126855 -0.7967280539886418
