32785 10628960 1.2029113263030182 0.07958769988159549 0.36576 4.538277022418892 -2.4225798289808167
32786 10628960 1.2062763853145746 0.07921855098144327 0.36576 4.538277022418892 -2.4225798289808167
32787 10628960 1.2081902779635612 0.07800919449843499 0.36576 4.538277022418892 -2.4225798289808167
32788 10628960 1.2119287481080028 0.07857923262461439 0.36576 4.538277022418892 -2.4225798289808167
32789 10628960 1.2156672182524446 0.07914927075079377 0.36576 4.538277022418892 -2.4225798289808167
32790 10628960 1.2194056883968862 0.07971930887697315 0.36576 4.538277022418892 -2.4225798289808167
32791 10628960 1.223144158541328 0.08028934700315253 0.36576 4.538277022418892 -2.4225798289808167
32792 10628960 1.2268826286857697 0.0808593851293319 0.36576 4.538277022418892 -2.4225798289808167
32793 10628960 1.230621098830211 0.08142942325551128 0.36576 4.538277022418892 -2.4225798289808167
32794 10628960 1.233934263591825 0.08069756356251798 0.36576 4.538277022418892 -2.4225798289808167
32795 10628960 1.2390718749031169 0.08057969715912129 0.36576 4.538277022418892 -2.4225798289808167
32796 10628960 1.2442094862144086 0.08046183075572459 0.36576 4.538277022418892 -2.4225798289808167
32797 10628960 1.2493470975257006 0.0803439643523279 0.36576 4.538277022418892 -2.4225798289808167
32798 10628960 1.2544847088369926 0.08022609794893122 0.36576 4.538277022418892 -2.4225798289808167
32799 10628960 1.2596223201482846 0.08010823154553454 0.36576 4.538277022418892 -2.4225798289808167
32800 10628960 1.2647599314595763 0.07999036514213784 0.36576 4.538277022418892 -2.4225798289808167
32801 10628960 1.2698975427708683 0.07987249873874115 0.36576 4.538277022418892 -2.4225798289808167
32802 10628960 1.2750351540821605 0.07975463233534448 0.36576 4.538277022418892 -2.4225798289808167
32803 10628960 1.2801727653934523 0.07963676593194778 0.36576 4.538277022418892 -2.4225798289808167
32804 10628960 1.285310376704744 0.07951889952855108 0.36576 4.538277022418892 -2.4225798289808167
32805 10628960 1.2904479880160358 0.0794010331251544 0.36576 4.538277022418892 -2.4225798289808167
32806 10628960 1.295585599327328 0.07928316672175771 0.36576 4.538277022418892 -2.4225798289808167
32807 10628960 1.3007232106386195 0.07916530031836101 0.36576 4.538277022418892 -2.4225798289808167
32808 10628960 1.3058608219499117 0.07904743391496433 0.36576 4.538277022418892 -2.4225798289808167
32809 10628960 1.3092216995271202 0.08063651462421767 0.36576 4.538277022418892 -2.4225798289808167
32810 10628960 1.312582577104329 0.08222559533347101 0.36576 4.538277022418892 -2.4225798289808167
32811 10628960 1.3179726307959911 0.08218803500301201 0.36576 4.538277022418892 -2.4225798289808167
32812 10628960 1.3233626844876538 0.08215047467255301 0.36576 4.538277022418892 -2.4225798289808167
32813 10628960 1.3287527381793165 0.08211291434209403 0.36576 4.538277022418892 -2.4225798289808167
32814 10628960 1.3341427918709787 0.08207535401163503 0.36576 4.538277022418892 -2.4225798289808167
32815 10628960 1.3395328455626414 0.08203779368117603 0.36576 4.538277022418892 -2.4225798289808167
32816 10628960 1.344922899254304 0.08200023335071703 0.36576 4.538277022418892 -2.4225798289808167
32817 10628960 1.3503129529459663 0.08196267302025803 0.36576 4.538277022418892 -2.4225798289808167
32818 10628960 1.3557030066376292 0.08192511268979903 0.36576 4.538277022418892 -2.4225798289808167
32819 10628960 1.3610930603292914 0.08188755235934002 0.36576 4.538277022418892 -2.4225798289808167
32820 10628960 1.3664831140209541 0.08184999202888105 0.36576 4.538277022418892 -2.4225798289808167
32821 10628960 1.3718731677126166 0.08181243169842205 0.36576 4.538277022418892 -2.4225798289808167
32822 10628960 1.3772632214042793 0.08177487136796305 0.36576 4.538277022418892 -2.4225798289808167
32823 10628960 1.3787314406828042 0.08246351070504193 0.36576 4.538277022418892 -2.4225798289808167
32824 10628960 1.3825630360299628 0.08121190095103202 0.36576 4.538277022418892 -2.4225798289808167
32825 10628960 1.3863946313771216 0.07996029119702212 0.36576 4.538277022418892 -2.4225798289808167
32826 10628960 1.3902262267242804 0.07870868144301221 0.36576 4.538277022418892 -2.4225798289808167
32827 10628960 1.394057822071439 0.07745707168900233 0.36576 4.538277022418892 -2.4225798289808167
32828 10628960 1.3974403012721328 0.07739061566237812 0.36576 4.538277022418892 -2.4225798289808167
32829 10628960 1.4008227804728264 0.07732415963575391 0.36576 4.538277022418892 -2.4225798289808167
32830 10628960 1.4042052596735202 0.07725770360912973 0.36576 4.538277022418892 -2.4225798289808167
32831 10628960 1.4075877388742135 0.0771912475825055 0.36576 4.538277022418892 -2.4225798289808167
32832 10628960 1.4109702180749075 0.07712479155588131 0.36576 4.538277022418892 -2.4225798289808167
32833 10628960 1.4143526972756006 0.0770583355292571 0.36576 4.538277022418892 -2.4225798289808167
32834 10628960 1.4177351764762949 0.0769918795026329 0.36576 4.538277022418892 -2.4225798289808167
32835 10628960 1.4211176556769884 0.0769254234760087 0.36576 4.538277022418892 -2.4225798289808167
32836 10628960 1.4245001348776822 0.0768589674493845 0.36576 4.538277022418892 -2.4225798289808167
32837 10628960 1.4250093185661912 0.07627146280721896 0.36576 4.538277022418892 -2.4225798289808167
32838 10628960 1.4255185022547003 0.07568395816505341 0.36576 4.538277022418892 -2.4225798289808167
32839 10628960 1.4260276859432093 0.07509645352288788 0.36576 4.538277022418892 -2.4225798289808167
32840 10628960 1.4265368696317184 0.07450894888072232 0.36576 4.538277022418892 -2.4225798289808167
32841 10628960 1.4270460533202274 0.07392144423855677 0.36576 4.538277022418892 -2.4225798289808167
32842 10628960 1.4275552370087363 0.07333393959639123 0.36576 4.538277022418892 -2.4225798289808167
32843 10628960 1.4280644206972457 0.07274643495422567 0.36576 4.538277022418892 -2.4225798289808167
32844 10628960 1.4285736043857546 0.07215893031206014 0.36576 4.538277022418892 -2.4225798289808167
32845 10628960 1.4290827880742636 0.07157142566989459 0.36576 4.538277022418892 -2.4225798289808167
32846 10628960 1.4295919717627723 0.07098392102772905 0.36576 4.538277022418892 -2.4225798289808167
32847 10628960 1.4301011554512817 0.0703964163855635 0.36576 4.538277022418892 -2.4225798289808167
32848 10628960 1.4306103391397906 0.06980891174339796 0.36576 4.538277022418892 -2.4225798289808167
32849 10628960 1.4311195228282998 0.06922140710123241 0.36576 4.538277022418892 -2.4225798289808167
32850 10628960 1.4316287065168087 0.06863390245906686 0.36576 4.538277022418892 -2.4225798289808167
32851 10628960 1.4321378902053181 0.06804639781690132 0.36576 4.538277022418892 -2.4225798289808167
32852 10628960 1.4326470738938268 0.06745889317473577 0.36576 4.538277022418892 -2.4225798289808167
32853 10628960 1.433156257582336 0.06687138853257023 0.36576 4.538277022418892 -2.4225798289808167
32854 10628960 1.433665441270845 0.06628388389040467 0.36576 4.538277022418892 -2.4225798289808167
32855 10628960 1.434174624959354 0.06569637924823912 0.36576 4.538277022418892 -2.4225798289808167
32856 10628960 1.434683808647863 0.06510887460607359 0.36576 4.538277022418892 -2.4225798289808167
32857 10628960 1.4351929923363718 0.06452136996390803 0.36576 4.538277022418892 -2.4225798289808167
32858 10628960 1.4357021760248811 0.0639338653217425 0.36576 4.538277022418892 -2.4225798289808167
32859 10628960 1.4362113597133899 0.06334636067957694 0.36576 4.538277022418892 -2.4225798289808167
32860 10628960 1.4367205434018993 0.06275885603741141 0.36576 4.538277022418892 -2.4225798289808167
32861 10628960 1.4372297270904082 0.062171351395245864 0.36576 4.538277022418892 -2.4225798289808167
32862 10628960 1.4377389107789174 0.06158384675308031 0.36576 4.538277022418892 -2.4225798289808167
32863 10628960 1.4382480944674263 0.060996342110914765 0.36576 4.538277022418892 -2.4225798289808167
32864 10628960 1.4387572781559357 0.06040883746874921 0.36576 4.538277022418892 -2.4225798289808167
32865 10628960 1.4392664618444444 0.059821332826583674 0.36576 4.538277022418892 -2.4225798289808167
32866 10628960 1.4397756455329531 0.05923382818441812 0.36576 4.538277022418892 -2.4225798289808167
32867 10628960 1.4402848292214625 0.058646323542252576 0.36576 4.538277022418892 -2.4225798289808167
32868 10628960 1.4407940129099714 0.058058818900087024 0.36576 4.538277022418892 -2.4225798289808167
32869 10628960 1.4413031965984806 0.057471314257921485 0.36576 4.538277022418892 -2.4225798289808167
32870 10628960 1.4418123802869895 0.05688380961575594 0.36576 4.538277022418892 -2.4225798289808167
32871 10628960 1.4423215639754987 0.0562963049735904 0.36576 4.538277022418892 -2.4225798289808167
32872 10628960 1.4428307476640077 0.05570880033142485 0.36576 4.538277022418892 -2.4225798289808167
32873 10628960 1.4433399313525168 0.0551212956892593 0.36576 4.538277022418892 -2.4225798289808167
32874 10628960 1.4438491150410258 0.054533791047093765 0.36576 4.538277022418892 -2.4225798289808167
32875 10628960 1.4443513850225187 0.05165357228131856 0.37338000000000005 4.538277022418892 -2.4225798289808167
32876 10628960 1.4448536550040116 0.04877335351554335 0.381 4.538277022418892 -2.4225798289808167
32877 10628960 1.4453559249855048 0.04589313474976815 0.38861999999999997 4.538277022418892 -2.4225798289808167
32878 10628960 1.4458581949669975 0.043012915983992935 0.39624 4.538277022418892 -2.4225798289808167
32879 10628960 1.4441969229766352 0.04472380062632275 0.39624 4.538277022418892 -2.4225798289808167
32880 10628960 1.4450601321547838 0.04152124218300482 0.38861999999999997 4.538277022418892 -2.4225798289808167
32881 10628960 1.4459233413329329 0.03831868373968688 0.381 4.538277022418892 -2.4225798289808167
32882 10628960 1.4467865505110817 0.035116125296368934 0.37338000000000005 4.538277022418892 -2.4225798289808167
32883 10628960 1.4476497596892308 0.03191356685305101 0.36576 4.538277022418892 -2.4225798289808167
32884 10628960 1.4481405967202878 0.029066290687980275 0.36576 4.538277022418892 -2.4225798289808167
32885 10628960 1.448631433751345 0.02621901452290954 0.36576 4.538277022418892 -2.4225798289808167
32886 10628960 1.4491222707824023 0.02337173835783881 0.36576 4.538277022418892 -2.4225798289808167
32887 10628960 1.449613107813459 0.020524462192768076 0.36576 4.538277022418892 -2.4225798289808167
32888 10628960 1.4489855581831428 0.018603254204281845 0.371856 4.538277022418892 -2.4225798289808167
32889 10628960 1.4483580085528265 0.016682046215795616 0.377952 4.538277022418892 -2.4225798289808167
32890 10628960 1.4477304589225095 0.014760838227309387 0.384048 4.538277022418892 -2.4225798289808167
32891 10628960 1.447102909292193 0.012839630238823157 0.3901440000000001 4.538277022418892 -2.4225798289808167
32892 10628960 1.4464753596618765 0.010918422250336929 0.39624 4.538277022418892 -2.4225798289808167
32893 10628960 1.4429427384108928 0.010498656707756395 0.39444705882352943 4.538277022418892 -2.4225798289808167
32894 10628960 1.4394101171599092 0.010078891165175866 0.3926541176470589 4.538277022418892 -2.4225798289808167
32895 10628960 1.4358774959089255 0.00965912562259533 0.39086117647058827 4.538277022418892 -2.4225798289808167
32896 10628960 1.4323448746579417 0.0092393600800148 0.3890682352941177 4.538277022418892 -2.4225798289808167
32897 10628960 1.4288122534069585 0.008819594537434269 0.3872752941176471 4.538277022418892 -2.4225798289808167
32898 10628960 1.4252796321559746 0.008399828994853736 0.3854823529411765 4.538277022418892 -2.4225798289808167
32899 10628960 1.421747010904991 0.007980063452273204 0.3836894117647059 4.538277022418892 -2.4225798289808167
32900 10628960 1.4182143896540074 0.0075602979096926716 0.3818964705882353 4.538277022418892 -2.4225798289808167
32901 10628960 1.4146817684030235 0.007140532367112141 0.3801035294117647 4.538277022418892 -2.4225798289808167
32902 10628960 1.41114914715204 0.0067207668245316075 0.3783105882352941 4.538277022418892 -2.4225798289808167
32903 10628960 1.4076165259010562 0.006301001281951076 0.3765176470588235 4.538277022418892 -2.4225798289808167
32904 10628960 1.4040839046500726 0.005881235739370543 0.37472470588235296 4.538277022418892 -2.4225798289808167
32905 10628960 1.400551283399089 0.0054614701967900135 0.3729317647058824 4.538277022418892 -2.4225798289808167
32906 10628960 1.397018662148105 0.005041704654209479 0.3711388235294117 4.538277022418892 -2.4225798289808167
32907 10628960 1.3934860408971217 0.004621939111628948 0.3693458823529411 4.538277022418892 -2.4225798289808167
32908 10628960 1.389953419646138 0.004202173569048416 0.3675529411764706 4.538277022418892 -2.4225798289808167
32909 10628960 1.3864207983951544 0.0037824080264678853 0.36576 4.538277022418892 -2.4225798289808167
32910 10628960 1.3778647226798129 0.0009697115119446098 0.36576 4.538277022418892 -2.4225798289808167
32911 10628960 1.3621382280826309 0.0012782264708352034 0.36576 4.538277022418892 -2.4225798289808167
32912 10628960 1.3464117334854495 0.0015867414297257975 0.36576 4.538277022418892 -2.4225798289808167
32913 10628960 1.3306852388882675 0.0018952563886163922 0.36576 4.538277022418892 -2.4225798289808167
32914 10628960 1.314958744291086 0.0022037713475069856 0.36576 4.538277022418892 -2.4225798289808167
32915 10628960 1.2992322496939044 0.0025122863063975795 0.36576 4.538277022418892 -2.4225798289808167
32916 10628960 1.2835057550967226 0.0028208012652881733 0.36576 4.538277022418892 -2.4225798289808167
32917 10628960 1.2677792604995408 0.003129316224178768 0.36576 4.538277022418892 -2.4225798289808167
32918 10628960 1.2520527659023593 0.003437831183069361 0.36576 4.538277022418892 -2.4225798289808167
32919 10628960 1.2363262713051777 0.003746346141959955 0.36576 4.538277022418892 -2.4225798289808167
32920 10628960 1.2053443390207297 0.004054079997176524 0.36576 4.538277022418892 -2.4225798289808167
32921 10628960 1.182739099240035 0.0036349526876668673 0.371856 4.538277022418892 -2.4225798289808167
32922 10628960 1.1601338594593409 0.003215825378157211 0.377952 4.538277022418892 -2.4225798289808167
32923 10628960 1.1375286196786465 0.002796698068647555 0.384048 4.538277022418892 -2.4225798289808167
32924 10628960 1.114923379897952 0.0023775707591378982 0.3901440000000001 4.538277022418892 -2.4225798289808167
32925 10628960 1.0923181401172577 0.0019584434496282416 0.39624 4.538277022418892 -2.4225798289808167
32926 10628960 1.0539198018257103 0.005390630392337392 0.39624 4.538277022418892 -2.4225798289808167
32927 10628960 1.0185302962251852 0.004363996554143355 0.39803294117647053 4.538277022418892 -2.4225798289808167
32928 10628960 0.9831407906246602 0.003337362715949317 0.3998258823529412 4.538277022418892 -2.4225798289808167
32929 10628960 0.9477512850241352 0.002310728877755279 0.4016188235294118 4.538277022418892 -2.4225798289808167
32930 10628960 0.91236177942361 0.0012840950395612413 0.4034117647058824 4.538277022418892 -2.4225798289808167
32931 10628960 0.876972273823085 0.0002574612013672038 0.40520470588235297 4.538277022418892 -2.4225798289808167
32932 10628960 0.84158276822256 -0.0007691726368268347 0.4069976470588236 4.538277022418892 -2.4225798289808167
32933 10628960 0.806193262622035 -0.0017958064750208719 0.4087905882352942 4.538277022418892 -2.4225798289808167
32934 10628960 0.7708037570215098 -0.0028224403132149096 0.4105835294117648 4.538277022418892 -2.4225798289808167
32935 10628960 0.7354142514209847 -0.003849074151408947 0.41237647058823534 4.538277022418892 -2.4225798289808167
32936 10628960 0.7000247458204597 -0.0048757079896029855 0.4141694117647059 4.538277022418892 -2.4225798289808167
32937 10628960 0.6646352402199347 -0.005902341827797022 0.4159623529411765 4.538277022418892 -2.4225798289808167
32938 10628960 0.6292457346194096 -0.006928975665991061 0.4177552941176471 4.538277022418892 -2.4225798289808167
32939 10628960 0.5938562290188845 -0.007955609504185099 0.4195482352941177 4.538277022418892 -2.4225798289808167
32940 10628960 0.5584667234183595 -0.008982243342379136 0.4213411764705883 4.538277022418892 -2.4225798289808167
32941 10628960 0.5230772178178345 -0.010008877180573174 0.4231341176470589 4.538277022418892 -2.4225798289808167
32942 10628960 0.4876877122173093 -0.011035511018767213 0.42492705882352944 4.538277022418892 -2.4225798289808167
32943 10628960 0.4522982066167843 -0.012062144856961249 0.42672 4.538277022418892 -2.4225798289808167
32944 10628960 0.4346281966105465 -0.011778780120396707 0.42672 4.538277022418892 -2.4225798289808167
32945 10628960 0.41695818660430894 -0.011495415383832171 0.42672 4.538277022418892 -2.4225798289808167
32946 10628960 0.4049397272532954 -0.012942034370460405 0.42672 4.538277022418892 -2.4225798289808167
32947 10628960 0.3706090534788036 -0.012003965684680871 0.42672 4.538277022418892 -2.4225798289808167
32948 10628960 0.3294515619792145 -0.01225166299893566 0.4343400000000001 4.538277022418892 -2.4225798289808167
32949 10628960 0.28829407047962546 -0.012499360313190449 0.44196 4.538277022418892 -2.4225798289808167
32950 10628960 0.2471365789800364 -0.012747057627445234 0.44958 4.538277022418892 -2.4225798289808167
32951 10628960 0.20597908748044733 -0.01299475494170002 0.4572000000000001 4.538277022418892 -2.4225798289808167
32952 10628960 0.1541099450463037 -0.017889966634470206 0.4572000000000001 4.538277022418892 -2.4225798289808167
32953 10628960 0.1397994901097454 -0.0176524579303613 0.4572000000000001 4.538277022418892 -2.4225798289808167
32954 10628960 0.1254890351731871 -0.01741494922625239 0.4572000000000001 4.538277022418892 -2.4225798289808167
32955 10628960 0.08799171462245026 -0.018010939875245574 0.4572000000000001 4.538277022418892 -2.4225798289808167
32956 10628960 0.03736270239519912 -0.020740454039441303 0.4572000000000001 4.538277022418892 -2.4225798289808167
32957 10628960 0.002902495556890261 -0.022912852506989545 0.4572000000000001 4.538277022418892 -2.4225798289808167
32958 10628960 -0.027528926167485143 -0.020910867530878424 0.4572000000000001 4.538277022418892 -2.4225798289808167
32959 10628960 -0.06369761784116468 -0.0228750491582366 0.48768 4.538277022418892 -2.4225798289808167
32960 10628960 -0.09930388850032723 -0.02420508370729743 0.48768 4.538277022418892 -2.4225798289808167
32961 10628960 -0.12369424850132273 -0.02423568228506509 0.48768 4.538277022418892 -2.4225798289808167
32962 10628960 -0.1480846085023182 -0.02426628086283275 0.48768 4.538277022418892 -2.4225798289808167
32963 10628960 -0.1848104946926863 -0.021140856909627 0.48768 4.538277022418892 -2.4225798289808167
32964 10628960 -0.21337794277785813 -0.024303850300901517 0.48768 4.538277022418892 -2.4225798289808167
32965 10628960 -0.2506904568232757 -0.022972494279857453 0.5181600000000001 4.538277022418892 -2.4225798289808167
32966 10628960 -0.29682260077755385 -0.023080706958271 0.5181600000000001 4.538277022418892 -2.4225798289808167
32967 10628960 -0.3300997444271825 -0.02271758721380071 0.5181600000000001 4.538277022418892 -2.4225798289808167
32968 10628960 -0.34319716168745784 -0.024745054915159964 0.5181600000000001 4.538277022418892 -2.4225798289808167
32969 10628960 -0.3968387164439353 -0.02309887025282345 0.5181600000000001 4.538277022418892 -2.4225798289808167
32970 10628960 -0.4296345179061212 -0.022892676097611225 0.5181600000000001 4.538277022418892 -2.4225798289808167
32971 10628960 -0.4606488816115388 -0.018595399364539997 0.5181600000000001 4.538277022418892 -2.4225798289808167
32972 10628960 -0.4962357195799523 -0.02285081468175551 0.5181600000000001 4.538277022418892 -2.4225798289808167
32973 10628960 -0.5291696704352531 -0.023066369528072256 0.5181600000000001 4.538277022418892 -2.4225798289808167
32974 10628960 -0.5676517283343285 -0.021234290252561988 0.5181600000000001 4.538277022418892 -2.4225798289808167
32975 10628960 -0.5971689544874168 -0.02186557718782825 0.5181600000000001 4.538277022418892 -2.4225798289808167
32976 10628960 -0.6412506966142609 -0.02357676134761696 0.5181600000000001 4.538277022418892 -2.4225798289808167
32977 10628960 -0.6686800219730057 -0.023254672644080158 0.5181600000000001 4.538277022418892 -2.4225798289808167
32978 10628960 -0.6961093473317503 -0.022932583940543344 0.5181600000000001 4.538277022418892 -2.4225798289808167
32979 10628960 -0.7293454332070224 -0.026787207861165983 0.54864 4.538277022418892 -2.4225798289808167
32980 10628960 -0.7639665029715671 -0.02808585300005909 0.54864 4.538277022418892 -2.4225798289808167
32981 10628960 -0.7942390052983737 -0.02695061464741208 0.54864 4.538277022418892 -2.4225798289808167
32982 10628960 -0.8469322436577396 -0.0278312256404469 0.54864 4.538277022418892 -2.4225798289808167
32983 10628960 -0.8803800789447092 -0.025540580893362003 0.54864 4.538277022418892 -2.4225798289808167
32984 10628960 -0.9080296404271464 -0.027248717435267602 0.54864 4.538277022418892 -2.4225798289808167
32985 10628960 -0.9419753655538344 -0.02946841440459738 0.54864 4.538277022418892 -2.4225798289808167
32986 10628960 -0.974511270690252 -0.032265795310514905 0.57912 4.538277022418892 -2.4225798289808167
32987 10628960 -1.0098790784713811 -0.034487550957510237 0.57912 4.538277022418892 -2.4225798289808167
32988 10628960 -1.0375201984662583 -0.03345231697247628 0.57912 4.538277022418892 -2.4225798289808167
32989 10628960 -1.0651613184611353 -0.032417082987442315 0.57912 4.538277022418892 -2.4225798289808167
32990 10628960 -1.0902226327498488 -0.037073992833042274 0.57912 4.538277022418892 -2.4225798289808167
32991 10628960 -1.127501791128008 -0.03563247598213029 0.57912 4.538277022418892 -2.4225798289808167
32992 10628960 -1.1616101307991942 -0.03943377926634253 0.57912 4.538277022418892 -2.4225798289808167
32993 10628960 -1.1942706229849824 -0.04043699140556814 0.6096 4.538277022418892 -2.4225798289808167
32994 10628960 -1.2444350258046966 -0.04553019095863278 0.6096 4.538277022418892 -2.4225798289808167
32995 10628960 -1.2795012029534552 -0.04411062519724232 0.6096 4.538277022418892 -2.4225798289808167
32996 10628960 -1.2935613889200035 -0.04500386112745095 0.6096 4.538277022418892 -2.4225798289808167
32997 10628960 -1.3076215748865525 -0.04589709705765957 0.6096 4.538277022418892 -2.4225798289808167
32998 10628960 -1.3541640866494926 -0.05240777307376135 0.6096 4.538277022418892 -2.4225798289808167
32999 10628960 -1.3861937097051278 -0.06343086382859622 0.6096 4.538277022418892 -2.4225798289808167
33000 10628960 -1.4155354530232624 -0.07030889816108868 0.6096 4.538277022418892 -2.4225798289808167
33001 10628960 -1.4589941750595703 -0.08775876646459238 0.6400800000000001 4.538277022418892 -2.4225798289808167
33002 10628960 -1.4913693587973562 -0.09983687553649903 0.6400800000000001 4.538277022418892 -2.4225798289808167
33003 10628960 -1.5246897306783056 -0.11616242760375076 0.6400800000000001 4.538277022418892 -2.4225798289808167
33004 10628960 -1.5464718871673282 -0.1308870462756118 0.6400800000000001 4.538277022418892 -2.4225798289808167
33005 10628960 -1.5724471813813004 -0.15218519307128778 0.6400800000000001 4.538277022418892 -2.4225798289808167
33006 10628960 -1.598904067114019 -0.17332577938082674 0.6400800000000001 4.538277022418892 -2.4225798289808167
33007 10628960 -1.6098538949900414 -0.1869780787355508 0.6400800000000001 4.538277022418892 -2.4225798289808167
33008 10628960 -1.620803722866064 -0.20063037809027487 0.6400800000000001 4.538277022418892 -2.4225798289808167
33009 10628960 -1.6463227636140318 -0.2341119718722569 0.6400800000000001 4.538277022418892 -2.4225798289808167
33010 10628960 -1.6825060354901311 -0.27684093200208393 0.67056 4.538277022418892 -2.4225798289808167
33011 10628960 -1.7010447915656102 -0.3134234030122979 0.67056 4.538277022418892 -2.4225798289808167
33012 10628960 -1.7234028009606357 -0.3502755781649401 0.67056 4.538277022418892 -2.4225798289808167
33013 10628960 -1.7412409649569438 -0.3858019537356188 0.67056 4.538277022418892 -2.4225798289808167
33014 10628960 -1.7603232038608403 -0.4468595646511839 0.67056 4.538277022418892 -2.4225798289808167
33015 10628960 -1.7748224777686088 -0.4911893484078205 0.67056 4.538277022418892 -2.4225798289808167
33016 10628960 -1.7829187467974934 -0.5322388351850085 0.67056 4.538277022418892 -2.4225798289808167
33017 10628960 -1.7893414315510936 -0.5844679997866157 0.67056 4.538277022418892 -2.4225798289808167
33018 10628960 -1.7949089564568457 -0.6205026384774438 0.67056 4.538277022418892 -2.4225798289808167
33019 10628960 -1.7958294271864568 -0.6545520397837608 0.67056 4.538277022418892 -2.4225798289808167
33020 10628960 -1.796749897916068 -0.6886014410900777 0.67056 4.538277022418892 -2.4225798289808167
33021 10628960 -1.8022562879460855 -0.7108691372393601 0.67056 4.538277022418892 -2.4225798289808167
33022 10628960 -1.7998859513992511 -0.7878228843675169 0.7010400000000001 4.538277022418892 -2.4225798289808167
33023 10628960 -1.8062033104239152 -0.8071380530319906 0.67056 4.538277022418892 -2.4225798289808167
33024 10628960 -1.8038669077982612 -0.8841974311045813 0.7010400000000001 4.538277022418892 -2.4225798289808167
