32065 10628960 0.6872480902588981 0.08026051623407336 0.39624 4.0486538244401 -3.17383893256204
32066 10628960 0.6970038102002021 0.08027388656304751 0.39624 4.0486538244401 -3.17383893256204
32067 10628960 0.7067595301415062 0.08028725689202168 0.39624 4.0486538244401 -3.17383893256204
32068 10628960 0.7165152500828101 0.08030062722099582 0.39624 4.0486538244401 -3.17383893256204
32069 10628960 0.7262709700241141 0.08031399754996997 0.39624 4.0486538244401 -3.17383893256204
32070 10628960 0.7331284545201768 0.08091613123853468 0.39624 4.0486538244401 -3.17383893256204
32071 10628960 0.7399859390162395 0.08151826492709935 0.39624 4.0486538244401 -3.17383893256204
32072 10628960 0.7468434235123023 0.08212039861566403 0.39624 4.0486538244401 -3.17383893256204
32073 10628960 0.7544664931473829 0.0796296006321582 0.39624 4.0486538244401 -3.17383893256204
32074 10628960 0.7620895627824639 0.07713880264865236 0.39624 4.0486538244401 -3.17383893256204
32075 10628960 0.7679725870308369 0.07718853714697851 0.39624 4.0486538244401 -3.17383893256204
32076 10628960 0.7738556112792099 0.07723827164530468 0.39624 4.0486538244401 -3.17383893256204
32077 10628960 0.7797386355275829 0.07728800614363084 0.39624 4.0486538244401 -3.17383893256204
32078 10628960 0.7856216597759559 0.077337740641957 0.39624 4.0486538244401 -3.17383893256204
32079 10628960 0.7915046840243289 0.07738747514028316 0.39624 4.0486538244401 -3.17383893256204
32080 10628960 0.7973877082727019 0.07743720963860931 0.39624 4.0486538244401 -3.17383893256204
32081 10628960 0.8032707325210751 0.07748694413693548 0.39624 4.0486538244401 -3.17383893256204
32082 10628960 0.8091537567694479 0.07753667863526162 0.39624 4.0486538244401 -3.17383893256204
32083 10628960 0.815036781017821 0.0775864131335878 0.39624 4.0486538244401 -3.17383893256204
32084 10628960 0.8209198052661939 0.07763614763191395 0.39624 4.0486538244401 -3.17383893256204
32085 10628960 0.826802829514567 0.07768588213024011 0.39624 4.0486538244401 -3.17383893256204
32086 10628960 0.8326858537629399 0.07773561662856628 0.39624 4.0486538244401 -3.17383893256204
32087 10628960 0.838568878011313 0.07778535112689243 0.39624 4.0486538244401 -3.17383893256204
32088 10628960 0.8444519022596859 0.0778350856252186 0.39624 4.0486538244401 -3.17383893256204
32089 10628960 0.8503349265080591 0.07788482012354475 0.39624 4.0486538244401 -3.17383893256204
32090 10628960 0.8562179507564319 0.0779345546218709 0.39624 4.0486538244401 -3.17383893256204
32091 10628960 0.862100975004805 0.07798428912019707 0.39624 4.0486538244401 -3.17383893256204
32092 10628960 0.8679839992531779 0.07803402361852323 0.39624 4.0486538244401 -3.17383893256204
32093 10628960 0.8738670235015509 0.07808375811684938 0.39624 4.0486538244401 -3.17383893256204
32094 10628960 0.8797500477499239 0.07813349261517555 0.39624 4.0486538244401 -3.17383893256204
32095 10628960 0.885633071998297 0.0781832271135017 0.39624 4.0486538244401 -3.17383893256204
32096 10628960 0.8915160962466699 0.07823296161182787 0.39624 4.0486538244401 -3.17383893256204
32097 10628960 0.897399120495043 0.07828269611015402 0.39624 4.0486538244401 -3.17383893256204
32098 10628960 0.903282144743416 0.07833243060848018 0.39624 4.0486538244401 -3.17383893256204
32099 10628960 0.9091651689917891 0.07838216510680635 0.39624 4.0486538244401 -3.17383893256204
32100 10628960 0.915048193240162 0.0784318996051325 0.39624 4.0486538244401 -3.17383893256204
32101 10628960 0.920931217488535 0.07848163410345868 0.39624 4.0486538244401 -3.17383893256204
32102 10628960 0.926814241736908 0.07853136860178482 0.39624 4.0486538244401 -3.17383893256204
32103 10628960 0.9326972659852809 0.07858110310011097 0.39624 4.0486538244401 -3.17383893256204
32104 10628960 0.9385802902336541 0.07863083759843714 0.39624 4.0486538244401 -3.17383893256204
32105 10628960 0.944463314482027 0.0786805720967633 0.39624 4.0486538244401 -3.17383893256204
32106 10628960 0.9503463387304 0.07873030659508946 0.39624 4.0486538244401 -3.17383893256204
32107 10628960 0.9562293629787729 0.07878004109341563 0.39624 4.0486538244401 -3.17383893256204
32108 10628960 0.9642632772383424 0.07944975298490148 0.39624 4.0486538244401 -3.17383893256204
32109 10628960 0.9722971914979116 0.08011946487638734 0.39624 4.0486538244401 -3.17383893256204
32110 10628960 0.9803311057574806 0.0807891767678732 0.39624 4.0486538244401 -3.17383893256204
32111 10628960 0.9883650200170498 0.08145888865935906 0.39624 4.0486538244401 -3.17383893256204
32112 10628960 0.9963989342766192 0.08212860055084492 0.39624 4.0486538244401 -3.17383893256204
32113 10628960 1.0060280736010256 0.07898266694089329 0.39624 4.0486538244401 -3.17383893256204
32114 10628960 1.0125417322475068 0.07989207802625509 0.39624 4.0486538244401 -3.17383893256204
32115 10628960 1.019055390893988 0.08080148911161689 0.39624 4.0486538244401 -3.17383893256204
32116 10628960 1.026966980142878 0.08055324351192689 0.39624 4.0486538244401 -3.17383893256204
32117 10628960 1.034878569391768 0.08030499791223689 0.39624 4.0486538244401 -3.17383893256204
32118 10628960 1.0462320354731616 0.08243706657478944 0.39624 4.0486538244401 -3.17383893256204
32119 10628960 1.0490922636603464 0.08167786021742318 0.39624 4.0486538244401 -3.17383893256204
32120 10628960 1.0519524918475311 0.08091865386005691 0.39624 4.0486538244401 -3.17383893256204
32121 10628960 1.0599847737302412 0.08103990177759597 0.39624 4.0486538244401 -3.17383893256204
32122 10628960 1.0680170556129516 0.08116114969513502 0.39624 4.0486538244401 -3.17383893256204
32123 10628960 1.0732998361839472 0.08074956090894979 0.39624 4.0486538244401 -3.17383893256204
32124 10628960 1.0785826167549426 0.08033797212276454 0.39624 4.0486538244401 -3.17383893256204
32125 10628960 1.0838653973259382 0.0799263833365793 0.39624 4.0486538244401 -3.17383893256204
32126 10628960 1.089148177896934 0.07951479455039405 0.39624 4.0486538244401 -3.17383893256204
32127 10628960 1.0955948534896096 0.08266583908858116 0.39624 4.0486538244401 -3.17383893256204
32128 10628960 1.1007416656650415 0.08075074698296257 0.39624 4.0486538244401 -3.17383893256204
32129 10628960 1.1058884778404732 0.07883565487734398 0.39624 4.0486538244401 -3.17383893256204
32130 10628960 1.1140736217696618 0.0791778804044238 0.39624 4.0486538244401 -3.17383893256204
32131 10628960 1.1222587656988507 0.07952010593150365 0.39624 4.0486538244401 -3.17383893256204
32132 10628960 1.1304439096280394 0.07986233145858347 0.39624 4.0486538244401 -3.17383893256204
32133 10628960 1.138629053557228 0.08020455698566331 0.39624 4.0486538244401 -3.17383893256204
32134 10628960 1.146814197486417 0.08054678251274314 0.39624 4.0486538244401 -3.17383893256204
32135 10628960 1.1549993414156057 0.08088900803982298 0.39624 4.0486538244401 -3.17383893256204
32136 10628960 1.1631844853447946 0.0812312335669028 0.39624 4.0486538244401 -3.17383893256204
32137 10628960 1.1713696292739832 0.08157345909398264 0.39624 4.0486538244401 -3.17383893256204
32138 10628960 1.1795547732031721 0.08191568462106248 0.39624 4.0486538244401 -3.17383893256204
32139 10628960 1.1877399171323608 0.08225791014814231 0.39624 4.0486538244401 -3.17383893256204
32140 10628960 1.1959250610615495 0.08260013567522212 0.39624 4.0486538244401 -3.17383893256204
32141 10628960 1.2038357743303432 0.08133014708234985 0.39624 4.0486538244401 -3.17383893256204
32142 10628960 1.2117464875991368 0.08006015848947758 0.39624 4.0486538244401 -3.17383893256204
32143 10628960 1.2196572008679307 0.0787901698966053 0.39624 4.0486538244401 -3.17383893256204
32144 10628960 1.2275679141367244 0.07752018130373302 0.39624 4.0486538244401 -3.17383893256204
32145 10628960 1.2391672853446538 0.07904647989025962 0.39624 4.0486538244401 -3.17383893256204
32146 10628960 1.250766656552583 0.08057277847678625 0.39624 4.0486538244401 -3.17383893256204
32147 10628960 1.2579447197123903 0.08079804952921538 0.39624 4.0486538244401 -3.17383893256204
32148 10628960 1.2651227828721978 0.0810233205816445 0.39624 4.0486538244401 -3.17383893256204
32149 10628960 1.2723008460320058 0.08124859163407364 0.39624 4.0486538244401 -3.17383893256204
32150 10628960 1.2794789091918133 0.08147386268650278 0.39624 4.0486538244401 -3.17383893256204
32151 10628960 1.287358273052581 0.08044785371179786 0.39624 4.0486538244401 -3.17383893256204
32152 10628960 1.2952376369133487 0.07942184473709296 0.39624 4.0486538244401 -3.17383893256204
32153 10628960 1.3031170007741164 0.07839583576238808 0.39624 4.0486538244401 -3.17383893256204
32154 10628960 1.310996364634884 0.07736982678768316 0.39624 4.0486538244401 -3.17383893256204
32155 10628960 1.3163833489788317 0.07754938114169438 0.39624 4.0486538244401 -3.17383893256204
32156 10628960 1.3217703333227788 0.07772893549570559 0.39624 4.0486538244401 -3.17383893256204
32157 10628960 1.3271573176667264 0.07790848984971681 0.39624 4.0486538244401 -3.17383893256204
32158 10628960 1.3325443020106738 0.07808804420372803 0.39624 4.0486538244401 -3.17383893256204
32159 10628960 1.3379312863546209 0.07826759855773924 0.39624 4.0486538244401 -3.17383893256204
32160 10628960 1.3420476866062687 0.07829561919067618 0.39624 4.0486538244401 -3.17383893256204
32161 10628960 1.3461640868579163 0.0783236398236131 0.39624 4.992104724660781 -2.6648378118788987
32162 10628960 1.350280487109564 0.07835166045655004 0.39624 4.992104724660781 -2.6648378118788987
32163 10628960 1.3543968873612116 0.07837968108948698 0.39624 4.992104724660781 -2.6648378118788987
32164 10628960 1.3606909597934835 0.07725826037388794 0.39624 4.992104724660781 -2.6648378118788987
32165 10628960 1.3662813791884747 0.07806065298194974 0.39624 4.992104724660781 -2.6648378118788987
32166 10628960 1.3718717985834659 0.07886304559001152 0.39624 4.992104724660781 -2.6648378118788987
32167 10628960 1.379382079897488 0.07874625217075358 0.39624 4.992104724660781 -2.6648378118788987
32168 10628960 1.38689236121151 0.0786294587514956 0.39624 4.992104724660781 -2.6648378118788987
32169 10628960 1.3904468913593593 0.07863660420983933 0.39624 4.992104724660781 -2.6648378118788987
32170 10628960 1.3940014215072083 0.07864374966818304 0.39624 4.992104724660781 -2.6648378118788987
32171 10628960 1.397555951655058 0.07865089512652676 0.39624 4.992104724660781 -2.6648378118788987
32172 10628960 1.4011104818029072 0.07865804058487047 0.39624 4.992104724660781 -2.6648378118788987
32173 10628960 1.4046650119507564 0.0786651860432142 0.39624 4.992104724660781 -2.6648378118788987
32174 10628960 1.4082195420986057 0.07867233150155792 0.39624 4.992104724660781 -2.6648378118788987
32175 10628960 1.411774072246455 0.07867947695990163 0.39624 4.992104724660781 -2.6648378118788987
32176 10628960 1.4153286023943044 0.07868662241824535 0.39624 4.992104724660781 -2.6648378118788987
32177 10628960 1.4188831325421536 0.07869376787658906 0.39624 4.992104724660781 -2.6648378118788987
32178 10628960 1.4224376626900028 0.07870091333493279 0.39624 4.992104724660781 -2.6648378118788987
32179 10628960 1.4231013015129064 0.07792015939489741 0.39624 4.992104724660781 -2.6648378118788987
32180 10628960 1.4237649403358097 0.07713940545486203 0.39624 4.992104724660781 -2.6648378118788987
32181 10628960 1.4244285791587132 0.07635865151482664 0.39624 4.992104724660781 -2.6648378118788987
32182 10628960 1.4250922179816166 0.07557789757479126 0.39624 4.992104724660781 -2.6648378118788987
32183 10628960 1.4257558568045199 0.07479714363475587 0.39624 4.992104724660781 -2.6648378118788987
32184 10628960 1.4264194956274234 0.0740163896947205 0.39624 4.992104724660781 -2.6648378118788987
32185 10628960 1.4270831344503268 0.07323563575468511 0.39624 4.992104724660781 -2.6648378118788987
32186 10628960 1.4277467732732303 0.07245488181464974 0.39624 4.992104724660781 -2.6648378118788987
32187 10628960 1.4284104120961338 0.07167412787461436 0.39624 4.992104724660781 -2.6648378118788987
32188 10628960 1.4290740509190374 0.07089337393457898 0.39624 4.992104724660781 -2.6648378118788987
32189 10628960 1.4297376897419407 0.07011261999454359 0.39624 4.992104724660781 -2.6648378118788987
32190 10628960 1.4304013285648445 0.06933186605450821 0.39624 4.992104724660781 -2.6648378118788987
32191 10628960 1.4310649673877476 0.06855111211447283 0.39624 4.992104724660781 -2.6648378118788987
32192 10628960 1.4317286062106511 0.06777035817443745 0.39624 4.992104724660781 -2.6648378118788987
32193 10628960 1.4323922450335544 0.06698960423440206 0.39624 4.992104724660781 -2.6648378118788987
32194 10628960 1.433055883856458 0.06620885029436667 0.39624 4.992104724660781 -2.6648378118788987
32195 10628960 1.433719522679361 0.0654280963543313 0.39624 4.992104724660781 -2.6648378118788987
32196 10628960 1.4343831615022649 0.06464734241429593 0.39624 4.992104724660781 -2.6648378118788987
32197 10628960 1.4350468003251682 0.06386658847426054 0.39624 4.992104724660781 -2.6648378118788987
32198 10628960 1.4357104391480715 0.06308583453422516 0.39624 4.992104724660781 -2.6648378118788987
32199 10628960 1.4363740779709753 0.06230508059418977 0.39624 4.992104724660781 -2.6648378118788987
32200 10628960 1.4370377167938786 0.0615243266541544 0.39624 4.992104724660781 -2.6648378118788987
32201 10628960 1.437701355616782 0.060743572714119023 0.39624 4.992104724660781 -2.6648378118788987
32202 10628960 1.4383649944396857 0.059962818774083625 0.39624 4.992104724660781 -2.6648378118788987
32203 10628960 1.439028633262589 0.05918206483404825 0.39624 4.992104724660781 -2.6648378118788987
32204 10628960 1.4396922720854923 0.058401310894012876 0.39624 4.992104724660781 -2.6648378118788987
32205 10628960 1.440355910908396 0.05762055695397749 0.39624 4.992104724660781 -2.6648378118788987
32206 10628960 1.4410195497312992 0.0568398030139421 0.39624 4.992104724660781 -2.6648378118788987
32207 10628960 1.4416831885542027 0.056059049073906735 0.39624 4.992104724660781 -2.6648378118788987
32208 10628960 1.4434971576670823 0.053130048050236314 0.39624 4.992104724660781 -2.6648378118788987
32209 10628960 1.4453111267799623 0.05020104702656589 0.39624 4.992104724660781 -2.6648378118788987
32210 10628960 1.4471250958928419 0.04727204600289546 0.39624 4.992104724660781 -2.6648378118788987
32211 10628960 1.4489390650057221 0.04434304497922504 0.39624 4.992104724660781 -2.6648378118788987
32212 10628960 1.4507530341186017 0.04141404395555462 0.39624 4.992104724660781 -2.6648378118788987
32213 10628960 1.4473909173368311 0.03818977863987348 0.39624 4.992104724660781 -2.6648378118788987
32214 10628960 1.449165645616115 0.034923126662021714 0.39624 4.992104724660781 -2.6648378118788987
32215 10628960 1.4509403738953992 0.03165647468416993 0.39624 4.992104724660781 -2.6648378118788987
32216 10628960 1.4417628190742386 0.030659800198622043 0.39624 4.992104724660781 -2.6648378118788987
32217 10628960 1.4325852642530783 0.029663125713074157 0.39624 4.992104724660781 -2.6648378118788987
32218 10628960 1.4234077094319182 0.028666451227526264 0.39624 4.992104724660781 -2.6648378118788987
32219 10628960 1.414230154610758 0.02766977674197837 0.39624 4.992104724660781 -2.6648378118788987
32220 10628960 1.4050525997895975 0.026673102256430485 0.39624 4.992104724660781 -2.6648378118788987
32221 10628960 1.3958750449684374 0.0256764277708826 0.39624 4.992104724660781 -2.6648378118788987
32222 10628960 1.3866974901472773 0.024679753285334703 0.39624 4.992104724660781 -2.6648378118788987
32223 10628960 1.377519935326117 0.023683078799786816 0.39624 4.992104724660781 -2.6648378118788987
32224 10628960 1.3683423805049566 0.022686404314238927 0.39624 4.992104724660781 -2.6648378118788987
32225 10628960 1.3591648256837965 0.02168972982869104 0.39624 4.992104724660781 -2.6648378118788987
32226 10628960 1.349987270862636 0.020693055343143148 0.39624 4.992104724660781 -2.6648378118788987
32227 10628960 1.3408097160414758 0.019696380857595258 0.39624 4.992104724660781 -2.6648378118788987
32228 10628960 1.3316321612203157 0.01869970637204737 0.39624 4.992104724660781 -2.6648378118788987
32229 10628960 1.3224546063991554 0.017703031886499482 0.39624 4.992104724660781 -2.6648378118788987
32230 10628960 1.3132770515779952 0.01670635740095159 0.39624 4.992104724660781 -2.6648378118788987
32231 10628960 1.304099496756835 0.015709682915403703 0.39624 4.992104724660781 -2.6648378118788987
32232 10628960 1.2949219419356748 0.014713008429855812 0.39624 4.992104724660781 -2.6648378118788987
32233 10628960 1.2857443871145144 0.013716333944307924 0.39624 4.992104724660781 -2.6648378118788987
32234 10628960 1.2765668322933539 0.012719659458760036 0.39624 4.992104724660781 -2.6648378118788987
32235 10628960 1.2673892774721942 0.011722984973212143 0.39624 4.992104724660781 -2.6648378118788987
32236 10628960 1.2582117226510336 0.010726310487664256 0.39624 4.992104724660781 -2.6648378118788987
32237 10628960 1.2490341678298735 0.009729636002116366 0.39624 4.992104724660781 -2.6648378118788987
32238 10628960 1.2398566130087132 0.008732961516568476 0.39624 4.992104724660781 -2.6648378118788987
32239 10628960 1.2306790581875529 0.00773628703102059 0.39624 4.992104724660781 -2.6648378118788987
32240 10628960 1.2215015033663927 0.006739612545472701 0.39624 4.992104724660781 -2.6648378118788987
32241 10628960 1.2123239485452324 0.005742938059924811 0.39624 4.992104724660781 -2.6648378118788987
32242 10628960 1.2031463937240725 0.004746263574376922 0.39624 4.992104724660781 -2.6648378118788987
32243 10628960 1.1939688389029122 0.003749589088829032 0.39624 4.992104724660781 -2.6648378118788987
32244 10628960 1.1847912840817516 0.0027529146032811425 0.39624 4.992104724660781 -2.6648378118788987
32245 10628960 1.1756137292605915 0.001756240117733253 0.39624 4.992104724660781 -2.6648378118788987
32246 10628960 1.1664361744394312 0.0007595656321853633 0.39624 4.992104724660781 -2.6648378118788987
32247 10628960 1.1311225798716051 0.0009933929256480505 0.39624 4.992104724660781 -2.6648378118788987
32248 10628960 1.0958089853037791 0.0012272202191107376 0.39624 4.992104724660781 -2.6648378118788987
32249 10628960 1.0604953907359531 0.0014610475125734247 0.39624 4.992104724660781 -2.6648378118788987
32250 10628960 1.025181796168127 0.0016948748060361116 0.39624 4.992104724660781 -2.6648378118788987
32251 10628960 0.9934197608470668 0.002176896656356825 0.39803294117647053 4.992104724660781 -2.6648378118788987
32252 10628960 0.961657725526006 0.0026589185066775386 0.3998258823529412 4.992104724660781 -2.6648378118788987
32253 10628960 0.9298956902049456 0.0031409403569982518 0.4016188235294118 4.992104724660781 -2.6648378118788987
32254 10628960 0.8981336548838851 0.003622962207318965 0.4034117647058824 4.992104724660781 -2.6648378118788987
32255 10628960 0.8663716195628245 0.0041049840576396785 0.40520470588235297 4.992104724660781 -2.6648378118788987
32256 10628960 0.8346095842417639 0.0045870059079603925 0.4069976470588236 4.992104724660781 -2.6648378118788987
32257 10628960 0.8028475489207033 0.005069027758281105 0.4087905882352942 4.992104724660781 -2.6648378118788987
32258 10628960 0.7710855135996428 0.005551049608601819 0.4105835294117648 4.992104724660781 -2.6648378118788987
32259 10628960 0.7393234782785822 0.006033071458922532 0.41237647058823534 4.992104724660781 -2.6648378118788987
32260 10628960 0.7075614429575217 0.006515093309243245 0.4141694117647059 4.992104724660781 -2.6648378118788987
32261 10628960 0.6757994076364611 0.0069971151595639575 0.4159623529411765 4.992104724660781 -2.6648378118788987
32262 10628960 0.6440373723154005 0.007479137009884671 0.4177552941176471 4.992104724660781 -2.6648378118788987
32263 10628960 0.6122753369943399 0.007961158860205386 0.4195482352941177 4.992104724660781 -2.6648378118788987
32264 10628960 0.5805133016732793 0.008443180710526098 0.4213411764705883 4.992104724660781 -2.6648378118788987
32265 10628960 0.5487512663522188 0.008925202560846812 0.4231341176470589 4.992104724660781 -2.6648378118788987
32266 10628960 0.5169892310311582 0.009407224411167526 0.42492705882352944 4.992104724660781 -2.6648378118788987
32267 10628960 0.4852271957100977 0.009889246261488238 0.42672 4.992104724660781 -2.6648378118788987
32268 10628960 0.41297700093011097 0.011652571054382374 0.42672 4.992104724660781 -2.6648378118788987
32269 10628960 0.3901347198169536 0.01105608209600232 0.44196 4.992104724660781 -2.6648378118788987
32270 10628960 0.3672924387037961 0.010459593137622264 0.4572000000000001 4.992104724660781 -2.6648378118788987
32271 10628960 0.3466646650468305 0.011476085082089084 0.4572000000000001 4.992104724660781 -2.6648378118788987
32272 10628960 0.305694046460088 0.011663790551898591 0.4572000000000001 4.992104724660781 -2.6648378118788987
32273 10628960 0.26472342787334546 0.011851496021708095 0.4572000000000001 4.992104724660781 -2.6648378118788987
32274 10628960 0.2299787210370332 0.01152358097330508 0.4572000000000001 4.992104724660781 -2.6648378118788987
32275 10628960 0.2046817215919308 0.010211054060220964 0.4572000000000001 4.992104724660781 -2.6648378118788987
32276 10628960 0.18824975261448107 0.01020720821533107 0.47243999999999997 4.992104724660781 -2.6648378118788987
32277 10628960 0.17181778363703135 0.010203362370441171 0.48768 4.992104724660781 -2.6648378118788987
32278 10628960 0.12331298992686945 0.01016718488660878 0.48768 4.992104724660781 -2.6648378118788987
32279 10628960 0.08094570500657218 0.01314904794567312 0.48768 4.992104724660781 -2.6648378118788987
32280 10628960 0.03263882191979761 0.016436845131486633 0.48768 4.992104724660781 -2.6648378118788987
32281 10628960 0.0059437475911328095 0.016282896605335412 0.48768 4.992104724660781 -2.6648378118788987
32282 10628960 -0.033995413839773565 0.016368824710244898 0.48768 4.992104724660781 -2.6648378118788987
32283 10628960 -0.06769656229832055 0.016518967567548976 0.48768 4.992104724660781 -2.6648378118788987
32284 10628960 -0.1009507929474941 0.016406344441251303 0.48768 4.992104724660781 -2.6648378118788987
32285 10628960 -0.11899735370379465 0.01295863743089709 0.48768 4.992104724660781 -2.6648378118788987
32286 10628960 -0.13704391446009526 0.009510930420542879 0.48768 4.992104724660781 -2.6648378118788987
32287 10628960 -0.20233696610548724 0.009473267427413308 0.5181600000000001 4.992104724660781 -2.6648378118788987
32288 10628960 -0.23707345866316776 0.006457608412017063 0.5181600000000001 4.992104724660781 -2.6648378118788987
32289 10628960 -0.2765917325542224 0.003486382347371503 0.5181600000000001 4.992104724660781 -2.6648378118788987
32290 10628960 -0.3080480128167851 0.001268077420696373 0.5181600000000001 4.992104724660781 -2.6648378118788987
32291 10628960 -0.3291480989584129 0.0005714867222274822 0.5181600000000001 4.992104724660781 -2.6648378118788987
32292 10628960 -0.35024818510004074 -0.00012510397624140857 0.5181600000000001 4.992104724660781 -2.6648378118788987
32293 10628960 -0.3972815686468381 -0.007064857766391292 0.5181600000000001 4.992104724660781 -2.6648378118788987
32294 10628960 -0.4344329386600301 -0.004967432360464569 0.5181600000000001 4.992104724660781 -2.6648378118788987
32295 10628960 -0.4748920902339509 -0.00809744374802615 0.54864 4.992104724660781 -2.6648378118788987
32296 10628960 -0.5034927901056705 -0.009729693465208605 0.54864 4.992104724660781 -2.6648378118788987
32297 10628960 -0.5354686973541127 -0.015165407381404566 0.54864 4.992104724660781 -2.6648378118788987
32298 10628960 -0.5712344858797516 -0.014805478227985253 0.54864 4.992104724660781 -2.6648378118788987
32299 10628960 -0.6052108454099969 -0.013862071440873895 0.54864 4.992104724660781 -2.6648378118788987
32300 10628960 -0.6423641490887875 -0.013398687889528776 0.54864 4.992104724660781 -2.6648378118788987
32301 10628960 -0.6823647183895936 -0.0162102538154282 0.54864 4.992104724660781 -2.6648378118788987
32302 10628960 -0.7309851472064111 -0.015502349134721066 0.57912 4.992104724660781 -2.6648378118788987
32303 10628960 -0.76586935274171 -0.01624759940880785 0.57912 4.992104724660781 -2.6648378118788987
32304 10628960 -0.7808912512120294 -0.016009444268610673 0.57912 4.992104724660781 -2.6648378118788987
