14656 10561439 0.3576189048003429 0.07869469601929349 0.3048 -3.912005575640372 1.2781694905444452
14657 10561439 0.3405789761046737 0.07818826437105561 0.3048 -3.912005575640372 1.2781694905444452
14658 10561439 0.3344300022972143 0.07822629621642757 0.3048 -3.912005575640372 1.2781694905444452
14659 10561439 0.3282810284897549 0.07826432806179953 0.3048 -3.912005575640372 1.2781694905444452
14660 10561439 0.3221320546822956 0.07830235990717148 0.3048 -3.912005575640372 1.2781694905444452
14661 10561439 0.31598308087483623 0.07834039175254344 0.3048 -3.912005575640372 1.2781694905444452
14662 10561439 0.30983410706737685 0.0783784235979154 0.3048 -3.912005575640372 1.2781694905444452
14663 10561439 0.30368513325991753 0.07841645544328735 0.3048 -3.912005575640372 1.2781694905444452
14664 10561439 0.2975361594524581 0.07845448728865931 0.3048 -3.912005575640372 1.2781694905444452
14665 10561439 0.2913871856449988 0.07849251913403127 0.3048 -3.912005575640372 1.2781694905444452
14666 10561439 0.2836177284510171 0.07890538243038363 0.3048 -3.912005575640372 1.2781694905444452
14667 10561439 0.2758482712570355 0.07931824572673599 0.3048 -3.912005575640372 1.2781694905444452
14668 10561439 0.2680788140630538 0.07973110902308833 0.3048 -3.912005575640372 1.2781694905444452
14669 10561439 0.2603093568690721 0.08014397231944069 0.3048 -3.912005575640372 1.2781694905444452
14670 10561439 0.2525398996750905 0.08055683561579305 0.3048 -3.912005575640372 1.2781694905444452
14671 10561439 0.24437762905216556 0.08275708334518728 0.3048 -3.912005575640372 1.2781694905444452
14672 10561439 0.23746997893707 0.08234216680240165 0.3048 -3.912005575640372 1.2781694905444452
14673 10561439 0.2305623288219744 0.08192725025961603 0.3048 -3.912005575640372 1.2781694905444452
14674 10561439 0.22365467870687888 0.08151233371683042 0.3048 -3.912005575640372 1.2781694905444452
14675 10561439 0.2167470285917833 0.0810974171740448 0.3048 -3.912005575640372 1.2781694905444452
14676 10561439 0.20983937847668774 0.08068250063125917 0.3048 -3.912005575640372 1.2781694905444452
14677 10561439 0.20293172836159215 0.08026758408847356 0.3048 -3.912005575640372 1.2781694905444452
14678 10561439 0.19602407824649665 0.07985266754568794 0.3048 -3.912005575640372 1.2781694905444452
14679 10561439 0.18911642813140106 0.07943775100290232 0.3048 -3.912005575640372 1.2781694905444452
14680 10561439 0.18261765235355895 0.07978332690677649 0.3048 -3.912005575640372 1.2781694905444452
14681 10561439 0.17611887657571693 0.08012890281065066 0.3048 -3.912005575640372 1.2781694905444452
14682 10561439 0.16962010079787485 0.08047447871452483 0.3048 -3.912005575640372 1.2781694905444452
14683 10561439 0.1631213250200328 0.080820054618399 0.3048 -3.912005575640372 1.2781694905444452
14684 10561439 0.1566225492421907 0.08116563052227316 0.3048 -3.912005575640372 1.2781694905444452
14685 10561439 0.15012377346434866 0.08151120642614733 0.3048 -3.912005575640372 1.2781694905444452
14686 10561439 0.14362499768650658 0.0818567823300215 0.3048 -3.912005575640372 1.2781694905444452
14687 10561439 0.13712622190866453 0.08220235823389567 0.3048 -3.912005575640372 1.2781694905444452
14688 10561439 0.13062744613082244 0.08254793413776984 0.3048 -3.912005575640372 1.2781694905444452
14689 10561439 0.12611206873997785 0.08253090291514598 0.3048 -3.912005575640372 1.2781694905444452
14690 10561439 0.12159669134913327 0.08251387169252213 0.3048 -3.912005575640372 1.2781694905444452
14691 10561439 0.11708131395828868 0.08249684046989826 0.3048 -3.912005575640372 1.2781694905444452
14692 10561439 0.11256593656744412 0.08247980924727441 0.3048 -3.912005575640372 1.2781694905444452
14693 10561439 0.10805055917659953 0.08246277802465055 0.3048 -3.912005575640372 1.2781694905444452
14694 10561439 0.10353518178575494 0.0824457468020267 0.3048 -3.912005575640372 1.2781694905444452
14695 10561439 0.09901980439491036 0.08242871557940283 0.3048 -3.912005575640372 1.2781694905444452
14696 10561439 0.09450442700406578 0.08241168435677898 0.3048 -3.912005575640372 1.2781694905444452
14697 10561439 0.08998904961322117 0.08239465313415513 0.3048 -3.912005575640372 1.2781694905444452
14698 10561439 0.0854736722223766 0.08237762191153125 0.3048 -3.912005575640372 1.2781694905444452
14699 10561439 0.08095829483153202 0.0823605906889074 0.3048 -3.912005575640372 1.2781694905444452
14700 10561439 0.07644291744068743 0.08234355946628354 0.3048 -3.912005575640372 1.2781694905444452
14701 10561439 0.07192754004984285 0.08232652824365969 0.3048 -3.912005575640372 1.2781694905444452
14702 10561439 0.06741216265899827 0.08230949702103582 0.3048 -3.912005575640372 1.2781694905444452
14703 10561439 0.06289678526815368 0.08229246579841197 0.3048 -3.912005575640372 1.2781694905444452
14704 10561439 0.0583814078773091 0.0822754345757881 0.3048 -3.912005575640372 1.2781694905444452
14705 10561439 0.05386603048646452 0.08225840335316427 0.3048 -3.912005575640372 1.2781694905444452
14706 10561439 0.049350653095619916 0.08224137213054039 0.3048 -3.912005575640372 1.2781694905444452
14707 10561439 0.048653348199043184 0.0819647882545125 0.3048 -3.912005575640372 1.2781694905444452
14708 10561439 0.04795604330246644 0.08168820437848462 0.3048 -3.912005575640372 1.2781694905444452
14709 10561439 0.0472587384058897 0.08141162050245672 0.3048 -3.912005575640372 1.2781694905444452
14710 10561439 0.04656143350931296 0.08113503662642882 0.3048 -3.912005575640372 1.2781694905444452
14711 10561439 0.04586412861273621 0.08085845275040095 0.3048 -3.912005575640372 1.2781694905444452
14712 10561439 0.045166823716159474 0.08058186887437306 0.3048 -3.912005575640372 1.2781694905444452
14713 10561439 0.044469518819582735 0.08030528499834517 0.3048 -3.912005575640372 1.2781694905444452
14714 10561439 0.04377221392300599 0.08002870112231728 0.3048 -3.912005575640372 1.2781694905444452
14715 10561439 0.04307490902642925 0.07975211724628939 0.3048 -3.912005575640372 1.2781694905444452
14716 10561439 0.0423776041298525 0.0794755333702615 0.3048 -3.912005575640372 1.2781694905444452
14717 10561439 0.041680299233275764 0.07919894949423363 0.3048 -3.912005575640372 1.2781694905444452
14718 10561439 0.04098299433669903 0.07892236561820573 0.3048 -3.912005575640372 1.2781694905444452
14719 10561439 0.04028568944012228 0.07864578174217783 0.3048 -3.912005575640372 1.2781694905444452
14720 10561439 0.03958838454354554 0.07836919786614993 0.3048 -3.912005575640372 1.2781694905444452
14721 10561439 0.038891079646968786 0.07809261399012206 0.3048 -3.912005575640372 1.2781694905444452
14722 10561439 0.03819377475039205 0.07781603011409417 0.3048 -3.912005575640372 1.2781694905444452
14723 10561439 0.03749646985381532 0.07753944623806627 0.3048 -3.912005575640372 1.2781694905444452
14724 10561439 0.036799164957238575 0.07726286236203839 0.3048 -3.912005575640372 1.2781694905444452
14725 10561439 0.03610186006066183 0.0769862784860105 0.3048 -3.912005575640372 1.2781694905444452
14726 10561439 0.03540455516408509 0.07670969460998261 0.3048 -3.912005575640372 1.2781694905444452
14727 10561439 0.034707250267508344 0.07643311073395473 0.3048 -3.912005575640372 1.2781694905444452
14728 10561439 0.034009945370931605 0.07615652685792683 0.3048 -3.912005575640372 1.2781694905444452
14729 10561439 0.033312640474354865 0.07587994298189894 0.3048 -3.912005575640372 1.2781694905444452
14730 10561439 0.032615335577778126 0.07560335910587106 0.3048 -3.912005575640372 1.2781694905444452
14731 10561439 0.03191803068120138 0.07532677522984317 0.3048 -3.912005575640372 1.2781694905444452
14732 10561439 0.031220725784624637 0.07505019135381527 0.3048 -3.912005575640372 1.2781694905444452
14733 10561439 0.030523420888047895 0.07477360747778737 0.3048 -3.912005575640372 1.2781694905444452
14734 10561439 0.029826115991471155 0.0744970236017595 0.3048 -3.912005575640372 1.2781694905444452
14735 10561439 0.029128811094894413 0.07422043972573161 0.3048 -3.912005575640372 1.2781694905444452
14736 10561439 0.02843150619831767 0.07394385584970373 0.3048 -3.912005575640372 1.2781694905444452
14737 10561439 0.02773420130174093 0.07366727197367584 0.3048 -3.912005575640372 1.2781694905444452
14738 10561439 0.027036896405164188 0.07339068809764794 0.3048 -3.912005575640372 1.2781694905444452
14739 10561439 0.026339591508587445 0.07311410422162005 0.3048 -3.912005575640372 1.2781694905444452
14740 10561439 0.025642286612010703 0.07283752034559217 0.3048 -3.912005575640372 1.2781694905444452
14741 10561439 0.024944981715433964 0.07256093646956427 0.3048 -3.912005575640372 1.2781694905444452
14742 10561439 0.024247676818857217 0.07228435259353637 0.3048 -3.912005575640372 1.2781694905444452
14743 10561439 0.02355037192228048 0.0720077687175085 0.3048 -3.912005575640372 1.2781694905444452
14744 10561439 0.02285306702570374 0.07173118484148061 0.3048 -3.912005575640372 1.2781694905444452
14745 10561439 0.022155762129127 0.07145460096545272 0.3048 -3.912005575640372 1.2781694905444452
14746 10561439 0.021458457232550254 0.07117801708942484 0.3048 -3.912005575640372 1.2781694905444452
14747 10561439 0.020761152335973514 0.07090143321339694 0.3048 -3.912005575640372 1.2781694905444452
14748 10561439 0.020063847439396768 0.07062484933736905 0.3048 -3.912005575640372 1.2781694905444452
14749 10561439 0.019366542542820032 0.07034826546134118 0.3048 -3.912005575640372 1.2781694905444452
14750 10561439 0.018669237646243286 0.07007168158531328 0.3048 -3.912005575640372 1.2781694905444452
14751 10561439 0.017971932749666547 0.06979509770928538 0.3048 -3.912005575640372 1.2781694905444452
14752 10561439 0.0172746278530898 0.0695185138332575 0.3048 -3.912005575640372 1.2781694905444452
14753 10561439 0.016577322956513058 0.06924192995722961 0.3048 -3.912005575640372 1.2781694905444452
14754 10561439 0.015880018059936322 0.06896534608120172 0.3048 -3.912005575640372 1.2781694905444452
14755 10561439 0.015182713163359575 0.06868876220517384 0.3048 -3.912005575640372 1.2781694905444452
14756 10561439 0.014485408266782837 0.06841217832914595 0.3048 -3.912005575640372 1.2781694905444452
14757 10561439 0.013788103370206098 0.06813559445311805 0.3048 -3.912005575640372 1.2781694905444452
14758 10561439 0.013090798473629352 0.06785901057709016 0.3048 -3.912005575640372 1.2781694905444452
14759 10561439 0.012393493577052613 0.06758242670106228 0.3048 -3.912005575640372 1.2781694905444452
14760 10561439 0.011696188680475872 0.06730584282503439 0.3048 -3.912005575640372 1.2781694905444452
14761 10561439 0.010998883783899129 0.06702925894900649 0.3048 -3.912005575640372 1.2781694905444452
14762 10561439 0.010301578887322388 0.0667526750729786 0.3048 -3.912005575640372 1.2781694905444452
14763 10561439 0.009604273990745649 0.06647609119695072 0.3048 -3.912005575640372 1.2781694905444452
14764 10561439 0.008906969094168903 0.06619950732092282 0.3048 -3.912005575640372 1.2781694905444452
14765 10561439 0.008209664197592163 0.06592292344489495 0.3048 -3.912005575640372 1.2781694905444452
14766 10561439 0.007512359301015417 0.06564633956886705 0.3048 -3.912005575640372 1.2781694905444452
14772 10561439 0.003328529921554968 0.06398683631269972 0.3048 -3.912005575640372 1.2781694905444452
14773 10561439 0.0031519892333651428 0.0609234860166276 0.3048 -3.912005575640372 1.2781694905444452
14774 10561439 0.002975448545175317 0.05786013572055549 0.3048 -3.912005575640372 1.2781694905444452
14775 10561439 0.0027989078569854923 0.054796785424483366 0.3048 -3.912005575640372 1.2781694905444452
14776 10561439 0.0026223671687956663 0.051733435128411255 0.3048 -3.912005575640372 1.2781694905444452
14777 10561439 0.002445826480605841 0.04867008483233914 0.3048 -3.912005575640372 1.2781694905444452
14778 10561439 0.002269285792416016 0.045606734536267034 0.3048 -3.912005575640372 1.2781694905444452
14779 10561439 0.0020927451042261898 0.04254338424019491 0.3048 -3.912005575640372 1.2781694905444452
14780 10561439 0.004364259685970991 0.041532931005433586 0.3048 -3.912005575640372 1.2781694905444452
14781 10561439 0.00663577426771579 0.040522477770672284 0.3048 -3.912005575640372 1.2781694905444452
14782 10561439 0.008907288849460591 0.03951202453591096 0.3048 -3.912005575640372 1.2781694905444452
14783 10561439 0.01117880343120539 0.03850157130114965 0.3048 -3.912005575640372 1.2781694905444452
14784 10561439 0.01345031801295019 0.037491118066388315 0.3048 -3.912005575640372 1.2781694905444452
14785 10561439 0.01572183259469499 0.036480664831627006 0.3048 -3.912005575640372 1.2781694905444452
14786 10561439 0.01799334717643979 0.03547021159686569 0.3048 -3.912005575640372 1.2781694905444452
14787 10561439 0.02026486175818459 0.034459758362104374 0.3048 -3.912005575640372 1.2781694905444452
14788 10561439 0.02253637633992939 0.033449305127343065 0.3048 -3.912005575640372 1.2781694905444452
14789 10561439 0.02480789092167419 0.032438851892581735 0.3048 -3.912005575640372 1.2781694905444452
14790 10561439 0.02707940550341899 0.03142839865782042 0.3048 -3.912005575640372 1.2781694905444452
14791 10561439 0.02935092008516379 0.030417945423059107 0.3048 -3.912005575640372 1.2781694905444452
14792 10561439 0.03162243466690859 0.029407492188297787 0.3048 -3.912005575640372 1.2781694905444452
14793 10561439 0.03389394924865339 0.028397038953536468 0.3048 -3.912005575640372 1.2781694905444452
14794 10561439 0.03616546383039819 0.027386585718775155 0.3048 -3.912005575640372 1.2781694905444452
14795 10561439 0.03843697841214299 0.02637613248401384 0.3048 -3.912005575640372 1.2781694905444452
14796 10561439 0.04070849299388779 0.025365679249252523 0.3048 -3.912005575640372 1.2781694905444452
14797 10561439 0.04298000757563259 0.02435522601449121 0.3048 -3.912005575640372 1.2781694905444452
14798 10561439 0.045251522157377384 0.023344772779729888 0.3048 -3.912005575640372 1.2781694905444452
14799 10561439 0.047523036739122185 0.02233431954496857 0.3048 -3.912005575640372 1.2781694905444452
14800 10561439 0.049794551320866985 0.021323866310207256 0.3048 -3.912005575640372 1.2781694905444452
14801 10561439 0.052066065902611786 0.020313413075445937 0.3048 -3.912005575640372 1.2781694905444452
14802 10561439 0.054337580484356586 0.019302959840684617 0.3048 -3.912005575640372 1.2781694905444452
14803 10561439 0.056609095066101386 0.018292506605923305 0.3048 -3.912005575640372 1.2781694905444452
14804 10561439 0.05888060964784619 0.017282053371161992 0.3048 -3.912005575640372 1.2781694905444452
14805 10561439 0.06115212422959099 0.016271600136400673 0.3048 -3.912005575640372 1.2781694905444452
14806 10561439 0.06342363881133578 0.015261146901639353 0.3048 -3.912005575640372 1.2781694905444452
14807 10561439 0.06569515339308059 0.014250693666878037 0.3048 -3.912005575640372 1.2781694905444452
14808 10561439 0.0679666679748254 0.01324024043211672 0.3048 -3.912005575640372 1.2781694905444452
14809 10561439 0.07023818255657019 0.012229787197355402 0.3048 -3.912005575640372 1.2781694905444452
14810 10561439 0.072509697138315 0.011219333962594086 0.3048 -3.912005575640372 1.2781694905444452
14811 10561439 0.07478121172005979 0.01020888072783277 0.3048 -3.912005575640372 1.2781694905444452
14812 10561439 0.07705272630180457 0.009198427493071456 0.3048 -3.912005575640372 1.2781694905444452
14813 10561439 0.07932424088354939 0.008187974258310138 0.3048 -3.912005575640372 1.2781694905444452
14814 10561439 0.10637396528547943 0.007525337601710549 0.3048 -3.912005575640372 1.2781694905444452
14815 10561439 0.13342368968740947 0.006862700945110961 0.3048 -3.912005575640372 1.2781694905444452
14816 10561439 0.15841543772145364 0.006697925202748231 0.3048 -3.912005575640372 1.2781694905444452
14817 10561439 0.1834071857554978 0.006533149460385501 0.3048 -3.912005575640372 1.2781694905444452
14818 10561439 0.208398933789542 0.0063683737180227715 0.3048 -3.912005575640372 1.2781694905444452
14819 10561439 0.23339068182358616 0.0062035979756600405 0.3048 -3.912005575640372 1.2781694905444452
14820 10561439 0.2583824298576303 0.006038822233297311 0.3048 -3.912005575640372 1.2781694905444452
14821 10561439 0.2833741778916745 0.005874046490934581 0.3048 -3.912005575640372 1.2781694905444452
14822 10561439 0.30836592592571865 0.005709270748571851 0.3048 -3.912005575640372 1.2781694905444452
14823 10561439 0.33335767395976285 0.005544495006209122 0.3048 -3.912005575640372 1.2781694905444452
14824 10561439 0.35834942199380704 0.0053797192638463925 0.3048 -3.912005575640372 1.2781694905444452
14825 10561439 0.3833411700278512 0.0052149435214836615 0.3048 -3.912005575640372 1.2781694905444452
14826 10561439 0.4266365454158633 0.0018146611417182987 0.3048 -3.912005575640372 1.2781694905444452
14827 10561439 0.4730889849938628 0.0026402443628363303 0.3048 -3.912005575640372 1.2781694905444452
14828 10561439 0.4887873306442572 0.0031181190583861595 0.32004 -3.912005575640372 1.2781694905444452
14829 10561439 0.5044856762946516 0.003595993753935989 0.33528 -3.912005575640372 1.2781694905444452
14830 10561439 0.5451166240374936 0.0022356686092200287 0.33528 -3.912005575640372 1.2781694905444452
14831 10561439 0.5857475717803355 0.0008753434645040678 0.33528 -3.912005575640372 1.2781694905444452
14832 10561439 0.6263785195231775 -0.00048498168021189267 0.33528 -3.912005575640372 1.2781694905444452
14833 10561439 0.6670094672660195 -0.0018453068249278527 0.33528 -3.912005575640372 1.2781694905444452
14834 10561439 0.6848172613138623 -0.0017058191982833662 0.33528 -3.912005575640372 1.2781694905444452
14835 10561439 0.7026250553617049 -0.0015663315716388793 0.33528 -3.912005575640372 1.2781694905444452
14836 10561439 0.7410148861375555 -0.004723217501145986 0.34036 -3.912005575640372 1.2781694905444452
14837 10561439 0.779404716913406 -0.007880103430653092 0.34544 -3.912005575640372 1.2781694905444452
14838 10561439 0.8177945476892564 -0.0110369893601602 0.35052000000000005 -3.912005575640372 1.2781694905444452
14839 10561439 0.8561843784651069 -0.014193875289667306 0.3556 -3.912005575640372 1.2781694905444452
14840 10561439 0.8945742092409573 -0.017350761219174414 0.36068 -3.912005575640372 1.2781694905444452
14841 10561439 0.9329640400168078 -0.02050764714868152 0.36576 -3.912005575640372 1.2781694905444452
14842 10561439 0.9713538707926582 -0.023664533078188624 0.3708400000000001 -3.912005575640372 1.2781694905444452
14843 10561439 1.009743701568509 -0.02682141900769573 0.37592 -3.912005575640372 1.2781694905444452
14844 10561439 1.0481335323443592 -0.029978304937202837 0.381 -3.912005575640372 1.2781694905444452
14845 10561439 1.0865233631202096 -0.03313519086670995 0.38608 -3.912005575640372 1.2781694905444452
14846 10561439 1.12491319389606 -0.03629207679621705 0.3911600000000001 -3.912005575640372 1.2781694905444452
14847 10561439 1.1633030246719105 -0.039448962725724165 0.39624 -3.912005575640372 1.2781694905444452
14848 10561439 1.201692855447761 -0.04260584865523127 0.40131999999999995 -3.912005575640372 1.2781694905444452
14849 10561439 1.2400826862236114 -0.04576273458473837 0.4064 -3.912005575640372 1.2781694905444452
14850 10561439 1.2784725169994615 -0.04891962051424548 0.4114800000000001 -3.912005575640372 1.2781694905444452
14851 10561439 1.3168623477753123 -0.05207650644375258 0.41656 -3.912005575640372 1.2781694905444452
14852 10561439 1.3552521785511629 -0.055233392373259686 0.42163999999999996 -3.912005575640372 1.2781694905444452
14853 10561439 1.3936420093270132 -0.0583902783027668 0.42672 -3.912005575640372 1.2781694905444452
14854 10561439 1.4313287348179298 -0.06263950847265079 0.44196 -3.912005575640372 1.2781694905444452
14855 10561439 1.4690154603088463 -0.06688873864253478 0.4572000000000001 -3.912005575640372 1.2781694905444452
14856 10561439 1.478644803475074 -0.07003402575502235 0.4572000000000001 -3.912005575640372 1.2781694905444452
14857 10561439 1.5404143319774468 -0.08483594640079686 0.4572000000000001 -3.912005575640372 1.2781694905444452
14858 10561439 1.5759445006124868 -0.09024928770637564 0.4572000000000001 -3.912005575640372 1.2781694905444452
14859 10561439 1.5920090462855896 -0.09000559606010486 0.4572000000000001 -3.912005575640372 1.2781694905444452
14860 10561439 1.6407326184516169 -0.10124649466482596 0.4572000000000001 -3.912005575640372 1.2781694905444452
14861 10561439 1.6704232519442317 -0.11094369669536404 0.4572000000000001 -3.912005575640372 1.2781694905444452
14862 10561439 1.727378292158557 -0.1241714673139868 0.48768 -3.912005575640372 1.2781694905444452
14863 10561439 1.74790026846657 -0.12795326957941985 0.48768 -3.912005575640372 1.2781694905444452
14864 10561439 1.768422244774583 -0.13173507184485292 0.48768 -3.912005575640372 1.2781694905444452
14865 10561439 1.8184626303093985 -0.14574114766569018 0.48768 -3.912005575640372 1.2781694905444452
14866 10561439 1.853206203514583 -0.15288206919474812 0.50292 -3.912005575640372 1.2781694905444452
14867 10561439 1.887949776719768 -0.16002299072380602 0.5181600000000001 -3.912005575640372 1.2781694905444452
14868 10561439 1.9232578564936385 -0.1715535444879628 0.5181600000000001 -3.912005575640372 1.2781694905444452
14869 10561439 1.9541790900299447 -0.17639438119749087 0.5181600000000001 -3.912005575640372 1.2781694905444452
14870 10561439 1.989005776593636 -0.18776737367118346 0.5181600000000001 -3.912005575640372 1.2781694905444452
14871 10561439 2.0359649264306663 -0.1976114718563244 0.5181600000000001 -3.912005575640372 1.2781694905444452
14872 10561439 2.0822250601438896 -0.20687652723047464 0.5181600000000001 -3.912005575640372 1.2781694905444452
14873 10561439 2.11570235327146 -0.21313540380679905 0.5181600000000001 -3.912005575640372 1.2781694905444452
14874 10561439 2.16145788628139 -0.22258561457789688 0.54864 -3.912005575640372 1.2781694905444452
14875 10561439 2.1972515899324083 -0.22854909630186485 0.54864 -3.912005575640372 1.2781694905444452
14876 10561439 2.2328040143977748 -0.23525134939486794 0.54864 -3.912005575640372 1.2781694905444452
14877 10561439 2.270638360266462 -0.2417639454858134 0.54864 -3.912005575640372 1.2781694905444452
14878 10561439 2.3113529563021293 -0.2448944547156841 0.54864 -3.912005575640372 1.2781694905444452
14879 10561439 2.3468983369789047 -0.2448183292309495 0.57912 -3.912005575640372 1.2781694905444452
14880 10561439 2.3754503795660424 -0.24304281797006266 0.57912 -3.912005575640372 1.2781694905444452
14881 10561439 2.405352725440693 -0.2364511828844733 0.57912 -3.912005575640372 1.2781694905444452
14882 10561439 2.4352550713153445 -0.22985954779888404 0.57912 -3.912005575640372 1.2781694905444452
14883 10561439 2.452961324332796 -0.22594451499322105 0.57912 -3.912005575640372 1.2781694905444452
14884 10561439 2.470667577350248 -0.22202948218755805 0.57912 -3.912005575640372 1.2781694905444452
14885 10561439 2.5418030271021816 -0.1863775671020871 0.6096 -3.912005575640372 1.2781694905444452
14886 10561439 2.5729434114784078 -0.16579178210743356 0.6096 -3.912005575640372 1.2781694905444452
14887 10561439 2.604083795854633 -0.14520599711278004 0.6096 -3.912005575640372 1.2781694905444452
14888 10561439 2.63067812527262 -0.11678392237436673 0.6096 -3.912005575640372 1.2781694905444452
14889 10561439 2.657272454690607 -0.08836184763595341 0.6096 -3.912005575640372 1.2781694905444452
14890 10561439 2.6838667841085937 -0.0599397728975401 0.6096 -3.912005575640372 1.2781694905444452
14891 10561439 2.7104611135265806 -0.03151769815912678 0.6096 -3.912005575640372 1.2781694905444452
14892 10561439 2.7403307111762896 0.007210342046717361 0.6096 -3.912005575640372 1.2781694905444452
14893 10561439 2.7589419078138504 0.04762791823823684 0.6096 -3.912005575640372 1.2781694905444452
14894 10561439 2.7762197915267013 0.0828735328848755 0.6096 -3.912005575640372 1.2781694905444452
14895 10561439 2.7957500616042803 0.1263787912601981 0.6096 -3.912005575640372 1.2781694905444452
14896 10561439 2.8146254764035152 0.16787830719327776 0.6096 -3.912005575640372 1.2781694905444452
14897 10561439 2.8306507405688217 0.21696687210010165 0.6096 -3.912005575640372 1.2781694905444452
14898 10561439 2.8363371249976805 0.2343853963428026 0.6248400000000001 -3.912005575640372 1.2781694905444452
14899 10561439 2.84202350942654 0.2518039205855035 0.6400800000000001 -3.912005575640372 1.2781694905444452
14900 10561439 2.857300992679625 0.314921073437087 0.6400800000000001 -3.912005575640372 1.2781694905444452
