14901 10561439 2.8659961134408203 0.3578749516172885 0.6400800000000001 -3.912005575640372 1.2781694905444452
14902 10561439 2.873531096661882 0.4152256828809243 0.6400800000000001 -3.912005575640372 1.2781694905444452
14903 10561439 2.8744842609023813 0.4532306932273553 0.6400800000000001 -3.912005575640372 1.2781694905444452
14904 10561439 2.873194049824936 0.4968744457663036 0.6400800000000001 -3.912005575640372 1.2781694905444452
14905 10561439 2.8591978598112284 0.5709503366704145 0.6400800000000001 -3.912005575640372 1.2781694905444452
14906 10561439 2.8542909994104404 0.5885563369932492 0.6400800000000001 -3.912005575640372 1.2781694905444452
14907 10561439 2.8441219994309246 0.6237675534857299 0.6400800000000001 -3.912005575640372 1.2781694905444452
14908 10561439 2.8076080662473544 0.6946817443608065 0.6400800000000001 -3.912005575640372 1.2781694905444452
14909 10561439 2.7629151525509865 0.7574026154922565 0.6400800000000001 -3.912005575640372 1.2781694905444452
14910 10561439 2.751678220549953 0.7719355296476605 0.6400800000000001 -3.912005575640372 1.2781694905444452
14911 10561439 2.7006704208908374 0.8196633150542553 0.6400800000000001 -3.912005575640372 1.2781694905444452
14912 10561439 2.6631096260839517 0.8487491107358407 0.6400800000000001 -3.912005575640372 1.2781694905444452
14913 10561439 2.6197948630074257 0.8792466776140985 0.6400800000000001 -3.912005575640372 1.2781694905444452
14914 10561439 2.5731522673397205 0.9049902327762571 0.6400800000000001 -3.912005575640372 1.2781694905444452
14915 10561439 2.5498310940891917 0.9178621642977571 0.6400800000000001 -3.912005575640372 1.2781694905444452
14916 10561439 2.526509920838662 0.930734095819257 0.6400800000000001 -3.912005575640372 1.2781694905444452
14917 10561439 2.4544346289736385 0.9656010247579968 0.67056 -3.912005575640372 1.2781694905444452
14918 10561439 2.3939294684864283 0.9876369458072454 0.67056 -3.912005575640372 1.2781694905444452
14919 10561439 2.347900079748221 1.0040410060055638 0.6553200000000001 -3.912005575640372 1.2781694905444452
14920 10561439 2.3018706910100137 1.0204450662038822 0.6400800000000001 -3.912005575640372 1.2781694905444452
14921 10561439 2.2706491380318683 1.03087476365914 0.6400800000000001 -3.912005575640372 1.2781694905444452
14922 10561439 2.2104752265838084 1.0505262520600895 0.6400800000000001 -3.912005575640372 1.2781694905444452
14923 10561439 2.153426057784614 1.0634335040725065 0.6400800000000001 -3.912005575640372 1.2781694905444452
14924 10561439 2.0769271093712245 1.0833945084735357 0.6400800000000001 -3.912005575640372 1.2781694905444452
14925 10561439 2.010617033778334 1.0992108039709014 0.6400800000000001 -3.912005575640372 1.2781694905444452
14926 10561439 1.977007519215917 1.105047998378738 0.6400800000000001 -3.912005575640372 1.2781694905444452
14927 10561439 1.9104528989385507 1.1160385642158728 0.6400800000000001 -3.912005575640372 1.2781694905444452
14928 10561439 1.8543787420083524 1.1292139886145782 0.6400800000000001 -3.912005575640372 1.2781694905444452
14929 10561439 1.7926035409613859 1.1385277241871092 0.6400800000000001 -3.912005575640372 1.2781694905444452
14930 10561439 1.7374297847526687 1.1452183062338626 0.6400800000000001 -3.912005575640372 1.2781694905444452
14931 10561439 1.678784243278426 1.1543284861313936 0.6400800000000001 -3.912005575640372 1.2781694905444452
14932 10561439 1.633071230110001 1.1638874679014284 0.6400800000000001 -3.912005575640372 1.2781694905444452
14933 10561439 1.564930407707635 1.1700255239207995 0.6400800000000001 -3.912005575640372 1.2781694905444452
14934 10561439 1.4824156093206304 1.1794581569850158 0.6096 -3.912005575640372 1.2781694905444452
14935 10561439 1.4527584997067846 1.1819038356275595 0.6096 -3.912005575640372 1.2781694905444452
14936 10561439 1.4231013900929388 1.1843495142701037 0.6096 -3.912005575640372 1.2781694905444452
14937 10561439 1.354708400914049 1.1908055609688233 0.6096 -3.912005575640372 1.2781694905444452
14938 10561439 1.287637874072705 1.201853716387145 0.6096 -4.5838408764376535 0.6518684078088888
14939 10561439 1.240338416436814 1.2065595470726092 0.6096 -4.5838408764376535 0.6518684078088888
14940 10561439 1.1674179134545175 1.214379800033044 0.6096 -4.5838408764376535 0.6518684078088888
14941 10561439 1.1125400485071586 1.2189924211060543 0.6096 -4.5838408764376535 0.6518684078088888
14942 10561439 1.0303674943271484 1.2270332653240308 0.6096 -4.5838408764376535 0.6518684078088888
14943 10561439 0.9733457900000118 1.2318801320729758 0.6096 -4.5838408764376535 0.6518684078088888
14944 10561439 0.946383291542918 1.2349660572722354 0.6096 -4.5838408764376535 0.6518684078088888
14945 10561439 0.8549930655250184 1.2433338918183572 0.6096 -4.5838408764376535 0.6518684078088888
14946 10561439 0.8203614381836588 1.2474076660846956 0.6096 -4.5838408764376535 0.6518684078088888
14947 10561439 0.7630980720590845 1.251517333511335 0.6096 -4.5838408764376535 0.6518684078088888
14948 10561439 0.7034366325385951 1.2537240675211525 0.6096 -4.5838408764376535 0.6518684078088888
14949 10561439 0.6451806157409369 1.2629490690414726 0.6096 -4.5838408764376535 0.6518684078088888
14950 10561439 0.5663851509472935 1.2663865284877556 0.6096 -4.5838408764376535 0.6518684078088888
14951 10561439 0.5087074983405664 1.2692315914436056 0.6096 -4.5838408764376535 0.6518684078088888
14952 10561439 0.4509776688492632 1.2773515374883653 0.6096 -4.5838408764376535 0.6518684078088888
14953 10561439 0.4028580530034809 1.2822726107514442 0.6096 -4.5838408764376535 0.6518684078088888
14954 10561439 0.3547384371576986 1.2871936840145228 0.6096 -4.5838408764376535 0.6518684078088888
14955 10561439 0.2977505502887561 1.292151757177781 0.6248400000000001 -4.5838408764376535 0.6518684078088888
14956 10561439 0.2407626634198137 1.297109830341039 0.6400800000000001 -4.5838408764376535 0.6518684078088888
14957 10561439 0.21871714435594256 1.2989417085730346 0.6400800000000001 -4.5838408764376535 0.6518684078088888
14958 10561439 0.14643825861239612 1.3073802486859945 0.6400800000000001 -4.5838408764376535 0.6518684078088888
14959 10561439 0.08270844564141377 1.3120901743851499 0.6400800000000001 -4.5838408764376535 0.6518684078088888
14960 10561439 0.03051247259656842 1.3167688228724133 0.6400800000000001 -4.5838408764376535 0.6518684078088888
14961 10561439 -0.007962720659547173 1.3185980239463413 0.6400800000000001 -4.5838408764376535 0.6518684078088888
14962 10561439 -0.07130883398444743 1.3285581755117781 0.6400800000000001 -4.5838408764376535 0.6518684078088888
14963 10561439 -0.12083060645231115 1.3359854996965363 0.6400800000000001 -4.5838408764376535 0.6518684078088888
14964 10561439 -0.17974698835344038 1.3391240589140785 0.6400800000000001 -4.5838408764376535 0.6518684078088888
14965 10561439 -0.22027970278945366 1.3468845814972297 0.6400800000000001 -4.5838408764376535 0.6518684078088888
14966 10561439 -0.2574826244815942 1.3485327934510822 0.6400800000000001 -4.5838408764376535 0.6518684078088888
14967 10561439 -0.2884793779154684 1.3534096909173028 0.6400800000000001 -4.5838408764376535 0.6518684078088888
14968 10561439 -0.3194761313493426 1.3582865883835231 0.6400800000000001 -4.5838408764376535 0.6518684078088888
14969 10561439 -0.39779674381565067 1.3675376013296074 0.6400800000000001 -4.5838408764376535 0.6518684078088888
14970 10561439 -0.4435357751440949 1.3743145022843897 0.6400800000000001 -4.5838408764376535 0.6518684078088888
14971 10561439 -0.4955549966825144 1.3836125526836758 0.6400800000000001 -4.5838408764376535 0.6518684078088888
14972 10561439 -0.5524829583581357 1.3914783728047917 0.6096 -4.5838408764376535 0.6518684078088888
14973 10561439 -0.6142246011702861 1.400918722220866 0.6096 -4.5838408764376535 0.6518684078088888
14974 10561439 -0.662263134587951 1.4020229715468278 0.6096 -4.5838408764376535 0.6518684078088888
14975 10561439 -0.7203945858770007 1.4102836718261265 0.6096 -4.5838408764376535 0.6518684078088888
14976 10561439 -0.7573860580997491 1.4166555751994598 0.6096 -4.5838408764376535 0.6518684078088888
14977 10561439 -0.8081720461759161 1.4215801734312081 0.6096 -4.5838408764376535 0.6518684078088888
14978 10561439 -0.8535921309762198 1.4266196791122312 0.6096 -4.5838408764376535 0.6518684078088888
14979 10561439 -0.8906181319238533 1.4328867322773613 0.6096 -4.5838408764376535 0.6518684078088888
14980 10561439 -0.9683362832833032 1.4477888312578893 0.6096 -4.5838408764376535 0.6518684078088888
14981 10561439 -1.0071330259291411 1.4497284256973375 0.6096 -4.5838408764376535 0.6518684078088888
14982 10561439 -1.035479436448877 1.456195366778683 0.6096 -4.5838408764376535 0.6518684078088888
14983 10561439 -1.0638258469686137 1.4626623078600292 0.6096 -4.5838408764376535 0.6518684078088888
14984 10561439 -1.1276879865217224 1.4726838338953048 0.6096 -4.5838408764376535 0.6518684078088888
14985 10561439 -1.1750812524001308 1.4768518589201505 0.6096 -4.5838408764376535 0.6518684078088888
14986 10561439 -1.2205869460963603 1.4870626235625128 0.6096 -4.5838408764376535 0.6518684078088888
14987 10561439 -1.277595289707114 1.4949605345019117 0.6096 -4.5838408764376535 0.6518684078088888
14988 10561439 -1.322093502408341 1.5039077071563232 0.6096 -4.5838408764376535 0.6518684078088888
14989 10561439 -1.3653140615683668 1.5075299490009637 0.6096 -4.5838408764376535 0.6518684078088888
14990 10561439 -1.4120707761629931 1.5166322784871653 0.6096 -4.5838408764376535 0.6518684078088888
14991 10561439 -1.456670511957798 1.5268987698843797 0.6096 -4.5838408764376535 0.6518684078088888
14992 10561439 -1.4902060899197933 1.53243620895426 0.6096 -4.5838408764376535 0.6518684078088888
14993 10561439 -1.5237416678817886 1.5379736480241404 0.6096 -4.5838408764376535 0.6518684078088888
14994 10561439 -1.5701388514574222 1.5411173782008971 0.6096 -4.5838408764376535 0.6518684078088888
14995 10561439 -1.6050372104957285 1.5525342249984222 0.57912 -4.5838408764376535 0.6518684078088888
14996 10561439 -1.6631341925379617 1.5609082385441606 0.57912 -4.5838408764376535 0.6518684078088888
14997 10561439 -1.6953465443992408 1.565604729390238 0.57912 -4.5838408764376535 0.6518684078088888
14998 10561439 -1.7466749690692611 1.5770229047374145 0.57912 -4.5838408764376535 0.6518684078088888
14999 10561439 -1.8204159448449364 1.5905164819131803 0.6096 -4.5838408764376535 0.6518684078088888
15000 10561439 -1.8356588062378207 1.5955036714162099 0.6096 -4.5838408764376535 0.6518684078088888
15001 10561439 -1.903956600913786 1.6066330123571877 0.6096 -4.5838408764376535 0.6518684078088888
15002 10561439 -1.9441489543404804 1.611371111161113 0.57912 -4.5838408764376535 0.6518684078088888
15003 10561439 -1.9946749673743391 1.6225285962551799 0.6096 -4.5838408764376535 0.6518684078088888
15004 10561439 -2.018596440081721 1.628135889582231 0.6096 -4.5838408764376535 0.6518684078088888
15005 10561439 -2.061550986733651 1.6336616329151614 0.6096 -4.5838408764376535 0.6518684078088888
15006 10561439 -2.1036910649455334 1.6395053398503487 0.6096 -4.5838408764376535 0.6518684078088888
15007 10561439 -2.142958864153158 1.6497842300666468 0.6096 -4.5838408764376535 0.6518684078088888
15008 10561439 -2.1902599695669167 1.6545130372515098 0.6096 -4.5838408764376535 0.6518684078088888
15009 10561439 -2.2408549208194604 1.6654612025510522 0.6096 -4.5838408764376535 0.6518684078088888
15010 10561439 -2.2720577559679693 1.6705310502608506 0.6096 -4.5838408764376535 0.6518684078088888
15011 10561439 -2.3190380019733063 1.6751557066774945 0.6096 -4.5838408764376535 0.6518684078088888
15012 10561439 -2.3461749983040794 1.6769089936813713 0.6096 -4.5838408764376535 0.6518684078088888
15013 10561439 -2.373311994634851 1.678662280685248 0.6096 -4.5838408764376535 0.6518684078088888
15014 10561439 -2.3970952228616795 1.6846930253125003 0.6096 -4.5838408764376535 0.6518684078088888
15015 10561439 -2.4414715921132206 1.6902189927849236 0.6096 -4.5838408764376535 0.6518684078088888
15016 10561439 -2.496476612449227 1.6958352593504142 0.57912 -4.5838408764376535 0.6518684078088888
15017 10561439 -2.53854991910496 1.7002575344489408 0.57912 -4.5838408764376535 0.6518684078088888
15018 10561439 -2.5750153053211533 1.7055320805530765 0.57912 -4.5838408764376535 0.6518684078088888
15019 10561439 -2.6195144268751798 1.7052569948043124 0.57912 -4.5838408764376535 0.6518684078088888
15020 10561439 -2.6575188581462355 1.7004026345534309 0.57912 -4.5838408764376535 0.6518684078088888
15021 10561439 -2.6903799272678595 1.700408395875865 0.57912 -4.5838408764376535 0.6518684078088888
15022 10561439 -2.7376351531225502 1.689000828803856 0.57912 -4.5838408764376535 0.6518684078088888
15023 10561439 -2.7925958918080624 1.669248895240522 0.57912 -4.5838408764376535 0.6518684078088888
15024 10561439 -2.827981399499169 1.659915774589502 0.57912 -4.5838408764376535 0.6518684078088888
15025 10561439 -2.8635335876822032 1.6381346572695148 0.57912 -4.5838408764376535 0.6518684078088888
15026 10561439 -2.8936928998812093 1.6192623138329982 0.57912 -4.5838408764376535 0.6518684078088888
15027 10561439 -2.923852212080216 1.6003899703964817 0.57912 -4.5838408764376535 0.6518684078088888
15028 10561439 -2.951063739090281 1.5742430220283228 0.57912 -4.5838408764376535 0.6518684078088888
15029 10561439 -2.9714965074939252 1.5538812388124252 0.57912 -4.5838408764376535 0.6518684078088888
15030 10561439 -2.9919292758975686 1.5335194555965277 0.57912 -4.5838408764376535 0.6518684078088888
15031 10561439 -3.0117000302192194 1.5070401753810867 0.57912 -4.5838408764376535 0.6518684078088888
15032 10561439 -3.0346646071589163 1.4762313905512057 0.57912 -4.5838408764376535 0.6518684078088888
15033 10561439 -3.0595313286982697 1.4463958406601942 0.57912 -4.5838408764376535 0.6518684078088888
15034 10561439 -3.0819414667682308 1.4104979840994498 0.57912 -4.5838408764376535 0.6518684078088888
15035 10561439 -3.1055416863894365 1.3763919012585548 0.57912 -4.5838408764376535 0.6518684078088888
15036 10561439 -3.118266982919565 1.3537993168696991 0.57912 -4.5838408764376535 0.6518684078088888
15037 10561439 -3.1293839382862125 1.3171258360751823 0.57912 -4.5838408764376535 0.6518684078088888
15038 10561439 -3.1423281131985616 1.2613031479073962 0.57912 -4.5838408764376535 0.6518684078088888
15039 10561439 -3.1481974809382303 1.2298059065950615 0.57912 -4.5838408764376535 0.6518684078088888
15040 10561439 -3.1526963586430066 1.1943545913773366 0.57912 -4.5838408764376535 0.6518684078088888
15041 10561439 -3.1559897429965686 1.1517314743089266 0.57912 -4.5838408764376535 0.6518684078088888
15042 10561439 -3.1540908242304218 1.123884258671626 0.57912 -4.5838408764376535 0.6518684078088888
15043 10561439 -3.1569026123171344 1.0811035268269438 0.57912 -4.5838408764376535 0.6518684078088888
15044 10561439 -3.1528175109854915 1.0420243961451807 0.57912 -4.5838408764376535 0.6518684078088888
15045 10561439 -3.1555485895289035 1.0076303359569565 0.57912 -4.5838408764376535 0.6518684078088888
15046 10561439 -3.1537927573358333 0.9920990557097836 0.57912 -4.5838408764376535 0.6518684078088888
15047 10561439 -3.152036925142763 0.9765677754626106 0.57912 -4.5838408764376535 0.6518684078088888
15048 10561439 -3.150089786199426 0.941810853371955 0.57912 -4.5838408764376535 0.6518684078088888
15049 10561439 -3.1417661647962394 0.9075373440515266 0.57912 -4.5838408764376535 0.6518684078088888
15050 10561439 -3.136213878969351 0.8675107290809588 0.57912 -4.5838408764376535 0.6518684078088888
15051 10561439 -3.125671189227166 0.837301692629596 0.57912 -4.5838408764376535 0.6518684078088888
15052 10561439 -3.119410904249261 0.8032363346148931 0.57912 -4.5838408764376535 0.6518684078088888
15053 10561439 -3.1136374505939983 0.7736537176060287 0.57912 -4.5838408764376535 0.6518684078088888
15054 10561439 -3.1033551030546143 0.7372202953293281 0.57912 -4.5838408764376535 0.6518684078088888
15055 10561439 -3.09934995086223 0.7141757585016668 0.57912 -4.5838408764376535 0.6518684078088888
15056 10561439 -3.088867855510763 0.6810656157259857 0.57912 -4.5838408764376535 0.6518684078088888
15057 10561439 -3.0799714411077086 0.6539663535116778 0.57912 -4.5838408764376535 0.6518684078088888
15058 10561439 -3.0754722504489416 0.6229314529113725 0.54864 -4.5838408764376535 0.6518684078088888
15059 10561439 -3.058945249047478 0.590647218948766 0.57912 -4.5838408764376535 0.6518684078088888
15060 10561439 -3.049374210694824 0.5618082806158574 0.54864 -4.5838408764376535 0.6518684078088888
15061 10561439 -3.0319642376513767 0.5292352093283262 0.57912 -4.5838408764376535 0.6518684078088888
15062 10561439 -3.0271718020222917 0.5113081381505143 0.54864 -4.5838408764376535 0.6518684078088888
15063 10561439 -3.010312041868623 0.478681599347264 0.54864 -4.5838408764376535 0.6518684078088888
15064 10561439 -2.9942169865772716 0.4572889749716573 0.54864 -4.5838408764376535 0.6518684078088888
15065 10561439 -2.9850615397290516 0.443192089707582 0.54864 -4.5838408764376535 0.6518684078088888
15066 10561439 -2.975906092880832 0.4290952044435066 0.54864 -4.5838408764376535 0.6518684078088888
15067 10561439 -2.9563248947854683 0.4074965272842955 0.54864 -4.5838408764376535 0.6518684078088888
15068 10561439 -2.927399766233941 0.3753617150874238 0.54864 -4.5838408764376535 0.6518684078088888
15069 10561439 -2.9036543503497336 0.3458570642905924 0.54864 -4.5838408764376535 0.6518684078088888
15070 10561439 -2.8854357075946564 0.3255225738414469 0.54864 -4.5838408764376535 0.6518684078088888
15071 10561439 -2.8619880575880647 0.3048790118512916 0.54864 -4.5838408764376535 0.6518684078088888
15072 10561439 -2.8298599733356022 0.2836148286604734 0.54864 -4.5838408764376535 0.6518684078088888
15073 10561439 -2.8162987147177434 0.2707639060285709 0.54864 -4.5838408764376535 0.6518684078088888
15074 10561439 -2.7772191027799393 0.2419670777045225 0.54864 -4.5838408764376535 0.6518684078088888
15075 10561439 -2.7543800638185845 0.2292349484075666 0.54864 -4.5838408764376535 0.6518684078088888
15076 10561439 -2.7296699548209027 0.21787696685755684 0.5181600000000001 -4.5838408764376535 0.6518684078088888
15077 10561439 -2.703830448568234 0.201826265969422 0.5181600000000001 -4.5838408764376535 0.6518684078088888
15078 10561439 -2.6849828998119505 0.19291278366117984 0.5181600000000001 -4.5838408764376535 0.6518684078088888
15079 10561439 -2.666135351055666 0.1839993013529377 0.5181600000000001 -4.5838408764376535 0.6518684078088888
15080 10561439 -2.6389141742593307 0.17217052748757186 0.5181600000000001 -4.5838408764376535 0.6518684078088888
15081 10561439 -2.5918264377200573 0.15454212566313014 0.5181600000000001 -4.5838408764376535 0.6518684078088888
15082 10561439 -2.5604045439173233 0.14537029589823605 0.5181600000000001 -4.5838408764376535 0.6518684078088888
15083 10561439 -2.528982650114589 0.13619846613334194 0.5181600000000001 -4.5838408764376535 0.6518684078088888
15084 10561439 -2.499553043657264 0.1294898388748726 0.5181600000000001 -4.5838408764376535 0.6518684078088888
15085 10561439 -2.4688009208625843 0.1165064589561958 0.5181600000000001 -4.5838408764376535 0.6518684078088888
15086 10561439 -2.431940213232954 0.1097035063018292 0.5181600000000001 -4.5838408764376535 0.6518684078088888
15087 10561439 -2.404848745528625 0.10399401930808448 0.5181600000000001 -4.5838408764376535 0.6518684078088888
15088 10561439 -2.375465765735309 0.09660013960182633 0.5181600000000001 -4.5838408764376535 0.6518684078088888
15089 10561439 -2.3388914576649853 0.09000823557760304 0.5181600000000001 -4.5838408764376535 0.6518684078088888
15090 10561439 -2.3256250622666337 0.08847191342974302 0.5181600000000001 -4.5838408764376535 0.6518684078088888
15091 10561439 -2.3123586668682816 0.08693559128188298 0.5181600000000001 -4.5838408764376535 0.6518684078088888
15092 10561439 -2.2826079679505518 0.08012285470814004 0.5181600000000001 -4.5838408764376535 0.6518684078088888
15093 10561439 -2.2353320575553064 0.07528807541610047 0.5181600000000001 -4.5838408764376535 0.6518684078088888
15094 10561439 -2.199039261896952 0.07299531438846799 0.5181600000000001 -4.5838408764376535 0.6518684078088888
15095 10561439 -2.1698752645794968 0.06941293466582682 0.50292 -4.5838408764376535 0.6518684078088888
15096 10561439 -2.1407112672620423 0.06583055494318565 0.48768 -4.5838408764376535 0.6518684078088888
15097 10561439 -2.115740596830655 0.06069918437321418 0.48768 -4.5838408764376535 0.6518684078088888
15098 10561439 -2.0838408082333846 0.057741019720576624 0.48768 -4.5838408764376535 0.6518684078088888
15099 10561439 -2.0555043229454077 0.05746763262845875 0.48768 -4.5838408764376535 0.6518684078088888
15100 10561439 -2.0156147876047505 0.0517791395798439 0.48768 -4.5838408764376535 0.6518684078088888
15101 10561439 -1.9872962764970397 0.04602038570293962 0.48768 -4.5838408764376535 0.6518684078088888
15102 10561439 -1.9583431629708097 0.043559362500630944 0.48768 -4.5838408764376535 0.6518684078088888
15103 10561439 -1.932310479158416 0.04439060112313961 0.48768 -4.5838408764376535 0.6518684078088888
15104 10561439 -1.91848755564778 0.043198752418676295 0.48768 -4.5838408764376535 0.6518684078088888
15105 10561439 -1.904664632137144 0.04200690371421298 0.48768 -4.5838408764376535 0.6518684078088888
15106 10561439 -1.868973033674816 0.03570617670242579 0.48768 -4.5838408764376535 0.6518684078088888
15107 10561439 -1.8425225056112151 0.031026408891935725 0.48768 -4.5838408764376535 0.6518684078088888
15108 10561439 -1.8043022195083511 0.029740829930645942 0.4572000000000001 -4.5838408764376535 0.6518684078088888
15109 10561439 -1.7792018222378208 0.027722881276483785 0.4572000000000001 -4.5838408764376535 0.6518684078088888
15110 10561439 -1.7431780659691725 0.021080458587335173 0.4572000000000001 -4.5838408764376535 0.6518684078088888
15111 10561439 -1.7176027475540463 0.02323042580839726 0.4572000000000001 -4.5838408764376535 0.6518684078088888
15112 10561439 -1.6893962217043328 0.019846272300095245 0.4572000000000001 -4.5838408764376535 0.6518684078088888
15113 10561439 -1.6537391771005532 0.013441086778628623 0.4572000000000001 -4.5838408764376535 0.6518684078088888
15114 10561439 -1.6213087196196203 0.013466009612186663 0.4572000000000001 -4.5838408764376535 0.6518684078088888
15115 10561439 -1.593257177369546 0.01504013926192013 0.4572000000000001 -4.5838408764376535 0.6518684078088888
15116 10561439 -1.5611934967387444 0.0153021121834028 0.4572000000000001 -4.5838408764376535 0.6518684078088888
15117 10561439 -1.5314336007000422 0.016668221546466827 0.4572000000000001 -4.5838408764376535 0.6518684078088888
15118 10561439 -1.5027009068364638 0.012177982497240086 0.4572000000000001 -4.5838408764376535 0.6518684078088888
15119 10561439 -1.4634668690211832 0.015352919432609831 0.4572000000000001 -4.5838408764376535 0.6518684078088888
15120 10561439 -1.4422192722870435 0.01377832112302177 0.4572000000000001 -4.5838408764376535 0.6518684078088888
15121 10561439 -1.4102808375270113 0.015016578828359243 0.42672 -4.5838408764376535 0.6518684078088888
15122 10561439 -1.381737798450765 0.015379174271641457 0.42672 -4.5838408764376535 0.6518684078088888
15123 10561439 -1.36590894784705 0.01353232754894676 0.42672 -4.5838408764376535 0.6518684078088888
15124 10561439 -1.3500800972433349 0.011685480826252065 0.42672 -4.5838408764376535 0.6518684078088888
15125 10561439 -1.3120284748302629 0.013962650525423751 0.42672 -4.5838408764376535 0.6518684078088888
15126 10561439 -1.281373220892277 0.016438934291547164 0.42672 -4.5838408764376535 0.6518684078088888
15127 10561439 -1.2519140250912126 0.01580136975414745 0.42672 -4.5838408764376535 0.6518684078088888
15128 10561439 -1.230701078135482 0.014121856894372259 0.42672 -4.5838408764376535 0.6518684078088888
15129 10561439 -1.1999710102993906 0.011666849281098485 0.42672 -4.5838408764376535 0.6518684078088888
15130 10561439 -1.1551204801948247 0.013006605057062276 0.42672 -4.5838408764376535 0.6518684078088888
15131 10561439 -1.1286572336070455 0.009727304122801178 0.42672 -4.5838408764376535 0.6518684078088888
15132 10561439 -1.0948166631914673 0.009994322687278262 0.39624 -4.5838408764376535 0.6518684078088888
15133 10561439 -1.0628312116147614 0.012737485708934598 0.39624 -4.5838408764376535 0.6518684078088888
15134 10561439 -1.038852964773284 0.012724648860537896 0.39624 -4.5838408764376535 0.6518684078088888
15135 10561439 -1.009154144896674 0.011191808275174048 0.39624 -4.5838408764376535 0.6518684078088888
15136 10561439 -0.9719443682571768 0.009539807809458706 0.39624 -4.5838408764376535 0.6518684078088888
15137 10561439 -0.9457185121092948 0.009610171378028193 0.39624 -4.5838408764376535 0.6518684078088888
15138 10561439 -0.9223443638982872 0.013183448924568549 0.39624 -4.5838408764376535 0.6518684078088888
15139 10561439 -0.9064639175040308 0.011495955257595364 0.39624 -4.5838408764376535 0.6518684078088888
15140 10561439 -0.8905834711097741 0.009808461590622179 0.39624 -4.5838408764376535 0.6518684078088888
