19482 10532852 0.2673085029867277 0.004814702330288051 0.32766 -2.024326912220049 1.586919466281021
19483 10532852 0.2950944885434814 0.006949628384379847 0.32766 -2.024326912220049 1.586919466281021
19484 10532852 0.32310917002464845 0.008425764252535634 0.32766 -2.024326912220049 1.586919466281021
19485 10532852 0.3668860655543852 0.004867773304338657 0.33528 -2.024326912220049 1.586919466281021
19486 10532852 0.3867308444968158 0.006619064400920111 0.33528 -2.024326912220049 1.586919466281021
19487 10532852 0.4065756234392464 0.008370355497501564 0.33528 -2.024326912220049 1.586919466281021
19488 10532852 0.43063060305363776 0.005883573055426583 0.34290000000000004 -2.024326912220049 1.586919466281021
19489 10532852 0.4634597412413851 0.005786906977423539 0.34290000000000004 -2.024326912220049 1.586919466281021
19490 10532852 0.5116549384351101 0.006510523050200418 0.35052000000000005 -2.024326912220049 1.586919466281021
19491 10532852 0.5398868502503826 0.007565956519721903 0.35052000000000005 -2.024326912220049 1.586919466281021
19492 10532852 0.5717888818625457 0.007025262799837334 0.355092 -2.024326912220049 1.586919466281021
19493 10532852 0.6036909134747088 0.006484569079952765 0.35966400000000004 -2.024326912220049 1.586919466281021
19494 10532852 0.6355929450868718 0.005943875360068196 0.364236 -2.024326912220049 1.586919466281021
19495 10532852 0.6674949766990349 0.005403181640183626 0.36880799999999997 -2.024326912220049 1.586919466281021
19496 10532852 0.6993970083111981 0.004862487920299058 0.37338000000000005 -2.024326912220049 1.586919466281021
19497 10532852 0.7286711676668782 0.0047602562534747725 0.37338000000000005 -2.024326912220049 1.586919466281021
19498 10532852 0.7659148466266708 0.004589200820639628 0.37719 -2.024326912220049 1.586919466281021
19499 10532852 0.8031585255864632 0.004418145387804483 0.381 -2.024326912220049 1.586919466281021
19500 10532852 0.8404022045462557 0.004247089954969338 0.38481 -2.024326912220049 1.586919466281021
19501 10532852 0.8776458835060481 0.004076034522134193 0.38861999999999997 -2.024326912220049 1.586919466281021
19502 10532852 0.9148895624658406 0.0039049790892990476 0.39243 -2.024326912220049 1.586919466281021
19503 10532852 0.9521332414256332 0.0037339236564639024 0.39624 -2.024326912220049 1.586919466281021
19504 10532852 0.9893769203854256 0.003562868223628757 0.40005 -2.024326912220049 1.586919466281021
19505 10532852 1.0266205993452182 0.003391812790793612 0.40386 -2.024326912220049 1.586919466281021
19506 10532852 1.0638642783050103 0.003220757357958467 0.40767 -2.024326912220049 1.586919466281021
19507 10532852 1.101107957264803 0.003049701925123322 0.41148 -2.024326912220049 1.586919466281021
19508 10532852 1.1383516362245956 0.002878646492288177 0.4152900000000001 -2.024326912220049 1.586919466281021
19509 10532852 1.175595315184388 0.002707591059453032 0.4191 -2.024326912220049 1.586919466281021
19510 10532852 1.2128389941441804 0.0025365356266178864 0.4229100000000001 -2.024326912220049 1.586919466281021
19511 10532852 1.250082673103973 0.002365480193782741 0.42672 -2.024326912220049 1.586919466281021
19512 10532852 1.2873263520637654 0.002194424760947596 0.4305300000000001 -2.024326912220049 1.586919466281021
19513 10532852 1.324570031023558 0.002023369328112451 0.4343400000000001 -2.024326912220049 1.586919466281021
19514 10532852 1.3633706013134002 9.670944350863299e-05 0.4343400000000001 -2.024326912220049 1.586919466281021
19515 10532852 1.3961172756446174 -0.0013318780154064902 0.43942 -2.024326912220049 1.586919466281021
19516 10532852 1.4288639499758349 -0.002760465474321613 0.4445000000000001 -2.024326912220049 1.586919466281021
19517 10532852 1.461610624307052 -0.0041890529332367366 0.44958 -2.024326912220049 1.586919466281021
19518 10532852 1.4938034636993889 -0.01003151308319812 0.4572000000000001 -2.024326912220049 1.586919466281021
19519 10532852 1.547980592768253 -0.011372206163476327 0.4648200000000001 -2.024326912220049 1.586919466281021
19520 10532852 1.5912325555620532 -0.009728243520583976 0.4648200000000001 -2.024326912220049 1.586919466281021
19521 10532852 1.6123635936985958 -0.011373032667109055 0.47244 -2.024326912220049 1.586919466281021
19522 10532852 1.65007493129501 -0.012825632010466076 0.47244 -2.024326912220049 1.586919466281021
19523 10532852 1.6812561004523183 -0.014423212839867652 0.47625 -2.024326912220049 1.586919466281021
19524 10532852 1.7124372696096264 -0.016020793669269232 0.48006000000000004 -2.024326912220049 1.586919466281021
19525 10532852 1.734220887067074 -0.01892977385943706 0.48006000000000004 -2.024326912220049 1.586919466281021
19526 10532852 1.7876611301098868 -0.023883225685245674 0.48768 -2.024326912220049 1.586919466281021
19527 10532852 1.826105792648156 -0.025808083648457547 0.4953 -2.024326912220049 1.586919466281021
19528 10532852 1.856811326941584 -0.026957606174679318 0.4953 -2.024326912220049 1.586919466281021
19529 10532852 1.9124412150443424 -0.032274791882774066 0.50292 -2.024326912220049 1.586919466281021
19530 10532852 1.9504732452159357 -0.0338306140183762 0.51054 -2.024326912220049 1.586919466281021
19531 10532852 1.987079955529934 -0.040294556466834025 0.51054 -2.024326912220049 1.586919466281021
19532 10532852 2.02913371200718 -0.04585020402393145 0.5181600000000001 -2.024326912220049 1.586919466281021
19533 10532852 2.0620396062828066 -0.04841834866959 0.52578 -2.024326912220049 1.586919466281021
19534 10532852 2.102969913915101 -0.05360670020518549 0.5334 -2.024326912220049 1.586919466281021
19535 10532852 2.1422953212682403 -0.05827075254740999 0.54102 -2.024326912220049 1.586919466281021
19536 10532852 2.175558288603571 -0.058384943652786535 0.54864 -2.024326912220049 1.586919466281021
19537 10532852 2.196940295370235 -0.06157022978844987 0.54864 -2.024326912220049 1.586919466281021
19538 10532852 2.2183223021368987 -0.06475551592411323 0.54864 -2.024326912220049 1.586919466281021
19539 10532852 2.256033116452004 -0.06620488624460688 0.5562600000000001 -2.024326912220049 1.586919466281021
19540 10532852 2.302948849433877 -0.07101010413101863 0.56388 -2.024326912220049 1.586919466281021
19541 10532852 2.3400747130089155 -0.07261851351162787 0.56388 -2.024326912220049 1.586919466281021
19542 10532852 2.3777854093316813 -0.07406723537747559 0.5715 -2.024326912220049 1.586919466281021
19543 10532852 2.4154615974375475 -0.07562132184009154 0.5715 -2.024326912220049 1.586919466281021
19544 10532852 2.4675473165638766 -0.08199667986815183 0.5715 -2.024326912220049 1.586919466281021
19545 10532852 2.5097623835473635 -0.0859667509848259 0.57912 -2.024326912220049 1.586919466281021
19546 10532852 2.5483787697641223 -0.0873598558127425 0.5867399999999999 -2.024326912220049 1.586919466281021
19547 10532852 2.5845188397894896 -0.08817794087351519 0.5867399999999999 -2.024326912220049 1.586919466281021
19548 10532852 2.622229298194874 -0.08962536084876369 0.59436 -2.024326912220049 1.586919466281021
19549 10532852 2.663080579585784 -0.09233160046876074 0.59436 -2.024326912220049 1.586919466281021
19550 10532852 2.7015589425988185 -0.09414613610752327 0.6019800000000001 -2.024326912220049 1.586919466281021
19551 10532852 2.727951219302674 -0.09762214131865574 0.6019800000000001 -2.024326912220049 1.586919466281021
19552 10532852 2.765340560010501 -0.09896401333908576 0.6019800000000001 -2.024326912220049 1.586919466281021
19553 10532852 2.8047935844999157 -0.10051211322578876 0.6096 -2.024326912220049 1.586919466281021
19554 10532852 2.8546203122117744 -0.10673136974884163 0.6096 -2.024326912220049 1.586919466281021
19555 10532852 2.8922960531701065 -0.10828291852055974 0.61722 -2.024326912220049 1.586919466281021
19556 10532852 2.9218426431563045 -0.10957536507824532 0.6191249999999999 -2.024326912220049 1.586919466281021
19557 10532852 2.9513892331425025 -0.11086781163593093 0.62103 -2.024326912220049 1.586919466281021
19558 10532852 2.9919435395060914 -0.11108049048897267 0.626745 -2.024326912220049 1.586919466281021
19559 10532852 3.0324978458696794 -0.1112931693420144 0.63246 -2.024326912220049 1.586919466281021
19560 10532852 3.069772160626302 -0.11271280969862847 0.63246 -2.024326912220049 1.586919466281021
19561 10532852 3.1070119775435296 -0.11423782241359055 0.63246 -2.024326912220049 1.586919466281021
19562 10532852 3.1424731720636263 -0.1182193153665612 0.6400800000000001 -2.024326912220049 1.586919466281021
19563 10532852 3.1878322393335505 -0.1169037007788216 0.6477 -2.024326912220049 1.586919466281021
19564 10532852 3.224348351405004 -0.12064504206464635 0.65532 -2.024326912220049 1.586919466281021
19565 10532852 3.25202751006472 -0.1188152555846144 0.65532 -2.024326912220049 1.586919466281021
19566 10532852 3.2912532948923747 -0.11561407262228965 0.65532 -2.024326912220049 1.586919466281021
19567 10532852 3.3520498217590586 -0.10508454195450193 0.6629400000000001 -2.024326912220049 1.586919466281021
19568 10532852 3.386781647833729 -0.10041623171971284 0.67056 -2.024326912220049 1.586919466281021
19569 10532852 3.4229150902281815 -0.09036450594920034 0.67056 -2.024326912220049 1.586919466281021
19570 10532852 3.4646310811780308 -0.08225133435501944 0.6781800000000001 -2.024326912220049 1.586919466281021
19571 10532852 3.4988702419854896 -0.07637047104541297 0.6781800000000001 -2.024326912220049 1.586919466281021
19572 10532852 3.5375619595632783 -0.06283107753349372 0.6858000000000001 -2.024326912220049 1.586919466281021
19573 10532852 3.574600691585567 -0.05272375489859252 0.6858000000000001 -2.024326912220049 1.586919466281021
19574 10532852 3.615479249395243 -0.044453412680495547 0.6858000000000001 -2.024326912220049 1.586919466281021
19575 10532852 3.6350025906587367 -0.03768299179435183 0.6896100000000001 -2.024326912220049 1.586919466281021
19576 10532852 3.6545259319222314 -0.03091257090820812 0.69342 -2.024326912220049 1.586919466281021
19577 10532852 3.6921398212435252 -0.01631995665432387 0.69342 -2.024326912220049 1.586919466281021
19578 10532852 3.727814265954188 -0.004949145922723358 0.7010400000000001 -2.024326912220049 1.586919466281021
19579 10532852 3.791217412435316 0.017932585093375225 0.7086600000000001 -2.024326912220049 1.586919466281021
19580 10532852 3.827246084859233 0.0276696125132134 0.7086600000000001 -2.024326912220049 1.586919466281021
19581 10532852 3.865868370952122 0.042634711293626254 0.7162800000000001 -2.024326912220049 1.586919466281021
19582 10532852 3.9056029445476 0.05828833000633924 0.7162800000000001 -2.024326912220049 1.586919466281021
19583 10532852 3.9479958957487313 0.07120571074213798 0.7239000000000001 -2.024326912220049 1.586919466281021
19584 10532852 3.9837484230054128 0.08009893888154437 0.7239000000000001 -2.024326912220049 1.586919466281021
19585 10532852 4.027416347532869 0.09855805459273044 0.7162800000000001 -2.024326912220049 1.586919466281021
19586 10532852 4.058343083446931 0.11007742530632487 0.7162800000000001 -2.024326912220049 1.586919466281021
19587 10532852 4.124678055484435 0.13107022471442006 0.7162800000000001 -2.024326912220049 1.586919466281021
19588 10532852 4.1638744149620806 0.15052161034799835 0.7162800000000001 -2.024326912220049 1.586919466281021
19589 10532852 4.187851379707135 0.15870191821291 0.7162800000000001 -2.024326912220049 1.586919466281021
19590 10532852 4.2301741787019935 0.17140979626594818 0.7162800000000001 -2.024326912220049 1.586919466281021
19591 10532852 4.286982278262991 0.19586231261402606 0.7239000000000001 -2.024326912220049 1.586919466281021
19592 10532852 4.328972306466692 0.20891280452247205 0.7239000000000001 -2.024326912220049 1.586919466281021
19593 10532852 4.353350047281992 0.21696276564303693 0.7239000000000001 -2.024326912220049 1.586919466281021
19594 10532852 4.399319248603667 0.2326869415215403 0.7239000000000001 -2.024326912220049 1.586919466281021
19595 10532852 4.441847757440455 0.2460294936077861 0.7162800000000001 -2.024326912220049 1.586919466281021
19596 10532852 4.480043078391719 0.2607858217635789 0.7162800000000001 -2.024326912220049 1.586919466281021
19597 10532852 4.528509030803401 0.2721918261918991 0.7162800000000001 -2.024326912220049 1.586919466281021
19598 10532852 4.550777258095931 0.2813977052424024 0.7162800000000001 -2.024326912220049 1.586919466281021
19599 10532852 4.573045485388462 0.2906035842929057 0.7162800000000001 -2.024326912220049 1.586919466281021
19600 10532852 4.640832866390341 0.3117101519186042 0.7162800000000001 -2.024326912220049 1.586919466281021
19601 10532852 4.683807309983846 0.32479149661410645 0.7162800000000001 -2.024326912220049 1.586919466281021
19602 10532852 4.7266555251113855 0.3380310181150093 0.7162800000000001 -2.024326912220049 1.586919466281021
19603 10532852 4.771613883538717 0.3533858298613207 0.7239000000000001 -2.024326912220049 1.586919466281021
19604 10532852 4.813968567880579 0.3662026819855176 0.7162800000000001 -2.024326912220049 1.586919466281021
19605 10532852 4.850957725838045 0.3789009023574118 0.7239000000000001 -2.024326912220049 1.586919466281021
19606 10532852 4.8979094378339285 0.3922044203608835 0.7239000000000001 -2.024326912220049 1.586919466281021
19607 10532852 4.940298016644544 0.4051275852699557 0.7239000000000001 -2.024326912220049 1.586919466281021
19608 10532852 4.9843048444825735 0.4230130785330598 0.7239000000000001 -2.024326912220049 1.586919466281021
19609 10532852 5.029868152985938 0.4347843620569029 0.7239000000000001 -2.024326912220049 1.586919466281021
19610 10532852 5.069266824707602 0.454874036474327 0.7239000000000001 -2.024326912220049 1.586919466281021
19611 10532852 5.113397129838226 0.4676971207799298 0.7239000000000001 -2.024326912220049 1.586919466281021
19612 10532852 5.150524920315815 0.4801473419475051 0.7229475000000001 -2.024326912220049 1.586919466281021
19613 10532852 5.187652710793404 0.4925975631150805 0.7219950000000002 -2.024326912220049 1.586919466281021
19614 10532852 5.224780501270992 0.5050477842826561 0.7210425000000001 -2.024326912220049 1.586919466281021
19615 10532852 5.261908291748581 0.5174980054502313 0.7200900000000001 -2.024326912220049 1.586919466281021
19616 10532852 5.299036082226169 0.5299482266178066 0.7191375000000001 -2.024326912220049 1.586919466281021
19617 10532852 5.336163872703756 0.542398447785382 0.7181850000000001 -2.024326912220049 1.586919466281021
19618 10532852 5.373291663181346 0.5548486689529575 0.7172325000000002 -2.024326912220049 1.586919466281021
19619 10532852 5.410419453658935 0.5672988901205328 0.7162800000000001 -2.024326912220049 1.586919466281021
19620 10532852 5.489575303720512 0.5949829849208003 0.7162800000000001 -2.024326912220049 1.586919466281021
19621 10532852 5.536706614108598 0.6061285749990438 0.7162800000000001 -2.024326912220049 1.586919466281021
19622 10532852 5.5730521512262445 0.6223099450359376 0.7162800000000001 -2.024326912220049 1.586919466281021
19623 10532852 5.616331447151527 0.6338943835321483 0.7162800000000001 -2.024326912220049 1.586919466281021
19624 10532852 5.664448621986143 0.6467048266364085 0.7162800000000001 -2.024326912220049 1.586919466281021
19625 10532852 5.70733829484332 0.6598183861049086 0.7162800000000001 -2.024326912220049 1.586919466281021
19626 10532852 5.751845776966008 0.6778944259756262 0.7162800000000001 -2.024326912220049 1.586919466281021
19627 10532852 5.797910862376537 0.6923090852413588 0.7162800000000001 -2.024326912220049 1.586919466281021
19628 10532852 5.794840011320728 0.6896654106674505 0.7163474004914007 -2.024326912220049 1.586919466281021
19629 10532852 5.791769160264921 0.687021736093542 0.7164148009828011 -2.024326912220049 1.586919466281021
19630 10532852 5.788698309209112 0.6843780615196337 0.7164822014742016 -2.024326912220049 1.586919466281021
19631 10532852 5.7856274581533045 0.6817343869457252 0.7165496019656021 -2.024326912220049 1.586919466281021
19632 10532852 5.782556607097495 0.6790907123718168 0.7166170024570025 -2.024326912220049 1.586919466281021
19633 10532852 5.779485756041688 0.6764470377979085 0.7166844029484031 -2.024326912220049 1.586919466281021
19634 10532852 5.77641490498588 0.673803363224 0.7167518034398036 -2.024326912220049 1.586919466281021
19635 10532852 5.773344053930073 0.6711596886500917 0.7168192039312041 -2.024326912220049 1.586919466281021
19636 10532852 5.770273202874264 0.6685160140761832 0.7168866044226045 -2.024326912220049 1.586919466281021
19637 10532852 5.767202351818455 0.6658723395022749 0.7169540049140051 -2.024326912220049 1.586919466281021
19638 10532852 5.764131500762647 0.6632286649283665 0.7170214054054056 -2.024326912220049 1.586919466281021
19639 10532852 5.761060649706839 0.6605849903544581 0.717088805896806 -2.024326912220049 1.586919466281021
19640 10532852 5.757989798651031 0.6579413157805497 0.7171562063882065 -2.024326912220049 1.586919466281021
19641 10532852 5.754918947595224 0.6552976412066412 0.7172236068796071 -2.024326912220049 1.586919466281021
19642 10532852 5.751848096539415 0.6526539666327329 0.7172910073710075 -2.024326912220049 1.586919466281021
19643 10532852 5.7487772454836055 0.6500102920588245 0.717358407862408 -2.024326912220049 1.586919466281021
19644 10532852 5.745706394427798 0.6473666174849161 0.7174258083538085 -2.024326912220049 1.586919466281021
19645 10532852 5.74263554337199 0.6447229429110077 0.7174932088452091 -2.024326912220049 1.586919466281021
19646 10532852 5.739564692316183 0.6420792683370993 0.7175606093366095 -2.024326912220049 1.586919466281021
19647 10532852 5.736493841260374 0.6394355937631909 0.71762800982801 -2.024326912220049 1.586919466281021
19648 10532852 5.7334229902045655 0.6367919191892826 0.7176954103194104 -2.024326912220049 1.586919466281021
19649 10532852 5.730352139148757 0.6341482446153741 0.717762810810811 -2.024326912220049 1.586919466281021
19650 10532852 5.727281288092951 0.6315045700414658 0.7178302113022115 -2.024326912220049 1.586919466281021
19651 10532852 5.724210437037143 0.6288608954675573 0.7178976117936119 -2.024326912220049 1.586919466281021
19652 10532852 5.7211395859813345 0.626217220893649 0.7179650122850124 -2.024326912220049 1.586919466281021
19653 10532852 5.7180687349255255 0.6235735463197405 0.7180324127764129 -2.024326912220049 1.586919466281021
19654 10532852 5.714997883869718 0.6209298717458321 0.7180998132678134 -2.024326912220049 1.586919466281021
19655 10532852 5.711927032813909 0.6182861971719238 0.7181672137592139 -2.024326912220049 1.586919466281021
19656 10532852 5.708856181758101 0.6156425225980153 0.7182346142506144 -2.024326912220049 1.586919466281021
19657 10532852 5.705785330702293 0.6129988480241071 0.7183020147420148 -2.024326912220049 1.586919466281021
19658 10532852 5.702714479646485 0.6103551734501986 0.7183694152334154 -2.024326912220049 1.586919466281021
19659 10532852 5.6996436285906755 0.6077114988762902 0.7184368157248159 -2.024326912220049 1.586919466281021
19660 10532852 5.696572777534867 0.6050678243023818 0.7185042162162164 -2.024326912220049 1.586919466281021
19661 10532852 5.693501926479059 0.6024241497284734 0.7185716167076168 -2.024326912220049 1.586919466281021
19662 10532852 5.690431075423253 0.599780475154565 0.7186390171990173 -2.024326912220049 1.586919466281021
19663 10532852 5.687360224367444 0.5971368005806565 0.7187064176904179 -2.024326912220049 1.586919466281021
19664 10532852 5.684289373311636 0.5944931260067482 0.7187738181818183 -2.024326912220049 1.586919466281021
19665 10532852 5.681218522255827 0.5918494514328398 0.7188412186732188 -2.024326912220049 1.586919466281021
19666 10532852 5.678147671200019 0.5892057768589314 0.7189086191646193 -2.024326912220049 1.586919466281021
19667 10532852 5.675076820144211 0.5865621022850229 0.7189760196560198 -2.024326912220049 1.586919466281021
19668 10532852 5.672005969088402 0.5839184277111147 0.7190434201474203 -2.024326912220049 1.586919466281021
19669 10532852 5.668935118032595 0.5812747531372062 0.7191108206388208 -2.024326912220049 1.586919466281021
19670 10532852 5.6658642669767865 0.5786310785632979 0.7191782211302212 -2.024326912220049 1.586919466281021
19671 10532852 5.662793415920977 0.5759874039893894 0.7192456216216218 -2.024326912220049 1.586919466281021
19672 10532852 5.659722564865169 0.5733437294154811 0.7193130221130223 -2.024326912220049 1.586919466281021
19673 10532852 5.656651713809363 0.5707000548415726 0.7193804226044227 -2.024326912220049 1.586919466281021
19674 10532852 5.653580862753554 0.5680563802676643 0.7194478230958232 -2.024326912220049 1.586919466281021
19675 10532852 5.6505100116977465 0.5654127056937559 0.7195152235872238 -2.024326912220049 1.586919466281021
19676 10532852 5.647439160641937 0.5627690311198474 0.7195826240786242 -2.024326912220049 1.586919466281021
19677 10532852 5.644368309586129 0.5601253565459391 0.7196500245700247 -2.024326912220049 1.586919466281021
19678 10532852 5.641297458530321 0.5574816819720307 0.7197174250614252 -2.024326912220049 1.586919466281021
19679 10532852 5.638226607474513 0.5548380073981223 0.7197848255528256 -2.024326912220049 1.586919466281021
19680 10532852 5.635155756418705 0.5521943328242139 0.7198522260442262 -2.024326912220049 1.586919466281021
19681 10532852 5.6320849053628965 0.5495506582503055 0.7199196265356267 -2.024326912220049 1.586919466281021
19682 10532852 5.6290140543070875 0.5469069836763971 0.7199870270270272 -2.024326912220049 1.586919466281021
19683 10532852 5.625943203251281 0.5442633091024887 0.7200544275184276 -2.024326912220049 1.586919466281021
19684 10532852 5.622872352195471 0.5416196345285803 0.7201218280098282 -2.024326912220049 1.586919466281021
19685 10532852 5.619801501139665 0.5389759599546721 0.7201892285012287 -2.024326912220049 1.586919466281021
19686 10532852 5.6167306500838565 0.5363322853807635 0.7202566289926291 -2.024326912220049 1.586919466281021
19687 10532852 5.613659799028048 0.5336886108068551 0.7203240294840296 -2.024326912220049 1.586919466281021
