19654 10561439 0.792952659702246 0.2574829192871041 0.0 -2.024326912220049 1.586919466281021
19655 10561439 0.7938233369660743 0.256614290888553 0.0 -2.024326912220049 1.586919466281021
19656 10561439 0.7946940142299026 0.25574566249000186 0.0 -2.024326912220049 1.586919466281021
19657 10561439 0.7944759726076346 0.25388925544347896 0.0 -2.024326912220049 1.586919466281021
19658 10561439 0.7942579309853666 0.252032848396956 0.0 -2.024326912220049 1.586919466281021
19659 10561439 0.7940398893630984 0.2501764413504331 0.0 -2.024326912220049 1.586919466281021
19660 10561439 0.7938218477408304 0.2483200343039102 0.0 -2.024326912220049 1.586919466281021
19661 10561439 0.7936038061185624 0.2464636272573873 0.0 -2.024326912220049 1.586919466281021
19662 10561439 0.7933857644962943 0.24460722021086434 0.0 -2.024326912220049 1.586919466281021
19663 10561439 0.7931677228740263 0.24275081316434144 0.0 -2.024326912220049 1.586919466281021
19664 10561439 0.7929496812517582 0.2408944061178185 0.0 -2.024326912220049 1.586919466281021
19665 10561439 0.7938837126125794 0.24035555983867246 0.0 -2.024326912220049 1.586919466281021
19666 10561439 0.7948177439734005 0.2398167135595264 0.0 -2.024326912220049 1.586919466281021
19667 10561439 0.7941427138144608 0.2377507992961096 0.0 -2.024326912220049 1.586919466281021
19668 10561439 0.793467683655521 0.2356848850326929 0.0 -2.024326912220049 1.586919466281021
19669 10561439 0.7927926534965812 0.2336189707692761 0.0 -2.024326912220049 1.586919466281021
19670 10561439 0.7921176233376416 0.2315530565058594 0.0 -2.024326912220049 1.586919466281021
19671 10561439 0.7914425931787018 0.22948714224244265 0.0 -2.024326912220049 1.586919466281021
19672 10561439 0.790767563019762 0.2274212279790259 0.0 -2.024326912220049 1.586919466281021
19673 10561439 0.7900925328608223 0.2253553137156092 0.0 -2.024326912220049 1.586919466281021
19674 10561439 0.7909730551103081 0.22261423246042036 0.0 -2.024326912220049 1.586919466281021
19675 10561439 0.7918535773597941 0.21987315120523146 0.0 -2.024326912220049 1.586919466281021
19676 10561439 0.7920512386533578 0.21640110629365367 0.0 -2.024326912220049 1.586919466281021
19677 10561439 0.7922488999469215 0.21292906138207587 0.0 -2.024326912220049 1.586919466281021
19678 10561439 0.7924465612404853 0.20945701647049808 0.0 -2.024326912220049 1.586919466281021
19679 10561439 0.7926442225340491 0.20598497155892026 0.0 -2.024326912220049 1.586919466281021
19680 10561439 0.7928418838276128 0.20251292664734247 0.0 -2.024326912220049 1.586919466281021
19681 10561439 0.7930395451211766 0.19904088173576467 0.0 -2.024326912220049 1.586919466281021
19682 10561439 0.7932372064147404 0.19556883682418688 0.0 -2.024326912220049 1.586919466281021
19683 10561439 0.7934348677083042 0.1920967919126091 0.0 -2.024326912220049 1.586919466281021
19684 10561439 0.7936325290018679 0.18862474700103127 0.0 -2.024326912220049 1.586919466281021
19685 10561439 0.7938301902954317 0.18515270208945347 0.0 -2.024326912220049 1.586919466281021
19686 10561439 0.7940278515889955 0.18168065717787568 0.0 -2.024326912220049 1.586919466281021
19687 10561439 0.7942255128825592 0.1782086122662979 0.0 -2.024326912220049 1.586919466281021
19688 10561439 0.794423174176123 0.1747365673547201 0.0 -2.024326912220049 1.586919466281021
19689 10561439 0.7946208354696868 0.17126452244314228 0.0 -2.024326912220049 1.586919466281021
19690 10561439 0.7948184967632506 0.1677924775315645 0.0 -2.024326912220049 1.586919466281021
19691 10561439 0.7950161580568142 0.1643204326199867 0.0 -2.024326912220049 1.586919466281021
19692 10561439 0.7952138193503779 0.1608483877084089 0.0 -2.024326912220049 1.586919466281021
19693 10561439 0.7954114806439418 0.1573763427968311 0.0 -2.024326912220049 1.586919466281021
19694 10561439 0.7956091419375055 0.15390429788525328 0.0 -2.024326912220049 1.586919466281021
19695 10561439 0.7958068032310693 0.15043225297367552 0.0 -2.024326912220049 1.586919466281021
19696 10561439 0.7960044645246331 0.1469602080620977 0.0 -2.024326912220049 1.586919466281021
19697 10561439 0.7962021258181968 0.1434881631505199 0.0 -2.024326912220049 1.586919466281021
19698 10561439 0.7963997871117606 0.1400161182389421 0.0 -2.024326912220049 1.586919466281021
19699 10561439 0.7965974484053244 0.13654407332736432 0.0 -2.024326912220049 1.586919466281021
19700 10561439 0.7967951096988881 0.13307202841578653 0.0 -2.024326912220049 1.586919466281021
19701 10561439 0.7969927709924519 0.1295999835042087 0.0 -2.024326912220049 1.586919466281021
19702 10561439 0.7971904322860157 0.12612793859263094 0.0 -2.024326912220049 1.586919466281021
19703 10561439 0.7973880935795795 0.12265589368105312 0.0 -2.024326912220049 1.586919466281021
19704 10561439 0.7975857548731432 0.11918384876947533 0.0 -2.024326912220049 1.586919466281021
19705 10561439 0.797783416166707 0.11571180385789752 0.0 -2.024326912220049 1.586919466281021
19706 10561439 0.7966955041574709 0.1155057359995692 0.0016839779005524862 -2.024326912220049 1.586919466281021
19707 10561439 0.795607592148235 0.11529966814124085 0.0033679558011049725 -2.024326912220049 1.586919466281021
19708 10561439 0.7945196801389989 0.1150936002829125 0.005051933701657458 -2.024326912220049 1.586919466281021
19709 10561439 0.7934317681297628 0.11488753242458415 0.006735911602209945 -2.024326912220049 1.586919466281021
19710 10561439 0.7923438561205268 0.11468146456625583 0.00841988950276243 -2.024326912220049 1.586919466281021
19711 10561439 0.7912559441112907 0.11447539670792747 0.010103867403314915 -2.024326912220049 1.586919466281021
19712 10561439 0.7901680321020547 0.11426932884959913 0.011787845303867405 -2.024326912220049 1.586919466281021
19713 10561439 0.7890801200928186 0.1140632609912708 0.01347182320441989 -2.024326912220049 1.586919466281021
19714 10561439 0.7879922080835826 0.11385719313294244 0.015155801104972375 -2.024326912220049 1.586919466281021
19715 10561439 0.7869042960743465 0.1136511252746141 0.01683977900552486 -2.024326912220049 1.586919466281021
19716 10561439 0.7858163840651105 0.11344505741628574 0.018523756906077347 -2.024326912220049 1.586919466281021
19717 10561439 0.7847284720558745 0.1132389895579574 0.020207734806629837 -2.024326912220049 1.586919466281021
19718 10561439 0.7836405600466384 0.11303292169962907 0.02189171270718232 -2.024326912220049 1.586919466281021
19719 10561439 0.7825526480374023 0.11282685384130073 0.02357569060773481 -2.024326912220049 1.586919466281021
19720 10561439 0.7814647360281664 0.1126207859829724 0.02525966850828729 -2.024326912220049 1.586919466281021
19721 10561439 0.7803768240189303 0.11241471812464404 0.02694364640883978 -2.024326912220049 1.586919466281021
19722 10561439 0.7792889120096942 0.1122086502663157 0.028627624309392263 -2.024326912220049 1.586919466281021
19723 10561439 0.7782010000004582 0.11200258240798737 0.030311602209944756 -2.024326912220049 1.586919466281021
19724 10561439 0.7771130879912221 0.111796514549659 0.03199558011049724 -2.024326912220049 1.586919466281021
19725 10561439 0.7760251759819861 0.11159044669133067 0.03367955801104972 -2.024326912220049 1.586919466281021
19726 10561439 0.77493726397275 0.11138437883300233 0.03536353591160221 -2.024326912220049 1.586919466281021
19727 10561439 0.7738493519635141 0.11117831097467397 0.037047513812154695 -2.024326912220049 1.586919466281021
19728 10561439 0.7727614399542779 0.11097224311634564 0.03873149171270719 -2.024326912220049 1.586919466281021
19729 10561439 0.7716735279450418 0.1107661752580173 0.04041546961325967 -2.024326912220049 1.586919466281021
19730 10561439 0.7705856159358059 0.11056010739968897 0.042099447513812165 -2.024326912220049 1.586919466281021
19731 10561439 0.7694977039265698 0.1103540395413606 0.04378342541436464 -2.024326912220049 1.586919466281021
19732 10561439 0.7684097919173337 0.11014797168303228 0.04546740331491713 -2.024326912220049 1.586919466281021
19733 10561439 0.7673218799080977 0.10994190382470392 0.04715138121546962 -2.024326912220049 1.586919466281021
19734 10561439 0.7662339678988617 0.10973583596637558 0.0488353591160221 -2.024326912220049 1.586919466281021
19735 10561439 0.7651460558896256 0.10952976810804724 0.05051933701657458 -2.024326912220049 1.586919466281021
19736 10561439 0.7640581438803895 0.1093237002497189 0.05220331491712708 -2.024326912220049 1.586919466281021
19737 10561439 0.7629702318711535 0.10911763239139056 0.05388729281767956 -2.024326912220049 1.586919466281021
19738 10561439 0.7618823198619175 0.1089115645330622 0.055571270718232035 -2.7488114629787064 3.0629300369738885
19739 10561439 0.7607944078526814 0.10870549667473386 0.057255248618784525 -2.7488114629787064 3.0629300369738885
19740 10561439 0.7597064958434454 0.10849942881640552 0.058939226519337015 -2.7488114629787064 3.0629300369738885
19741 10561439 0.7586185838342093 0.10829336095807718 0.06062320441988951 -2.7488114629787064 3.0629300369738885
19742 10561439 0.7575306718249732 0.10808729309974884 0.06230718232044199 -2.7488114629787064 3.0629300369738885
19743 10561439 0.7564427598157373 0.10788122524142048 0.06399116022099448 -2.7488114629787064 3.0629300369738885
19744 10561439 0.7553548478065012 0.10767515738309216 0.06567513812154696 -2.7488114629787064 3.0629300369738885
19745 10561439 0.7542669357972651 0.1074690895247638 0.06735911602209944 -2.7488114629787064 3.0629300369738885
19746 10561439 0.7531790237880291 0.10726302166643546 0.06904309392265194 -2.7488114629787064 3.0629300369738885
19747 10561439 0.7520911117787931 0.10705695380810712 0.07072707182320442 -2.7488114629787064 3.0629300369738885
19748 10561439 0.751003199769557 0.10685088594977878 0.0724110497237569 -2.7488114629787064 3.0629300369738885
19749 10561439 0.7499152877603209 0.10664481809145043 0.07409502762430939 -2.7488114629787064 3.0629300369738885
19750 10561439 0.7488273757510849 0.10643875023312208 0.07577900552486189 -2.7488114629787064 3.0629300369738885
19751 10561439 0.7477394637418489 0.10623268237479376 0.07746298342541437 -2.7488114629787064 3.0629300369738885
19752 10561439 0.7466515517326128 0.1060266145164654 0.07914696132596685 -2.7488114629787064 3.0629300369738885
19753 10561439 0.7455636397233768 0.10582054665813706 0.08083093922651934 -2.7488114629787064 3.0629300369738885
19754 10561439 0.7444757277141407 0.10561447879980873 0.08251491712707182 -2.7488114629787064 3.0629300369738885
19755 10561439 0.7433878157049046 0.10540841094148036 0.08419889502762433 -2.7488114629787064 3.0629300369738885
19756 10561439 0.7422999036956687 0.10520234308315203 0.0858828729281768 -2.7488114629787064 3.0629300369738885
19757 10561439 0.7412119916864326 0.10499627522482367 0.08756685082872928 -2.7488114629787064 3.0629300369738885
19758 10561439 0.7401240796771965 0.10479020736649534 0.08925082872928176 -2.7488114629787064 3.0629300369738885
19759 10561439 0.7390361676679604 0.10458413950816699 0.09093480662983426 -2.7488114629787064 3.0629300369738885
19760 10561439 0.7379482556587245 0.10437807164983866 0.09261878453038674 -2.7488114629787064 3.0629300369738885
19761 10561439 0.7368603436494884 0.10417200379151033 0.09430276243093924 -2.7488114629787064 3.0629300369738885
19762 10561439 0.7357724316402523 0.10396593593318196 0.09598674033149172 -2.7488114629787064 3.0629300369738885
19763 10561439 0.7346845196310163 0.10375986807485364 0.0976707182320442 -2.7488114629787064 3.0629300369738885
19764 10561439 0.7335966076217803 0.10355380021652527 0.09935469613259668 -2.7488114629787064 3.0629300369738885
19765 10561439 0.7325086956125442 0.10334773235819694 0.10103867403314916 -2.7488114629787064 3.0629300369738885
