19645 10933559 0.4288096994721445 0.008464709492896834 0.33528 -2.024326912220049 1.586919466281021
19646 10933559 0.4558710735289101 0.008383632257116316 0.33528 -2.024326912220049 1.586919466281021
19647 10933559 0.4829324475856757 0.008302555021335797 0.33528 -2.024326912220049 1.586919466281021
19648 10933559 0.534751256640125 0.009244126210106745 0.33528 -2.024326912220049 1.586919466281021
19649 10933559 0.5721534249218378 0.006835780794780699 0.33528 -2.024326912220049 1.586919466281021
19650 10933559 0.6103488786307893 0.006855447224654448 0.33528 -2.024326912220049 1.586919466281021
19651 10933559 0.6398518751039913 0.0060940219431303705 0.33528 -2.024326912220049 1.586919466281021
19652 10933559 0.6693548715771933 0.005332596661606293 0.33528 -2.024326912220049 1.586919466281021
19653 10933559 0.7072292164593162 0.005457664168451545 0.33528 -2.024326912220049 1.586919466281021
19654 10933559 0.7688598362287471 0.0027275077766561184 0.33528 -2.024326912220049 1.586919466281021
19655 10933559 0.7967451587773344 0.001093316405488938 0.35052 -2.024326912220049 1.586919466281021
19656 10933559 0.8246304813259216 -0.0005408749656782423 0.36576 -2.024326912220049 1.586919466281021
19657 10933559 0.8653363804667628 -0.000989704441296438 0.36576 -2.024326912220049 1.586919466281021
19658 10933559 0.9117316823415698 0.0010254194541588213 0.36576 -2.024326912220049 1.586919466281021
19659 10933559 0.9603491277417356 0.00032876712825775917 0.36576 -2.024326912220049 1.586919466281021
19660 10933559 1.0013433366580664 0.002122974537793809 0.36576 -2.024326912220049 1.586919466281021
19661 10933559 1.0259842334491382 0.0014327164501195533 0.36576 -2.024326912220049 1.586919466281021
19662 10933559 1.0653952876290718 0.002459491124966566 0.381 -2.024326912220049 1.586919466281021
19663 10933559 1.1048063418090048 0.0034862657998135788 0.39624 -2.024326912220049 1.586919466281021
19664 10933559 1.1478156619806177 0.0019359306068063573 0.39624 -2.024326912220049 1.586919466281021
19665 10933559 1.1970878845699622 0.0032465313532616673 0.39624 -2.024326912220049 1.586919466281021
19666 10933559 1.256092695749901 0.001728562066868014 0.39624 -2.024326912220049 1.586919466281021
19667 10933559 1.283864829796605 0.0024695649509419303 0.39624 -2.024326912220049 1.586919466281021
19668 10933559 1.3264726772047375 0.0010513778703929721 0.39624 -2.024326912220049 1.586919466281021
19669 10933559 1.3883202504630776 -0.001277364200672343 0.42672 -2.024326912220049 1.586919466281021
19670 10933559 1.4041433827868632 -0.0017730273395774876 0.42672 -2.024326912220049 1.586919466281021
19671 10933559 1.4678934697329071 -0.005073044513535353 0.42672 -2.024326912220049 1.586919466281021
19672 10933559 1.513309622621347 -0.007407485155365212 0.42672 -2.024326912220049 1.586919466281021
19673 10933559 1.5484413554238197 -0.00860212276908262 0.42672 -2.024326912220049 1.586919466281021
19674 10933559 1.5937884535878672 -0.01114716999787993 0.42672 -2.024326912220049 1.586919466281021
19675 10933559 1.6394119053309866 -0.012029726896409118 0.44196 -2.024326912220049 1.586919466281021
19676 10933559 1.6850353570741068 -0.012912283794938306 0.4572000000000001 -2.024326912220049 1.586919466281021
19677 10933559 1.7314254307884358 -0.015797005834653242 0.4572000000000001 -2.024326912220049 1.586919466281021
19678 10933559 1.7778155045027648 -0.01868172787436817 0.4572000000000001 -2.024326912220049 1.586919466281021
19679 10933559 1.8229209822664736 -0.021964100675094425 0.47243999999999997 -2.024326912220049 1.586919466281021
19680 10933559 1.8680264600301824 -0.02524647347582068 0.48768 -2.024326912220049 1.586919466281021
19681 10933559 1.9054272687757068 -0.027647778328116903 0.48768 -2.024326912220049 1.586919466281021
19682 10933559 1.961265096417588 -0.030696086205738517 0.48768 -2.024326912220049 1.586919466281021
19683 10933559 2.011495297921736 -0.03459946144694963 0.48768 -2.024326912220049 1.586919466281021
19684 10933559 2.061725499425884 -0.038502836688160735 0.48768 -2.024326912220049 1.586919466281021
19685 10933559 2.089619440652448 -0.04282199798172676 0.48768 -2.024326912220049 1.586919466281021
19686 10933559 2.149796689482065 -0.04617588990465153 0.50292 -2.024326912220049 1.586919466281021
19687 10933559 2.209973938311683 -0.049529781827576315 0.5181600000000001 -2.024326912220049 1.586919466281021
19688 10933559 2.246640964102474 -0.05145613106320443 0.5181600000000001 -2.024326912220049 1.586919466281021
19689 10933559 2.292159648988726 -0.05346888172519529 0.5181600000000001 -2.024326912220049 1.586919466281021
19690 10933559 2.3216142692790163 -0.055726716402764186 0.5181600000000001 -2.024326912220049 1.586919466281021
19691 10933559 2.3662366982541325 -0.060483677400149725 0.54864 -2.024326912220049 1.586919466281021
19692 10933559 2.4256848999421443 -0.06470709513202624 0.54864 -2.024326912220049 1.586919466281021
19693 10933559 2.485133101630156 -0.06893051286390275 0.54864 -2.024326912220049 1.586919466281021
19694 10933559 2.517849086365599 -0.07207707325319218 0.54864 -2.024326912220049 1.586919466281021
19695 10933559 2.550565071101043 -0.07522363364248161 0.54864 -2.024326912220049 1.586919466281021
19696 10933559 2.6058099866352293 -0.08076015214924613 0.5638799999999999 -2.024326912220049 1.586919466281021
19697 10933559 2.661054902169416 -0.08629667065601067 0.57912 -2.024326912220049 1.586919466281021
19698 10933559 2.697599663692705 -0.09063396245801814 0.57912 -2.024326912220049 1.586919466281021
19699 10933559 2.734144425215996 -0.0949712542600256 0.57912 -2.024326912220049 1.586919466281021
19700 10933559 2.7883959911063814 -0.10286910586406864 0.57912 -2.024326912220049 1.586919466281021
19701 10933559 2.845813048313905 -0.10922991309179243 0.6096 -2.024326912220049 1.586919466281021
19702 10933559 2.8825583711074736 -0.11363183002217105 0.6096 -2.024326912220049 1.586919466281021
19703 10933559 2.9303804188804907 -0.11674301613198992 0.6096 -2.024326912220049 1.586919466281021
19704 10933559 2.9667244762759037 -0.12101352475311708 0.6096 -2.024326912220049 1.586919466281021
19705 10933559 3.0437028526999965 -0.12593129831104136 0.6096 -2.024326912220049 1.586919466281021
19706 10933559 3.0696362182079344 -0.12972352838131945 0.6096 -2.024326912220049 1.586919466281021
19707 10933559 3.1091687653292936 -0.13211367913347768 0.6400800000000001 -2.024326912220049 1.586919466281021
19708 10933559 3.16446473658337 -0.13789647139651226 0.6400800000000001 -2.024326912220049 1.586919466281021
19709 10933559 3.211965535135388 -0.14090098793442946 0.6400800000000001 -2.024326912220049 1.586919466281021
19710 10933559 3.2591326089793777 -0.14601576184302031 0.6400800000000001 -2.024326912220049 1.586919466281021
19711 10933559 3.295877737712428 -0.1504155293356356 0.6400800000000001 -2.024326912220049 1.586919466281021
19712 10933559 3.3695869026279164 -0.15718329048231908 0.67056 -2.024326912220049 1.586919466281021
19713 10933559 3.4021241024718774 -0.1615524977246123 0.67056 -2.024326912220049 1.586919466281021
19714 10933559 3.4346613023158383 -0.16592170496690553 0.67056 -2.024326912220049 1.586919466281021
19715 10933559 3.482482853194419 -0.16902915772174326 0.67056 -2.024326912220049 1.586919466281021
19716 10933559 3.5330906606258368 -0.17176044946689548 0.6858000000000001 -2.024326912220049 1.586919466281021
19717 10933559 3.5836984680572543 -0.17449174121204772 0.7010400000000001 -2.024326912220049 1.586919466281021
19718 10933559 3.6214088879525916 -0.1742987274299275 0.7010400000000001 -2.024326912220049 1.586919466281021
19719 10933559 3.685113688150482 -0.1700890230577541 0.7010400000000001 -2.024326912220049 1.586919466281021
19720 10933559 3.740815596513809 -0.16537002907946222 0.7010400000000001 -2.024326912220049 1.586919466281021
19721 10933559 3.778288631443124 -0.1577396411212866 0.73152 -2.024326912220049 1.586919466281021
19722 10933559 3.8068507066444934 -0.15456061095024545 0.73152 -2.024326912220049 1.586919466281021
19723 10933559 3.8599076568950497 -0.14161862770316327 0.73152 -2.024326912220049 1.586919466281021
19724 10933559 3.9127921212494825 -0.12920411505476684 0.73152 -2.024326912220049 1.586919466281021
19725 10933559 3.9508392478462193 -0.11872322291780027 0.73152 -2.024326912220049 1.586919466281021
19726 10933559 3.9864546367407447 -0.1102522273517628 0.73152 -2.024326912220049 1.586919466281021
19727 10933559 4.049591708456648 -0.09090272257755043 0.762 -2.024326912220049 1.586919466281021
19728 10933559 4.076136849143754 -0.08437810210511312 0.762 -2.024326912220049 1.586919466281021
19729 10933559 4.14215080141989 -0.06573298224778126 0.762 -2.024326912220049 1.586919466281021
19730 10933559 4.168156718437231 -0.0594994144939687 0.762 -2.024326912220049 1.586919466281021
19731 10933559 4.213214864418782 -0.04657388822173261 0.762 -2.024326912220049 1.586919466281021
19732 10933559 4.2582730104003295 -0.033648361949496525 0.762 -2.024326912220049 1.586919466281021
19733 10933559 4.311626736471333 -0.018698023893780308 0.7924800000000001 -2.024326912220049 1.586919466281021
19734 10933559 4.3745316923940525 -0.0011395834390716395 0.7924800000000001 -2.024326912220049 1.586919466281021
19735 10933559 4.4069238254086125 0.006982887064980375 0.7924800000000001 -2.024326912220049 1.586919466281021
19736 10933559 4.43931595842317 0.01510535756903239 0.7924800000000001 -2.024326912220049 1.586919466281021
19737 10933559 4.493917735347086 0.028715290461461786 0.80772 -2.024326912220049 1.586919466281021
19738 10933559 4.548519512271003 0.04232522335389119 0.82296 -2.7488114629787064 3.0629300369738885
19739 10933559 4.59240003459049 0.053008416576025036 0.82296 -2.7488114629787064 3.0629300369738885
19740 10933559 4.6386187997477775 0.0626954865393908 0.82296 -2.7488114629787064 3.0629300369738885
19741 10933559 4.685341913976088 0.07256870862164963 0.82296 -2.7488114629787064 3.0629300369738885
19742 10933559 4.7289688299472665 0.08111593212931209 0.82296 -2.7488114629787064 3.0629300369738885
19743 10933559 4.757919617901012 0.08685785036337443 0.82296 -2.7488114629787064 3.0629300369738885
19744 10933559 4.824063879139769 0.09775600714994888 0.8534400000000001 -2.7488114629787064 3.0629300369738885
19745 10933559 4.8494139548483846 0.10198608833883537 0.8534400000000001 -2.7488114629787064 3.0629300369738885
19746 10933559 4.905765372241145 0.1087200814195318 0.8534400000000001 -2.7488114629787064 3.0629300369738885
19747 10933559 4.955306347601166 0.11498925640415344 0.8686800000000001 -2.7488114629787064 3.0629300369738885
19748 10933559 5.0048473229611865 0.1212584313887751 0.88392 -2.7488114629787064 3.0629300369738885
19749 10933559 5.03310885492491 0.1248899270209932 0.88392 -2.7488114629787064 3.0629300369738885
19750 10933559 5.0886332329291415 0.12909151935250138 0.88392 -2.7488114629787064 3.0629300369738885
19751 10933559 5.123944261397507 0.12984023680626375 0.88392 -2.7488114629787064 3.0629300369738885
19752 10933559 5.18060170411071 0.12935111785611295 0.88392 -2.7488114629787064 3.0629300369738885
19753 10933559 5.222128364035254 0.12772296091176413 0.88392 -2.7488114629787064 3.0629300369738885
19754 10933559 5.263655023959798 0.12609480396741532 0.88392 -2.7488114629787064 3.0629300369738885
19755 10933559 5.309095029037634 0.11945319948980145 0.8991600000000001 -2.7488114629787064 3.0629300369738885
19756 10933559 5.354535034115469 0.1128115950121876 0.9144 -2.7488114629787064 3.0629300369738885
19757 10933559 5.407336225636428 0.10049952913888048 0.9144 -2.7488114629787064 3.0629300369738885
19758 10933559 5.442231179030753 0.09180742095136538 0.9144 -2.7488114629787064 3.0629300369738885
19759 10933559 5.4854926598845095 0.07501439345263691 0.9144 -2.7488114629787064 3.0629300369738885
19760 10933559 5.535482539848311 0.05380849829388765 0.9144 -2.7488114629787064 3.0629300369738885
19761 10933559 5.587409112428207 0.029285061370018267 0.9144 -2.7488114629787064 3.0629300369738885
19762 10933559 5.6289844927908 0.008137072141178953 0.9144 -2.7488114629787064 3.0629300369738885
19763 10933559 5.656747408137263 -0.005820678282460717 0.9144 -2.7488114629787064 3.0629300369738885
19764 10933559 5.7169727696980965 -0.03783765430174993 0.9144 -2.7488114629787064 3.0629300369738885
19765 10933559 5.7603362169775165 -0.062487729075422126 0.9144 -2.7488114629787064 3.0629300369738885
19766 10933559 5.8097755055946765 -0.08987730284798925 0.9144 -2.7488114629787064 3.0629300369738885
19767 10933559 5.859214794211838 -0.11726687662055638 0.9144 -2.7488114629787064 3.0629300369738885
19768 10933559 5.858518103362925 -0.11218284120891586 0.914660512820513 -2.7488114629787064 3.0629300369738885
19769 10933559 5.8578214125140144 -0.10709880579727536 0.9149210256410256 -2.7488114629787064 3.0629300369738885
19770 10933559 5.857124721665103 -0.10201477038563486 0.9151815384615386 -2.7488114629787064 3.0629300369738885
19771 10933559 5.856428030816192 -0.09693073497399436 0.9154420512820514 -2.7488114629787064 3.0629300369738885
19772 10933559 5.855731339967278 -0.09184669956235383 0.9157025641025642 -2.7488114629787064 3.0629300369738885
19773 10933559 5.855034649118368 -0.08676266415071332 0.915963076923077 -2.7488114629787064 3.0629300369738885
19774 10933559 5.854337958269457 -0.08167862873907282 0.91622358974359 -2.7488114629787064 3.0629300369738885
19775 10933559 5.853641267420543 -0.07659459332743232 0.9164841025641026 -2.7488114629787064 3.0629300369738885
19776 10933559 5.852944576571633 -0.0715105579157918 0.9167446153846156 -2.7488114629787064 3.0629300369738885
19777 10933559 5.852247885722719 -0.0664265225041513 0.9170051282051284 -2.7488114629787064 3.0629300369738885
19778 10933559 5.851551194873808 -0.0613424870925108 0.9172656410256412 -2.7488114629787064 3.0629300369738885
19779 10933559 5.850854504024897 -0.056258451680870285 0.9175261538461541 -2.7488114629787064 3.0629300369738885
19780 10933559 5.8501578131759855 -0.051174416269229785 0.9177866666666668 -2.7488114629787064 3.0629300369738885
19781 10933559 5.849461122327074 -0.046090380857589285 0.9180471794871796 -2.7488114629787064 3.0629300369738885
19782 10933559 5.848764431478162 -0.041006345445948784 0.9183076923076924 -2.7488114629787064 3.0629300369738885
19783 10933559 5.848067740629251 -0.035922310034308264 0.9185682051282053 -2.7488114629787064 3.0629300369738885
19784 10933559 5.847371049780339 -0.03083827462266775 0.9188287179487181 -2.7488114629787064 3.0629300369738885
19785 10933559 5.846674358931428 -0.02575423921102725 0.9190892307692308 -2.7488114629787064 3.0629300369738885
19786 10933559 5.845977668082515 -0.02067020379938675 0.9193497435897436 -2.7488114629787064 3.0629300369738885
19787 10933559 5.845280977233603 -0.015586168387746237 0.9196102564102564 -2.7488114629787064 3.0629300369738885
19788 10933559 5.844584286384692 -0.01050213297610572 0.9198707692307694 -2.7488114629787064 3.0629300369738885
19789 10933559 5.84388759553578 -0.005418097564465221 0.920131282051282 -2.7488114629787064 3.0629300369738885
19790 10933559 5.843190904686867 -0.0003340621528247212 0.920391794871795 -2.7488114629787064 3.0629300369738885
19791 10933559 5.8424942138379565 0.004749973258815793 0.9206523076923078 -2.7488114629787064 3.0629300369738885
19792 10933559 5.8417975229890455 0.009834008670456309 0.9209128205128206 -2.7488114629787064 3.0629300369738885
19793 10933559 5.841100832140134 0.014918044082096819 0.9211733333333334 -2.7488114629787064 3.0629300369738885
19794 10933559 5.840404141291223 0.02000207949373731 0.9214338461538464 -2.7488114629787064 3.0629300369738885
19795 10933559 5.839707450442309 0.025086114905377817 0.921694358974359 -2.7488114629787064 3.0629300369738885
19796 10933559 5.839010759593399 0.03017015031701833 0.921954871794872 -2.7488114629787064 3.0629300369738885
19797 10933559 5.838314068744488 0.03525418572865882 0.9222153846153848 -2.7488114629787064 3.0629300369738885
19798 10933559 5.837617377895576 0.040338221140299335 0.9224758974358976 -2.7488114629787064 3.0629300369738885
19799 10933559 5.836920687046662 0.04542225655193985 0.9227364102564104 -2.7488114629787064 3.0629300369738885
19800 10933559 5.836223996197753 0.05050629196358036 0.9229969230769232 -2.7488114629787064 3.0629300369738885
19801 10933559 5.8355273053488395 0.055590327375220884 0.9232574358974358 -2.7488114629787064 3.0629300369738885
19802 10933559 5.8348306144999285 0.06067436278686136 0.9235179487179488 -2.7488114629787064 3.0629300369738885
19803 10933559 5.834133923651018 0.06575839819850188 0.9237784615384615 -2.7488114629787064 3.0629300369738885
19804 10933559 5.833437232802105 0.07084243361014239 0.9240389743589744 -2.7488114629787064 3.0629300369738885
19805 10933559 5.832740541953193 0.07592646902178288 0.9242994871794872 -2.7488114629787064 3.0629300369738885
19806 10933559 5.832043851104282 0.08101050443342339 0.92456 -2.7488114629787064 3.0629300369738885
19807 10933559 5.83134716025537 0.0860945398450639 0.9248205128205128 -2.7488114629787064 3.0629300369738885
19808 10933559 5.830650469406457 0.09117857525670442 0.9250810256410258 -2.7488114629787064 3.0629300369738885
19809 10933559 5.829953778557547 0.09626261066834492 0.9253415384615384 -2.7488114629787064 3.0629300369738885
19810 10933559 5.829257087708635 0.10134664607998542 0.9256020512820514 -2.7488114629787064 3.0629300369738885
19811 10933559 5.828560396859722 0.10643068149162592 0.9258625641025642 -2.7488114629787064 3.0629300369738885
19812 10933559 5.827863706010811 0.11151471690326643 0.9261230769230769 -2.7488114629787064 3.0629300369738885
19813 10933559 5.8271670151619 0.11659875231490692 0.9263835897435898 -2.7488114629787064 3.0629300369738885
19814 10933559 5.8264703243129885 0.12168278772654745 0.9266441025641028 -2.7488114629787064 3.0629300369738885
19815 10933559 5.8257736334640775 0.12676682313818796 0.9269046153846154 -2.7488114629787064 3.0629300369738885
19816 10933559 5.825076942615165 0.13185085854982848 0.9271651282051284 -2.7488114629787064 3.0629300369738885
19817 10933559 5.824380251766253 0.13693489396146902 0.9274256410256412 -2.7488114629787064 3.0629300369738885
19818 10933559 5.823683560917343 0.14201892937310948 0.927686153846154 -2.7488114629787064 3.0629300369738885
19819 10933559 5.82298687006843 0.14710296478475002 0.9279466666666668 -2.7488114629787064 3.0629300369738885
19820 10933559 5.822290179219518 0.1521870001963905 0.9282071794871796 -2.7488114629787064 3.0629300369738885
19821 10933559 5.821593488370607 0.15727103560803102 0.9284676923076924 -2.7488114629787064 3.0629300369738885
19822 10933559 5.820896797521695 0.16235507101967153 0.9287282051282052 -2.7488114629787064 3.0629300369738885
19823 10933559 5.8202001066727815 0.16743910643131202 0.928988717948718 -2.7488114629787064 3.0629300369738885
19824 10933559 5.8195034158238705 0.1725231418429525 0.9292492307692308 -2.7488114629787064 3.0629300369738885
19825 10933559 5.81880672497496 0.17760717725459305 0.9295097435897436 -2.7488114629787064 3.0629300369738885
19826 10933559 5.818110034126048 0.18269121266623356 0.9297702564102563 -2.7488114629787064 3.0629300369738885
19827 10933559 5.8174133432771375 0.187775248077874 0.9300307692307692 -2.7488114629787064 3.0629300369738885
