20099 11226599 1.7113412768866472 -0.09045204381804146 0.455676 -2.7488114629787064 3.0629300369738885
20100 11226599 1.7424439626476576 -0.10392804456527127 0.4602480000000001 -2.7488114629787064 3.0629300369738885
20101 11226599 1.7735466484086675 -0.11740404531250108 0.4648200000000001 -2.7488114629787064 3.0629300369738885
20102 11226599 1.7908528555504937 -0.128313054731682 0.47244 -2.7488114629787064 3.0629300369738885
20103 11226599 1.842962428802288 -0.1509386318938776 0.48006000000000004 -2.7488114629787064 3.0629300369738885
20104 11226599 1.8878692125365288 -0.17658530916119233 0.48768 -2.7488114629787064 3.0629300369738885
20105 11226599 1.903991101438564 -0.19248097451176807 0.4953 -2.7488114629787064 3.0629300369738885
20106 11226599 1.9415619581056776 -0.21503058154944368 0.4953 -2.7488114629787064 3.0629300369738885
20107 11226599 1.9708636364417784 -0.24060379292130066 0.50292 -2.7488114629787064 3.0629300369738885
20108 11226599 2.005067361729509 -0.27455318555513764 0.51054 -2.7488114629787064 3.0629300369738885
20109 11226599 2.027259161803876 -0.30177618803136663 0.5181600000000001 -2.7488114629787064 3.0629300369738885
20110 11226599 2.0619501528390702 -0.34511304111242896 0.5181600000000001 -2.7488114629787064 3.0629300369738885
20111 11226599 2.074867025957185 -0.3708257900061298 0.52578 -2.7488114629787064 3.0629300369738885
20112 11226599 2.0997359844546515 -0.42520703419489103 0.52578 -2.7488114629787064 3.0629300369738885
20113 11226599 2.116489010915233 -0.4592982156895892 0.52578 -2.7488114629787064 3.0629300369738885
20114 11226599 2.1265914008279543 -0.5026075826343783 0.52959 -2.7488114629787064 3.0629300369738885
20115 11226599 2.136693790740676 -0.5459169495791674 0.5334 -2.7488114629787064 3.0629300369738885
20116 11226599 2.1415520711650364 -0.5691148610439233 0.54102 -2.7488114629787064 3.0629300369738885
20117 11226599 2.143863390204245 -0.6300314987416503 0.54102 -2.7488114629787064 3.0629300369738885
20118 11226599 2.140681784653828 -0.6560947269042068 0.54864 -2.7488114629787064 3.0629300369738885
20119 11226599 2.1354369867095433 -0.7167636860012457 0.54864 -2.7488114629787064 3.0629300369738885
20120 11226599 2.1166527741334624 -0.7908851766195499 0.5562600000000001 -2.7488114629787064 3.0629300369738885
20121 11226599 2.1080640800178783 -0.8087578575867402 0.5562600000000001 -2.7488114629787064 3.0629300369738885
20122 11226599 2.0890100605611743 -0.8440851604816235 0.56134 -2.7488114629787064 3.0629300369738885
20123 11226599 2.06995604110447 -0.8794124633765067 0.56642 -2.7488114629787064 3.0629300369738885
20124 11226599 2.050902021647766 -0.91473976627139 0.5715 -2.7488114629787064 3.0629300369738885
20125 11226599 2.0212113679647423 -0.9539925697644226 0.57912 -2.7488114629787064 3.0629300369738885
20126 11226599 1.9874733125411763 -0.9920405966099765 0.5867399999999999 -2.7488114629787064 3.0629300369738885
20127 11226599 1.9541970411418328 -1.0248656483344565 0.59436 -2.7488114629787064 3.0629300369738885
20128 11226599 1.9212189509963005 -1.0573207175386512 0.59436 -2.7488114629787064 3.0629300369738885
20129 11226599 1.8783115260009824 -1.087000770619758 0.59436 -2.7488114629787064 3.0629300369738885
20130 11226599 1.8422637401291484 -1.113079599225744 0.6019800000000001 -2.7488114629787064 3.0629300369738885
20131 11226599 1.7915256061855525 -1.139267785855197 0.6019800000000001 -2.7488114629787064 3.0629300369738885
20132 11226599 1.724754100616228 -1.1672292946916292 0.6096 -2.7488114629787064 3.0629300369738885
20133 11226599 1.6744918218924034 -1.1835257603262896 0.61722 -2.7488114629787064 3.0629300369738885
20134 11226599 1.6327419425128984 -1.1944243327721449 0.6248400000000001 -2.7488114629787064 3.0629300369738885
20135 11226599 1.5854869843300374 -1.2058613605261417 0.6248400000000001 -2.7488114629787064 3.0629300369738885
20136 11226599 1.5335197925000048 -1.2154087893502896 0.63246 -2.7488114629787064 3.0629300369738885
20137 11226599 1.4786523559329132 -1.2229573525967588 0.63246 -2.7488114629787064 3.0629300369738885
20138 11226599 1.4278116842017492 -1.2279655426618357 0.6400800000000001 -2.7488114629787064 3.0629300369738885
20139 11226599 1.3821333229509865 -1.2302201744370445 0.6400800000000001 -2.7488114629787064 3.0629300369738885
20140 11226599 1.3284528183364652 -1.2286928103161638 0.6477 -2.7488114629787064 3.0629300369738885
20141 11226599 1.2732015468586486 -1.226535217973844 0.65532 -2.7488114629787064 3.0629300369738885
20142 11226599 1.2226430615951782 -1.220886596984009 0.6629400000000001 -2.7488114629787064 3.0629300369738885
20143 11226599 1.164811522467481 -1.2184695580383866 0.67056 -2.7488114629787064 3.0629300369738885
20144 11226599 1.1158925829318458 -1.213238897368213 0.6781800000000001 -2.7488114629787064 3.0629300369738885
20145 11226599 1.0929026886014463 -1.2082996624521265 0.6781800000000001 -2.7488114629787064 3.0629300369738885
20146 11226599 1.069912794271047 -1.2033604275360394 0.6781800000000001 -2.7488114629787064 3.0629300369738885
20147 11226599 1.0051099837127808 -1.1988986824469514 0.6858000000000001 -2.7488114629787064 3.0629300369738885
20148 11226599 0.957742654130906 -1.1889167055178242 0.69342 -2.7488114629787064 3.0629300369738885
20149 11226599 0.9095572437905566 -1.184157902362778 0.69342 -2.7488114629787064 3.0629300369738885
20150 11226599 0.8574090023173428 -1.1724966603200186 0.7010400000000001 -2.7488114629787064 3.0629300369738885
20151 11226599 0.8072986285884302 -1.1654727896078216 0.7010400000000001 -2.7488114629787064 3.0629300369738885
20152 11226599 0.7579813967013476 -1.1560206993653406 0.7086600000000001 -2.7488114629787064 3.0629300369738885
20153 11226599 0.7046607468115302 -1.1479473436727845 0.7086600000000001 -2.7488114629787064 3.0629300369738885
20154 11226599 0.6524969068177771 -1.1417702515127035 0.7162800000000001 -2.7488114629787064 3.0629300369738885
20155 11226599 0.6020229077950969 -1.1304204044137276 0.7162800000000001 -2.7488114629787064 3.0629300369738885
20156 11226599 0.5514799798136486 -1.1192813124406809 0.7239000000000001 -2.7488114629787064 3.0629300369738885
20157 11226599 0.4962689938011384 -1.1088363692973868 0.7239000000000001 -2.7488114629787064 3.0629300369738885
20158 11226599 0.4429702813081089 -1.1020532840460884 0.7239000000000001 -2.7488114629787064 3.0629300369738885
20159 11226599 0.3669835921554677 -1.0858705869532077 0.73152 -2.7488114629787064 3.0629300369738885
20160 11226599 0.32290505582595963 -1.0794122182534949 0.7391399999999999 -2.7488114629787064 3.0629300369738885
20161 11226599 0.2711929513552908 -1.0677722016503166 0.7391399999999999 -2.7488114629787064 3.0629300369738885
20162 11226599 0.21941191084025732 -1.0563429190783065 0.7467600000000001 -2.7488114629787064 3.0629300369738885
20163 11226599 0.16810118134538574 -1.0448332710677373 0.7467600000000001 -2.7488114629787064 3.0629300369738885
20164 11226599 0.11915447907365427 -1.031525535033978 0.75438 -2.7488114629787064 3.0629300369738885
20165 11226599 0.05968951448739845 -1.0205047574011523 0.75438 -2.7488114629787064 3.0629300369738885
20166 11226599 0.020848432084121016 -1.011608495917566 0.7581899999999999 -2.7488114629787064 3.0629300369738885
20167 11226599 -0.017992650319156422 -1.0027122344339796 0.762 -2.7488114629787064 3.0629300369738885
20168 11226599 -0.06411893912129507 -0.9905585339101004 0.76962 -2.7488114629787064 3.0629300369738885
20169 11226599 -0.11756679686141293 -0.9839560957661938 0.76962 -2.7488114629787064 3.0629300369738885
20170 11226599 -0.18087187190699594 -0.9710940690777328 0.7772399999999999 -2.7488114629787064 3.0629300369738885
20171 11226599 -0.2313452138056833 -0.959738253764252 0.78486 -2.7488114629787064 3.0629300369738885
20172 11226599 -0.2870237998124028 -0.9469144165287084 0.7924800000000001 -2.7488114629787064 3.0629300369738885
20173 11226599 -0.33916432577115074 -0.9403870985165368 0.7924800000000001 -2.7488114629787064 3.0629300369738885
20174 11226599 -0.3897410585628809 -0.9293468112921978 0.8001 -2.7488114629787064 3.0629300369738885
20175 11226599 -0.4503150210862423 -0.9149215323088704 0.80772 -2.7488114629787064 3.0629300369738885
20176 11226599 -0.5076480372598235 -0.9055273778611782 0.80772 -2.7488114629787064 3.0629300369738885
20177 11226599 -0.5591306929972084 -0.8945402018851133 0.8153400000000001 -2.7488114629787064 3.0629300369738885
20178 11226599 -0.5795151846436692 -0.8878767620860456 0.8153400000000001 -2.7488114629787064 3.0629300369738885
20179 11226599 -0.639643669035488 -0.8756199712057909 0.82042 -2.7488114629787064 3.0629300369738885
20180 11226599 -0.6997721534273066 -0.8633631803255363 0.8255000000000001 -2.7488114629787064 3.0629300369738885
20181 11226599 -0.7599006378191253 -0.8511063894452816 0.8305800000000001 -2.7488114629787064 3.0629300369738885
20182 11226599 -0.7795627233613687 -0.844678496130297 0.8382000000000001 -2.7488114629787064 3.0629300369738885
20183 11226599 -0.8498011275377666 -0.8272069589266501 0.8458200000000001 -2.7488114629787064 3.0629300369738885
20184 11226599 -0.9195691267202756 -0.8096548087485625 0.8458200000000001 -2.7488114629787064 3.0629300369738885
20185 11226599 -0.9703973387456112 -0.7982942994307347 0.8534400000000001 -2.7488114629787064 3.0629300369738885
20186 11226599 -0.9997698599952038 -0.7886909155171636 0.8534400000000001 -2.7488114629787064 3.0629300369738885
20187 11226599 -1.077814824295957 -0.7681972433004937 0.86106 -2.7488114629787064 3.0629300369738885
20188 11226599 -1.124143752129616 -0.7533996115772318 0.86106 -2.7488114629787064 3.0629300369738885
20189 11226599 -1.1779127483113616 -0.7358183792032376 0.86106 -2.7488114629787064 3.0629300369738885
20190 11226599 -1.2198185113715316 -0.7220280409920428 0.86487 -2.7488114629787064 3.0629300369738885
20191 11226599 -1.2617242744317017 -0.708237702780848 0.8686800000000001 -2.7488114629787064 3.0629300369738885
20192 11226599 -1.3020852943211014 -0.6924400426855835 0.8724900000000001 -2.7488114629787064 3.0629300369738885
20193 11226599 -1.3424463142105012 -0.6766423825903188 0.8763000000000001 -2.7488114629787064 3.0629300369738885
20194 11226599 -1.392098612494596 -0.6600550068355499 0.8763000000000001 -2.7488114629787064 3.0629300369738885
20195 11226599 -1.4426568528188313 -0.6435214876417146 0.8763000000000001 -2.7488114629787064 3.0629300369738885
20196 11226599 -1.5030003475447482 -0.6188803237840378 0.8763000000000001 -2.7488114629787064 3.0629300369738885
20197 11226599 -1.5509781809529433 -0.6026056235719472 0.8763000000000001 -2.7488114629787064 3.0629300369738885
20198 11226599 -1.6240577378785317 -0.5734475335461788 0.88392 -2.7488114629787064 3.0629300369738885
20199 11226599 -1.6972579746214411 -0.5500909986957223 0.88392 -2.7488114629787064 3.0629300369738885
20200 11226599 -1.7478772572013208 -0.5272257967448081 0.88392 -2.7488114629787064 3.0629300369738885
20201 11226599 -1.8013404895393268 -0.5043646699929495 0.88392 -2.7488114629787064 3.0629300369738885
20202 11226599 -1.8615275264589808 -0.4846783693805495 0.88392 -2.7488114629787064 3.0629300369738885
20203 11226599 -1.9308517020265623 -0.4521882360405543 0.88392 -2.7488114629787064 3.0629300369738885
20204 11226599 -1.9635465767491973 -0.4407925730707908 0.88392 -2.7488114629787064 3.0629300369738885
20205 11226599 -2.0255787608277425 -0.4104529035682961 0.88392 -2.7488114629787064 3.0629300369738885
20206 11226599 -2.0837969710195448 -0.3847485880037288 0.88392 -2.7488114629787064 3.0629300369738885
20207 11226599 -2.167237005645271 -0.351961097476863 0.88392 -2.7488114629787064 3.0629300369738885
20208 11226599 -2.2214684354256384 -0.3303638606689764 0.88392 -2.7488114629787064 3.0629300369738885
20209 11226599 -2.263981634832556 -0.3109640569003854 0.88392 -2.7488114629787064 3.0629300369738885
20210 11226599 -2.3333297702819658 -0.2812655702416106 0.88392 -2.7488114629787064 3.0629300369738885
20211 11226599 -2.398096223349608 -0.25657056279960977 0.88392 -2.7488114629787064 3.0629300369738885
20212 11226599 -2.4226516904640985 -0.248536532848394 0.88392 -2.7488114629787064 3.0629300369738885
20213 11226599 -2.5177652725553408 -0.20690065015025094 0.88392 -2.7488114629787064 3.0629300369738885
20214 11226599 -2.5837823511434648 -0.18331343687296103 0.88392 -2.7488114629787064 3.0629300369738885
20215 11226599 -2.6154184809879912 -0.17004064235934846 0.8801100000000001 -2.7488114629787064 3.0629300369738885
20216 11226599 -2.6470546108325177 -0.15676784784573586 0.8763000000000001 -2.7488114629787064 3.0629300369738885
20217 11226599 -2.720529910634601 -0.12746709299790485 0.8763000000000001 -2.7488114629787064 3.0629300369738885
20218 11226599 -2.776938105166168 -0.10573682738615822 0.8763000000000001 -2.7488114629787064 3.0629300369738885
20219 11226599 -2.8737141847820897 -0.07026978549585786 0.8763000000000001 -2.7488114629787064 3.0629300369738885
20220 11226599 -2.9648116208892485 -0.03373868692867857 0.8763000000000001 -2.7488114629787064 3.0629300369738885
20221 11226599 -3.013254524671641 -0.0167160594993925 0.8763000000000001 -2.7488114629787064 3.0629300369738885
20222 11226599 -3.0616974284540337 0.00030656792989355863 0.8763000000000001 -2.7488114629787064 3.0629300369738885
20223 11226599 -3.118590650255449 0.027339921639872727 0.8763000000000001 -2.7488114629787064 3.0629300369738885
20224 11226599 -3.1734850230373395 0.0479941373597784 0.8763000000000001 -2.7488114629787064 3.0629300369738885
20225 11226599 -3.2384819158796936 0.06926803290500712 0.8686800000000001 -2.7488114629787064 3.0629300369738885
20226 11226599 -3.301924071015024 0.0952918061261033 0.8686800000000001 -2.7488114629787064 3.0629300369738885
20227 11226599 -3.370512602155248 0.1232345135870244 0.8686800000000001 -2.7488114629787064 3.0629300369738885
20228 11226599 -3.4335529575609582 0.14912814274183725 0.86106 -2.7488114629787064 3.0629300369738885
20229 11226599 -3.5041736455306887 0.17493321997134612 0.86106 -2.7488114629787064 3.0629300369738885
20230 11226599 -3.577934606011123 0.20200081346231424 0.86106 -2.7488114629787064 3.0629300369738885
20231 11226599 -3.626025828038132 0.2233531588154883 0.86106 -2.7488114629787064 3.0629300369738885
20232 11226599 -3.6894317422969336 0.2494859606206615 0.86106 -2.7488114629787064 3.0629300369738885
20233 11226599 -3.7696724947342855 0.2757559971054205 0.86106 -2.7488114629787064 3.0629300369738885
20234 11226599 -3.82596753213276 0.3018991357863826 0.86106 -2.7488114629787064 3.0629300369738885
20235 11226599 -3.919046084146212 0.3323742682969236 0.86106 -2.7488114629787064 3.0629300369738885
20236 11226599 -3.9920028212290175 0.359183477794632 0.86106 -2.7488114629787064 3.0629300369738885
20237 11226599 -4.048010540626833 0.3851177631371231 0.86106 -2.7488114629787064 3.0629300369738885
20238 11226599 -4.111720495024417 0.4059793425926112 0.86106 -2.7488114629787064 3.0629300369738885
