20499 10995703 0.5935301964332467 5.0524936924790325 0.9126830807046292 -2.024326912220049 1.586919466281021
20500 10995703 0.5925658960423723 5.0514534349655325 0.9126144039328146 -2.024326912220049 1.586919466281021
20501 10995703 0.5916015956514978 5.0504131774520316 0.9125457271609996 -2.024326912220049 1.586919466281021
20502 10995703 0.5906372952606234 5.049372919938533 0.9124770503891848 -2.024326912220049 1.586919466281021
20503 10995703 0.589672994869749 5.048332662425034 0.9124083736173699 -2.024326912220049 1.586919466281021
20504 10995703 0.5887086944788745 5.047292404911534 0.9123396968455552 -2.024326912220049 1.586919466281021
20505 10995703 0.5877443940880002 5.046252147398035 0.9122710200737404 -2.024326912220049 1.586919466281021
20506 10995703 0.5867800936971257 5.045211889884535 0.9122023433019256 -2.024326912220049 1.586919466281021
20507 10995703 0.5858157933062512 5.044171632371037 0.9121336665301109 -2.024326912220049 1.586919466281021
20508 10995703 0.5848514929153769 5.043131374857537 0.912064989758296 -2.024326912220049 1.586919466281021
20509 10995703 0.5838871925245024 5.042091117344038 0.9119963129864812 -2.024326912220049 1.586919466281021
20510 10995703 0.5829228921336279 5.041050859830538 0.9119276362146662 -2.024326912220049 1.586919466281021
20511 10995703 0.5819585917427536 5.040010602317039 0.9118589594428514 -2.024326912220049 1.586919466281021
20512 10995703 0.5809942913518791 5.038970344803539 0.9117902826710366 -2.024326912220049 1.586919466281021
20513 10995703 0.5800299909610047 5.037930087290039 0.9117216058992216 -2.024326912220049 1.586919466281021
20514 10995703 0.5790656905701302 5.036889829776539 0.9116529291274068 -2.024326912220049 1.586919466281021
20515 10995703 0.5781013901792558 5.03584957226304 0.9115842523555922 -2.024326912220049 1.586919466281021
20516 10995703 0.5771370897883814 5.034809314749541 0.9115155755837772 -2.024326912220049 1.586919466281021
20517 10995703 0.5761727893975069 5.033769057236041 0.9114468988119624 -2.024326912220049 1.586919466281021
20518 10995703 0.5752084890066325 5.032728799722542 0.9113782220401476 -2.024326912220049 1.586919466281021
20519 10995703 0.5742441886157581 5.031688542209042 0.9113095452683329 -2.024326912220049 1.586919466281021
20520 10995703 0.5732798882248836 5.030648284695543 0.911240868496518 -2.024326912220049 1.586919466281021
20521 10995703 0.5723155878340093 5.029608027182044 0.9111721917247032 -2.024326912220049 1.586919466281021
20522 10995703 0.5713512874431348 5.028567769668544 0.9111035149528882 -2.024326912220049 1.586919466281021
20523 10995703 0.5703869870522603 5.027527512155045 0.9110348381810734 -2.024326912220049 1.586919466281021
20524 10995703 0.569422686661386 5.026487254641545 0.9109661614092586 -2.024326912220049 1.586919466281021
20525 10995703 0.5684583862705115 5.0254469971280455 0.9108974846374438 -2.024326912220049 1.586919466281021
20526 10995703 0.5674940858796371 5.0244067396145455 0.9108288078656288 -2.024326912220049 1.586919466281021
20527 10995703 0.5665297854887626 5.0233664821010455 0.9107601310938142 -2.024326912220049 1.586919466281021
20528 10995703 0.5655654850978882 5.022326224587546 0.9106914543219992 -2.024326912220049 1.586919466281021
20529 10995703 0.5646011847070138 5.021285967074046 0.9106227775501844 -2.024326912220049 1.586919466281021
20530 10995703 0.5636368843161393 5.020245709560548 0.9105541007783696 -2.024326912220049 1.586919466281021
20531 10995703 0.5626725839252649 5.019205452047049 0.9104854240065549 -2.024326912220049 1.586919466281021
20532 10995703 0.5617082835343905 5.018165194533549 0.91041674723474 -2.024326912220049 1.586919466281021
20533 10995703 0.5607439831435159 5.01712493702005 0.9103480704629252 -2.024326912220049 1.586919466281021
20534 10995703 0.5597796827526416 5.016084679506551 0.9102793936911104 -2.024326912220049 1.586919466281021
