21304 10801356 2.624944804021548 -0.07450784162771115 0.57912 -3.912005575640372 1.2781694905444452
21305 10801356 2.657331229919943 -0.06370336440955929 0.57912 -3.912005575640372 1.2781694905444452
21306 10801356 2.688513879204624 -0.052505790123872666 0.57912 -3.912005575640372 1.2781694905444452
21307 10801356 2.7174631194981944 -0.030922018516593142 0.57912 -3.912005575640372 1.2781694905444452
21308 10801356 2.7464123597917647 -0.009338246909313626 0.57912 -3.912005575640372 1.2781694905444452
21309 10801356 2.775361600085335 0.012245524697965887 0.57912 -3.912005575640372 1.2781694905444452
21310 10801356 2.8058994660987957 0.056830022516900364 0.6096 -3.912005575640372 1.2781694905444452
21311 10801356 2.8221001504547405 0.07490473660229499 0.6096 -3.912005575640372 1.2781694905444452
21312 10801356 2.833633026305584 0.1001689063880494 0.6096 -3.912005575640372 1.2781694905444452
21313 10801356 2.845165902156427 0.1254330761738038 0.6096 -3.912005575640372 1.2781694905444452
21314 10801356 2.8603884682449663 0.17478367921603874 0.6096 -3.912005575640372 1.2781694905444452
21315 10801356 2.8663154339865877 0.21034715515553332 0.6096 -3.912005575640372 1.2781694905444452
21316 10801356 2.8684007362129 0.2809249695291718 0.6096 -3.912005575640372 1.2781694905444452
21317 10801356 2.866044177791018 0.3253839962702583 0.6096 -3.912005575640372 1.2781694905444452
21318 10801356 2.861227719876116 0.3775383552295395 0.57912 -3.912005575640372 1.2781694905444452
21319 10801356 2.860731540797164 0.4260628363979577 0.57912 -3.912005575640372 1.2781694905444452
21320 10801356 2.8492542175402082 0.4779386763727821 0.57912 -3.912005575640372 1.2781694905444452
21321 10801356 2.8449986379225667 0.5274569473217071 0.57912 -3.912005575640372 1.2781694905444452
21322 10801356 2.8399409314752164 0.5772371467762701 0.6096 -3.912005575640372 1.2781694905444452
21323 10801356 2.83401218577692 0.6270681438690805 0.6096 -3.912005575640372 1.2781694905444452
21324 10801356 2.8322527016019863 0.6706316709771157 0.6096 -3.912005575640372 1.2781694905444452
21325 10801356 2.825020259251088 0.7246266023755458 0.6096 -3.912005575640372 1.2781694905444452
21326 10801356 2.821462244822228 0.7653312844294742 0.6096 -3.912005575640372 1.2781694905444452
21327 10801356 2.8179042303933675 0.8060359664834025 0.6096 -3.912005575640372 1.2781694905444452
21328 10801356 2.817153348781613 0.8732181834632475 0.6096 -3.912005575640372 1.2781694905444452
21329 10801356 2.81176514761032 0.9233403332302826 0.6096 -3.912005575640372 1.2781694905444452
21330 10801356 2.806709439450201 0.9731203522052648 0.6096 -3.912005575640372 1.2781694905444452
21331 10801356 2.800552115345288 1.0045690850840718 0.6096 -3.912005575640372 1.2781694905444452
21332 10801356 2.794394791240375 1.0360178179628787 0.6096 -3.912005575640372 1.2781694905444452
21333 10801356 2.782504687151059 1.082538939251825 0.6096 -3.912005575640372 1.2781694905444452
21334 10801356 2.758511315747099 1.1327783314658648 0.6096 -3.912005575640372 1.2781694905444452
21335 10801356 2.734358533153737 1.1838877233357703 0.6096 -3.912005575640372 1.2781694905444452
21336 10801356 2.706144814854924 1.2307159592556027 0.6400800000000001 -3.912005575640372 1.2781694905444452
21337 10801356 2.6746569226281007 1.2675156404157315 0.6400800000000001 -3.912005575640372 1.2781694905444452
21338 10801356 2.6365881777048648 1.3031934673158057 0.6400800000000001 -3.912005575640372 1.2781694905444452
21339 10801356 2.579669182605736 1.3491157465618715 0.6400800000000001 -3.912005575640372 1.2781694905444452
21340 10801356 2.5403635146042842 1.3701283734352152 0.6400800000000001 -3.912005575640372 1.2781694905444452
21341 10801356 2.4978583067464344 1.3894992222973304 0.6400800000000001 -3.912005575640372 1.2781694905444452
21342 10801356 2.458880750374584 1.4044473737322547 0.6400800000000001 -3.912005575640372 1.2781694905444452
21343 10801356 2.4162936842803595 1.4213922829762733 0.6400800000000001 -3.912005575640372 1.2781694905444452
21344 10801356 2.357331384738897 1.4322367509494636 0.6400800000000001 -3.912005575640372 1.2781694905444452
21345 10801356 2.3108182065673617 1.4420533663606492 0.6400800000000001 -3.912005575640372 1.2781694905444452
21346 10801356 2.2484413241421333 1.4549485040025545 0.6400800000000001 -3.912005575640372 1.2781694905444452
21347 10801356 2.1818900493651343 1.4659365545781913 0.6400800000000001 -3.912005575640372 1.2781694905444452
21348 10801356 2.1275346111033664 1.4745774134875467 0.6400800000000001 -3.912005575640372 1.2781694905444452
21349 10801356 2.1130221398087485 1.4758127318451102 0.6400800000000001 -3.912005575640372 1.2781694905444452
21350 10801356 2.0985096685141307 1.4770480502026733 0.6400800000000001 -3.912005575640372 1.2781694905444452
21351 10801356 2.0119706702382776 1.4947997577091234 0.6400800000000001 -3.912005575640372 1.2781694905444452
21352 10801356 1.9442372031011883 1.5040733928189365 0.6248400000000001 -3.912005575640372 1.2781694905444452
21353 10801356 1.908112163435331 1.5088640749014723 0.63246 -3.912005575640372 1.2781694905444452
21354 10801356 1.8719871237694736 1.5136547569840084 0.6400800000000001 -3.912005575640372 1.2781694905444452
21355 10801356 1.82146282778927 1.5247849127807365 0.6400800000000001 -3.912005575640372 1.2781694905444452
21356 10801356 1.7690659269770441 1.5312700440173068 0.6400800000000001 -3.912005575640372 1.2781694905444452
21357 10801356 1.7169209413757027 1.5374396120878413 0.6400800000000001 -3.912005575640372 1.2781694905444452
21358 10801356 1.6600658162681492 1.5454987593736755 0.6096 -3.912005575640372 1.2781694905444452
21359 10801356 1.6344116775256718 1.5485056332227694 0.6096 -3.912005575640372 1.2781694905444452
21360 10801356 1.5414040314410005 1.562768786696038 0.6096 -3.912005575640372 1.2781694905444452
21361 10801356 1.4877234223106963 1.569675365892609 0.6096 -3.912005575640372 1.2781694905444452
21362 10801356 1.4420308847719503 1.5738556811759408 0.6096 -3.912005575640372 1.2781694905444452
21363 10801356 1.3858055022988371 1.5811271329908307 0.6096 -3.912005575640372 1.2781694905444452
21364 10801356 1.3378440893270276 1.5865167087924672 0.6096 -3.912005575640372 1.2781694905444452
21365 10801356 1.275774196130033 1.5962827520893839 0.6096 -3.912005575640372 1.2781694905444452
21366 10801356 1.2352437756109056 1.6040349362408943 0.6096 -3.912005575640372 1.2781694905444452
21367 10801356 1.1747311401715137 1.6117742803625814 0.6096 -3.912005575640372 1.2781694905444452
21368 10801356 1.1315141940409734 1.6153812963358558 0.6096 -3.912005575640372 1.2781694905444452
21369 10801356 1.0782458019555958 1.621922587015972 0.6096 -3.912005575640372 1.2781694905444452
21370 10801356 1.0216552222395483 1.631068664731164 0.6096 -3.912005575640372 1.2781694905444452
21371 10801356 0.9710164694527696 1.6421255759561133 0.6096 -3.912005575640372 1.2781694905444452
21372 10801356 0.913840293136858 1.6502956019811972 0.6096 -3.912005575640372 1.2781694905444452
21373 10801356 0.8665429970663758 1.6550039836646315 0.6096 -3.912005575640372 1.2781694905444452
21374 10801356 0.8101489817782356 1.6658399716915944 0.6096 -3.912005575640372 1.2781694905444452
21375 10801356 0.7639082222867148 1.6724235118513584 0.6096 -3.912005575640372 1.2781694905444452
21376 10801356 0.6877733009223845 1.6839875122319556 0.6096 -3.912005575640372 1.2781694905444452
21377 10801356 0.6613079861688853 1.689950089266792 0.6096 -3.912005575640372 1.2781694905444452
21378 10801356 0.6091626431847901 1.6961278415024317 0.6096 -3.912005575640372 1.2781694905444452
21379 10801356 0.5578107895329535 1.7047339434065345 0.6096 -3.912005575640372 1.2781694905444452
21380 10801356 0.5064589358811169 1.713340045310637 0.6096 -3.912005575640372 1.2781694905444452
21381 10801356 0.4352667738473839 1.7264456180124412 0.57912 -3.912005575640372 1.2781694905444452
21382 10801356 0.4073976187782119 1.7328680989438294 0.57912 -3.912005575640372 1.2781694905444452
21383 10801356 0.3795284637090399 1.7392905798752174 0.57912 -3.912005575640372 1.2781694905444452
21384 10801356 0.3315452197537134 1.745979203446104 0.57912 -3.912005575640372 1.2781694905444452
21385 10801356 0.2847463276011625 1.7560196385288014 0.57912 -3.912005575640372 1.2781694905444452
21386 10801356 0.20516273471497914 1.7695340414049154 0.57912 -3.912005575640372 1.2781694905444452
21387 10801356 0.16426594300964806 1.77752906216243 0.57912 -3.912005575640372 1.2781694905444452
21388 10801356 0.1114460070640746 1.7854498399911207 0.57912 -3.912005575640372 1.2781694905444452
21389 10801356 0.04241241304964438 1.8013588303651291 0.57912 -3.912005575640372 1.2781694905444452
21390 10801356 -0.00969847225408038 1.8076467097627869 0.57912 -3.912005575640372 1.2781694905444452
21391 10801356 -0.05513250167164141 1.8180610797459704 0.57912 -3.912005575640372 1.2781694905444452
21392 10801356 -0.1112370354631016 1.831146617306368 0.57912 -3.912005575640372 1.2781694905444452
21393 10801356 -0.1681782426464682 1.8443893449835165 0.57912 -3.912005575640372 1.2781694905444452
21394 10801356 -0.1930472713980944 1.8525205167394123 0.57912 -3.912005575640372 1.2781694905444452
21395 10801356 -0.2462533372968745 1.8636079811187534 0.57912 -3.912005575640372 1.2781694905444452
21396 10801356 -0.2965695148085972 1.875386628810832 0.57912 -3.912005575640372 1.2781694905444452
21397 10801356 -0.3457121832274226 1.8907543504347764 0.57912 -3.912005575640372 1.2781694905444452
21398 10801356 -0.3913529630806052 1.900537587296496 0.54864 -3.912005575640372 1.2781694905444452
21399 10801356 -0.4519383146104754 1.9148574999569499 0.54864 -3.912005575640372 1.2781694905444452
21400 10801356 -0.4975678208190664 1.9244040925751988 0.54864 -3.912005575640372 1.2781694905444452
21401 10801356 -0.5468808484272016 1.9408805654277943 0.54864 -3.912005575640372 1.2781694905444452
21402 10801356 -0.5943329761521527 1.9505564965672677 0.54864 -3.912005575640372 1.2781694905444452
21403 10801356 -0.6351602564959427 1.9587672569706067 0.54864 -3.912005575640372 1.2781694905444452
21404 10801356 -0.6880897487216382 1.970702451711036 0.54864 -3.912005575640372 1.2781694905444452
21405 10801356 -0.7075032809179436 1.977051465192302 0.54864 -3.912005575640372 1.2781694905444452
21406 10801356 -0.7269168131142489 1.983400478673568 0.54864 -3.912005575640372 1.2781694905444452
21407 10801356 -0.7939650790139823 1.9999539869160543 0.54864 -3.912005575640372 1.2781694905444452
21408 10801356 -0.8352735371668143 2.0083233269210568 0.54864 -3.912005575640372 1.2781694905444452
21409 10801356 -0.8805180495215916 2.023121168285084 0.54864 -3.912005575640372 1.2781694905444452
21410 10801356 -0.9271676813355592 2.0325369664593658 0.54864 -3.912005575640372 1.2781694905444452
21411 10801356 -0.9737137189024828 2.042269715747183 0.54864 -3.912005575640372 1.2781694905444452
21412 10801356 -1.0194393347626456 2.057225882104067 0.54864 -3.912005575640372 1.2781694905444452
21413 10801356 -1.0703628641660667 2.068507972100176 0.5181600000000001 -3.912005575640372 1.2781694905444452
21414 10801356 -1.1156872095554131 2.083333565243021 0.5181600000000001 -3.912005575640372 1.2781694905444452
21415 10801356 -1.1628626253043073 2.0938577011491275 0.5181600000000001 -3.912005575640372 1.2781694905444452
21416 10801356 -1.2023429585003294 2.1061880635695456 0.5181600000000001 -3.912005575640372 1.2781694905444452
21417 10801356 -1.2430316559673142 2.1148245335206286 0.5181600000000001 -3.912005575640372 1.2781694905444452
21418 10801356 -1.3089842954179758 2.1358153043384958 0.5181600000000001 -3.4230048786853255 1.1183983042263892
21419 10801356 -1.3408386405369506 2.140510793648285 0.5181600000000001 -3.4230048786853255 1.1183983042263892
21420 10801356 -1.3866082650657672 2.1564186822598868 0.5181600000000001 -3.4230048786853255 1.1183983042263892
21421 10801356 -1.4323171102344432 2.1659975755172645 0.5181600000000001 -3.4230048786853255 1.1183983042263892
21422 10801356 -1.472702839334681 2.178275257714134 0.5181600000000001 -3.4230048786853255 1.1183983042263892
21423 10801356 -1.529642235243969 2.191528996012637 0.5181600000000001 -3.4230048786853255 1.1183983042263892
21424 10801356 -1.5774812640424103 2.2027405386738765 0.5181600000000001 -3.4230048786853255 1.1183983042263892
21425 10801356 -1.6258195842737766 2.217854744098924 0.48768 -3.4230048786853255 1.1183983042263892
21426 10801356 -1.6675518206289917 2.22601731811452 0.48768 -3.4230048786853255 1.1183983042263892
21427 10801356 -1.7018828969468038 2.234679704046889 0.48768 -3.4230048786853255 1.1183983042263892
21428 10801356 -1.7362139732646158 2.2433420899792598 0.48768 -3.4230048786853255 1.1183983042263892
21429 10801356 -1.7689183387013672 2.25100515513829 0.48768 -3.4230048786853255 1.1183983042263892
21430 10801356 -1.8016227041381183 2.258668220297321 0.48768 -3.4230048786853255 1.1183983042263892
21431 10801356 -1.8429058683034445 2.2682038978402064 0.48768 -3.4230048786853255 1.1183983042263892
21432 10801356 -1.884181148129241 2.275049837628743 0.48768 -3.4230048786853255 1.1183983042263892
21433 10801356 -1.9263377154775456 2.283002311633037 0.48768 -3.4230048786853255 1.1183983042263892
21434 10801356 -1.9925818275688376 2.2993047399632194 0.48768 -3.4230048786853255 1.1183983042263892
21435 10801356 -2.039859993779457 2.3095181238323943 0.48768 -3.4230048786853255 1.1183983042263892
21436 10801356 -2.0617872071421766 2.313071550183022 0.48768 -3.4230048786853255 1.1183983042263892
21437 10801356 -2.1060693991750066 2.325927162196193 0.48768 -3.4230048786853255 1.1183983042263892
21438 10801356 -2.152935243957133 2.3357727120063685 0.48768 -3.4230048786853255 1.1183983042263892
21439 10801356 -2.2133165882934884 2.346653288645 0.48768 -3.4230048786853255 1.1183983042263892
21440 10801356 -2.2364336155206783 2.3519988113160744 0.48768 -3.4230048786853255 1.1183983042263892
21441 10801356 -2.2845328929247977 2.3569908631679737 0.48768 -3.4230048786853255 1.1183983042263892
21442 10801356 -2.3406692580891706 2.3699886231061584 0.48768 -3.4230048786853255 1.1183983042263892
21443 10801356 -2.36275916044839 2.3719603967556044 0.48768 -3.4230048786853255 1.1183983042263892
21444 10801356 -2.4112829732181327 2.3767417079536335 0.48768 -3.4230048786853255 1.1183983042263892
21445 10801356 -2.451001772112111 2.381562564370052 0.48768 -3.4230048786853255 1.1183983042263892
21446 10801356 -2.5082569503057672 2.389786606152867 0.48768 -3.4230048786853255 1.1183983042263892
21447 10801356 -2.550906298163352 2.3897248621241647 0.48768 -3.4230048786853255 1.1183983042263892
21448 10801356 -2.586224983010873 2.384926874716376 0.48768 -3.4230048786853255 1.1183983042263892
21449 10801356 -2.625806356206396 2.3817580423465494 0.48768 -3.4230048786853255 1.1183983042263892
21450 10801356 -2.670829738748968 2.373359900042625 0.48768 -3.4230048786853255 1.1183983042263892
21451 10801356 -2.693260091593129 2.369952226120649 0.48768 -3.4230048786853255 1.1183983042263892
21452 10801356 -2.733521104609264 2.3568405819232945 0.48768 -3.4230048786853255 1.1183983042263892
21453 10801356 -2.7844221129495 2.3356441343055883 0.48768 -3.4230048786853255 1.1183983042263892
21454 10801356 -2.8105710026998465 2.319928835250455 0.48768 -3.4230048786853255 1.1183983042263892
21455 10801356 -2.8367198924501937 2.3042135361953218 0.48768 -3.4230048786853255 1.1183983042263892
21456 10801356 -2.8778320361184893 2.2700561804327872 0.48768 -3.4230048786853255 1.1183983042263892
21457 10801356 -2.910435571829669 2.241000814928685 0.48768 -3.4230048786853255 1.1183983042263892
21458 10801356 -2.9314632036078883 2.2093244253277398 0.5181600000000001 -3.4230048786853255 1.1183983042263892
21459 10801356 -2.9470995814183403 2.1873343273608805 0.5181600000000001 -3.4230048786853255 1.1183983042263892
21460 10801356 -2.9627359592287927 2.1653442293940217 0.5181600000000001 -3.4230048786853255 1.1183983042263892
21461 10801356 -2.9758260558088354 2.1362107219995994 0.5181600000000001 -3.4230048786853255 1.1183983042263892
21462 10801356 -2.9915960017685963 2.0934652448494235 0.5181600000000001 -3.4230048786853255 1.1183983042263892
21463 10801356 -3.0042953516682327 2.049247152674656 0.5181600000000001 -3.4230048786853255 1.1183983042263892
21464 10801356 -3.0125571573520853 2.0131579609730883 0.5181600000000001 -3.4230048786853255 1.1183983042263892
21465 10801356 -3.0183701804994936 1.9736964410065267 0.5181600000000001 -3.4230048786853255 1.1183983042263892
21466 10801356 -3.0214234122535637 1.9318124286016305 0.5181600000000001 -3.4230048786853255 1.1183983042263892
21467 10801356 -3.021970440698892 1.8785915987748507 0.5181600000000001 -3.4230048786853255 1.1183983042263892
21468 10801356 -3.0201754849750286 1.8352373616875404 0.5181600000000001 -3.4230048786853255 1.1183983042263892
21469 10801356 -3.0222450211958893 1.8153494839447049 0.5181600000000001 -3.4230048786853255 1.1183983042263892
21470 10801356 -3.0094147003852623 1.75143973638351 0.5181600000000001 -3.4230048786853255 1.1183983042263892
21471 10801356 -3.0061102566095927 1.7289747385222105 0.5181600000000001 -3.4230048786853255 1.1183983042263892
21472 10801356 -2.996676256405208 1.6709677593248011 0.5181600000000001 -3.4230048786853255 1.1183983042263892
21473 10801356 -2.9904545716075517 1.6275668190600787 0.5181600000000001 -3.4230048786853255 1.1183983042263892
21474 10801356 -2.9842811045060147 1.5742496344133337 0.5181600000000001 -3.4230048786853255 1.1183983042263892
21475 10801356 -2.9766862801697123 1.5285297619026064 0.5181600000000001 -3.4230048786853255 1.1183983042263892
21476 10801356 -2.97148113443972 1.4874481710880711 0.5181600000000001 -3.4230048786853255 1.1183983042263892
21477 10801356 -2.96705160164936 1.4593277225734895 0.5181600000000001 -3.4230048786853255 1.1183983042263892
21478 10801356 -2.9626220688590013 1.4312072740589084 0.5181600000000001 -3.4230048786853255 1.1183983042263892
21479 10801356 -2.9575524003893894 1.3974439209197955 0.5181600000000001 -3.4230048786853255 1.1183983042263892
21480 10801356 -2.9524827319197784 1.3636805677806831 0.5181600000000001 -3.4230048786853255 1.1183983042263892
21481 10801356 -2.945069519490775 1.3184878362838321 0.5181600000000001 -3.4230048786853255 1.1183983042263892
21482 10801356 -2.9320090445904046 1.2606967385128554 0.5181600000000001 -3.4230048786853255 1.1183983042263892
21483 10801356 -2.924595268000968 1.2155039830280967 0.5181600000000001 -3.4230048786853255 1.1183983042263892
21484 10801356 -2.919572625586293 1.1657189908030858 0.5181600000000001 -3.4230048786853255 1.1183983042263892
21485 10801356 -2.9160317298707064 1.122261402266413 0.5181600000000001 -3.4230048786853255 1.1183983042263892
21486 10801356 -2.9088936076984995 1.076224280635202 0.5181600000000001 -3.4230048786853255 1.1183983042263892
21487 10801356 -2.90052278049055 1.0258109641573103 0.5181600000000001 -3.4230048786853255 1.1183983042263892
21488 10801356 -2.896067470936324 0.9797173083272294 0.5181600000000001 -3.4230048786853255 1.1183983042263892
21489 10801356 -2.8920844942763857 0.9403217019532498 0.5181600000000001 -3.4230048786853255 1.1183983042263892
21490 10801356 -2.8848763402430047 0.8944956011030382 0.5181600000000001 -3.4230048786853255 1.1183983042263892
21491 10801356 -2.881682784296382 0.8391168307635881 0.5181600000000001 -3.4230048786853255 1.1183983042263892
21492 10801356 -2.8825823968331235 0.8010857156899763 0.5181600000000001 -3.4230048786853255 1.1183983042263892
21493 10801356 -2.878564169679968 0.7617955840441174 0.5181600000000001 -3.4230048786853255 1.1183983042263892
21494 10801356 -2.8746494096245865 0.7221888169221485 0.5181600000000001 -3.4230048786853255 1.1183983042263892
21495 10801356 -2.8725731131252847 0.6796784181824421 0.5181600000000001 -3.4230048786853255 1.1183983042263892
21496 10801356 -2.867345433625601 0.6440821684492152 0.5181600000000001 -3.4230048786853255 1.1183983042263892
21497 10801356 -2.8634251846637184 0.5909196162583708 0.5181600000000001 -3.4230048786853255 1.1183983042263892
21498 10801356 -2.864897531957617 0.5701355738425091 0.5181600000000001 -3.4230048786853255 1.1183983042263892
21499 10801356 -2.8599536984929186 0.5363850046226545 0.5181600000000001 -3.4230048786853255 1.1183983042263892
21500 10801356 -2.8522095659779034 0.4867617754849541 0.5181600000000001 -3.4230048786853255 1.1183983042263892
21501 10801356 -2.85076992930906 0.4477316281179605 0.5181600000000001 -3.4230048786853255 1.1183983042263892
21502 10801356 -2.8473799691503032 0.4092316760039091 0.5181600000000001 -3.4230048786853255 1.1183983042263892
21503 10801356 -2.836784238056046 0.37374841259852576 0.48768 -3.4230048786853255 1.1183983042263892
21504 10801356 -2.833760620504373 0.35312889902359434 0.48768 -3.4230048786853255 1.1183983042263892
21505 10801356 -2.8307370029527004 0.3325093854486629 0.48768 -3.4230048786853255 1.1183983042263892
21506 10801356 -2.8159162051493816 0.28279060174978365 0.48768 -3.4230048786853255 1.1183983042263892
21507 10801356 -2.8058660846741104 0.2505240976571382 0.48768 -3.4230048786853255 1.1183983042263892
21508 10801356 -2.795815964198839 0.21825759356449267 0.48768 -3.4230048786853255 1.1183983042263892
21509 10801356 -2.7842068142502607 0.20324136057885608 0.48768 -3.4230048786853255 1.1183983042263892
21510 10801356 -2.7600909706050296 0.15749181401136444 0.48768 -3.4230048786853255 1.1183983042263892
21511 10801356 -2.7504827482542384 0.13798934265328752 0.48768 -3.4230048786853255 1.1183983042263892
21512 10801356 -2.7220960965993464 0.09551626384598197 0.48768 -3.4230048786853255 1.1183983042263892
21513 10801356 -2.6943934561954532 0.06506848499964732 0.48768 -3.4230048786853255 1.1183983042263892
21514 10801356 -2.672730017823329 0.047113033570262385 0.48768 -3.4230048786853255 1.1183983042263892
21515 10801356 -2.6482183930474736 0.02320140214865693 0.4572000000000001 -3.4230048786853255 1.1183983042263892
21516 10801356 -2.615554212986474 0.007371821722213928 0.4572000000000001 -3.4230048786853255 1.1183983042263892
21517 10801356 -2.5920844538073684 -0.006150078303789913 0.4572000000000001 -3.4230048786853255 1.1183983042263892
21518 10801356 -2.5549721370433653 -0.023317972947542148 0.4572000000000001 -3.4230048786853255 1.1183983042263892
21519 10801356 -2.523413866097413 -0.034111450348317 0.4572000000000001 -3.4230048786853255 1.1183983042263892
21520 10801356 -2.484809381146009 -0.041017622812458486 0.4572000000000001 -3.4230048786853255 1.1183983042263892
21521 10801356 -2.4488703062105275 -0.042494615837333855 0.4572000000000001 -3.4230048786853255 1.1183983042263892
21522 10801356 -2.415463554133954 -0.04220815078554277 0.4572000000000001 -3.4230048786853255 1.1183983042263892
21523 10801356 -2.3870441613092623 -0.04087396520423861 0.4572000000000001 -3.4230048786853255 1.1183983042263892
21524 10801356 -2.3524157158315573 -0.03549537330837818 0.4572000000000001 -3.4230048786853255 1.1183983042263892
21525 10801356 -2.319136060634145 -0.03586797380135778 0.4572000000000001 -3.4230048786853255 1.1183983042263892
21526 10801356 -2.284290381112622 -0.03091069988534548 0.4572000000000001 -3.4230048786853255 1.1183983042263892
21527 10801356 -2.2545804036440047 -0.024273051982023147 0.4572000000000001 -3.4230048786853255 1.1183983042263892
21528 10801356 -2.2192534246951108 -0.01947298146009216 0.4572000000000001 -3.4230048786853255 1.1183983042263892
21529 10801356 -2.186455457604032 -0.019687444802121395 0.4572000000000001 -3.4230048786853255 1.1183983042263892
21530 10801356 -2.1582649911093945 -0.01769336184978601 0.4572000000000001 -3.4230048786853255 1.1183983042263892
21531 10801356 -2.123007276758739 -0.013103904817170524 0.4572000000000001 -3.4230048786853255 1.1183983042263892
21532 10801356 -2.0948169130705585 -0.011109571221242705 0.42672 -3.4230048786853255 1.1183983042263892
21533 10801356 -2.0474454126586137 -0.012936400424193443 0.42672 -3.4230048786853255 1.1183983042263892
21534 10801356 -2.0252285417611464 -0.012229949512065658 0.42672 -3.4230048786853255 1.1183983042263892
21535 10801356 -2.00301167086368 -0.01152349859993787 0.42672 -3.4230048786853255 1.1183983042263892
21536 10801356 -1.9799364526268688 -0.012266125537955669 0.42672 -3.4230048786853255 1.1183983042263892
21537 10801356 -1.956861234390059 -0.01300875247597347 0.42672 -3.4230048786853255 1.1183983042263892
21538 10801356 -1.9285144088009103 -0.014336535738664918 0.42672 -3.4230048786853255 1.1183983042263892
21539 10801356 -1.901473891660199 -0.014769536418665881 0.42672 -3.4230048786853255 1.1183983042263892
21540 10801356 -1.8748355662648137 -0.015888758509201822 0.42672 -3.4230048786853255 1.1183983042263892
21541 10801356 -1.8415929814764989 -0.01799980600161114 0.42672 -3.4230048786853255 1.1183983042263892
21542 10801356 -1.8035562923199204 -0.01957576483561133 0.42672 -3.4230048786853255 1.1183983042263892
21543 10801356 -1.7722582631073924 -0.01731157625158189 0.42672 -3.4230048786853255 1.1183983042263892
