20584 10801356 2.3111910072863036 1.0652981341104104 0.6096 -2.024326912220049 1.586919466281021
20585 10801356 2.226289741766247 1.071763262150946 0.6096 -2.024326912220049 1.586919466281021
20586 10801356 2.1677770320007315 1.0747512481534436 0.6096 -2.024326912220049 1.586919466281021
20587 10801356 2.1385378712205263 1.0762982642069738 0.6096 -2.024326912220049 1.586919466281021
20588 10801356 2.1092987104403216 1.077845280260504 0.6096 -2.024326912220049 1.586919466281021
20589 10801356 2.0290598158082163 1.0801030651990982 0.6096 -2.024326912220049 1.586919466281021
20590 10801356 1.987383375450453 1.0840773331699418 0.6096 -2.024326912220049 1.586919466281021
20591 10801356 1.9457069350926897 1.0880516011407857 0.6096 -2.024326912220049 1.586919466281021
20592 10801356 1.8855891893458243 1.0915660270778191 0.6096 -2.024326912220049 1.586919466281021
20593 10801356 1.827248384297308 1.0950846354772463 0.6096 -2.024326912220049 1.586919466281021
20594 10801356 1.7383380657641228 1.1069537598877055 0.6096 -2.024326912220049 1.586919466281021
20595 10801356 1.6812845571021768 1.1145509671778306 0.6096 -2.024326912220049 1.586919466281021
20596 10801356 1.6242310484402311 1.1221481744679562 0.6096 -2.024326912220049 1.586919466281021
20597 10801356 1.5779646720431413 1.1283834496621807 0.6096 -2.024326912220049 1.586919466281021
20598 10801356 1.521106417842098 1.1364436670343354 0.6096 -2.024326912220049 1.586919466281021
20599 10801356 1.4611677305104431 1.1486649913010405 0.6096 -2.024326912220049 1.586919466281021
20600 10801356 1.3972688509283986 1.1552879112142092 0.6096 -2.024326912220049 1.586919466281021
20601 10801356 1.3343729369241035 1.1682428133900136 0.6096 -2.024326912220049 1.586919466281021
20602 10801356 1.2809525987521568 1.174597618551813 0.6096 -2.024326912220049 1.586919466281021
20603 10801356 1.2276266446860231 1.1839594812401837 0.6096 -2.024326912220049 1.586919466281021
20604 10801356 1.1659110322616006 1.1961797951186262 0.6096 -2.024326912220049 1.586919466281021
20605 10801356 1.120241462428607 1.2031576799303336 0.6096 -2.024326912220049 1.586919466281021
20606 10801356 1.0559465535295038 1.215637610441278 0.6096 -2.024326912220049 1.586919466281021
20607 10801356 0.982973356465891 1.2287341669369016 0.6400800000000001 -2.024326912220049 1.586919466281021
20608 10801356 0.9523120895845578 1.2365335504505324 0.6400800000000001 -2.024326912220049 1.586919466281021
20609 10801356 0.8745957205554851 1.2530504445851989 0.6400800000000001 -2.024326912220049 1.586919466281021
20610 10801356 0.8251907047211993 1.2621855733330911 0.6400800000000001 -2.024326912220049 1.586919466281021
20611 10801356 0.7695487407741626 1.2712563464526898 0.6400800000000001 -2.024326912220049 1.586919466281021
20612 10801356 0.7330104833613187 1.277647773448899 0.6400800000000001 -2.024326912220049 1.586919466281021
20613 10801356 0.6964722259484748 1.2840392004451076 0.6400800000000001 -2.024326912220049 1.586919466281021
20614 10801356 0.6643638247133955 1.2890415905134571 0.6400800000000001 -2.024326912220049 1.586919466281021
20615 10801356 0.5861647272756493 1.304083885353149 0.6096 -2.024326912220049 1.586919466281021
20616 10801356 0.5247495696463897 1.318314693881547 0.6096 -2.024326912220049 1.586919466281021
20617 10801356 0.4715578398349024 1.324016745709959 0.6096 -2.024326912220049 1.586919466281021
20618 10801356 0.41625218147442267 1.3368358374962352 0.6096 -2.024326912220049 1.586919466281021
20619 10801356 0.3562538867346696 1.3461654670913823 0.6096 -2.024326912220049 1.586919466281021
20620 10801356 0.29200266127136976 1.356067937851911 0.6096 -2.024326912220049 1.586919466281021
20621 10801356 0.24121318949429305 1.3677627361171003 0.6096 -2.024326912220049 1.586919466281021
20622 10801356 0.1797699756378186 1.3767483629108697 0.6096 -2.024326912220049 1.586919466281021
20623 10801356 0.11644174266308882 1.392192360631061 0.6096 -2.024326912220049 1.586919466281021
20624 10801356 0.06427647298139383 1.4037540620653302 0.6096 -2.024326912220049 1.586919466281021
20625 10801356 0.013429398971653406 1.4150020643724968 0.6096 -2.024326912220049 1.586919466281021
20626 10801356 -0.03440349269232135 1.425148219734272 0.6096 -2.024326912220049 1.586919466281021
20627 10801356 -0.11707235248143046 1.4411924171825692 0.6096 -2.024326912220049 1.586919466281021
20628 10801356 -0.14340931581644226 1.450270198934835 0.57912 -2.024326912220049 1.586919466281021
20629 10801356 -0.19393529479055285 1.4614147815452738 0.57912 -2.024326912220049 1.586919466281021
20630 10801356 -0.2573145994682995 1.4821365598905971 0.57912 -2.024326912220049 1.586919466281021
20631 10801356 -0.30553716579931023 1.4921783759221925 0.57912 -2.024326912220049 1.586919466281021
20632 10801356 -0.3761365771324037 1.5152620189850994 0.57912 -2.024326912220049 1.586919466281021
20633 10801356 -0.4220315353621429 1.5253614615461115 0.57912 -2.024326912220049 1.586919466281021
20634 10801356 -0.4710497837187386 1.5413895908871915 0.57912 -2.024326912220049 1.586919466281021
20635 10801356 -0.4973993861773587 1.5490709292192757 0.57912 -2.024326912220049 1.586919466281021
20636 10801356 -0.5355692070925859 1.5620197099979105 0.5638799999999999 -2.024326912220049 1.586919466281021
20637 10801356 -0.5737390280078133 1.5749684907765455 0.54864 -2.024326912220049 1.586919466281021
20638 10801356 -0.6157949948281085 1.5882538219277915 0.54864 -1.7180071643616912 1.91433127310868
20639 10801356 -0.6578509616484038 1.6015391530790373 0.54864 -1.7180071643616912 1.91433127310868
20640 10801356 -0.6979636685975028 1.6146567806469438 0.54864 -1.7180071643616912 1.91433127310868
20641 10801356 -0.7517426506682405 1.6278041227191051 0.54864 -1.7180071643616912 1.91433127310868
20642 10801356 -0.8046119401905591 1.6442763582285325 0.54864 -1.7180071643616912 1.91433127310868
20643 10801356 -0.8548327325083969 1.6607007113432906 0.54864 -1.7180071643616912 1.91433127310868
20644 10801356 -0.9196542847729116 1.68190072570737 0.54864 -1.7180071643616912 1.91433127310868
20645 10801356 -0.9650613449288898 1.696751586435196 0.5181600000000001 -1.7180071643616912 1.91433127310868
20646 10801356 -1.011349797048385 1.7127089205823516 0.5181600000000001 -1.7180071643616912 1.91433127310868
20647 10801356 -1.0300430134437821 1.7180050946637786 0.5181600000000001 -1.7180071643616912 1.91433127310868
20648 10801356 -1.109223124481238 1.7447212499218407 0.5181600000000001 -1.7180071643616912 1.91433127310868
20649 10801356 -1.1536387699689887 1.7636890813473067 0.5181600000000001 -1.7180071643616912 1.91433127310868
20650 10801356 -1.1958810618132014 1.7784411434366847 0.5181600000000001 -1.7180071643616912 1.91433127310868
20651 10801356 -1.2400039261675164 1.792873919751876 0.5181600000000001 -1.7180071643616912 1.91433127310868
20652 10801356 -1.2892162946670147 1.808037133893868 0.48768 -1.7180071643616912 1.91433127310868
20653 10801356 -1.3263057502012865 1.8265959989412632 0.48768 -1.7180071643616912 1.91433127310868
20654 10801356 -1.3725262942437018 1.8411316994384612 0.48768 -1.7180071643616912 1.91433127310868
20655 10801356 -1.419364139640203 1.8570380845494656 0.48768 -1.7180071643616912 1.91433127310868
20656 10801356 -1.4656351561593783 1.876848825174652 0.48768 -1.7180071643616912 1.91433127310868
20657 10801356 -1.5160370602634348 1.8938050555202053 0.48768 -1.7180071643616912 1.91433127310868
20658 10801356 -1.5691377936429398 1.9160846237470543 0.48768 -1.7180071643616912 1.91433127310868
20659 10801356 -1.5973982064122711 1.9257977370720587 0.4572000000000001 -1.7180071643616912 1.91433127310868
20660 10801356 -1.6309388528910709 1.9394586021140512 0.4572000000000001 -1.7180071643616912 1.91433127310868
20661 10801356 -1.6644794993698702 1.953119467156044 0.4572000000000001 -1.7180071643616912 1.91433127310868
20662 10801356 -1.702268574634353 1.9706243095406524 0.4572000000000001 -1.7180071643616912 1.91433127310868
20663 10801356 -1.7447671920924248 1.9900208301105955 0.4572000000000001 -1.7180071643616912 1.91433127310868
20664 10801356 -1.789690938760595 2.004719527186261 0.4572000000000001 -1.7180071643616912 1.91433127310868
20665 10801356 -1.8285336625358364 2.022803605727516 0.4572000000000001 -1.7180071643616912 1.91433127310868
20666 10801356 -1.8883594749932515 2.0478706625976315 0.4572000000000001 -1.7180071643616912 1.91433127310868
20667 10801356 -1.907612362489549 2.0541704619542167 0.4572000000000001 -1.7180071643616912 1.91433127310868
20668 10801356 -1.9517334979912533 2.068607700822629 0.4572000000000001 -1.7180071643616912 1.91433127310868
20669 10801356 -2.0006677424030963 2.0846202347561524 0.4572000000000001 -1.7180071643616912 1.91433127310868
20670 10801356 -2.047195281357987 2.0998455826148157 0.4572000000000001 -1.7180071643616912 1.91433127310868
20671 10801356 -2.0969347619466183 2.1052558042436185 0.4572000000000001 -1.7180071643616912 1.91433127310868
20672 10801356 -2.1533436462981745 2.113082631330029 0.4572000000000001 -1.7180071643616912 1.91433127310868
20673 10801356 -2.202643108996184 2.11332523942876 0.4572000000000001 -1.7180071643616912 1.91433127310868
20674 10801356 -2.2501868061555728 2.10645021368045 0.4572000000000001 -1.7180071643616912 1.91433127310868
20675 10801356 -2.291977110584553 2.0981599110407356 0.4572000000000001 -1.7180071643616912 1.91433127310868
20676 10801356 -2.3280830783696063 2.088243146786352 0.4572000000000001 -1.7180071643616912 1.91433127310868
20677 10801356 -2.3662482671524043 2.0733918605121384 0.4572000000000001 -1.7180071643616912 1.91433127310868
20678 10801356 -2.4010857119626334 2.0524272151313885 0.4572000000000001 -1.7180071643616912 1.91433127310868
20679 10801356 -2.4255869945257933 2.035908486142127 0.4572000000000001 -1.7180071643616912 1.91433127310868
20680 10801356 -2.4500882770889536 2.0193897571528656 0.4572000000000001 -1.7180071643616912 1.91433127310868
20681 10801356 -2.494519754119496 1.9840384695710438 0.4572000000000001 -1.7180071643616912 1.91433127310868
20682 10801356 -2.5214796134861612 1.9559388534323845 0.4572000000000001 -1.7180071643616912 1.91433127310868
20683 10801356 -2.5407783108346957 1.9295382614096808 0.4572000000000001 -1.7180071643616912 1.91433127310868
20684 10801356 -2.564091846397676 1.8935850129202496 0.4572000000000001 -1.7180071643616912 1.91433127310868
20685 10801356 -2.579632764102871 1.8569573395706076 0.4572000000000001 -1.7180071643616912 1.91433127310868
20686 10801356 -2.59715815399207 1.8196938789338928 0.4572000000000001 -1.7180071643616912 1.91433127310868
20687 10801356 -2.6082811845556435 1.7857098624266872 0.4572000000000001 -1.7180071643616912 1.91433127310868
20688 10801356 -2.6171624817060204 1.7477204209928987 0.4572000000000001 -1.7180071643616912 1.91433127310868
20689 10801356 -2.6235065856095767 1.7120554152529008 0.48768 -1.7180071643616912 1.91433127310868
20690 10801356 -2.6263578674745784 1.6857049803271271 0.48768 -1.7180071643616912 1.91433127310868
20691 10801356 -2.6292091493395797 1.659354545401354 0.48768 -1.7180071643616912 1.91433127310868
20692 10801356 -2.6292542474172214 1.6266523022138162 0.48768 -1.7180071643616912 1.91433127310868
20693 10801356 -2.626792330713676 1.5826133702901426 0.48768 -1.7180071643616912 1.91433127310868
20694 10801356 -2.628798377483881 1.5412052731895185 0.48768 -1.7180071643616912 1.91433127310868
20695 10801356 -2.6285813952239074 1.4903061542328608 0.48768 -1.7180071643616912 1.91433127310868
20696 10801356 -2.629213267416059 1.4558096570385122 0.48768 -1.7180071643616912 1.91433127310868
20697 10801356 -2.6284979020757 1.425429237631705 0.4572000000000001 -1.7180071643616912 1.91433127310868
20698 10801356 -2.6310216010853877 1.3824379549014385 0.4572000000000001 -1.7180071643616912 1.91433127310868
20699 10801356 -2.6298546665107407 1.3382388056110432 0.4572000000000001 -1.7180071643616912 1.91433127310868
20700 10801356 -2.632514053203048 1.2964604355161249 0.4572000000000001 -1.7180071643616912 1.91433127310868
20701 10801356 -2.6298458438086767 1.2514194707245196 0.4572000000000001 -1.7180071643616912 1.91433127310868
20702 10801356 -2.630607392149267 1.2138106979378385 0.48768 -1.7180071643616912 1.91433127310868
20703 10801356 -2.6314834241688607 1.167709682503328 0.4572000000000001 -1.7180071643616912 1.91433127310868
20704 10801356 -2.629362983998674 1.124250239488637 0.48768 -1.7180071643616912 1.91433127310868
20705 10801356 -2.630788307352013 1.0873261534294347 0.48768 -1.7180071643616912 1.91433127310868
20706 10801356 -2.6288533184046754 1.0335282275763653 0.48768 -1.7180071643616912 1.91433127310868
20707 10801356 -2.6280441148369533 0.9952886722817912 0.48768 -1.7180071643616912 1.91433127310868
20708 10801356 -2.626209404121141 0.9520397204809764 0.48768 -1.7180071643616912 1.91433127310868
20709 10801356 -2.626103650933268 0.9279350098803092 0.48768 -1.7180071643616912 1.91433127310868
20710 10801356 -2.625997897745393 0.9038302992796422 0.48768 -1.7180071643616912 1.91433127310868
20711 10801356 -2.62169749273911 0.8518290336476196 0.48768 -1.7180071643616912 1.91433127310868
20712 10801356 -2.6183690893363982 0.810428275680799 0.48768 -1.7180071643616912 1.91433127310868
20713 10801356 -2.6157291611101314 0.7685517951052271 0.48768 -1.7180071643616912 1.91433127310868
20714 10801356 -2.6148862021303283 0.7027260247111109 0.48768 -1.7180071643616912 1.91433127310868
20715 10801356 -2.6130057103795163 0.6585275761702356 0.48768 -1.7180071643616912 1.91433127310868
20716 10801356 -2.6130481196036595 0.6258249722885152 0.48768 -1.7180071643616912 1.91433127310868
20717 10801356 -2.61058229121704 0.5817855696224722 0.48768 -1.7180071643616912 1.91433127310868
20718 10801356 -2.6091684263837944 0.5399599649082563 0.48768 -1.7180071643616912 1.91433127310868
20719 10801356 -2.6111875716840505 0.4947008892745402 0.48768 -1.7180071643616912 1.91433127310868
20720 10801356 -2.6054733132921117 0.44375636776164495 0.48768 -1.7180071643616912 1.91433127310868
20721 10801356 -2.605042363189215 0.3951250244107797 0.48768 -1.7180071643616912 1.91433127310868
20722 10801356 -2.6011250556725876 0.35551829222620823 0.48768 -1.7180071643616912 1.91433127310868
20723 10801356 -2.597017542845192 0.31649202286997913 0.48006 -1.7180071643616912 1.91433127310868
20724 10801356 -2.5929100300177965 0.27746575351375 0.47243999999999997 -1.7180071643616912 1.91433127310868
20725 10801356 -2.581447859303821 0.2412324777265839 0.48006 -1.7180071643616912 1.91433127310868
20726 10801356 -2.569985688589845 0.2049992019394178 0.48768 -1.7180071643616912 1.91433127310868
20727 10801356 -2.5518609560359184 0.17283709354879262 0.48768 -1.7180071643616912 1.91433127310868
20728 10801356 -2.533736223481992 0.14067498515816745 0.48768 -1.7180071643616912 1.91433127310868
20729 10801356 -2.5089769512763374 0.11317747324920376 0.48768 -1.7180071643616912 1.91433127310868
20730 10801356 -2.481395789982524 0.08615888770278488 0.48768 -1.7180071643616912 1.91433127310868
20731 10801356 -2.451587958084824 0.060515077338606026 0.48768 -1.7180071643616912 1.91433127310868
20732 10801356 -2.4238075097605964 0.046050635500461484 0.48768 -1.7180071643616912 1.91433127310868
20733 10801356 -2.3748590892781696 0.030035161976728262 0.48768 -1.7180071643616912 1.91433127310868
20734 10801356 -2.3299898153988368 0.016756783827762883 0.48768 -1.7180071643616912 1.91433127310868
20735 10801356 -2.304742664283273 0.012469098292661268 0.48768 -1.7180071643616912 1.91433127310868
20736 10801356 -2.2622809491328217 0.00920937636443228 0.48768 -1.7180071643616912 1.91433127310868
20737 10801356 -2.232891732950848 0.006721511674274454 0.4572000000000001 -1.7180071643616912 1.91433127310868
20738 10801356 -2.18319011404804 0.006585146185309559 0.4572000000000001 -1.7180071643616912 1.91433127310868
20739 10801356 -2.128169160531553 0.005059395345796663 0.4572000000000001 -1.7180071643616912 1.91433127310868
20740 10801356 -2.089057237918238 0.005817660802390629 0.4572000000000001 -1.7180071643616912 1.91433127310868
20741 10801356 -2.0499453153049227 0.0065759262589845935 0.4572000000000001 -1.7180071643616912 1.91433127310868
20742 10801356 -2.0266733090940328 0.009828946899101935 0.4572000000000001 -1.7180071643616912 1.91433127310868
20743 10801356 -1.9858596345425603 0.009680397496035305 0.4572000000000001 -1.7180071643616912 1.91433127310868
20744 10801356 -1.948178390580084 0.008103114814966256 0.4572000000000001 -1.7180071643616912 1.91433127310868
20745 10801356 -1.9118865678231696 0.004994246234954231 0.4572000000000001 -1.7180071643616912 1.91433127310868
20746 10801356 -1.8773627824672523 0.010058499801370495 0.4572000000000001 -1.7180071643616912 1.91433127310868
20747 10801356 -1.855461772481095 0.008035330421513803 0.4572000000000001 -1.7180071643616912 1.91433127310868
20748 10801356 -1.812346501116844 0.005148543678994505 0.4572000000000001 -1.7180071643616912 1.91433127310868
20749 10801356 -1.7822933019132343 0.00197788170389554 0.4572000000000001 -1.7180071643616912 1.91433127310868
20750 10801356 -1.768410638096821 0.002869897960231599 0.4572000000000001 -1.7180071643616912 1.91433127310868
20751 10801356 -1.7545279742804076 0.003761914216567658 0.4572000000000001 -1.7180071643616912 1.91433127310868
20752 10801356 -1.7122619021613026 0.00045243785594603625 0.4572000000000001 -1.7180071643616912 1.91433127310868
20753 10801356 -1.6749709781103637 -0.0012294974085511892 0.4572000000000001 -1.7180071643616912 1.91433127310868
20754 10801356 -1.64217374312684 -0.0014414481164276847 0.4572000000000001 -1.7180071643616912 1.91433127310868
20755 10801356 -1.6163744949112389 -0.004037921307678799 0.4572000000000001 -1.7180071643616912 1.91433127310868
20756 10801356 -1.5835773205482957 -0.00424960095029861 0.42672 -1.7180071643616912 1.91433127310868
20757 10801356 -1.5539208943734384 -0.0032002252711590684 0.42672 -1.7180071643616912 1.91433127310868
20758 10801356 -1.5074302366921162 -0.0022820479235255158 0.42672 -1.7180071643616912 1.91433127310868
20759 10801356 -1.475664257085605 -0.0015718202434467365 0.42672 -1.7180071643616912 1.91433127310868
20760 10801356 -1.459265755363633 -0.0016773540854443658 0.42672 -1.7180071643616912 1.91433127310868
20761 10801356 -1.4263997421350711 -0.0016772120428510118 0.42672 -1.7180071643616912 1.91433127310868
20762 10801356 -1.3810094299918625 -4.790671188462104e-05 0.42672 -1.7180071643616912 1.91433127310868
20763 10801356 -1.3444074802574577 -0.0022039332662376065 0.42672 -1.7180071643616912 1.91433127310868
20764 10801356 -1.3327891647183605 -0.000629053933291629 0.42672 -1.7180071643616912 1.91433127310868
20765 10801356 -1.2842471136968554 -0.0004972749609186976 0.42672 -1.7180071643616912 1.91433127310868
20766 10801356 -1.258265204558226 -0.003619606758901189 0.39624 -1.7180071643616912 1.91433127310868
20767 10801356 -1.2264865568776415 -0.0015104700657664616 0.39624 -1.7180071643616912 1.91433127310868
20768 10801356 -1.2100191736722483 -0.00140433026423184 0.39624 -1.7180071643616912 1.91433127310868
20769 10801356 -1.1709431783643884 -0.0007465576646252525 0.39624 -1.7180071643616912 1.91433127310868
20770 10801356 -1.1318671830565286 -8.878506501866501e-05 0.39624 -1.7180071643616912 1.91433127310868
20771 10801356 -1.1202144869106565 0.0015919901482530365 0.39624 -1.7180071643616912 1.91433127310868
20772 10801356 -1.0892083491036926 -1.8140880300415718e-05 0.39624 -1.7180071643616912 1.91433127310868
20773 10801356 -1.0539786078519024 0.0017810161581577055 0.39624 -1.7180071643616912 1.91433127310868
20774 10801356 -1.0271141680293825 -0.0016291020664420952 0.39624 -1.7180071643616912 1.91433127310868
20775 10801356 -0.9962979216654062 0.001613500105784843 0.36576 -1.7180071643616912 1.91433127310868
20776 10801356 -0.9586178729207784 4.147618160052491e-05 0.36576 -1.7180071643616912 1.91433127310868
20777 10801356 -0.9450109682648172 0.0009082646990477838 0.36576 -1.7180071643616912 1.91433127310868
20778 10801356 -0.931404063608856 0.0017750532164950426 0.36576 -1.7180071643616912 1.91433127310868
20779 10801356 -0.9049409188594212 -0.0015034104582982988 0.36576 -1.7180071643616912 1.91433127310868
20780 10801356 -0.8749014037901715 -0.0006351021411900581 0.36576 -1.7180071643616912 1.91433127310868
20781 10801356 -0.8448618887209216 0.00023320617591818252 0.36576 -1.7180071643616912 1.91433127310868
20782 10801356 -0.8122871743588119 0.00025343054195702447 0.36576 -1.7180071643616912 1.91433127310868
20783 10801356 -0.7797124599967021 0.0002736549079958665 0.36576 -1.7180071643616912 1.91433127310868
20784 10801356 -0.7471377456345925 0.0002938792740347085 0.36576 -1.7180071643616912 1.91433127310868
20785 10801356 -0.7198896873976337 0.002133816817271955 0.36576 -1.7180071643616912 1.91433127310868
20786 10801356 -0.6918392315866009 0.003711504375329549 0.36576 -1.7180071643616912 1.91433127310868
20787 10801356 -0.6595824677145943 0.0032130649758351504 0.33528 -1.7180071643616912 1.91433127310868
20788 10801356 -0.6381973041371609 0.0020630841416963423 0.33528 -1.7180071643616912 1.91433127310868
20789 10801356 -0.6045989066553163 0.001593579182689958 0.33528 -1.7180071643616912 1.91433127310868
20790 10801356 -0.5769065635669821 0.0007184650523946179 0.33528 -1.7180071643616912 1.91433127310868
20791 10801356 -0.5492142204786477 -0.00015664907790072236 0.33528 -1.7180071643616912 1.91433127310868
20792 10801356 -0.5211122294245822 0.001580095710370738 0.33528 -1.7180071643616912 1.91433127310868
20793 10801356 -0.4930102383705168 0.0033168404986421984 0.33528 -1.7180071643616912 1.91433127310868
20794 10801356 -0.4642956580085995 0.004210885549786242 0.33528 -1.7180071643616912 1.91433127310868
20795 10801356 -0.4362800329998098 0.005684028871308672 0.33528 -1.7180071643616912 1.91433127310868
20796 10801356 -0.410343599818372 0.003514159101257713 0.33528 -1.7180071643616912 1.91433127310868
20797 10801356 -0.38188108237376817 0.004724571149439388 0.3048 -1.7180071643616912 1.91433127310868
20798 10801356 -0.3533375552259881 0.006726429923336302 0.33528 -1.7180071643616912 1.91433127310868
20799 10801356 -0.3176772584422209 0.004415808521783997 0.3048 -1.7180071643616912 1.91433127310868
20800 10801356 -0.29958192825976626 0.004751131997131342 0.3048 -1.7180071643616912 1.91433127310868
20801 10801356 -0.2814865980773116 0.005086455472478685 0.3048 -1.7180071643616912 1.91433127310868
20802 10801356 -0.24825536161166786 0.004855344086036911 0.3048 -1.7180071643616912 1.91433127310868
20803 10801356 -0.2188277245381791 0.00431004788311154 0.3048 -1.7180071643616912 1.91433127310868
20804 10801356 -0.1894000874646904 0.003764751680186168 0.3048 -1.7180071643616912 1.91433127310868
20805 10801356 -0.15997245039120167 0.0032194554772607964 0.3048 -1.7180071643616912 1.91433127310868
20806 10801356 -0.13242875429079815 0.0032513363228930674 0.3048 -1.7180071643616912 1.91433127310868
20807 10801356 -0.10488505819039462 0.003283217168525337 0.3048 -1.7180071643616912 1.91433127310868
20808 10801356 -0.0773413620899911 0.0033150980141576076 0.3048 -1.7180071643616912 1.91433127310868
20809 10801356 -0.04609087758799435 0.006536225012350655 0.3048 -1.7180071643616912 1.91433127310868
20810 10801356 -0.01917148237152333 0.007376132872946792 0.3048 -1.7180071643616912 1.91433127310868
20811 10801356 0.007747912844947691 0.00821604073354293 0.3048 -1.7180071643616912 1.91433127310868
20812 10801356 0.029578366911838794 0.007306440987969303 0.3048 -1.7180071643616912 1.91433127310868
20813 10801356 0.0514088209787299 0.006396841242395678 0.3048 -1.7180071643616912 1.91433127310868
20814 10801356 0.073239275045621 0.005487241496822053 0.3048 -1.7180071643616912 1.91433127310868
20815 10801356 0.0950697291125121 0.004577641751248426 0.3048 -1.7180071643616912 1.91433127310868
20816 10801356 0.1169001831794032 0.0036680420056748 0.3048 -1.7180071643616912 1.91433127310868
20817 10801356 0.1387306372462943 0.002758442260101175 0.3048 -1.7180071643616912 1.91433127310868
20818 10801356 0.1605610913131854 0.0018488425145275489 0.3048 -1.7180071643616912 1.91433127310868
20819 10801356 0.1889029093025218 0.003509717168122234 0.3048 -1.7180071643616912 1.91433127310868
20820 10801356 0.21724472729185815 0.005170591821716919 0.3048 -1.7180071643616912 1.91433127310868
20821 10801356 0.24073887638953465 0.003684302494632807 0.3048 -1.7180071643616912 1.91433127310868
20822 10801356 0.26550937273327724 0.006103691138830067 0.3048 -1.7180071643616912 1.91433127310868
20823 10801356 0.29027986907701986 0.008523079783027326 0.3048 -1.7180071643616912 1.91433127310868
