20824 10801356 0.3216603405906858 0.0039924185564816075 0.3048 -1.7180071643616912 1.91433127310868
20825 10801356 0.34890290620642384 0.004465207181217852 0.3048 -1.7180071643616912 1.91433127310868
20826 10801356 0.3761454718221618 0.004937995805954096 0.3048 -1.7180071643616912 1.91433127310868
20827 10801356 0.40338803743789975 0.005410784430690339 0.3048 -1.7180071643616912 1.91433127310868
20828 10801356 0.43063060305363776 0.005883573055426583 0.3048 -1.7180071643616912 1.91433127310868
20829 10801356 0.4634597412413851 0.005786906977423539 0.3048 -1.7180071643616912 1.91433127310868
20830 10801356 0.5013166967939113 0.005449619592188773 0.3048 -1.7180071643616912 1.91433127310868
20831 10801356 0.5391736523464377 0.005112332206954007 0.3048 -1.7180071643616912 1.91433127310868
20832 10801356 0.5770306078989639 0.0047750448217192395 0.3048 -1.7180071643616912 1.91433127310868
20833 10801356 0.6148875634514901 0.004437757436484474 0.3048 -1.7180071643616912 1.91433127310868
20834 10801356 0.6506702065935078 0.0034159055219515717 0.3048 -1.7180071643616912 1.91433127310868
20835 10801356 0.6864528497355257 0.0023940536074186693 0.3048 -1.7180071643616912 1.91433127310868
20836 10801356 0.7222354928775434 0.001372201692885766 0.3048 -1.7180071643616912 1.91433127310868
20837 10801356 0.7662600585016406 0.002019510015708136 0.31496 -1.7180071643616912 1.91433127310868
20838 10801356 0.8102846241257379 0.0026668183385305058 0.32511999999999996 -1.7180071643616912 1.91433127310868
20839 10801356 0.8543091897498349 0.0033141266613528762 0.33528 -1.7180071643616912 1.91433127310868
20840 10801356 0.8916323307574904 0.002841524325951639 0.33528 -1.7180071643616912 1.91433127310868
20841 10801356 0.9289554717651456 0.0023689219905504016 0.33528 -1.7180071643616912 1.91433127310868
20842 10801356 0.9662786127728008 0.0018963196551491648 0.33528 -1.7180071643616912 1.91433127310868
20843 10801356 1.0030558230941835 0.001657741274582812 0.341376 -1.7180071643616912 1.91433127310868
20844 10801356 1.0398330334155668 0.0014191628940164597 0.347472 -1.7180071643616912 1.91433127310868
20845 10801356 1.0766102437369496 0.0011805845134501072 0.35356800000000005 -1.7180071643616912 1.91433127310868
20846 10801356 1.1133874540583324 0.0009420061328837547 0.35966400000000004 -1.7180071643616912 1.91433127310868
20847 10801356 1.1501646643797154 0.0007034277523174022 0.36576 -1.7180071643616912 1.91433127310868
20848 10801356 1.1869418747010982 0.0004648493717510499 0.371856 -1.7180071643616912 1.91433127310868
20849 10801356 1.2237190850224808 0.00022627099118469746 0.377952 -1.7180071643616912 1.91433127310868
20850 10801356 1.260496295343864 -1.2307389381654987e-05 0.3840480000000001 -1.7180071643616912 1.91433127310868
20851 10801356 1.2972735056652471 -0.00025088576994800743 0.3901440000000001 -1.7180071643616912 1.91433127310868
20852 10801356 1.3340507159866295 -0.0004894641505143599 0.39624 -1.7180071643616912 1.91433127310868
20853 10801356 1.3782959430295396 -0.004778703959319883 0.39624 -1.7180071643616912 1.91433127310868
20854 10801356 1.4185183034449336 -0.00670220772575493 0.39624 -1.7180071643616912 1.91433127310868
20855 10801356 1.4667462277176933 -0.0058665464330824035 0.39624 -1.7180071643616912 1.91433127310868
20856 10801356 1.502802689554179 -0.01238685655588756 0.39624 -1.7180071643616912 1.91433127310868
20857 10801356 1.5415686255811591 -0.014418100548852937 0.42672 -1.7180071643616912 1.91433127310868
20858 10801356 1.5705999435217048 -0.016073286567181773 0.42672 -1.7180071643616912 1.91433127310868
20859 10801356 1.5996312614622503 -0.01772847258551061 0.42672 -1.7180071643616912 1.91433127310868
20860 10801356 1.6501377243848805 -0.02078991742205312 0.42672 -1.7180071643616912 1.91433127310868
20861 10801356 1.70064418730751 -0.023851362258595632 0.42672 -1.7180071643616912 1.91433127310868
20862 10801356 1.731141773198031 -0.027269919003580445 0.42672 -1.7180071643616912 1.91433127310868
20863 10801356 1.7573162545546608 -0.03114554180261728 0.44196 -1.7180071643616912 1.91433127310868
20864 10801356 1.7834907359112906 -0.035021164601654116 0.4572000000000001 -1.7180071643616912 1.91433127310868
20865 10801356 1.8256266869191609 -0.03815155376518428 0.4572000000000001 -1.7180071643616912 1.91433127310868
20866 10801356 1.8654254082027653 -0.0386492618125219 0.4572000000000001 -1.7180071643616912 1.91433127310868
20867 10801356 1.9076148202554908 -0.047053614477658566 0.4572000000000001 -1.7180071643616912 1.91433127310868
20868 10801356 1.9466657565903702 -0.05092814185569239 0.4572000000000001 -1.7180071643616912 1.91433127310868
20869 10801356 1.9943057114593872 -0.05351858006401655 0.4572000000000001 -1.7180071643616912 1.91433127310868
20870 10801356 2.035532192577009 -0.06160771009185825 0.4572000000000001 -1.7180071643616912 1.91433127310868
20871 10801356 2.0765315371091466 -0.06658508619748563 0.48768 -1.7180071643616912 1.91433127310868
20872 10801356 2.1158225621788858 -0.07135484828247117 0.48768 -1.7180071643616912 1.91433127310868
20873 10801356 2.1587607363296697 -0.0747452858251221 0.48768 -1.7180071643616912 1.91433127310868
20874 10801356 2.2007552070183483 -0.08320104342611259 0.48768 -1.7180071643616912 1.91433127310868
20875 10801356 2.242889233986824 -0.08878161881908195 0.48768 -1.7180071643616912 1.91433127310868
20876 10801356 2.2833935480105456 -0.0966334822502834 0.48768 -1.7180071643616912 1.91433127310868
20877 10801356 2.319415470677904 -0.1032551844638967 0.5181600000000001 -1.7180071643616912 1.91433127310868
20878 10801356 2.3590166607058953 -0.10707350857569713 0.5181600000000001 -1.7180071643616912 1.91433127310868
20879 10801356 2.3774460829682282 -0.11046238504632533 0.5181600000000001 -1.7180071643616912 1.91433127310868
20880 10801356 2.3958755052305607 -0.11385126151695354 0.5181600000000001 -1.7180071643616912 1.91433127310868
20881 10801356 2.447247419759948 -0.12513363895321308 0.5181600000000001 -1.7180071643616912 1.91433127310868
20882 10801356 2.50441637045022 -0.13497894044028869 0.5181600000000001 -1.7180071643616912 1.91433127310868
20883 10801356 2.5340052184104875 -0.13818496173276573 0.5181600000000001 -1.7180071643616912 1.91433127310868
20884 10801356 2.5635940663707557 -0.1413909830252428 0.5181600000000001 -1.7180071643616912 1.91433127310868
20885 10801356 2.608088613582737 -0.14925867697380565 0.5181600000000001 -1.7180071643616912 1.91433127310868
20886 10801356 2.6526274268564984 -0.15971052596632676 0.5181600000000001 -1.7180071643616912 1.91433127310868
20887 10801356 2.6995293812089627 -0.16836356094486946 0.5181600000000001 -1.7180071643616912 1.91433127310868
20888 10801356 2.735241231296732 -0.17593323928692206 0.54864 -1.7180071643616912 1.91433127310868
20889 10801356 2.7775687128322857 -0.18391011905645765 0.54864 -1.7180071643616912 1.91433127310868
20890 10801356 2.818760952437094 -0.1921002364579487 0.54864 -1.7180071643616912 1.91433127310868
20891 10801356 2.8559409103355478 -0.19898036573569408 0.54864 -1.7180071643616912 1.91433127310868
20892 10801356 2.9021429033422432 -0.20868851474752698 0.54864 -1.7180071643616912 1.91433127310868
20893 10801356 2.9406904234480042 -0.21029060337083885 0.54864 -1.7180071643616912 1.91433127310868
20894 10801356 2.9812525393477154 -0.2176899921554182 0.54864 -1.7180071643616912 1.91433127310868
20895 10801356 3.023740109129278 -0.22653533811945856 0.54864 -1.7180071643616912 1.91433127310868
20896 10801356 3.0658840563563103 -0.2348009986792008 0.57912 -1.7180071643616912 1.91433127310868
20897 10801356 3.1024338922979413 -0.24089006022874904 0.57912 -1.7180071643616912 1.91433127310868
20898 10801356 3.1397399509923467 -0.2479266459916091 0.57912 -1.7180071643616912 1.91433127310868
20899 10801356 3.1966751610606297 -0.2557625500774019 0.57912 -1.7180071643616912 1.91433127310868
20900 10801356 3.221164877336063 -0.25826517907125673 0.57912 -1.7180071643616912 1.91433127310868
20901 10801356 3.245654593611496 -0.2607678080651116 0.57912 -1.7180071643616912 1.91433127310868
20902 10801356 3.2873973554611937 -0.2689011920765144 0.57912 -1.7180071643616912 1.91433127310868
20903 10801356 3.3217255962788097 -0.2698251149316391 0.57912 -1.7180071643616912 1.91433127310868
20904 10801356 3.3625969832772205 -0.2779072965523945 0.57912 -1.7180071643616912 1.91433127310868
20905 10801356 3.4109805866640586 -0.2820160971771133 0.6096 -1.7180071643616912 1.91433127310868
20906 10801356 3.4534023365531894 -0.2853471005333317 0.6096 -1.7180071643616912 1.91433127310868
20907 10801356 3.50885011814452 -0.28685444938707017 0.6096 -1.7180071643616912 1.91433127310868
20908 10801356 3.536896211245116 -0.2852600420999518 0.6096 -1.7180071643616912 1.91433127310868
20909 10801356 3.5770624536963345 -0.28189684314734065 0.6096 -1.7180071643616912 1.91433127310868
20910 10801356 3.6219056205382207 -0.2805268778095178 0.6096 -1.7180071643616912 1.91433127310868
20911 10801356 3.6813977870823695 -0.26419551502377736 0.6400800000000001 -1.7180071643616912 1.91433127310868
20912 10801356 3.712657483664129 -0.25547228623747564 0.6400800000000001 -1.7180071643616912 1.91433127310868
20913 10801356 3.7523955623427523 -0.2357316485742509 0.6400800000000001 -1.7180071643616912 1.91433127310868
20914 10801356 3.7852557540757754 -0.2125784914252357 0.6400800000000001 -1.7180071643616912 1.91433127310868
20915 10801356 3.8203528921393324 -0.18665080056195385 0.6400800000000001 -1.7180071643616912 1.91433127310868
20916 10801356 3.847920865531779 -0.15277613993454225 0.6400800000000001 -1.7180071643616912 1.91433127310868
20917 10801356 3.868894463931397 -0.12223990133305787 0.6400800000000001 -1.7180071643616912 1.91433127310868
20918 10801356 3.894300709155356 -0.07702995376282254 0.6400800000000001 -1.7180071643616912 1.91433127310868
20919 10801356 3.921325840217939 -0.02685806159783713 0.6400800000000001 -1.7180071643616912 1.91433127310868
20920 10801356 3.9376201073596606 0.024712604156904436 0.6400800000000001 -1.7180071643616912 1.91433127310868
20921 10801356 3.944826757438753 0.0614930867234704 0.6400800000000001 -1.7180071643616912 1.91433127310868
20922 10801356 3.955789006040957 0.11141600860876796 0.6400800000000001 -1.7180071643616912 1.91433127310868
20923 10801356 3.9573006001455515 0.15414317306607925 0.6400800000000001 -1.7180071643616912 1.91433127310868
20924 10801356 3.9580727757999123 0.20820876584004674 0.6400800000000001 -1.7180071643616912 1.91433127310868
20925 10801356 3.955878537974652 0.24501965169150286 0.6400800000000001 -1.7180071643616912 1.91433127310868
20926 10801356 3.9571517952582185 0.3142242088624781 0.6096 -1.7180071643616912 1.91433127310868
20927 10801356 3.9516659758140062 0.3480207885661153 0.6096 -1.7180071643616912 1.91433127310868
20928 10801356 3.9462198878133057 0.4140446551514275 0.6096 -1.7180071643616912 1.91433127310868
20929 10801356 3.9424396215806152 0.4419114315989744 0.6096 -1.7180071643616912 1.91433127310868
20930 10801356 3.9386593553479248 0.4697782080465212 0.6096 -1.7180071643616912 1.91433127310868
20931 10801356 3.9336440977424316 0.525148542255512 0.6096 -1.7180071643616912 1.91433127310868
20932 10801356 3.931062870023045 0.5651230898490182 0.6096 -1.7180071643616912 1.91433127310868
20933 10801356 3.922679957797662 0.6248632382936166 0.6096 -1.7180071643616912 1.91433127310868
20934 10801356 3.917616685517817 0.6746424257265814 0.6096 -1.7180071643616912 1.91433127310868
20935 10801356 3.9131114733837147 0.6962044248092388 0.6096 -1.7180071643616912 1.91433127310868
20936 10801356 3.906723011058305 0.7745681357088248 0.57912 -1.7180071643616912 1.91433127310868
20937 10801356 3.9012788049146128 0.7976047577686493 0.57912 -1.7180071643616912 1.91433127310868
20938 10801356 3.8841053866839497 0.8793713735863813 0.57912 -2.834057677108069 2.221687252793429
20939 10801356 3.867377566085726 0.9369291988084972 0.57912 -2.834057677108069 2.221687252793429
20940 10801356 3.8512854955691362 0.9828319546863992 0.57912 -2.834057677108069 2.221687252793429
20941 10801356 3.822468576079548 1.0479566376853495 0.57912 -2.834057677108069 2.221687252793429
20942 10801356 3.7934576862329767 1.0939873963552629 0.57912 -2.834057677108069 2.221687252793429
20943 10801356 3.75930164434268 1.14274894349349 0.57912 -2.834057677108069 2.221687252793429
20944 10801356 3.7284606240598777 1.1750093222040945 0.6096 -2.834057677108069 2.221687252793429
20945 10801356 3.6905360071962487 1.2084137112832622 0.6096 -2.834057677108069 2.221687252793429
20946 10801356 3.6512334635643766 1.2375955329291295 0.6096 -2.834057677108069 2.221687252793429
20947 10801356 3.604936859702273 1.2643878605742271 0.6096 -2.834057677108069 2.221687252793429
20948 10801356 3.5628535446002187 1.282329139587983 0.6096 -2.834057677108069 2.221687252793429
20949 10801356 3.5154989247396307 1.303159474315277 0.6096 -2.834057677108069 2.221687252793429
20950 10801356 3.4617456359020533 1.3207052703588569 0.6096 -2.834057677108069 2.221687252793429
20951 10801356 3.4176199019499416 1.3351088426348456 0.6096 -2.834057677108069 2.221687252793429
20952 10801356 3.3670953639268677 1.3462279203429135 0.6096 -2.834057677108069 2.221687252793429
20953 10801356 3.2969951800955397 1.3637376786172657 0.6096 -2.834057677108069 2.221687252793429
20954 10801356 3.2449544108127797 1.3702126657412148 0.6096 -2.834057677108069 2.221687252793429
20955 10801356 3.1996679840400173 1.3799734536797283 0.6096 -2.834057677108069 2.221687252793429
20956 10801356 3.1680144069264484 1.3849919423802597 0.6096 -2.834057677108069 2.221687252793429
20957 10801356 3.13636082981288 1.390010431080791 0.6096 -2.834057677108069 2.221687252793429
20958 10801356 3.0849155265510118 1.3955912809434377 0.6096 -2.834057677108069 2.221687252793429
20959 10801356 3.029665597241632 1.4031155509432904 0.6096 -2.834057677108069 2.221687252793429
20960 10801356 2.9518485190967807 1.4176578048914903 0.6096 -2.834057677108069 2.221687252793429
20961 10801356 2.9253580315663603 1.4208163628538992 0.6096 -2.834057677108069 2.221687252793429
20962 10801356 2.873317183285756 1.4272940909623466 0.6096 -2.834057677108069 2.221687252793429
20963 10801356 2.7835729402999574 1.4352187456131968 0.6096 -2.834057677108069 2.221687252793429
20964 10801356 2.7480161108807715 1.4405205567661197 0.6096 -2.834057677108069 2.221687252793429
20965 10801356 2.6958955584219586 1.4478433315086954 0.6096 -2.834057677108069 2.221687252793429
20966 10801356 2.643785665543392 1.4541116222916124 0.6096 -2.834057677108069 2.221687252793429
20967 10801356 2.551557235210045 1.4669390590514872 0.6096 -2.834057677108069 2.221687252793429
20968 10801356 2.5250666567077937 1.4700991189959842 0.6096 -2.834057677108069 2.221687252793429
20969 10801356 2.439979002321617 1.4814138726879795 0.6096 -2.834057677108069 2.221687252793429
20970 10801356 2.382823431054719 1.4858271739144235 0.6096 -2.834057677108069 2.221687252793429
20971 10801356 2.322070165061208 1.49281774364819 0.6096 -2.834057677108069 2.221687252793429
20972 10801356 2.2683555676579905 1.4996128267285758 0.6096 -2.834057677108069 2.221687252793429
20973 10801356 2.2105354822589263 1.5047117887153059 0.6096 -2.834057677108069 2.221687252793429
20974 10801356 2.158425356781954 1.5109836616667744 0.6096 -2.834057677108069 2.221687252793429
20975 10801356 2.1169531861708752 1.5165268470405733 0.6096 -2.834057677108069 2.221687252793429
20976 10801356 2.0754810155597956 1.5220700324143714 0.6096 -2.834057677108069 2.221687252793429
20977 10801356 2.0159766874464253 1.5285386461575046 0.6096 -2.834057677108069 2.221687252793429
20978 10801356 1.956472359333055 1.5350072599006377 0.6096 -2.834057677108069 2.221687252793429
20979 10801356 1.9067347548270144 1.5407982128449935 0.6096 -2.834057677108069 2.221687252793429
20980 10801356 1.8569971503209737 1.54658916578935 0.6096 -2.834057677108069 2.221687252793429
20981 10801356 1.7969501244334285 1.5486804579035591 0.6096 -2.834057677108069 2.221687252793429
20982 10801356 1.7720800507222123 1.5568046847330033 0.6096 -2.834057677108069 2.221687252793429
20983 10801356 1.6877328722212643 1.563330260601915 0.6096 -2.834057677108069 2.221687252793429
20984 10801356 1.6376168697976377 1.5691880982981083 0.6096 -2.834057677108069 2.221687252793429
20985 10801356 1.578503578104319 1.577401537206338 0.6096 -2.834057677108069 2.221687252793429
20986 10801356 1.5264276275757371 1.5837836338364335 0.6096 -2.834057677108069 2.221687252793429
20987 10801356 1.4739962647484537 1.5901653985156854 0.6096 -2.834057677108069 2.221687252793429
20988 10801356 1.4141841297872104 1.5989589979867351 0.6096 -2.834057677108069 2.221687252793429
20989 10801356 1.3656605328022544 1.6037143220233725 0.6096 -2.834057677108069 2.221687252793429
20990 10801356 1.3191822860413356 1.6136430412923386 0.6096 -2.834057677108069 2.221687252793429
20991 10801356 1.2415555815667387 1.6233520281455702 0.6096 -2.834057677108069 2.221687252793429
20992 10801356 1.195845140475544 1.632913869235905 0.6096 -2.834057677108069 2.221687252793429
20993 10801356 1.1630575961853724 1.6331128962002794 0.6096 -2.834057677108069 2.221687252793429
20994 10801356 1.0962305582088632 1.6432667329692336 0.6096 -2.834057677108069 2.221687252793429
20995 10801356 1.0443614058909327 1.6502857295630675 0.6096 -2.834057677108069 2.221687252793429
20996 10801356 0.9859859366396541 1.6629361359600052 0.6096 -2.834057677108069 2.221687252793429
20997 10801356 0.9277437481551271 1.6711039774330558 0.6096 -2.834057677108069 2.221687252793429
20998 10801356 0.869629096869907 1.6807493999353336 0.6096 -2.834057677108069 2.221687252793429
20999 10801356 0.8165998786056264 1.685578924064664 0.6096 -2.834057677108069 2.221687252793429
21000 10801356 0.7695481941002555 1.6951145794665807 0.6096 -2.834057677108069 2.221687252793429
21001 10801356 0.7101050520483503 1.7061301372071749 0.6096 -2.834057677108069 2.221687252793429
21002 10801356 0.6481933313114479 1.713396628756673 0.6096 -2.834057677108069 2.221687252793429
21003 10801356 0.5962480359528857 1.7245328712365342 0.6096 -2.834057677108069 2.221687252793429
21004 10801356 0.5357740982582012 1.7364709844190322 0.6096 -2.834057677108069 2.221687252793429
21005 10801356 0.4803223194125064 1.7491047102292976 0.6096 -2.834057677108069 2.221687252793429
21006 10801356 0.4342999568790745 1.7560864091572843 0.6096 -2.834057677108069 2.221687252793429
21007 10801356 0.3840541260275294 1.769706397226538 0.6096 -2.834057677108069 2.221687252793429
21008 10801356 0.3259637707762384 1.7805167325490536 0.6096 -2.834057677108069 2.221687252793429
21009 10801356 0.27622529060695666 1.7967756713262806 0.6096 -2.834057677108069 2.221687252793429
21010 10801356 0.2270422166447799 1.8069243688972945 0.6096 -2.834057677108069 2.221687252793429
21011 10801356 0.17785914268260314 1.8170730664683084 0.6096 -2.834057677108069 2.221687252793429
21012 10801356 0.1374920707333553 1.8270274605036432 0.6096 -2.834057677108069 2.221687252793429
21013 10801356 0.0971249987841074 1.836981854538978 0.6096 -2.834057677108069 2.221687252793429
21014 10801356 0.06784369520560496 1.8465545587934973 0.6096 -2.834057677108069 2.221687252793429
21015 10801356 0.009151702875510148 1.86258815329008 0.6096 -2.834057677108069 2.221687252793429
21016 10801356 -0.061297450923158525 1.883400874962984 0.6096 -2.834057677108069 2.221687252793429
21017 10801356 -0.09049833918360327 1.8929480098644391 0.6096 -2.834057677108069 2.221687252793429
21018 10801356 -0.15435508864835845 1.9138262325914068 0.6096 -2.834057677108069 2.221687252793429
21019 10801356 -0.2032904091322352 1.929826267821712 0.6096 -2.834057677108069 2.221687252793429
21020 10801356 -0.2474123240138297 1.9442528208343215 0.6096 -2.834057677108069 2.221687252793429
21021 10801356 -0.2963474329043108 1.9602535031950643 0.6096 -2.834057677108069 2.221687252793429
21022 10801356 -0.34046915700196223 1.9746806396857095 0.6096 -2.834057677108069 2.221687252793429
21023 10801356 -0.3845907906398944 1.9891080528246459 0.57912 -2.834057677108069 2.221687252793429
21024 10801356 -0.4513205910774307 2.01314862739662 0.57912 -2.834057677108069 2.221687252793429
21025 10801356 -0.494725482287492 2.032483248583031 0.57912 -2.834057677108069 2.221687252793429
21026 10801356 -0.5197795234564349 2.038690066451732 0.57912 -2.834057677108069 2.221687252793429
21027 10801356 -0.5701326909738131 2.0571428298990493 0.57912 -2.834057677108069 2.221687252793429
21028 10801356 -0.6150560088353203 2.0718340284016423 0.57912 -2.834057677108069 2.221687252793429
21029 10801356 -0.6535436659127976 2.089912205245231 0.57912 -2.834057677108069 2.221687252793429
21030 10801356 -0.6984667745672304 2.1046039362574898 0.57912 -2.834057677108069 2.221687252793429
21031 10801356 -0.7728556654377785 2.1269466546178637 0.57912 -2.834057677108069 2.221687252793429
21032 10801356 -0.7933206647591762 2.1308942340703547 0.57912 -2.834057677108069 2.221687252793429
21033 10801356 -0.8137856640805738 2.1348418135228457 0.57912 -2.834057677108069 2.221687252793429
21034 10801356 -0.8500996963188603 2.1487051535383017 0.57912 -2.834057677108069 2.221687252793429
21035 10801356 -0.9068399766155522 2.1652771222250897 0.57912 -2.834057677108069 2.221687252793429
21036 10801356 -0.9457461862433798 2.178002594554462 0.57912 -2.834057677108069 2.221687252793429
21037 10801356 -0.9871888338885264 2.1884032837841283 0.54864 -2.834057677108069 2.221687252793429
21038 10801356 -1.0372453054915147 2.204776461483236 0.54864 -2.834057677108069 2.221687252793429
21039 10801356 -1.0770336998314745 2.217791292642545 0.54864 -2.834057677108069 2.221687252793429
21040 10801356 -1.138923747547241 2.2321940827406004 0.54864 -2.834057677108069 2.221687252793429
21041 10801356 -1.1791039711864897 2.2434682671744492 0.54864 -2.834057677108069 2.221687252793429
21042 10801356 -1.2229030474576674 2.2577959727591668 0.54864 -2.834057677108069 2.221687252793429
21043 10801356 -1.2770501338537041 2.2755091724525194 0.54864 -2.834057677108069 2.221687252793429
21044 10801356 -1.3210024686830308 2.286382453057728 0.5181600000000001 -2.834057677108069 2.221687252793429
21045 10801356 -1.3674781314761446 2.2963289057391227 0.5181600000000001 -2.834057677108069 2.221687252793429
21046 10801356 -1.4221428696825902 2.3124600421249366 0.5181600000000001 -2.834057677108069 2.221687252793429
21047 10801356 -1.4781780897007193 2.3325452777773727 0.5181600000000001 -2.834057677108069 2.221687252793429
21048 10801356 -1.5200078549840852 2.3444780855376393 0.5181600000000001 -2.834057677108069 2.221687252793429
21049 10801356 -1.5706088736824906 2.355658823721734 0.5181600000000001 -2.834057677108069 2.221687252793429
21050 10801356 -1.6146479018080917 2.3700677040175306 0.5181600000000001 -2.834057677108069 2.221687252793429
21051 10801356 -1.6563314449366937 2.379733524384257 0.5181600000000001 -2.834057677108069 2.221687252793429
21052 10801356 -1.7056621727025447 2.3890975315878453 0.5181600000000001 -2.834057677108069 2.221687252793429
21053 10801356 -1.7549662076841386 2.40125740225936 0.5181600000000001 -2.834057677108069 2.221687252793429
21054 10801356 -1.7995664638718296 2.4158511726556755 0.5181600000000001 -2.834057677108069 2.221687252793429
21055 10801356 -1.8460092908147652 2.424271234018664 0.5181600000000001 -2.834057677108069 2.221687252793429
21056 10801356 -1.8712522555592972 2.4299024212715503 0.5181600000000001 -2.834057677108069 2.221687252793429
21057 10801356 -1.8964952203038292 2.435533608524437 0.5181600000000001 -2.834057677108069 2.221687252793429
21058 10801356 -1.9577144134873967 2.4533467027906757 0.5181600000000001 -2.834057677108069 2.221687252793429
21059 10801356 -2.002251416498982 2.4636564589042558 0.5181600000000001 -2.834057677108069 2.221687252793429
21060 10801356 -2.046788419510569 2.473966215017836 0.5181600000000001 -2.834057677108069 2.221687252793429
21061 10801356 -2.0921403486223102 2.4835499390668594 0.5181600000000001 -2.834057677108069 2.221687252793429
21062 10801356 -2.134623583707896 2.48670339351111 0.5181600000000001 -2.834057677108069 2.221687252793429
21063 10801356 -2.1793060704582747 2.491277922541121 0.5181600000000001 -2.834057677108069 2.221687252793429
