26974 10520887 1.3297535452424318 4.86215412058614 0.7924800000000001 -2.5465782646875845 0.3621491154493825
26975 10520887 1.3171402876913714 4.8072765611357555 0.7924800000000001 -2.5465782646875845 0.3621491154493825
26976 10520887 1.3130173304665247 4.760722801410048 0.7924800000000001 -2.5465782646875845 0.3621491154493825
26977 10520887 1.3021061625810535 4.710780027318118 0.762 -2.5465782646875845 0.3621491154493825
26978 10520887 1.292693509510253 4.6583612738329245 0.762 -2.5465782646875845 0.3621491154493825
26979 10520887 1.2832808564394524 4.6059425203477335 0.762 -2.5465782646875845 0.3621491154493825
26980 10520887 1.2775236272519452 4.553029901878171 0.762 -2.5465782646875845 0.3621491154493825
26981 10520887 1.2696388359957882 4.506732285104973 0.762 -2.5465782646875845 0.3621491154493825
26982 10520887 1.2617540447396307 4.460434668331776 0.762 -2.5465782646875845 0.3621491154493825
26983 10520887 1.253869253483474 4.414137051558577 0.762 -2.5465782646875845 0.3621491154493825
26984 10520887 1.24878114633121 4.364627587162663 0.73152 -2.5465782646875845 0.3621491154493825
26985 10520887 1.245826698018493 4.306709771929689 0.73152 -2.5465782646875845 0.3621491154493825
26986 10520887 1.2415777229028635 4.284206419790623 0.73152 -2.5465782646875845 0.3621491154493825
26987 10520887 1.237328747787234 4.261703067651558 0.73152 -2.5465782646875845 0.3621491154493825
26988 10520887 1.2312668299027842 4.161689946799513 0.73152 -2.5465782646875845 0.3621491154493825
26989 10520887 1.2272046676105943 4.116674321380218 0.72136 -2.5465782646875845 0.3621491154493825
26990 10520887 1.2231425053184048 4.071658695960924 0.7112 -2.5465782646875845 0.3621491154493825
26991 10520887 1.2190803430262154 4.0266430705416285 0.7010400000000001 -2.5465782646875845 0.3621491154493825
26992 10520887 1.2181954142863298 3.9734232775091805 0.7010400000000001 -2.5465782646875845 0.3621491154493825
26993 10520887 1.2129461715556278 3.9323785707527152 0.7010400000000001 -2.5465782646875845 0.3621491154493825
26994 10520887 1.2076969288249264 3.89133386399625 0.7010400000000001 -2.5465782646875845 0.3621491154493825
26995 10520887 1.203511280970067 3.837791028175168 0.7010400000000001 -2.5465782646875845 0.3621491154493825
26996 10520887 1.2020616831659243 3.7915321493876895 0.67056 -2.5465782646875845 0.3621491154493825
26997 10520887 1.1969946253768038 3.743710155379523 0.67056 -2.5465782646875845 0.3621491154493825
26998 10520887 1.1919275675876828 3.695888161371356 0.67056 -2.5465782646875845 0.3621491154493825
26999 10520887 1.1868605097985625 3.64806616736319 0.67056 -2.5465782646875845 0.3621491154493825
27000 10520887 1.1817934520094415 3.600244173355024 0.67056 -2.5465782646875845 0.3621491154493825
27001 10520887 1.1741202373297186 3.5428176388661434 0.67056 -2.5465782646875845 0.3621491154493825
27002 10520887 1.1664470226499954 3.485391104377264 0.67056 -2.5465782646875845 0.3621491154493825
27003 10520887 1.1618138605272137 3.4196106162721103 0.67056 -2.5465782646875845 0.3621491154493825
27004 10520887 1.1511702355631992 3.3707490204615933 0.6400800000000001 -2.5465782646875845 0.3621491154493825
27005 10520887 1.1478230054844856 3.3279145193452617 0.6400800000000001 -2.5465782646875845 0.3621491154493825
27006 10520887 1.137017374015345 3.2774702568706364 0.6400800000000001 -2.5465782646875845 0.3621491154493825
27007 10520887 1.1327267889629329 3.2312055155600574 0.6400800000000001 -2.5465782646875845 0.3621491154493825
27008 10520887 1.1218048813202772 3.1790468119042967 0.6400800000000001 -2.5465782646875845 0.3621491154493825
27009 10520887 1.115952596314511 3.129904423082845 0.6400800000000001 -2.5465782646875845 0.3621491154493825
27010 10520887 1.1118600565646557 3.107875826553005 0.6400800000000001 -2.5465782646875845 0.3621491154493825
27011 10520887 1.1077675168148002 3.085847230023166 0.6400800000000001 -2.5465782646875845 0.3621491154493825
27012 10520887 1.1034808495531123 3.0428525320089013 0.6400800000000001 -2.5465782646875845 0.3621491154493825
27013 10520887 1.0956667951968584 3.0026463420209133 0.6400800000000001 -2.5465782646875845 0.3621491154493825
27014 10520887 1.0898925595368465 2.951025054339087 0.6400800000000001 -2.5465782646875845 0.3621491154493825
27015 10520887 1.0732772000643809 2.8798145089010023 0.6400800000000001 -2.5465782646875845 0.3621491154493825
27016 10520887 1.0699395458943872 2.8560204190842313 0.6400800000000001 -2.5465782646875845 0.3621491154493825
27017 10520887 1.0589863946769855 2.806208619000147 0.6400800000000001 -2.5465782646875845 0.3621491154493825
27018 10520887 1.0483091667590383 2.7681065375679905 0.6400800000000001 -2.5465782646875845 0.3621491154493825
27019 10520887 1.033854299753595 2.7238787689430386 0.6096 -2.5465782646875845 0.3621491154493825
27020 10520887 1.0193649353380612 2.6795454480109107 0.6096 -2.5465782646875845 0.3621491154493825
27021 10520887 0.9941461544340278 2.6241149837181936 0.6096 -2.5465782646875845 0.3621491154493825
27022 10520887 0.9768189893423738 2.5846813879414547 0.6096 -2.5465782646875845 0.3621491154493825
27023 10520887 0.9560156734788334 2.553627410640765 0.6096 -2.5465782646875845 0.3621491154493825
27024 10520887 0.9250522310864936 2.49692009278866 0.6096 -2.5465782646875845 0.3621491154493825
27025 10520887 0.8963998321585543 2.45815039684239 0.6096 -2.5465782646875845 0.3621491154493825
27026 10520887 0.8778257171531746 2.432559931617642 0.6096 -2.5465782646875845 0.3621491154493825
27027 10520887 0.851188620437782 2.4029454124017247 0.6096 -2.5465782646875845 0.3621491154493825
27028 10520887 0.8147022579400339 2.3603105740656023 0.6096 -2.5465782646875845 0.3621491154493825
27029 10520887 0.7790264746645307 2.3147237560260714 0.57912 -2.5465782646875845 0.3621491154493825
27030 10520887 0.7609753616689513 2.296439644191127 0.57912 -2.5465782646875845 0.3621491154493825
27031 10520887 0.7242915414468496 2.2629823553887003 0.57912 -2.5465782646875845 0.3621491154493825
27032 10520887 0.6735392955554906 2.2163651113519243 0.57912 -2.5465782646875845 0.3621491154493825
27033 10520887 0.6589794037167085 2.204417203158454 0.57912 -2.5465782646875845 0.3621491154493825
27034 10520887 0.6226356484446387 2.167928216616421 0.57912 -2.5465782646875845 0.3621491154493825
27035 10520887 0.559619223623655 2.1242685688894145 0.57912 -2.5465782646875845 0.3621491154493825
27036 10520887 0.5242813909498438 2.0965639046737543 0.57912 -2.5465782646875845 0.3621491154493825
27037 10520887 0.4942770077882552 2.0771635626597327 0.57912 -2.5465782646875845 0.3621491154493825
27038 10520887 0.4642726246266666 2.0577632206457106 0.57912 -2.5465782646875845 0.3621491154493825
27039 10520887 0.4058919225085875 2.019598938832389 0.54864 -2.5465782646875845 0.3621491154493825
27040 10520887 0.36701946153502135 2.0006446463967142 0.54864 -2.5465782646875845 0.3621491154493825
27041 10520887 0.3281470005614551 1.9816903539610395 0.54864 -2.5465782646875845 0.3621491154493825
27042 10520887 0.28927453958788896 1.9627360615253648 0.54864 -2.5465782646875845 0.3621491154493825
27043 10520887 0.25040207861432273 1.94378176908969 0.54864 -2.5465782646875845 0.3621491154493825
27044 10520887 0.21152961764075656 1.9248274766540152 0.54864 -2.5465782646875845 0.3621491154493825
27045 10520887 0.1726571566671904 1.9058731842183405 0.54864 -2.5465782646875845 0.3621491154493825
27046 10520887 0.13378469569362414 1.8869188917826656 0.54864 -2.5465782646875845 0.3621491154493825
27047 10520887 0.06934524401005282 1.8674442388004608 0.54864 -2.5465782646875845 0.3621491154493825
27048 10520887 0.01958063198580651 1.8591785960269465 0.54864 -2.5465782646875845 0.3621491154493825
27049 10520887 -0.023490280023067637 1.8496594870942569 0.54864 -2.5465782646875845 0.3621491154493825
27050 10520887 -0.075135778017412 1.8410746415839645 0.54864 -2.5465782646875845 0.3621491154493825
27051 10520887 -0.11955239280713692 1.838305036521936 0.54864 -2.5465782646875845 0.3621491154493825
27052 10520887 -0.16811647982499478 1.8380600690106184 0.54864 -2.5465782646875845 0.3621491154493825
27053 10520887 -0.2285021961030824 1.836423085045069 0.54864 -2.5465782646875845 0.3621491154493825
27054 10520887 -0.2545404365908808 1.839620800027684 0.54864 -2.5465782646875845 0.3621491154493825
27055 10520887 -0.2805786770786791 1.8428185150102987 0.54864 -2.5465782646875845 0.3621491154493825
27056 10520887 -0.3281972236370272 1.8476398260818216 0.54864 -2.5465782646875845 0.3621491154493825
27057 10520887 -0.369959548407659 1.8505465382850497 0.54864 -2.5465782646875845 0.3621491154493825
27058 10520887 -0.4246610682956078 1.857334013761801 0.54864 -2.5465782646875845 0.3621491154493825
27059 10520887 -0.4592715278982673 1.8584867916024883 0.54864 -2.5465782646875845 0.3621491154493825
27060 10520887 -0.5047763914203387 1.86705786390682 0.5181600000000001 -2.5465782646875845 0.3621491154493825
27061 10520887 -0.5522793897512246 1.8727775500406083 0.5181600000000001 -2.5465782646875845 0.3621491154493825
27062 10520887 -0.6046143188556092 1.8838164779873752 0.5181600000000001 -2.5465782646875845 0.3621491154493825
27063 10520887 -0.6292594546658481 1.8872025318771872 0.5181600000000001 -2.5465782646875845 0.3621491154493825
27064 10520887 -0.7169381160111621 1.8998695227006102 0.5181600000000001 -2.5465782646875845 0.3621491154493825
27065 10520887 -0.7382606047362057 1.9014682946944368 0.5181600000000001 -2.5465782646875845 0.3621491154493825
27066 10520887 -0.8013184596505649 1.909589468830865 0.5181600000000001 -2.5465782646875845 0.3621491154493825
27067 10520887 -0.8456738932540053 1.9205909554502865 0.5181600000000001 -2.5465782646875845 0.3621491154493825
27068 10520887 -0.8958962663725603 1.9245150396827742 0.5181600000000001 -2.5465782646875845 0.3621491154493825
27069 10520887 -0.9427293160274988 1.9344580769010609 0.5181600000000001 -2.5465782646875845 0.3621491154493825
27070 10520887 -0.9907929700349832 1.941181931579181 0.5181600000000001 -2.5465782646875845 0.3621491154493825
27071 10520887 -1.0311240471911178 1.9522704097315544 0.5181600000000001 -2.5465782646875845 0.3621491154493825
27072 10520887 -1.0721962455233125 1.957292220203656 0.5181600000000001 -2.5465782646875845 0.3621491154493825
27073 10520887 -1.124549272907826 1.972079872440932 0.5181600000000001 -2.5465782646875845 0.3621491154493825
27074 10520887 -1.1634554873545964 1.976393725506261 0.5181600000000001 -2.5465782646875845 0.3621491154493825
27075 10520887 -1.2028359427400692 1.9865880830165807 0.5181600000000001 -2.5465782646875845 0.3621491154493825
27076 10520887 -1.2262752173919844 1.9916265158526725 0.50292 -2.5465782646875845 0.3621491154493825
27077 10520887 -1.2497144920438996 1.996664948688764 0.48768 -2.5465782646875845 0.3621491154493825
27078 10520887 -1.296226429488921 2.006505368796136 0.48768 -2.5465782646875845 0.3621491154493825
27079 10520887 -1.3571193268814457 2.0131054215348536 0.48768 -2.5465782646875845 0.3621491154493825
27080 10520887 -1.3997686637909232 2.013036700865257 0.48768 -2.5465782646875845 0.3621491154493825
27081 10520887 -1.445265524521396 2.009693483729451 0.48768 -2.5465782646875845 0.3621491154493825
27082 10520887 -1.4892676136384446 2.0098341139013187 0.48768 -2.5465782646875845 0.3621491154493825
27083 10520887 -1.5369076364616243 1.998312582658298 0.48768 -2.5465782646875845 0.3621491154493825
27084 10520887 -1.5786620469315686 1.990123619832955 0.48768 -2.5465782646875845 0.3621491154493825
27085 10520887 -1.6284067325143556 1.9737995606785368 0.48768 -2.5465782646875845 0.3621491154493825
27086 10520887 -1.6629601109751724 1.9577634222587719 0.4572000000000001 -2.5465782646875845 0.3621491154493825
27087 10520887 -1.7016681462156595 1.938529859332781 0.4572000000000001 -2.5465782646875845 0.3621491154493825
27088 10520887 -1.736046521397966 1.9162440393779052 0.4572000000000001 -2.5465782646875845 0.3621491154493825
27089 10520887 -1.7727387712451932 1.886886924533744 0.4572000000000001 -2.5465782646875845 0.3621491154493825
27090 10520887 -1.8050402600868096 1.8573785586426632 0.4572000000000001 -2.5465782646875845 0.3621491154493825
27091 10520887 -1.8378732244130491 1.8248893976112703 0.4572000000000001 -2.5465782646875845 0.3621491154493825
27092 10520887 -1.8743855660071744 1.7757272023613475 0.4572000000000001 -2.5465782646875845 0.3621491154493825
27093 10520887 -1.8933869508224062 1.755654731795088 0.4572000000000001 -2.5465782646875845 0.3621491154493825
27094 10520887 -1.9178389346968696 1.7145813120003401 0.4572000000000001 -2.5465782646875845 0.3621491154493825
27095 10520887 -1.9379594483326683 1.6628600399948812 0.4572000000000001 -2.5465782646875845 0.3621491154493825
27096 10520887 -1.953696310617009 1.6229077114988832 0.4572000000000001 -2.5465782646875845 0.3621491154493825
27097 10520887 -1.9568362000397423 1.588882154027084 0.4572000000000001 -2.5465782646875845 0.3621491154493825
27098 10520887 -1.963073477981147 1.5535332085924216 0.4572000000000001 -2.5465782646875845 0.3621491154493825
27099 10520887 -1.965756313368808 1.5181896913544464 0.4572000000000001 -2.5465782646875845 0.3621491154493825
27100 10520887 -1.9644011924141649 1.4843292114121531 0.4572000000000001 -2.5465782646875845 0.3621491154493825
27101 10520887 -1.9649347843014704 1.4528393729405726 0.4572000000000001 -2.5465782646875845 0.3621491154493825
27102 10520887 -1.9633377395362743 1.4197176755804646 0.4572000000000001 -2.5465782646875845 0.3621491154493825
27103 10520887 -1.964112899376831 1.3874890077419353 0.4572000000000001 -2.5465782646875845 0.3621491154493825
27104 10520887 -1.963149455416444 1.3653241903960414 0.4572000000000001 -2.5465782646875845 0.3621491154493825
27105 10520887 -1.9621860114560563 1.3431593730501472 0.4572000000000001 -2.5465782646875845 0.3621491154493825
27106 10520887 -1.9608038763397504 1.312094382780551 0.4572000000000001 -2.5465782646875845 0.3621491154493825
27107 10520887 -1.961366072353835 1.293817196514188 0.4572000000000001 -2.5465782646875845 0.3621491154493825
27108 10520887 -1.9570327132915624 1.2571129372192524 0.4572000000000001 -2.5465782646875845 0.3621491154493825
27109 10520887 -1.9538753743160144 1.2151850516896592 0.4572000000000001 -2.5465782646875845 0.3621491154493825
27110 10520887 -1.9531549771740988 1.1864398116598385 0.4572000000000001 -2.5465782646875845 0.3621491154493825
27111 10520887 -1.9503565872004207 1.1597020824232778 0.4572000000000001 -2.5465782646875845 0.3621491154493825
27112 10520887 -1.9446668759500585 1.1252415487522278 0.4572000000000001 -2.5465782646875845 0.3621491154493825
27113 10520887 -1.942683843036005 1.097368522993657 0.4572000000000001 -2.5465782646875845 0.3621491154493825
27114 10520887 -1.9373188161975696 1.0689732261379434 0.4572000000000001 -2.5465782646875845 0.3621491154493825
27115 10520887 -1.933560440481845 1.0302373033814158 0.4572000000000001 -2.5465782646875845 0.3621491154493825
27116 10520887 -1.9330385620782284 1.0073992215667529 0.4572000000000001 -2.5465782646875845 0.3621491154493825
27117 10520887 -1.9253058822944369 0.9740230767360104 0.4572000000000001 -2.5465782646875845 0.3621491154493825
27118 10520887 -1.9199130134741509 0.9400103801921048 0.4572000000000001 -2.5465782646875845 0.3621491154493825
27119 10520887 -1.9161998076329376 0.9014062096327567 0.4572000000000001 -2.5465782646875845 0.3621491154493825
27120 10520887 -1.9171340914388035 0.8876908738323426 0.4572000000000001 -2.5465782646875845 0.3621491154493825
27121 10520887 -1.911101045148522 0.8518330367935386 0.4572000000000001 -2.5465782646875845 0.3621491154493825
27122 10520887 -1.9090896166295457 0.8091120399682789 0.4572000000000001 -2.5465782646875845 0.3621491154493825
27123 10520887 -1.9036313844844688 0.7905011792703757 0.4572000000000001 -2.5465782646875845 0.3621491154493825
27124 10520887 -1.8987192290249535 0.7566459314242955 0.4572000000000001 -2.5465782646875845 0.3621491154493825
27125 10520887 -1.8986556029024737 0.7242600790178055 0.4572000000000001 -2.5465782646875845 0.3621491154493825
27126 10520887 -1.893267936376185 0.6945724667621479 0.4572000000000001 -2.5465782646875845 0.3621491154493825
27127 10520887 -1.8878802698498964 0.6648848545064903 0.4572000000000001 -2.5465782646875845 0.3621491154493825
27128 10520887 -1.8853771206321144 0.6440277166709351 0.4572000000000001 -2.5465782646875845 0.3621491154493825
27129 10520887 -1.8828739714143328 0.6231705788353797 0.4572000000000001 -2.5465782646875845 0.3621491154493825
27130 10520887 -1.8788079563317528 0.5812965970938195 0.4572000000000001 -2.5465782646875845 0.3621491154493825
27131 10520887 -1.871573409826219 0.5518228000619431 0.4572000000000001 -2.5465782646875845 0.3621491154493825
27132 10520887 -1.871524025125208 0.5356826130334247 0.4572000000000001 -2.5465782646875845 0.3621491154493825
27133 10520887 -1.8658775865988355 0.5013537216825691 0.4572000000000001 -2.5465782646875845 0.3621491154493825
27134 10520887 -1.861333484057444 0.4560519455495484 0.4572000000000001 -2.5465782646875845 0.3621491154493825
27135 10520887 -1.8571932329628424 0.4277073724130048 0.4572000000000001 -2.5465782646875845 0.3621491154493825
27136 10520887 -1.8530529818682409 0.3993627992764613 0.4572000000000001 -2.5465782646875845 0.3621491154493825
27137 10520887 -1.849882249890722 0.36561024259812136 0.4572000000000001 -2.5465782646875845 0.3621491154493825
27138 10520887 -1.8406968557707568 0.3366669004486897 0.4572000000000001 -2.5465782646875845 0.3621491154493825
27139 10520887 -1.8354805277553785 0.3064514921578161 0.4572000000000001 -2.5465782646875845 0.3621491154493825
27140 10520887 -1.828810495734411 0.2738911353987401 0.4572000000000001 -2.5465782646875845 0.3621491154493825
27141 10520887 -1.8218116921051253 0.24776631318756856 0.4572000000000001 -2.5465782646875845 0.3621491154493825
27142 10520887 -1.8098304726548635 0.21650649741058312 0.4572000000000001 -2.5465782646875845 0.3621491154493825
27143 10520887 -1.7919643088497577 0.1869437448184826 0.4572000000000001 -2.5465782646875845 0.3621491154493825
27144 10520887 -1.7774362463535136 0.16618442773363834 0.4572000000000001 -2.5465782646875845 0.3621491154493825
27145 10520887 -1.75887927617764 0.1387326741179394 0.4572000000000001 -2.5465782646875845 0.3621491154493825
27146 10520887 -1.7295863839716403 0.11314391088740935 0.42672 -2.5465782646875845 0.3621491154493825
27147 10520887 -1.72003762030846 0.09997234632626337 0.42672 -2.5465782646875845 0.3621491154493825
27148 10520887 -1.6935930486453168 0.0803395777570772 0.42672 -2.5465782646875845 0.3621491154493825
27149 10520887 -1.6639899527944648 0.06493158629491677 0.42672 -2.5465782646875845 0.3621491154493825
27150 10520887 -1.626120788410058 0.047637937445455615 0.42672 -2.5465782646875845 0.3621491154493825
27151 10520887 -1.60703502207583 0.040811173180991006 0.42672 -2.5465782646875845 0.3621491154493825
27152 10520887 -1.581184547872157 0.03294028636800847 0.42672 -2.5465782646875845 0.3621491154493825
27153 10520887 -1.5481363734375695 0.021546970040823368 0.42672 -2.5465782646875845 0.3621491154493825
27154 10520887 -1.5194484950045528 0.018006022929608706 0.42672 -2.5465782646875845 0.3621491154493825
27155 10520887 -1.4858666764033173 0.012046710808917366 0.42672 -2.5465782646875845 0.3621491154493825
27156 10520887 -1.4560899147219406 0.00803305104329885 0.42672 -2.5465782646875845 0.3621491154493825
27157 10520887 -1.4182712446302588 0.006880775554183065 0.42672 -2.5465782646875845 0.3621491154493825
27158 10520887 -1.3793870390782204 0.004912860088832599 0.42672 -2.5465782646875845 0.3621491154493825
27159 10520887 -1.3603806928981097 0.0039546747497718185 0.42672 -2.5465782646875845 0.3621491154493825
27160 10520887 -1.341374346717999 0.00299648941071104 0.42672 -2.5465782646875845 0.3621491154493825
27161 10520887 -1.3247988619546704 0.007506843917327893 0.39624 -2.5465782646875845 0.3621491154493825
27162 10520887 -1.2795168049454395 0.004732315244571933 0.39624 -2.5465782646875845 0.3621491154493825
27163 10520887 -1.2454603715189083 0.0029418681114474488 0.39624 -2.5465782646875845 0.3621491154493825
27164 10520887 -1.2085004416625975 0.003239825618787523 0.39624 -2.5465782646875845 0.3621491154493825
27165 10520887 -1.1801189606078843 0.002838148465426932 0.39624 -2.5465782646875845 0.3621491154493825
27166 10520887 -1.1471134895756383 0.0048969127499437215 0.39624 -2.5465782646875845 0.3621491154493825
27167 10520887 -1.1148691664677874 0.002998609564688309 0.39624 -2.5465782646875845 0.3621491154493825
27168 10520887 -1.0803728045863117 0.00527113649381014 0.39624 -2.5465782646875845 0.3621491154493825
27169 10520887 -1.045160402141753 0.0015847105369524994 0.39624 -2.5465782646875845 0.3621491154493825
27170 10520887 -1.0135762156562376 0.004459293405395831 0.39624 -2.5465782646875845 0.3621491154493825
27171 10520887 -0.9753223722026414 0.003283734306560121 0.39624 -2.5465782646875845 0.3621491154493825
27172 10520887 -0.931404063608856 0.0017750532164950426 0.36576 -2.5465782646875845 0.3621491154493825
27173 10520887 -0.9038710310741441 0.0017686508159593106 0.36576 -2.5465782646875845 0.3621491154493825
27174 10520887 -0.8660289050643075 0.0017797750402462622 0.36576 -2.5465782646875845 0.3621491154493825
27175 10520887 -0.8384597285071067 0.003514308525873061 0.36576 -2.5465782646875845 0.3621491154493825
27176 10520887 -0.8092183904477435 0.0033001835701806648 0.36576 -2.5465782646875845 0.3621491154493825
27177 10520887 -0.7783808971536341 0.005251486170030767 0.36576 -2.5465782646875845 0.3621491154493825
27178 10520887 -0.7456991323519206 0.0053732202918057035 0.36576 -2.5465782646875845 0.3621491154493825
27179 10520887 -0.7130173675502072 0.005494954413580638 0.36576 -2.5465782646875845 0.3621491154493825
27180 10520887 -0.6865156816248674 0.0064106854850770325 0.36576 -2.5465782646875845 0.3621491154493825
27181 10520887 -0.6478955667954365 0.0050001638192019035 0.36576 -2.5465782646875845 0.3621491154493825
27182 10520887 -0.6190427728101457 0.0063157892216191 0.36576 -2.5465782646875845 0.3621491154493825
27183 10520887 -0.5936373790841398 0.0061882978958613674 0.35814 -2.5465782646875845 0.3621491154493825
27184 10520887 -0.568231985358134 0.006060806570103633 0.35052 -2.5465782646875845 0.3621491154493825
27185 10520887 -0.5438698017161054 0.006274509258583971 0.3429 -2.5465782646875845 0.3621491154493825
27186 10520887 -0.519507618074077 0.0064882119470643105 0.33528 -2.5465782646875845 0.3621491154493825
27187 10520887 -0.4754777019108134 0.002608977689018438 0.33528 -2.5465782646875845 0.3621491154493825
27188 10520887 -0.4596294779228381 0.0032696108985769967 0.33528 -2.5465782646875845 0.3621491154493825
27189 10520887 -0.415158221633736 0.005088092967443364 0.33528 -2.5465782646875845 0.3621491154493825
27190 10520887 -0.3873841986427475 0.005822561139926269 0.33528 -2.5465782646875845 0.3621491154493825
27191 10520887 -0.3581521748448389 0.00830032480208623 0.33528 -2.5465782646875845 0.3621491154493825
27192 10520887 -0.32730649976352 0.007563552794628975 0.33528 -2.5465782646875845 0.3621491154493825
27193 10520887 -0.2847781850211788 0.004526787888867706 0.33528 -2.5465782646875845 0.3621491154493825
27194 10520887 -0.2527851014748124 0.004583563887078618 0.33528 -2.5465782646875845 0.3621491154493825
27195 10520887 -0.22744421583041885 0.0033099875641777465 0.33528 -2.5465782646875845 0.3621491154493825
27196 10520887 -0.19887841147905091 0.004837792705174787 0.33528 -2.5465782646875845 0.3621491154493825
27197 10520887 -0.16621055495469414 0.003155546215776378 0.33528 -2.5465782646875845 0.3621491154493825
27198 10520887 -0.13863101426750155 0.0046554561831397565 0.33528 -2.5465782646875845 0.3621491154493825
27199 10520887 -0.1246707077476345 0.0038893247576581853 0.32004 -2.5465782646875845 0.3621491154493825
27200 10520887 -0.11071040122776744 0.003123193332176616 0.3048 -2.5465782646875845 0.3621491154493825
27201 10520887 -0.0773413620899911 0.0033150980141576076 0.3048 -2.5465782646875845 0.3621491154493825
27202 10520887 -0.044477087776022 0.003321637022019347 0.3048 -2.5465782646875845 0.3621491154493825
27203 10520887 -0.024477422245580138 0.004729184095805222 0.3048 -2.5465782646875845 0.3621491154493825
27204 10520887 0.010509129697937769 0.0057948221227480815 0.3048 -2.5465782646875845 0.3621491154493825
27205 10520887 0.04549568164145568 0.006860460149690939 0.3048 -2.5465782646875845 0.3621491154493825
27206 10520887 0.06493687355999478 0.005880516330174196 0.3048 -2.5465782646875845 0.3621491154493825
27207 10520887 0.08437806547853388 0.004900572510657453 0.3048 -2.5465782646875845 0.3621491154493825
27208 10520887 0.11214828210991082 0.005287709084370268 0.3048 -2.5465782646875845 0.3621491154493825
27209 10520887 0.13991849874128776 0.005674845658083086 0.3048 -2.5465782646875845 0.3621491154493825
27210 10520887 0.1676887153726647 0.006061982231795902 0.3048 -2.5465782646875845 0.3621491154493825
27211 10520887 0.19545893200404166 0.006449118805508719 0.3048 -2.5465782646875845 0.3621491154493825
27212 10520887 0.2191255797554973 0.005490534113149842 0.3048 -2.5465782646875845 0.3621491154493825
27213 10520887 0.23909086846447974 0.004076938474058836 0.3048 -2.5465782646875845 0.3621491154493825
