26022 10561439 -0.8351345812806154 0.009881511870701224 0.4145280000000001 -2.570776552658184 -0.08556141830814801
26023 10561439 -0.8047439843287291 0.009922533777052671 0.408432 -2.570776552658184 -0.08556141830814801
26024 10561439 -0.7743533873768427 0.00996355568340412 0.402336 -2.570776552658184 -0.08556141830814801
26025 10561439 -0.7439627904249564 0.010004577589755564 0.39624 -2.570776552658184 -0.08556141830814801
26026 10561439 -0.7152838688089047 0.009429563357195794 0.39624 -2.570776552658184 -0.08556141830814801
26027 10561439 -0.6866049471928531 0.008854549124636022 0.39624 -2.570776552658184 -0.08556141830814801
26028 10561439 -0.6579260255768014 0.008279534892076251 0.39624 -2.570776552658184 -0.08556141830814801
26029 10561439 -0.6328070643725072 0.008362382431696402 0.39624 -2.570776552658184 -0.08556141830814801
26030 10561439 -0.6076881031682131 0.008445229971316555 0.39624 -2.570776552658184 -0.08556141830814801
26031 10561439 -0.5828990721065448 0.005481556066737198 0.39624 -2.570776552658184 -0.08556141830814801
26032 10561439 -0.5503551515095007 0.005590689519479579 0.39624 -2.570776552658184 -0.08556141830814801
26033 10561439 -0.5179717591887392 0.005752438996081161 0.39624 -2.570776552658184 -0.08556141830814801
26034 10561439 -0.4935353137537023 0.005786407927750333 0.39116 -2.570776552658184 -0.08556141830814801
26035 10561439 -0.4690988683186654 0.005820376859419506 0.38608 -2.570776552658184 -0.08556141830814801
26036 10561439 -0.44466242288362856 0.0058543457910886785 0.381 -2.570776552658184 -0.08556141830814801
26037 10561439 -0.4202259774485917 0.00588831472275785 0.37592 -2.570776552658184 -0.08556141830814801
26038 10561439 -0.3957895320135548 0.0059222836544270225 0.37084 -2.445003484775232 0.7988559315902781
26039 10561439 -0.371353086578518 0.0059562525860961954 0.36576 -2.445003484775232 0.7988559315902781
26040 10561439 -0.3527766660863932 0.005725293282998895 0.36576 -2.445003484775232 0.7988559315902781
26041 10561439 -0.3342002455942685 0.005494333979901594 0.36576 -2.445003484775232 0.7988559315902781
26042 10561439 -0.3156238251021437 0.0052633746768042935 0.36576 -2.445003484775232 0.7988559315902781
26043 10561439 -0.2847781850211788 0.004526787888867706 0.36576 -2.445003484775232 0.7988559315902781
26044 10561439 -0.2605253968758072 0.0045434829278857 0.36576 -2.445003484775232 0.7988559315902781
26045 10561439 -0.23627260873043565 0.0045601779669036955 0.36576 -2.445003484775232 0.7988559315902781
26046 10561439 -0.2028725841849266 0.007019702498815811 0.36576 -2.445003484775232 0.7988559315902781
26047 10561439 -0.16947255963941754 0.009479227030727929 0.36576 -2.445003484775232 0.7988559315902781
26048 10561439 -0.13401309727989785 0.00723519195912331 0.36576 -2.445003484775232 0.7988559315902781
26049 10561439 -0.09855363492037816 0.004991156887518694 0.36576 -2.445003484775232 0.7988559315902781
26050 10561439 -0.07330358265355619 0.004799260338568562 0.36576 -2.445003484775232 0.7988559315902781
26051 10561439 -0.049291709723509713 0.004895320663976771 0.36576 -2.445003484775232 0.7988559315902781
26052 10561439 -0.019662800184289786 0.0031555174250969265 0.33528 -2.445003484775232 0.7988559315902781
26053 10561439 0.002056693757625367 0.0043904983332949295 0.33528 -2.445003484775232 0.7988559315902781
26054 10561439 0.02377618769954052 0.005625479241492934 0.33528 -2.445003484775232 0.7988559315902781
26055 10561439 0.04549568164145568 0.006860460149690939 0.33528 -2.445003484775232 0.7988559315902781
26056 10561439 0.07114977874065552 0.00564135997092749 0.33528 -2.445003484775232 0.7988559315902781
26057 10561439 0.0968038758398554 0.0044222597921640405 0.33528 -2.445003484775232 0.7988559315902781
26058 10561439 0.12245797293905525 0.0032031596134005913 0.33528 -2.445003484775232 0.7988559315902781
26059 10561439 0.1447676698524537 0.0042066643344539495 0.33528 -2.445003484775232 0.7988559315902781
26060 10561439 0.16707736676585214 0.005210169055507308 0.33528 -2.445003484775232 0.7988559315902781
26061 10561439 0.17966751167527772 0.005235378570996647 0.33528 -2.445003484775232 0.7988559315902781
26062 10561439 0.1922576565847033 0.0052605880864859894 0.33528 -2.445003484775232 0.7988559315902781
26063 10561439 0.20484780149412887 0.00528579760197533 0.33528 -2.445003484775232 0.7988559315902781
26064 10561439 0.2174379464035545 0.00531100711746467 0.33528 -2.445003484775232 0.7988559315902781
26065 10561439 0.23002809131298 0.005336216632954011 0.33528 -2.445003484775232 0.7988559315902781
26066 10561439 0.2426182362224056 0.005361426148443352 0.33528 -2.445003484775232 0.7988559315902781
26067 10561439 0.25520838113183114 0.0053866356639326925 0.33528 -2.445003484775232 0.7988559315902781
26068 10561439 0.2677985260412568 0.005411845179422033 0.33528 -2.445003484775232 0.7988559315902781
26069 10561439 0.2803886709506823 0.0054370546949113726 0.33528 -2.445003484775232 0.7988559315902781
26070 10561439 0.2929788158601079 0.005462264210400715 0.33528 -2.445003484775232 0.7988559315902781
26071 10561439 0.30556896076953344 0.005487473725890054 0.33528 -2.445003484775232 0.7988559315902781
26072 10561439 0.31815910567895894 0.0055126832413793965 0.33528 -2.445003484775232 0.7988559315902781
26073 10561439 0.33074925058838456 0.005537892756868736 0.33528 -2.445003484775232 0.7988559315902781
26074 10561439 0.3433393954978101 0.005563102272358077 0.33528 -2.445003484775232 0.7988559315902781
26075 10561439 0.3559295404072357 0.005588311787847418 0.33528 -2.445003484775232 0.7988559315902781
26076 10561439 0.3685196853166613 0.005613521303336757 0.33528 -2.445003484775232 0.7988559315902781
26077 10561439 0.3811098302260869 0.0056387308188261 0.33528 -2.445003484775232 0.7988559315902781
26078 10561439 0.3936999751355125 0.00566394033431544 0.33528 -2.445003484775232 0.7988559315902781
26079 10561439 0.406290120044938 0.005689149849804781 0.33528 -2.445003484775232 0.7988559315902781
26080 10561439 0.4188802649543636 0.005714359365294121 0.33528 -2.445003484775232 0.7988559315902781
26081 10561439 0.4314704098637892 0.005739568880783461 0.33528 -2.445003484775232 0.7988559315902781
26082 10561439 0.4440605547732147 0.0057647783962728035 0.33528 -2.445003484775232 0.7988559315902781
26083 10561439 0.4566506996826402 0.005789987911762143 0.33528 -2.445003484775232 0.7988559315902781
26084 10561439 0.4692408445920658 0.0058151974272514844 0.33528 -2.445003484775232 0.7988559315902781
26085 10561439 0.4818309895014914 0.005840406942740825 0.33528 -2.445003484775232 0.7988559315902781
26086 10561439 0.49442113441091706 0.0058656164582301645 0.33528 -2.445003484775232 0.7988559315902781
26087 10561439 0.5070112793203425 0.005890825973719507 0.33528 -2.445003484775232 0.7988559315902781
26088 10561439 0.5196014242297682 0.005916035489208847 0.33528 -2.445003484775232 0.7988559315902781
26089 10561439 0.5321915691391936 0.005941245004698188 0.33528 -2.445003484775232 0.7988559315902781
26090 10561439 0.5447817140486193 0.005966454520187528 0.33528 -2.445003484775232 0.7988559315902781
26091 10561439 0.5449700485376494 0.00761259211292793 0.33528 -2.445003484775232 0.7988559315902781
26092 10561439 0.5451583830266794 0.00925872970566833 0.33528 -2.445003484775232 0.7988559315902781
26093 10561439 0.5453467175157095 0.01090486729840873 0.33528 -2.445003484775232 0.7988559315902781
26094 10561439 0.5455350520047396 0.012551004891149131 0.33528 -2.445003484775232 0.7988559315902781
26095 10561439 0.5457233864937696 0.014197142483889534 0.33528 -2.445003484775232 0.7988559315902781
26096 10561439 0.5459117209827997 0.015843280076629933 0.33528 -2.445003484775232 0.7988559315902781
26097 10561439 0.5461000554718298 0.017489417669370337 0.33528 -2.445003484775232 0.7988559315902781
26098 10561439 0.5462883899608598 0.01913555526211073 0.33528 -2.445003484775232 0.7988559315902781
26099 10561439 0.5464767244498899 0.020781692854851142 0.33528 -2.445003484775232 0.7988559315902781
26100 10561439 0.5466650589389199 0.02242783044759154 0.33528 -2.445003484775232 0.7988559315902781
26101 10561439 0.54685339342795 0.02407396804033194 0.33528 -2.445003484775232 0.7988559315902781
26102 10561439 0.5470417279169801 0.02572010563307234 0.33528 -2.445003484775232 0.7988559315902781
26103 10561439 0.5472300624060102 0.027366243225812745 0.33528 -2.445003484775232 0.7988559315902781
26104 10561439 0.5474183968950403 0.029012380818553143 0.33528 -2.445003484775232 0.7988559315902781
26105 10561439 0.5476067313840703 0.030658518411293544 0.33528 -2.445003484775232 0.7988559315902781
26106 10561439 0.5477950658731005 0.03230465600403394 0.33528 -2.445003484775232 0.7988559315902781
26107 10561439 0.5479834003621306 0.033950793596774345 0.33528 -2.445003484775232 0.7988559315902781
26108 10561439 0.5481717348511606 0.03559693118951475 0.33528 -2.445003484775232 0.7988559315902781
26109 10561439 0.5483600693401907 0.03724306878225515 0.33528 -2.445003484775232 0.7988559315902781
26110 10561439 0.5485484038292208 0.03888920637499555 0.33528 -2.445003484775232 0.7988559315902781
26111 10561439 0.5487367383182508 0.04053534396773595 0.33528 -2.445003484775232 0.7988559315902781
26112 10561439 0.5489250728072809 0.04218148156047635 0.33528 -2.445003484775232 0.7988559315902781
26113 10561439 0.5491134072963111 0.04382761915321675 0.33528 -2.445003484775232 0.7988559315902781
26114 10561439 0.549301741785341 0.04547375674595715 0.33528 -2.445003484775232 0.7988559315902781
26115 10561439 0.5494900762743711 0.04711989433869755 0.33528 -2.445003484775232 0.7988559315902781
26116 10561439 0.5496784107634012 0.04876603193143796 0.33528 -2.445003484775232 0.7988559315902781
26117 10561439 0.5498667452524312 0.05041216952417835 0.33528 -2.445003484775232 0.7988559315902781
26118 10561439 0.5500550797414613 0.052058307116918764 0.33528 -2.445003484775232 0.7988559315902781
26119 10561439 0.5502434142304914 0.05370444470965916 0.33528 -2.445003484775232 0.7988559315902781
26120 10561439 0.5504317487195214 0.05535058230239956 0.33528 -2.445003484775232 0.7988559315902781
26121 10561439 0.5506200832085515 0.05699671989513996 0.33528 -2.445003484775232 0.7988559315902781
26122 10561439 0.5508084176975816 0.05864285748788036 0.33528 -2.445003484775232 0.7988559315902781
26123 10561439 0.5509967521866116 0.060288995080620765 0.33528 -2.445003484775232 0.7988559315902781
26124 10561439 0.5511850866756417 0.06193513267336116 0.33528 -2.445003484775232 0.7988559315902781
26125 10561439 0.5513734211646718 0.06358127026610158 0.33528 -2.445003484775232 0.7988559315902781
26126 10561439 0.5515617556537019 0.06522740785884196 0.33528 -2.445003484775232 0.7988559315902781
26127 10561439 0.5517500901427319 0.06687354545158236 0.33528 -2.445003484775232 0.7988559315902781
26128 10561439 0.551938424631762 0.06851968304432278 0.33528 -2.445003484775232 0.7988559315902781
26129 10561439 0.5521267591207921 0.07016582063706317 0.33528 -2.445003484775232 0.7988559315902781
26130 10561439 0.5523150936098221 0.07181195822980357 0.33528 -2.445003484775232 0.7988559315902781
26131 10561439 0.5525034280988522 0.07345809582254396 0.33528 -2.445003484775232 0.7988559315902781
26132 10561439 0.5526917625878823 0.07510423341528437 0.33528 -2.445003484775232 0.7988559315902781
26133 10561439 0.5528800970769123 0.07675037100802477 0.33528 -2.445003484775232 0.7988559315902781
26134 10561439 0.5530684315659424 0.07839650860076518 0.33528 -2.445003484775232 0.7988559315902781
26135 10561439 0.5532567660549725 0.08004264619350558 0.33528 -2.445003484775232 0.7988559315902781
26136 10561439 0.5534451005440025 0.08168878378624597 0.33528 -2.445003484775232 0.7988559315902781
26137 10561439 0.5536334350330326 0.08333492137898638 0.33528 -2.445003484775232 0.7988559315902781
26138 10561439 0.5500518178992548 0.08246915447187432 0.33528 -2.445003484775232 0.7988559315902781
26139 10561439 0.546470200765477 0.08160338756476228 0.33528 -2.445003484775232 0.7988559315902781
26140 10561439 0.5428885836316992 0.08073762065765022 0.33528 -2.445003484775232 0.7988559315902781
26141 10561439 0.5393069664979214 0.07987185375053818 0.33528 -2.445003484775232 0.7988559315902781
26142 10561439 0.5357253493641436 0.07900608684342612 0.33528 -2.445003484775232 0.7988559315902781
26143 10561439 0.5321437322303658 0.07814031993631408 0.33528 -2.445003484775232 0.7988559315902781
26144 10561439 0.528562115096588 0.07727455302920203 0.33528 -2.445003484775232 0.7988559315902781
26145 10561439 0.5237936058404774 0.0774600818263219 0.33528 -2.445003484775232 0.7988559315902781
26146 10561439 0.5190250965843669 0.07764561062344177 0.33528 -2.445003484775232 0.7988559315902781
26147 10561439 0.5142565873282563 0.07783113942056162 0.33528 -2.445003484775232 0.7988559315902781
26148 10561439 0.5094880780721458 0.07801666821768151 0.33528 -2.445003484775232 0.7988559315902781
26149 10561439 0.5047195688160352 0.07820219701480137 0.33528 -2.445003484775232 0.7988559315902781
26150 10561439 0.4999510595599246 0.07838772581192124 0.33528 -2.445003484775232 0.7988559315902781
26151 10561439 0.495182550303814 0.07857325460904112 0.33528 -2.445003484775232 0.7988559315902781
26152 10561439 0.4904140410477035 0.07875878340616099 0.33528 -2.445003484775232 0.7988559315902781
26153 10561439 0.4856455317915929 0.07894431220328088 0.33528 -2.445003484775232 0.7988559315902781
26154 10561439 0.4808770225354824 0.07912984100040074 0.33528 -2.445003484775232 0.7988559315902781
26155 10561439 0.4761085132793718 0.0793153697975206 0.33528 -2.445003484775232 0.7988559315902781
26156 10561439 0.4713400040232612 0.07950089859464048 0.33528 -2.445003484775232 0.7988559315902781
26157 10561439 0.4665714947671506 0.07968642739176035 0.33528 -2.445003484775232 0.7988559315902781
26158 10561439 0.46180298551104 0.07987195618888021 0.33528 -2.445003484775232 0.7988559315902781
26159 10561439 0.4570344762549295 0.08005748498600009 0.33528 -2.445003484775232 0.7988559315902781
26160 10561439 0.4522659669988189 0.08024301378311996 0.33528 -2.445003484775232 0.7988559315902781
26161 10561439 0.44726620052382904 0.07989079699524775 0.33528 -2.445003484775232 0.7988559315902781
26162 10561439 0.44226643404883903 0.07953858020737553 0.33528 -2.445003484775232 0.7988559315902781
26163 10561439 0.4372666675738491 0.0791863634195033 0.33528 -2.445003484775232 0.7988559315902781
26164 10561439 0.4322669010988591 0.07883414663163109 0.33528 -2.445003484775232 0.7988559315902781
26165 10561439 0.4272671346238692 0.07848192984375886 0.33528 -2.445003484775232 0.7988559315902781
26166 10561439 0.4222673681488792 0.07812971305588665 0.33528 -2.445003484775232 0.7988559315902781
26167 10561439 0.41648062128154856 0.07823811182365413 0.33528 -2.445003484775232 0.7988559315902781
26168 10561439 0.4106938744142179 0.07834651059142161 0.33528 -2.445003484775232 0.7988559315902781
26169 10561439 0.4049071275468872 0.07845490935918911 0.33528 -2.445003484775232 0.7988559315902781
26170 10561439 0.3991203806795565 0.0785633081269566 0.33528 -2.445003484775232 0.7988559315902781
26171 10561439 0.39333363381222586 0.07867170689472408 0.33528 -2.445003484775232 0.7988559315902781
26172 10561439 0.3875468869448952 0.07878010566249156 0.33528 -2.445003484775232 0.7988559315902781
26173 10561439 0.3817601400775645 0.07888850443025905 0.33528 -2.445003484775232 0.7988559315902781
26174 10561439 0.3759733932102338 0.07899690319802652 0.33528 -2.445003484775232 0.7988559315902781
26175 10561439 0.3701866463429032 0.07910530196579403 0.33528 -2.445003484775232 0.7988559315902781
26176 10561439 0.3643998994755725 0.07921370073356153 0.33528 -2.445003484775232 0.7988559315902781
26177 10561439 0.35861315260824184 0.07932209950132901 0.33528 -2.445003484775232 0.7988559315902781
26178 10561439 0.3528264057409112 0.07943049826909647 0.33528 -2.445003484775232 0.7988559315902781
26179 10561439 0.3470396588735805 0.07953889703686398 0.33528 -2.445003484775232 0.7988559315902781
26180 10561439 0.34125291200624985 0.07964729580463148 0.33528 -2.445003484775232 0.7988559315902781
26181 10561439 0.33546616513891914 0.07975569457239895 0.33528 -2.445003484775232 0.7988559315902781
26182 10561439 0.3296794182715885 0.07986409334016642 0.33528 -2.445003484775232 0.7988559315902781
26183 10561439 0.3238926714042578 0.07997249210793393 0.33528 -2.445003484775232 0.7988559315902781
26184 10561439 0.3181059245369271 0.0800808908757014 0.33528 -2.445003484775232 0.7988559315902781
26185 10561439 0.3123191776695965 0.0801892896434689 0.33528 -2.445003484775232 0.7988559315902781
26186 10561439 0.3065324308022658 0.08029768841123637 0.33528 -2.445003484775232 0.7988559315902781
26187 10561439 0.3007456839349351 0.08040608717900387 0.33528 -2.445003484775232 0.7988559315902781
26188 10561439 0.29495893706760445 0.08051448594677135 0.33528 -2.445003484775232 0.7988559315902781
26189 10561439 0.2891721902002737 0.08062288471453884 0.33528 -2.445003484775232 0.7988559315902781
26190 10561439 0.28338544333294313 0.08073128348230632 0.33528 -2.445003484775232 0.7988559315902781
26191 10561439 0.2775986964656124 0.08083968225007382 0.33528 -2.445003484775232 0.7988559315902781
26192 10561439 0.2718119495982817 0.0809480810178413 0.33528 -2.445003484775232 0.7988559315902781
26193 10561439 0.2660252027309511 0.08105647978560879 0.33528 -2.445003484775232 0.7988559315902781
26194 10561439 0.2602143339492886 0.0809402775126889 0.33528 -2.445003484775232 0.7988559315902781
26195 10561439 0.2544034651676261 0.08082407523976899 0.33528 -2.445003484775232 0.7988559315902781
26196 10561439 0.24859259638596365 0.08070787296684911 0.33528 -2.445003484775232 0.7988559315902781
26197 10561439 0.2427817276043012 0.08059167069392922 0.33528 -2.445003484775232 0.7988559315902781
26198 10561439 0.2369708588226387 0.08047546842100932 0.33528 -2.445003484775232 0.7988559315902781
26199 10561439 0.2311599900409762 0.08035926614808943 0.33528 -2.445003484775232 0.7988559315902781
26200 10561439 0.2253491212593137 0.08024306387516954 0.33528 -2.445003484775232 0.7988559315902781
26201 10561439 0.21953825247765124 0.08012686160224965 0.33528 -2.445003484775232 0.7988559315902781
26202 10561439 0.2137273836959888 0.08001065932932976 0.33528 -2.445003484775232 0.7988559315902781
26203 10561439 0.20791651491432628 0.07989445705640986 0.33528 -2.445003484775232 0.7988559315902781
26204 10561439 0.2021056461326638 0.07977825478348997 0.33528 -2.445003484775232 0.7988559315902781
26205 10561439 0.1962947773510013 0.07966205251057007 0.33528 -2.445003484775232 0.7988559315902781
26206 10561439 0.19048390856933886 0.07954585023765018 0.33528 -2.445003484775232 0.7988559315902781
26207 10561439 0.18467303978767635 0.07942964796473029 0.33528 -2.445003484775232 0.7988559315902781
26208 10561439 0.17886217100601387 0.0793134456918104 0.33528 -2.445003484775232 0.7988559315902781
26209 10561439 0.1730513022243514 0.0791972434188905 0.33528 -2.445003484775232 0.7988559315902781
26210 10561439 0.16850420921676293 0.08068336253578942 0.33528 -2.445003484775232 0.7988559315902781
26211 10561439 0.1639571162091745 0.08216948165268834 0.33528 -2.445003484775232 0.7988559315902781
26212 10561439 0.15941002320158604 0.08365560076958725 0.33528 -2.445003484775232 0.7988559315902781
26213 10561439 0.15827449963737628 0.08332575201097564 0.33528 -2.445003484775232 0.7988559315902781
26214 10561439 0.15713897607316651 0.08299590325236403 0.33528 -2.445003484775232 0.7988559315902781
26215 10561439 0.15600345250895675 0.08266605449375243 0.33528 -2.445003484775232 0.7988559315902781
26216 10561439 0.154867928944747 0.0823362057351408 0.33528 -2.445003484775232 0.7988559315902781
26217 10561439 0.15373240538053726 0.0820063569765292 0.33528 -2.445003484775232 0.7988559315902781
26218 10561439 0.15259688181632747 0.08167650821791758 0.33528 -2.445003484775232 0.7988559315902781
26219 10561439 0.1514613582521177 0.08134665945930597 0.33528 -2.445003484775232 0.7988559315902781
26220 10561439 0.15032583468790794 0.08101681070069437 0.33528 -2.445003484775232 0.7988559315902781
26221 10561439 0.14919031112369818 0.08068696194208276 0.33528 -2.445003484775232 0.7988559315902781
26222 10561439 0.14805478755948842 0.08035711318347115 0.33528 -2.445003484775232 0.7988559315902781
26223 10561439 0.14691926399527866 0.08002726442485954 0.33528 -2.445003484775232 0.7988559315902781
26224 10561439 0.1457837404310689 0.07969741566624793 0.33528 -2.445003484775232 0.7988559315902781
26225 10561439 0.14464821686685914 0.07936756690763631 0.33528 -2.445003484775232 0.7988559315902781
26226 10561439 0.14351269330264935 0.0790377181490247 0.33528 -2.445003484775232 0.7988559315902781
26227 10561439 0.1423771697384396 0.07870786939041309 0.33528 -2.445003484775232 0.7988559315902781
26228 10561439 0.14124164617422985 0.07837802063180148 0.33528 -2.445003484775232 0.7988559315902781
26229 10561439 0.1401061226100201 0.07804817187318988 0.33528 -2.445003484775232 0.7988559315902781
26230 10561439 0.13897059904581033 0.07771832311457827 0.33528 -2.445003484775232 0.7988559315902781
26231 10561439 0.13783507548160054 0.07738847435596664 0.33528 -2.445003484775232 0.7988559315902781
26232 10561439 0.1366995519173908 0.07705862559735502 0.33528 -2.445003484775232 0.7988559315902781
26233 10561439 0.13556402835318104 0.07672877683874342 0.33528 -2.445003484775232 0.7988559315902781
26234 10561439 0.13442850478897128 0.07639892808013182 0.33528 -2.445003484775232 0.7988559315902781
26235 10561439 0.13329298122476152 0.07606907932152021 0.33528 -2.445003484775232 0.7988559315902781
26236 10561439 0.13215745766055176 0.0757392305629086 0.33528 -2.445003484775232 0.7988559315902781
26237 10561439 0.131021934096342 0.07540938180429699 0.33528 -2.445003484775232 0.7988559315902781
26238 10561439 0.12988641053213226 0.07507953304568538 0.33528 -2.445003484775232 0.7988559315902781
26239 10561439 0.12875088696792247 0.07474968428707376 0.33528 -2.445003484775232 0.7988559315902781
26240 10561439 0.1276153634037127 0.07441983552846215 0.33528 -2.445003484775232 0.7988559315902781
26241 10561439 0.12647983983950295 0.07408998676985054 0.33528 -2.445003484775232 0.7988559315902781
26242 10561439 0.1253443162752932 0.07376013801123893 0.33528 -2.445003484775232 0.7988559315902781
26243 10561439 0.12420879271108345 0.07343028925262733 0.33528 -2.445003484775232 0.7988559315902781
26244 10561439 0.12307326914687368 0.0731004404940157 0.33528 -2.445003484775232 0.7988559315902781
26245 10561439 0.1219377455826639 0.0727705917354041 0.33528 -2.445003484775232 0.7988559315902781
26246 10561439 0.12080222201845416 0.07244074297679247 0.33528 -2.445003484775232 0.7988559315902781
26247 10561439 0.11966669845424438 0.07211089421818087 0.33528 -2.445003484775232 0.7988559315902781
26248 10561439 0.11853117489003462 0.07178104545956926 0.33528 -2.445003484775232 0.7988559315902781
26249 10561439 0.11739565132582486 0.07145119670095766 0.33528 -2.445003484775232 0.7988559315902781
26250 10561439 0.1162601277616151 0.07112134794234605 0.33528 -2.445003484775232 0.7988559315902781
26251 10561439 0.11512460419740532 0.07079149918373444 0.33528 -2.445003484775232 0.7988559315902781
26252 10561439 0.11398908063319554 0.07046165042512283 0.33528 -2.445003484775232 0.7988559315902781
26253 10561439 0.1128535570689858 0.07013180166651121 0.33528 -2.445003484775232 0.7988559315902781
26254 10561439 0.11171803350477603 0.0698019529078996 0.33528 -2.445003484775232 0.7988559315902781
26255 10561439 0.11058250994056627 0.06947210414928799 0.33528 -2.445003484775232 0.7988559315902781
26256 10561439 0.10944698637635653 0.06914225539067638 0.33528 -2.445003484775232 0.7988559315902781
26257 10561439 0.10831146281214676 0.06881240663206477 0.33528 -2.445003484775232 0.7988559315902781
26258 10561439 0.107175939247937 0.06848255787345316 0.33528 -2.445003484775232 0.7988559315902781
26259 10561439 0.10604041568372724 0.06815270911484153 0.33528 -2.445003484775232 0.7988559315902781
26260 10561439 0.10490489211951748 0.06782286035622995 0.33528 -2.445003484775232 0.7988559315902781
26261 10561439 0.10376936855530773 0.06749301159761834 0.33528 -2.445003484775232 0.7988559315902781
