25782 10561439 2.674277765469609 -0.009074697830800754 0.5181600000000001 -2.570776552658184 -0.08556141830814801
25783 10561439 2.7283713847050506 -0.01201529015050376 0.54864 -2.570776552658184 -0.08556141830814801
25784 10561439 2.7721464090866763 -0.013923302533566134 0.54864 -2.570776552658184 -0.08556141830814801
25785 10561439 2.798873193622191 -0.013653382767687877 0.54864 -2.570776552658184 -0.08556141830814801
25786 10561439 2.838808238567964 -0.013723366653062813 0.54864 -2.570776552658184 -0.08556141830814801
25787 10561439 2.9034032321353704 -0.018221740509744868 0.54864 -2.570776552658184 -0.08556141830814801
25788 10561439 2.9483821874998504 -0.019704024894143496 0.54864 -2.570776552658184 -0.08556141830814801
25789 10561439 2.986437451307162 -0.018458729466021256 0.57912 -2.570776552658184 -0.08556141830814801
25790 10561439 3.0296164543911264 -0.019469809597078253 0.57912 -2.570776552658184 -0.08556141830814801
25791 10561439 3.0845572838215185 -0.02361892742963581 0.57912 -2.570776552658184 -0.08556141830814801
25792 10561439 3.1305560339542087 -0.02578345323591305 0.57912 -2.570776552658184 -0.08556141830814801
25793 10561439 3.172829980400505 -0.02521333811911033 0.57912 -2.570776552658184 -0.08556141830814801
25794 10561439 3.2123057141144216 -0.025598727803916616 0.57912 -2.570776552658184 -0.08556141830814801
25795 10561439 3.256104620740956 -0.024708189457325475 0.57912 -2.570776552658184 -0.08556141830814801
25796 10561439 3.2853239238429057 -0.025775720508014997 0.59436 -2.570776552658184 -0.08556141830814801
25797 10561439 3.314543226944856 -0.026843251558704512 0.6096 -2.570776552658184 -0.08556141830814801
25798 10561439 3.3556254482918355 -0.024481421694255958 0.6096 -2.570776552658184 -0.08556141830814801
25799 10561439 3.397361318730536 -0.02174863931902796 0.6096 -2.570776552658184 -0.08556141830814801
25800 10561439 3.4494198734136807 -0.011871268971482857 0.6096 -2.570776552658184 -0.08556141830814801
25801 10561439 3.4870343406799105 0.002720263286817709 0.6096 -2.570776552658184 -0.08556141830814801
25802 10561439 3.518387017702984 0.01444928475316584 0.6400800000000001 -2.570776552658184 -0.08556141830814801
25803 10561439 3.5740524361389303 0.03810240332444045 0.6400800000000001 -2.570776552658184 -0.08556141830814801
25804 10561439 3.6148014539703457 0.062301492199436675 0.6400800000000001 -2.570776552658184 -0.08556141830814801
25805 10561439 3.6540386764149964 0.09003121476823525 0.6400800000000001 -2.570776552658184 -0.08556141830814801
25806 10561439 3.682568532356487 0.12032068491490752 0.6400800000000001 -2.570776552658184 -0.08556141830814801
25807 10561439 3.7130711172217135 0.1523027069548145 0.6400800000000001 -2.570776552658184 -0.08556141830814801
25808 10561439 3.736708050752004 0.18827741556768948 0.6400800000000001 -2.570776552658184 -0.08556141830814801
25809 10561439 3.7590836915611368 0.2241964840696514 0.6400800000000001 -2.570776552658184 -0.08556141830814801
25810 10561439 3.778756303868304 0.2654365229909822 0.6400800000000001 -2.570776552658184 -0.08556141830814801
25811 10561439 3.791243103212442 0.2900977714814422 0.6400800000000001 -2.570776552658184 -0.08556141830814801
25812 10561439 3.8056605365747322 0.3342792456749214 0.6553200000000001 -2.570776552658184 -0.08556141830814801
25813 10561439 3.8200779699370218 0.3784607198684006 0.67056 -2.570776552658184 -0.08556141830814801
25814 10561439 3.8292517749803685 0.4038526427287567 0.67056 -2.570776552658184 -0.08556141830814801
25815 10561439 3.841834840662301 0.4587370433150012 0.67056 -2.570776552658184 -0.08556141830814801
25816 10561439 3.8602178655523223 0.5327551283890042 0.67056 -2.570776552658184 -0.08556141830814801
25817 10561439 3.8680011454118297 0.5732024506487651 0.67056 -2.570776552658184 -0.08556141830814801
25818 10561439 3.8706073345944305 0.6013216278136381 0.67056 -2.570776552658184 -0.08556141830814801
25819 10561439 3.884566765187993 0.6778346025635139 0.67056 -2.570776552658184 -0.08556141830814801
25820 10561439 3.8861903001856257 0.7116478754604797 0.67056 -2.570776552658184 -0.08556141830814801
25821 10561439 3.8879034368641765 0.7413824047034087 0.67056 -2.570776552658184 -0.08556141830814801
25822 10561439 3.889616573542726 0.7711169339463376 0.67056 -2.570776552658184 -0.08556141830814801
25823 10561439 3.891329710221276 0.8008514631892666 0.67056 -2.570776552658184 -0.08556141830814801
25824 10561439 3.8818031191510105 0.8614326987271382 0.67056 -2.570776552658184 -0.08556141830814801
25825 10561439 3.872276528080745 0.9220139342650101 0.67056 -2.570776552658184 -0.08556141830814801
25826 10561439 3.8627499370104803 0.9825951698028816 0.67056 -2.570776552658184 -0.08556141830814801
25827 10561439 3.8532233459402137 1.0431764053407533 0.67056 -2.570776552658184 -0.08556141830814801
25828 10561439 3.8348028299839068 1.0857507644000697 0.67056 -2.570776552658184 -0.08556141830814801
25829 10561439 3.804959569632638 1.1215209734302445 0.67564 -2.570776552658184 -0.08556141830814801
25830 10561439 3.7751163092813687 1.1572911824604188 0.6807200000000001 -2.570776552658184 -0.08556141830814801
25831 10561439 3.7452730489301 1.193061391490594 0.6858000000000001 -2.570776552658184 -0.08556141830814801
25832 10561439 3.715429788578831 1.2288316005207691 0.69088 -2.570776552658184 -0.08556141830814801
25833 10561439 3.685586528227561 1.2646018095509437 0.6959600000000001 -2.570776552658184 -0.08556141830814801
25834 10561439 3.655743267876292 1.3003720185811185 0.7010400000000001 -2.570776552658184 -0.08556141830814801
25835 10561439 3.6066761663151587 1.3322741068606183 0.7010400000000001 -2.570776552658184 -0.08556141830814801
25836 10561439 3.563934045872384 1.3590749267172937 0.7010400000000001 -2.570776552658184 -0.08556141830814801
25837 10561439 3.511070041595964 1.386142795650455 0.7010400000000001 -2.570776552658184 -0.08556141830814801
25838 10561439 3.46112476932728 1.4058336896570458 0.7010400000000001 -2.570776552658184 -0.08556141830814801
25839 10561439 3.411179497058596 1.4255245836636372 0.7010400000000001 -2.570776552658184 -0.08556141830814801
25840 10561439 3.3764563574286313 1.4340558238998038 0.7010400000000001 -2.570776552658184 -0.08556141830814801
25841 10561439 3.341733217798666 1.4425870641359706 0.7010400000000001 -2.570776552658184 -0.08556141830814801
25842 10561439 3.2945121902826537 1.4556657413716063 0.7010400000000001 -2.570776552658184 -0.08556141830814801
25843 10561439 3.2233678070464107 1.4702465436248997 0.7010400000000001 -2.570776552658184 -0.08556141830814801
25844 10561439 3.1721547808794126 1.4792556858822783 0.7010400000000001 -2.570776552658184 -0.08556141830814801
25845 10561439 3.1198677928356733 1.49340537596478 0.7010400000000001 -2.570776552658184 -0.08556141830814801
25846 10561439 3.0710960924670587 1.501735060929603 0.7010400000000001 -2.570776552658184 -0.08556141830814801
25847 10561439 3.015206245831755 1.511104078826852 0.7010400000000001 -2.570776552658184 -0.08556141830814801
25848 10561439 2.9514643330243797 1.5211681276423978 0.7010400000000001 -2.570776552658184 -0.08556141830814801
25849 10561439 2.9100633809275624 1.528961501476474 0.7010400000000001 -2.570776552658184 -0.08556141830814801
25850 10561439 2.8699787274374158 1.5339890562249896 0.7010400000000001 -2.570776552658184 -0.08556141830814801
25851 10561439 2.829894073947268 1.5390166109735053 0.7010400000000001 -2.570776552658184 -0.08556141830814801
25852 10561439 2.776202386946544 1.544515649918656 0.7010400000000001 -2.570776552658184 -0.08556141830814801
25853 10561439 2.6930589776675604 1.5556602554839871 0.7010400000000001 -2.570776552658184 -0.08556141830814801
25854 10561439 2.616883911009555 1.5647639013442582 0.7010400000000001 -2.570776552658184 -0.08556141830814801
25855 10561439 2.5808859836777818 1.5698020018845145 0.7010400000000001 -2.570776552658184 -0.08556141830814801
25856 10561439 2.5448880563460095 1.574840102424771 0.7010400000000001 -2.570776552658184 -0.08556141830814801
25857 10561439 2.46324936009755 1.5825753699411218 0.7010400000000001 -2.570776552658184 -0.08556141830814801
25858 10561439 2.4250840120164434 1.5866865457228558 0.7010400000000001 -2.570776552658184 -0.08556141830814801
25859 10561439 2.3869186639353357 1.5907977215045903 0.7010400000000001 -2.570776552658184 -0.08556141830814801
25860 10561439 2.327195241101669 1.5944148146089867 0.7010400000000001 -2.570776552658184 -0.08556141830814801
25861 10561439 2.272996024257424 1.5964618249627909 0.7010400000000001 -2.570776552658184 -0.08556141830814801
25862 10561439 2.230903492485555 1.599695306501297 0.7010400000000001 -2.570776552658184 -0.08556141830814801
25863 10561439 2.1759735147206967 1.605486376595861 0.7010400000000001 -2.570776552658184 -0.08556141830814801
25864 10561439 2.1266845113398483 1.612239159348516 0.7010400000000001 -2.570776552658184 -0.08556141830814801
25865 10561439 2.068981066703386 1.619053739058374 0.7010400000000001 -2.570776552658184 -0.08556141830814801
25866 10561439 2.0156991843187138 1.6217375823313034 0.7010400000000001 -2.570776552658184 -0.08556141830814801
25867 10561439 1.9327557445401868 1.632825598568166 0.7010400000000001 -2.570776552658184 -0.08556141830814801
25868 10561439 1.8760141786377296 1.638509745773719 0.67056 -2.570776552658184 -0.08556141830814801
25869 10561439 1.8237574382875648 1.6470518149031117 0.67056 -2.570776552658184 -0.08556141830814801
25870 10561439 1.7692846224341936 1.6515283760795976 0.67056 -2.570776552658184 -0.08556141830814801
25871 10561439 1.7367346693681192 1.6538087297783677 0.67056 -2.570776552658184 -0.08556141830814801
25872 10561439 1.7041847163020445 1.6560890834771376 0.67056 -2.570776552658184 -0.08556141830814801
25873 10561439 1.650668283267469 1.6662121956735605 0.67056 -2.570776552658184 -0.08556141830814801
25874 10561439 1.5928828817240168 1.6714217870169372 0.67056 -2.570776552658184 -0.08556141830814801
25875 10561439 1.5498264767938248 1.6741562940699353 0.67056 -2.570776552658184 -0.08556141830814801
25876 10561439 1.4812361147365825 1.68570065738512 0.67056 -2.570776552658184 -0.08556141830814801
25877 10561439 1.4112534323767814 1.6916259324816396 0.67056 -2.570776552658184 -0.08556141830814801
25878 10561439 1.3412707500169805 1.6975512075781594 0.67056 -2.570776552658184 -0.08556141830814801
25879 10561439 1.2956298018072792 1.7073235233015154 0.67056 -2.570776552658184 -0.08556141830814801
25880 10561439 1.2398024720823762 1.7103773659050068 0.67056 -2.570776552658184 -0.08556141830814801
25881 10561439 1.1898577653673017 1.7151310921812155 0.67056 -2.570776552658184 -0.08556141830814801
25882 10561439 1.1281208527050628 1.7245562622527046 0.67056 -2.570776552658184 -0.08556141830814801
25883 10561439 1.080858751988657 1.7293687778690343 0.67056 -2.570776552658184 -0.08556141830814801
25884 10561439 1.017535079674223 1.7339392918699572 0.67056 -2.570776552658184 -0.08556141830814801
25885 10561439 0.9670639410089314 1.7398012064414001 0.67056 -2.570776552658184 -0.08556141830814801
25886 10561439 0.9342243428770404 1.7452756763840422 0.67056 -2.570776552658184 -0.08556141830814801
25887 10561439 0.8603334420941591 1.7528335757699234 0.67056 -2.570776552658184 -0.08556141830814801
25888 10561439 0.8156481587045785 1.7580617711000568 0.67056 -2.570776552658184 -0.08556141830814801
25889 10561439 0.7709628753149979 1.7632899664301904 0.67056 -2.570776552658184 -0.08556141830814801
25890 10561439 0.7325747013179191 1.7660516619558468 0.67056 -2.570776552658184 -0.08556141830814801
25891 10561439 0.6941865273208403 1.7688133574815033 0.67056 -2.570776552658184 -0.08556141830814801
25892 10561439 0.6200451435655205 1.7783248502358922 0.67056 -2.570776552658184 -0.08556141830814801
25893 10561439 0.5654117328432702 1.7836806788157933 0.67056 -2.570776552658184 -0.08556141830814801
25894 10561439 0.515824486642825 1.790892478140097 0.6400800000000001 -2.570776552658184 -0.08556141830814801
25895 10561439 0.4638953183632662 1.7950146714873678 0.6400800000000001 -2.570776552658184 -0.08556141830814801
25896 10561439 0.4100856119853975 1.7988172715812027 0.6400800000000001 -2.570776552658184 -0.08556141830814801
25897 10561439 0.3603905150910405 1.8016257700020808 0.6400800000000001 -2.570776552658184 -0.08556141830814801
25898 10561439 0.2958972105083757 1.8067016538445624 0.6400800000000001 -2.570776552658184 -0.08556141830814801
25899 10561439 0.24543425692343115 1.8098787547095043 0.6400800000000001 -2.570776552658184 -0.08556141830814801
25900 10561439 0.19279313906247075 1.8131840836988005 0.6400800000000001 -2.570776552658184 -0.08556141830814801
25901 10561439 0.1445538908626578 1.816102257568006 0.6400800000000001 -2.570776552658184 -0.08556141830814801
25902 10561439 0.09413559590461262 1.8183311120944736 0.6400800000000001 -2.570776552658184 -0.08556141830814801
25903 10561439 0.04359306495376747 1.8223534257105711 0.6400800000000001 -2.570776552658184 -0.08556141830814801
25904 10561439 -0.023007977366049426 1.829406330883256 0.6400800000000001 -2.570776552658184 -0.08556141830814801
25905 10561439 -0.039837735776370176 1.8295342412110585 0.6400800000000001 -2.570776552658184 -0.08556141830814801
25906 10561439 -0.095243974232059 1.8311752719734515 0.6400800000000001 -2.570776552658184 -0.08556141830814801
25907 10561439 -0.15003092849140987 1.8330815660149968 0.6400800000000001 -2.570776552658184 -0.08556141830814801
25908 10561439 -0.1956101985283165 1.836534257131928 0.6400800000000001 -2.570776552658184 -0.08556141830814801
25909 10561439 -0.2433610101889139 1.8357901744750609 0.6400800000000001 -2.570776552658184 -0.08556141830814801
25910 10561439 -0.2966063422046841 1.8426847279904899 0.6400800000000001 -2.570776552658184 -0.08556141830814801
25911 10561439 -0.3156078620162901 1.8436402198421011 0.6400800000000001 -2.570776552658184 -0.08556141830814801
25912 10561439 -0.3346093818278961 1.8445957116937128 0.6400800000000001 -2.570776552658184 -0.08556141830814801
25913 10561439 -0.3943424887579554 1.84251295628088 0.6400800000000001 -2.570776552658184 -0.08556141830814801
25914 10561439 -0.4480068058795397 1.8440543066178008 0.6400800000000001 -2.570776552658184 -0.08556141830814801
25915 10561439 -0.4640345729733153 1.8439208977375163 0.6400800000000001 -2.570776552658184 -0.08556141830814801
25916 10561439 -0.5326204288522152 1.8503422093590332 0.6400800000000001 -2.570776552658184 -0.08556141830814801
25917 10561439 -0.5710612429403938 1.8506449834878618 0.6400800000000001 -2.570776552658184 -0.08556141830814801
25918 10561439 -0.6123294297974415 1.854793484661185 0.6400800000000001 -2.570776552658184 -0.08556141830814801
25919 10561439 -0.6520538987660867 1.8555164505109942 0.67056 -2.570776552658184 -0.08556141830814801
25920 10561439 -0.6923473330396395 1.8599308146937616 0.6400800000000001 -2.570776552658184 -0.08556141830814801
25921 10561439 -0.7413022962097187 1.8595836170149111 0.6400800000000001 -2.570776552658184 -0.08556141830814801
25922 10561439 -0.7772049648542336 1.8638477028169131 0.6400800000000001 -2.570776552658184 -0.08556141830814801
25923 10561439 -0.8205872818716629 1.864248939310729 0.6400800000000001 -2.570776552658184 -0.08556141830814801
25924 10561439 -0.8601413502576123 1.863865715394757 0.6400800000000001 -2.570776552658184 -0.08556141830814801
25925 10561439 -0.9087922054815978 1.8687946868273184 0.6400800000000001 -2.570776552658184 -0.08556141830814801
25926 10561439 -0.9495609053706504 1.8690428641095176 0.6400800000000001 -2.570776552658184 -0.08556141830814801
25927 10561439 -0.9874659882704108 1.8671862479389112 0.6400800000000001 -2.570776552658184 -0.08556141830814801
25928 10561439 -1.0304343530511233 1.868855339210664 0.6400800000000001 -2.570776552658184 -0.08556141830814801
25929 10561439 -1.0699785425900088 1.8674184015281168 0.6400800000000001 -2.570776552658184 -0.08556141830814801
25930 10561439 -1.1121793238617312 1.868720043802236 0.6400800000000001 -2.570776552658184 -0.08556141830814801
25931 10561439 -1.1559317471692498 1.866907429984201 0.6400800000000001 -2.570776552658184 -0.08556141830814801
25932 10561439 -1.1767701949857496 1.866187564388256 0.6400800000000001 -2.570776552658184 -0.08556141830814801
25933 10561439 -1.1976086428022492 1.865467698792312 0.6400800000000001 -2.570776552658184 -0.08556141830814801
25934 10561439 -1.2387149091433078 1.8619720854606463 0.6400800000000001 -2.570776552658184 -0.08556141830814801
25935 10561439 -1.2778370356523634 1.859112876056089 0.6400800000000001 -2.570776552658184 -0.08556141830814801
25936 10561439 -1.3168800399488303 1.8554100884353837 0.6400800000000001 -2.570776552658184 -0.08556141830814801
25937 10561439 -1.3709725746928647 1.8458812643701032 0.6096 -2.570776552658184 -0.08556141830814801
25938 10561439 -1.4092765967946497 1.8373803687652492 0.6096 -2.570776552658184 -0.08556141830814801
25939 10561439 -1.444416045385077 1.823170861118084 0.6096 -2.570776552658184 -0.08556141830814801
25940 10561439 -1.479555493975504 1.808961353470918 0.6096 -2.570776552658184 -0.08556141830814801
25941 10561439 -1.5146949425659313 1.7947518458237524 0.6096 -2.570776552658184 -0.08556141830814801
25942 10561439 -1.5619403128484908 1.7697810276007204 0.6096 -2.570776552658184 -0.08556141830814801
25943 10561439 -1.5923896189412126 1.7445733355352606 0.6096 -2.570776552658184 -0.08556141830814801
25944 10561439 -1.6118499764281695 1.73259578536592 0.6096 -2.570776552658184 -0.08556141830814801
25945 10561439 -1.6481665541128827 1.6918983225425084 0.6096 -2.570776552658184 -0.08556141830814801
25946 10561439 -1.6680791089151616 1.6760961709673154 0.6096 -2.570776552658184 -0.08556141830814801
25947 10561439 -1.6955243239962934 1.6424279814927067 0.6096 -2.570776552658184 -0.08556141830814801
25948 10561439 -1.7150484000151704 1.616684068184293 0.57912 -2.570776552658184 -0.08556141830814801
25949 10561439 -1.7420927465206446 1.5828847895615308 0.57912 -2.570776552658184 -0.08556141830814801
25950 10561439 -1.7618558761384138 1.549624395052401 0.57912 -2.570776552658184 -0.08556141830814801
25951 10561439 -1.7834676699850427 1.5052846338969166 0.57912 -2.570776552658184 -0.08556141830814801
25952 10561439 -1.7980637279122675 1.4780453186991398 0.57912 -2.570776552658184 -0.08556141830814801
25953 10561439 -1.8107021573100484 1.439416051249873 0.57912 -2.570776552658184 -0.08556141830814801
25954 10561439 -1.8165807516582857 1.4149330496350978 0.57912 -2.570776552658184 -0.08556141830814801
25955 10561439 -1.8255029300663939 1.390920036325206 0.57912 -2.570776552658184 -0.08556141830814801
25956 10561439 -1.8344251084745025 1.3669070230153135 0.57912 -2.570776552658184 -0.08556141830814801
25957 10561439 -1.8422719598839796 1.3364079849042831 0.57912 -2.570776552658184 -0.08556141830814801
25958 10561439 -1.846680292385928 1.2957871270994985 0.57912 -2.570776552658184 -0.08556141830814801
25959 10561439 -1.854435835661132 1.2557940203778524 0.57912 -2.570776552658184 -0.08556141830814801
25960 10561439 -1.8639766636930768 1.2184881660401032 0.57912 -2.570776552658184 -0.08556141830814801
25961 10561439 -1.8719392982660807 1.1778617722583615 0.57912 -2.570776552658184 -0.08556141830814801
25962 10561439 -1.8767941048265937 1.1467343740379894 0.57912 -2.570776552658184 -0.08556141830814801
25963 10561439 -1.8794491225498475 1.114186231107026 0.57912 -2.570776552658184 -0.08556141830814801
25964 10561439 -1.8837757246706093 1.0835870855526542 0.57912 -2.570776552658184 -0.08556141830814801
25965 10561439 -1.8847366609382787 1.0301542505286754 0.57912 -2.570776552658184 -0.08556141830814801
25966 10561439 -1.8881084482157622 0.992699610455908 0.54864 -2.570776552658184 -0.08556141830814801
25967 10561439 -1.8875802358930192 0.9563058872342814 0.54864 -2.570776552658184 -0.08556141830814801
25968 10561439 -1.8907081705070807 0.9304556548494992 0.54864 -2.570776552658184 -0.08556141830814801
25969 10561439 -1.890535161808802 0.8848308500683342 0.54864 -2.570776552658184 -0.08556141830814801
25970 10561439 -1.8910425268455764 0.8452707375503591 0.54864 -2.570776552658184 -0.08556141830814801
25971 10561439 -1.8914706825288048 0.8140973127263932 0.54864 -2.570776552658184 -0.08556141830814801
25972 10561439 -1.8919182552439493 0.7950817559908254 0.54864 -2.570776552658184 -0.08556141830814801
25973 10561439 -1.8923658279590936 0.7760661992552575 0.54864 -2.570776552658184 -0.08556141830814801
25974 10561439 -1.8871214647694048 0.7418686202428767 0.54864 -2.570776552658184 -0.08556141830814801
25975 10561439 -1.8863657247243848 0.6939501744002506 0.54864 -2.570776552658184 -0.08556141830814801
25976 10561439 -1.88585948083826 0.6764920705765088 0.54864 -2.570776552658184 -0.08556141830814801
25977 10561439 -1.8811048061967923 0.6258633540296079 0.54864 -2.570776552658184 -0.08556141830814801
25978 10561439 -1.8758224066079217 0.5942239663861905 0.54864 -2.570776552658184 -0.08556141830814801
25979 10561439 -1.8754981515930675 0.5588319418050492 0.54864 -2.570776552658184 -0.08556141830814801
25980 10561439 -1.870420723959156 0.5281943927287316 0.54864 -2.570776552658184 -0.08556141830814801
25981 10561439 -1.8667058487327888 0.4895900847174093 0.54864 -2.570776552658184 -0.08556141830814801
25982 10561439 -1.8619228587665992 0.4618530947418895 0.5181600000000001 -2.570776552658184 -0.08556141830814801
25983 10561439 -1.8531521543905511 0.4316432166550964 0.5181600000000001 -2.570776552658184 -0.08556141830814801
25984 10561439 -1.8483587492645812 0.4028513154980065 0.5181600000000001 -2.570776552658184 -0.08556141830814801
25985 10561439 -1.8400512631316583 0.3782845461593486 0.5181600000000001 -2.570776552658184 -0.08556141830814801
25986 10561439 -1.8246654499291433 0.3367972909447451 0.5181600000000001 -2.570776552658184 -0.08556141830814801
25987 10561439 -1.8138129919068484 0.32109583605703684 0.5181600000000001 -2.570776552658184 -0.08556141830814801
25988 10561439 -1.8012450919738738 0.2916303383320118 0.5181600000000001 -2.570776552658184 -0.08556141830814801
25989 10561439 -1.7798636594867714 0.25787979847898823 0.48768 -2.570776552658184 -0.08556141830814801
25990 10561439 -1.7596303645201792 0.2325668996980865 0.48768 -2.570776552658184 -0.08556141830814801
25991 10561439 -1.747853325907734 0.2177900471605 0.48768 -2.570776552658184 -0.08556141830814801
25992 10561439 -1.7360762872952888 0.20301319462291356 0.48768 -2.570776552658184 -0.08556141830814801
25993 10561439 -1.7006727670600206 0.1713947203565868 0.48768 -2.570776552658184 -0.08556141830814801
25994 10561439 -1.6760812468695034 0.15356570735339234 0.48768 -2.570776552658184 -0.08556141830814801
25995 10561439 -1.6514897266789863 0.13573669435019795 0.48768 -2.570776552658184 -0.08556141830814801
25996 10561439 -1.6256853085448133 0.1179492928487776 0.48768 -2.570776552658184 -0.08556141830814801
25997 10561439 -1.5902372057074448 0.09963666183597876 0.48768 -2.570776552658184 -0.08556141830814801
25998 10561439 -1.5676541993276218 0.08754756354030503 0.48768 -2.570776552658184 -0.08556141830814801
25999 10561439 -1.5450711929477994 0.07545846524463126 0.48768 -2.570776552658184 -0.08556141830814801
26000 10561439 -1.5097642942414582 0.06391069313877859 0.48768 -2.570776552658184 -0.08556141830814801
26001 10561439 -1.4816746462847563 0.05881292768596332 0.48768 -2.570776552658184 -0.08556141830814801
26002 10561439 -1.4514085824443532 0.05154305845090937 0.48768 -2.570776552658184 -0.08556141830814801
26003 10561439 -1.42114251860395 0.044273189215855414 0.48768 -2.570776552658184 -0.08556141830814801
26004 10561439 -1.390252815044607 0.0409472992085049 0.4572000000000001 -2.570776552658184 -0.08556141830814801
26005 10561439 -1.348172078331605 0.036532022457431014 0.4572000000000001 -2.570776552658184 -0.08556141830814801
26006 10561439 -1.3155394619859673 0.033103794688451565 0.4572000000000001 -2.570776552658184 -0.08556141830814801
26007 10561439 -1.2845444562990658 0.03173014585993103 0.4572000000000001 -2.570776552658184 -0.08556141830814801
26008 10561439 -1.2481341967896895 0.03279181564168118 0.4572000000000001 -2.570776552658184 -0.08556141830814801
26009 10561439 -1.2207564280777925 0.02687635860153967 0.4572000000000001 -2.570776552658184 -0.08556141830814801
26010 10561439 -1.1884386587097382 0.02927664950841555 0.4572000000000001 -2.570776552658184 -0.08556141830814801
26011 10561439 -1.1558622038572923 0.0270358540814086 0.4572000000000001 -2.570776552658184 -0.08556141830814801
26012 10561439 -1.129800223821228 0.023887799624378172 0.4572000000000001 -2.570776552658184 -0.08556141830814801
26013 10561439 -1.1037382437851635 0.02073974516734775 0.4572000000000001 -2.570776552658184 -0.08556141830814801
26014 10561439 -1.0756787764089972 0.019625878041948902 0.42672 -2.570776552658184 -0.08556141830814801
26015 10561439 -1.0492846303604668 0.01613577439408817 0.42672 -2.570776552658184 -0.08556141830814801
26016 10561439 -1.0175167015186513 0.01930074719883265 0.42672 -2.570776552658184 -0.08556141830814801
26017 10561439 -0.9873588962433776 0.018085240131467367 0.42672 -2.570776552658184 -0.08556141830814801
26018 10561439 -0.9587041729845132 0.016076148533315043 0.42672 -2.570776552658184 -0.08556141830814801
26019 10561439 -0.9215056974294996 0.014661750795528866 0.42672 -2.570776552658184 -0.08556141830814801
26020 10561439 -0.895915775184388 0.009799468057998334 0.42672 -2.570776552658184 -0.08556141830814801
26021 10561439 -0.8655251782325017 0.00984048996434978 0.4206240000000001 -2.570776552658184 -0.08556141830814801
