28043 11217673 1.8447349239756337 2.9151199980281133 0.6096 -3.5652095705626183 0.5070087616291357
28044 11217673 1.8455372001877968 2.8673093046012936 0.6096 -3.5652095705626183 0.5070087616291357
28045 11217673 1.8494702624744832 2.820929132619568 0.6096 -3.5652095705626183 0.5070087616291357
28046 11217673 1.8453574515537428 2.726825399045337 0.6096 -3.5652095705626183 0.5070087616291357
28047 11217673 1.8425337064580305 2.6801411078567083 0.6096 -3.5652095705626183 0.5070087616291357
28048 11217673 1.8397099613623185 2.63345681666808 0.6096 -3.5652095705626183 0.5070087616291357
28049 11217673 1.8317070317680448 2.5885814710077284 0.6096 -3.5652095705626183 0.5070087616291357
28050 11217673 1.823704102173772 2.5437061253473767 0.6096 -3.5652095705626183 0.5070087616291357
28051 11217673 1.8160251002652918 2.4957458907725867 0.57912 -3.5652095705626183 0.5070087616291357
28052 11217673 1.8075950868288082 2.4536386927855025 0.57912 -3.5652095705626183 0.5070087616291357
28053 11217673 1.7987385308196029 2.4088670228666285 0.57912 -3.5652095705626183 0.5070087616291357
28054 11217673 1.788453920548165 2.3692349635800185 0.57912 -3.5652095705626183 0.5070087616291357
28055 11217673 1.7799347993056838 2.3173434893811096 0.57912 -3.5652095705626183 0.5070087616291357
28056 11217673 1.7682708165405785 2.2734890351185237 0.57912 -3.5652095705626183 0.5070087616291357
28057 11217673 1.759668656986035 2.2308539794395963 0.57912 -3.5652095705626183 0.5070087616291357
28058 11217673 1.7465563206468968 2.182566014027935 0.6096 -3.5652095705626183 0.5070087616291357
28059 11217673 1.7337408929835612 2.1392629931238667 0.6096 -3.5652095705626183 0.5070087616291357
28060 11217673 1.7209254653202248 2.095959972219799 0.6096 -3.5652095705626183 0.5070087616291357
28061 11217673 1.7058968454399508 2.058111468050936 0.6096 -3.5652095705626183 0.5070087616291357
28062 11217673 1.6894197697800313 2.0158294817724958 0.6096 -3.5652095705626183 0.5070087616291357
28063 11217673 1.682781130626012 1.995509301566945 0.6096 -3.5652095705626183 0.5070087616291357
28064 11217673 1.676142491471993 1.975189121361394 0.6096 -3.5652095705626183 0.5070087616291357
28065 11217673 1.6372263320170424 1.88976914544227 0.6096 -3.5652095705626183 0.5070087616291357
28066 11217673 1.6152849051212503 1.8519594143258402 0.6096 -3.5652095705626183 0.5070087616291357
28067 11217673 1.5933434782254583 1.81414968320941 0.6096 -3.5652095705626183 0.5070087616291357
28068 11217673 1.5679980342109368 1.7773352666268478 0.6096 -3.5652095705626183 0.5070087616291357
28069 11217673 1.5405342907095847 1.7435494921851755 0.6096 -3.5652095705626183 0.5070087616291357
28070 11217673 1.5130705472082324 1.7097637177435032 0.6096 -3.5652095705626183 0.5070087616291357
28071 11217673 1.4829456934820642 1.6746277198459276 0.6096 -3.5652095705626183 0.5070087616291357
28072 11217673 1.4523347272938756 1.6472443235181964 0.6096 -3.5652095705626183 0.5070087616291357
28073 11217673 1.417793242673691 1.615712769574157 0.6096 -3.5652095705626183 0.5070087616291357
28074 11217673 1.3832517580535066 1.5841812156301185 0.6096 -3.5652095705626183 0.5070087616291357
28075 11217673 1.344904054506478 1.5592090102731275 0.6096 -3.5652095705626183 0.5070087616291357
28076 11217673 1.3061984866226917 1.531783652865954 0.6096 -3.5652095705626183 0.5070087616291357
28077 11217673 1.2658791462519363 1.5075727205607767 0.57912 -3.5652095705626183 0.5070087616291357
28078 11217673 1.2233379624901044 1.4860739644469685 0.57912 -3.5652095705626183 0.5070087616291357
28079 11217673 1.1907812269528697 1.4730542143522383 0.59436 -3.5652095705626183 0.5070087616291357
28080 11217673 1.1582244914156352 1.4600344642575078 0.6096 -3.5652095705626183 0.5070087616291357
28081 11217673 1.101555277290054 1.4445546705113004 0.6096 -3.5652095705626183 0.5070087616291357
28082 11217673 1.0448860631644727 1.4290748767650927 0.6096 -3.5652095705626183 0.5070087616291357
28083 11217673 0.9999820625448966 1.4199152483949724 0.6096 -3.5652095705626183 0.5070087616291357
28084 11217673 0.9550780619253204 1.4107556200248519 0.6096 -3.5652095705626183 0.5070087616291357
28085 11217673 0.9069620116088324 1.4118754593913188 0.6096 -3.5652095705626183 0.5070087616291357
28086 11217673 0.8607593301478101 1.4117861823073208 0.6096 -3.5652095705626183 0.5070087616291357
28087 11217673 0.8143919522110802 1.4193449085940535 0.6096 -3.5652095705626183 0.5070087616291357
28088 11217673 0.7696379897262079 1.4236895884406562 0.6096 -3.5652095705626183 0.5070087616291357
28089 11217673 0.7254589372511014 1.4297940919423344 0.6096 -3.5652095705626183 0.5070087616291357
28090 11217673 0.6812798847759951 1.4358985954440124 0.6096 -3.5652095705626183 0.5070087616291357
28091 11217673 0.6371008323008887 1.442003098945691 0.6096 -3.5652095705626183 0.5070087616291357
28092 11217673 0.5893189884715853 1.4452355324919903 0.6096 -3.5652095705626183 0.5070087616291357
28093 11217673 0.5418235043186357 1.4482578483845645 0.6096 -3.5652095705626183 0.5070087616291357
28094 11217673 0.4948807892245986 1.4537869081242014 0.6096 -3.5652095705626183 0.5070087616291357
28095 11217673 0.4609312826051423 1.4572308993447751 0.6096 -3.5652095705626183 0.5070087616291357
28096 11217673 0.42698177598568604 1.4606748905653488 0.6096 -3.5652095705626183 0.5070087616291357
28097 11217673 0.37991563858123206 1.4660991506805463 0.6096 -3.5652095705626183 0.5070087616291357
28098 11217673 0.33284950117677803 1.471523410795744 0.6096 -3.5652095705626183 0.5070087616291357
28099 11217673 0.2975218355590391 1.4755062358177908 0.6096 -3.5652095705626183 0.5070087616291357
28100 11217673 0.2621941699413003 1.479489060839838 0.6096 -3.5652095705626183 0.5070087616291357
28101 11217673 0.169623174309826 1.4869669552287872 0.6096 -3.5652095705626183 0.5070087616291357
28102 11217673 0.14571479465186488 1.4885319750992232 0.6096 -3.5652095705626183 0.5070087616291357
28103 11217673 0.12180641499390375 1.4900969949696592 0.6096 -3.5652095705626183 0.5070087616291357
28104 11217673 0.07643091231136999 1.4925461106052456 0.6096 -3.5652095705626183 0.5070087616291357
28105 11217673 -0.013194464293467378 1.4995306768367018 0.6096 -3.5652095705626183 0.5070087616291357
28106 11217673 -0.05507202210566575 1.5031737164278731 0.6096 -3.5652095705626183 0.5070087616291357
28107 11217673 -0.09989557316337727 1.5073127987067705 0.6096 -3.5652095705626183 0.5070087616291357
28108 11217673 -0.14210530653327513 1.5112986013109937 0.6096 -3.5652095705626183 0.5070087616291357
28109 11217673 -0.1842805575725628 1.5153902076458148 0.6096 -3.5652095705626183 0.5070087616291357
28110 11217673 -0.2258346519850873 1.5213819915770372 0.6096 -3.5652095705626183 0.5070087616291357
28111 11217673 -0.2741246277959286 1.5219821044634363 0.6096 -3.5652095705626183 0.5070087616291357
28112 11217673 -0.31551831369405936 1.52792195472108 0.6096 -3.5652095705626183 0.5070087616291357
28113 11217673 -0.35737276774550275 1.5319096695793633 0.6096 -3.5652095705626183 0.5070087616291357
28114 11217673 -0.3989614395423777 1.5377969215355998 0.6096 -3.5652095705626183 0.5070087616291357
28115 11217673 -0.44127489358752897 1.5414678592096789 0.6096 -3.5652095705626183 0.5070087616291357
28116 11217673 -0.4716631980937601 1.5439269625864465 0.6096 -3.5652095705626183 0.5070087616291357
28117 11217673 -0.5020515025999911 1.5463860659632145 0.6096 -3.5652095705626183 0.5070087616291357
28118 11217673 -0.5315144606837738 1.5509963623086669 0.6096 -3.5652095705626183 0.5070087616291357
28119 11217673 -0.5609774187675567 1.5556066586541188 0.6096 -3.5652095705626183 0.5070087616291357
28120 11217673 -0.6024626008042941 1.5618117592441727 0.6096 -3.5652095705626183 0.5070087616291357
28121 11217673 -0.6783507150325421 1.5714393178990824 0.6096 -3.5652095705626183 0.5070087616291357
28122 11217673 -0.6980289377809955 1.5729089294913203 0.6096 -3.5652095705626183 0.5070087616291357
28123 11217673 -0.7177071605294489 1.5743785410835582 0.6096 -3.5652095705626183 0.5070087616291357
28124 11217673 -0.7551530332652101 1.5837033947202468 0.57912 -3.5652095705626183 0.5070087616291357
28125 11217673 -0.8359487503835388 1.6027656850484904 0.57912 -3.5652095705626183 0.5070087616291357
28126 11217673 -0.873981347162603 1.6102968443701704 0.57912 -3.5652095705626183 0.5070087616291357
28127 11217673 -0.9145811373734338 1.618667822993315 0.57912 -3.5652095705626183 0.5070087616291357
28128 11217673 -0.9543645659570557 1.6289919714025207 0.57912 -3.5652095705626183 0.5070087616291357
28129 11217673 -0.995124751535608 1.6374158910881902 0.57912 -3.5652095705626183 0.5070087616291357
28130 11217673 -1.0382916641909803 1.6466272270692113 0.57912 -3.5652095705626183 0.5070087616291357
28131 11217673 -1.0783958786877679 1.6570570337234642 0.57912 -3.5652095705626183 0.5070087616291357
28132 11217673 -1.1215972488627155 1.6661633328252972 0.57912 -3.5652095705626183 0.5070087616291357
28133 11217673 -1.1652026877161614 1.6729484459243744 0.57912 -3.5652095705626183 0.5070087616291357
28134 11217673 -1.1867058658400649 1.6775283936800611 0.57912 -3.5652095705626183 0.5070087616291357
28135 11217673 -1.2082090439639683 1.6821083414357478 0.57912 -3.5652095705626183 0.5070087616291357
28136 11217673 -1.2494077336934717 1.6881067366494305 0.57912 -3.5652095705626183 0.5070087616291357
28137 11217673 -1.2909618506636729 1.694104794946804 0.57912 -3.5652095705626183 0.5070087616291357
28138 11217673 -1.3315593287370993 1.6948828739299786 0.57912 -4.113242484253095 -0.1368982692930365
28139 11217673 -1.3715008594708193 1.6976665608278718 0.57912 -4.113242484253095 -0.1368982692930365
28140 11217673 -1.414104046704508 1.6991011921438903 0.57912 -4.113242484253095 -0.1368982692930365
28141 11217673 -1.4906819889893514 1.6889832998661138 0.54864 -4.113242484253095 -0.1368982692930365
28142 11217673 -1.528309540553256 1.681196148422457 0.54864 -4.113242484253095 -0.1368982692930365
28143 11217673 -1.5650483558720325 1.6645890537678445 0.54864 -4.113242484253095 -0.1368982692930365
28144 11217673 -1.6017871711908087 1.6479819591132316 0.54864 -4.113242484253095 -0.1368982692930365
28145 11217673 -1.6186550658614107 1.6371425492652458 0.54864 -4.113242484253095 -0.1368982692930365
28146 11217673 -1.6355229605320127 1.626303139417261 0.54864 -4.113242484253095 -0.1368982692930365
28147 11217673 -1.6937420263661906 1.5650797925091011 0.54864 -4.113242484253095 -0.1368982692930365
28148 11217673 -1.7085003138949664 1.5385653469434248 0.5410200000000001 -4.113242484253095 -0.1368982692930365
28149 11217673 -1.723258601423742 1.5120509013777483 0.5334000000000001 -4.113242484253095 -0.1368982692930365
28150 11217673 -1.7380168889525174 1.4855364558120718 0.52578 -4.113242484253095 -0.1368982692930365
28151 11217673 -1.752775176481293 1.4590220102463956 0.5181600000000001 -4.113242484253095 -0.1368982692930365
28152 11217673 -1.775772508627785 1.3887292590961138 0.5181600000000001 -4.113242484253095 -0.1368982692930365
28153 11217673 -1.7801095451225148 1.3499545962603656 0.5181600000000001 -4.113242484253095 -0.1368982692930365
28154 11217673 -1.78385744437852 1.3099940531084757 0.5181600000000001 -4.113242484253095 -0.1368982692930365
28155 11217673 -1.7876053436345252 1.2700335099565865 0.5181600000000001 -4.113242484253095 -0.1368982692930365
28156 11217673 -1.7881743898764932 1.2275724747125034 0.5181600000000001 -4.113242484253095 -0.1368982692930365
28157 11217673 -1.7878140180037685 1.1947389308374807 0.5181600000000001 -4.113242484253095 -0.1368982692930365
28158 11217673 -1.7896289256936668 1.155256046067971 0.5181600000000001 -4.113242484253095 -0.1368982692930365
28159 11217673 -1.7912325122149253 1.1381376055615409 0.5181600000000001 -4.113242484253095 -0.1368982692930365
28160 11217673 -1.7928360987361838 1.1210191650551105 0.5181600000000001 -4.113242484253095 -0.1368982692930365
28161 11217673 -1.7966647333700703 1.0848824623524709 0.5181600000000001 -4.113242484253095 -0.1368982692930365
28162 11217673 -1.7954221477186822 1.0140206192111083 0.5181600000000001 -4.113242484253095 -0.1368982692930365
28163 11217673 -1.7939251709058472 0.9771932716921504 0.5181600000000001 -4.113242484253095 -0.1368982692930365
28164 11217673 -1.7924281940930122 0.9403659241731924 0.5181600000000001 -4.113242484253095 -0.1368982692930365
28165 11217673 -1.7914907179582191 0.9099726578746734 0.5181600000000001 -4.113242484253095 -0.1368982692930365
28166 11217673 -1.7905532418234265 0.8795793915761545 0.5181600000000001 -4.113242484253095 -0.1368982692930365
28167 11217673 -1.7883307336914334 0.8449684443978189 0.50292 -4.113242484253095 -0.1368982692930365
28168 11217673 -1.7861082255594405 0.8103574972194834 0.48768 -4.113242484253095 -0.1368982692930365
28169 11217673 -1.7845933074152536 0.7735828437855865 0.48768 -4.113242484253095 -0.1368982692930365
28170 11217673 -1.7830783892710669 0.7368081903516897 0.48768 -4.113242484253095 -0.1368982692930365
28171 11217673 -1.777868010804173 0.7025051460470043 0.48768 -4.113242484253095 -0.1368982692930365
28172 11217673 -1.7739994749592611 0.677404150897555 0.48768 -4.113242484253095 -0.1368982692930365
28173 11217673 -1.7701309391143498 0.6523031557481058 0.48768 -4.113242484253095 -0.1368982692930365
28174 11217673 -1.7655107921419255 0.6083202892087627 0.48768 -4.113242484253095 -0.1368982692930365
28175 11217673 -1.760890645169502 0.5643374226694196 0.48768 -4.113242484253095 -0.1368982692930365
28176 11217673 -1.75542479011092 0.5321709443773973 0.48768 -4.113242484253095 -0.1368982692930365
28177 11217673 -1.7502135520729545 0.4978678461171898 0.48768 -4.113242484253095 -0.1368982692930365
28178 11217673 -1.7450023140349884 0.4635647478569822 0.48768 -4.113242484253095 -0.1368982692930365
28179 11217673 -1.7418051403868284 0.4326078550897191 0.48768 -4.113242484253095 -0.1368982692930365
28180 11217673 -1.734945968875995 0.3951953024206669 0.48768 -4.113242484253095 -0.1368982692930365
28181 11217673 -1.7296997354172303 0.3609977225277823 0.48768 -4.113242484253095 -0.1368982692930365
28182 11217673 -1.7242331162473783 0.3288312036116755 0.48768 -4.113242484253095 -0.1368982692930365
28183 11217673 -1.7151638907020728 0.2981735961548068 0.4572000000000001 -4.113242484253095 -0.1368982692930365
28184 11217673 -1.706715970300405 0.26561615622069845 0.4572000000000001 -4.113242484253095 -0.1368982692930365
28185 11217673 -1.6948809059051728 0.2366244054924976 0.4572000000000001 -4.113242484253095 -0.1368982692930365
28186 11217673 -1.6789133297270158 0.20125689486909254 0.4572000000000001 -4.113242484253095 -0.1368982692930365
28187 11217673 -1.664567122046097 0.1717944203263376 0.4572000000000001 -4.113242484253095 -0.1368982692930365
28188 11217673 -1.6441801679689616 0.14993695772387136 0.4572000000000001 -4.113242484253095 -0.1368982692930365
28189 11217673 -1.6252859674271194 0.12623107257700025 0.4572000000000001 -4.113242484253095 -0.1368982692930365
28190 11217673 -1.6041047403026056 0.10680130138218356 0.4572000000000001 -4.113242484253095 -0.1368982692930365
28191 11217673 -1.5794786082582155 0.09138577656537136 0.4572000000000001 -4.113242484253095 -0.1368982692930365
28192 11217673 -1.5659333964783182 0.08309981213235004 0.44196 -4.113242484253095 -0.1368982692930365
28193 11217673 -1.5523881846984209 0.07481384769932872 0.42672 -4.113242484253095 -0.1368982692930365
28194 11217673 -1.5249076482533592 0.05834813781309065 0.42672 -4.113242484253095 -0.1368982692930365
28195 11217673 -1.502024608326353 0.06313188474320006 0.42672 -4.113242484253095 -0.1368982692930365
28196 11217673 -1.4374485531342411 0.044932621175245296 0.42672 -4.113242484253095 -0.1368982692930365
28197 11217673 -1.404127893614688 0.03111409590598255 0.42672 -4.113242484253095 -0.1368982692930365
28198 11217673 -1.3885579577718108 0.02847558678793818 0.42672 -4.113242484253095 -0.1368982692930365
28199 11217673 -1.372988021928934 0.025837077669893817 0.42672 -4.113242484253095 -0.1368982692930365
28200 11217673 -1.3051082602803423 0.01882656449106332 0.42672 -4.113242484253095 -0.1368982692930365
28201 11217673 -1.2763411853471631 0.014442793674324522 0.42672 -4.113242484253095 -0.1368982692930365
28202 11217673 -1.242966244348268 0.01871705294155676 0.39624 -4.113242484253095 -0.1368982692930365
28203 11217673 -1.207537969150518 0.018406013563833732 0.39624 -4.113242484253095 -0.1368982692930365
28204 11217673 -1.1721096939527682 0.018094974186110696 0.39624 -4.113242484253095 -0.1368982692930365
28205 11217673 -1.138502136017374 0.01493290075852291 0.39624 -4.113242484253095 -0.1368982692930365
28206 11217673 -1.1075951929660943 0.01709387264880255 0.39624 -4.113242484253095 -0.1368982692930365
28207 11217673 -1.07468221291499 0.018598983869122367 0.39624 -4.113242484253095 -0.1368982692930365
28208 11217673 -1.0409064237402677 0.0227429903640752 0.39624 -4.113242484253095 -0.1368982692930365
28209 11217673 -1.0073249041715893 0.016785951955032602 0.39624 -4.113242484253095 -0.1368982692930365
28210 11217673 -0.9919957830242752 0.014227033250741344 0.39624 -4.113242484253095 -0.1368982692930365
28211 11217673 -0.9766666618769612 0.011668114546450087 0.39624 -4.113242484253095 -0.1368982692930365
28212 11217673 -0.9460118856569342 0.014145843721507928 0.39624 -4.113242484253095 -0.1368982692930365
28213 11217673 -0.916012904002391 0.0146182490766594 0.39624 -4.113242484253095 -0.1368982692930365
28214 11217673 -0.8693846818424674 0.016780518985208437 0.381 -4.113242484253095 -0.1368982692930365
28215 11217673 -0.8227564596825439 0.018942788893757476 0.36576 -4.113242484253095 -0.1368982692930365
28216 11217673 -0.793920643591554 0.014772081968282419 0.36576 -4.113242484253095 -0.1368982692930365
28217 11217673 -0.7631822709348002 0.009628934004623195 0.36576 -4.113242484253095 -0.1368982692930365
28218 11217673 -0.7351794861864718 0.02056879467517156 0.36576 -4.113242484253095 -0.1368982692930365
28219 11217673 -0.7075041651640028 0.014207495600249559 0.36576 -4.113242484253095 -0.1368982692930365
28220 11217673 -0.6777237492580439 0.014284938210805703 0.36576 -4.113242484253095 -0.1368982692930365
28221 11217673 -0.6498804386544825 0.015229481784793025 0.36576 -4.113242484253095 -0.1368982692930365
28222 11217673 -0.6219161678192291 0.011110722766763255 0.33528 -4.113242484253095 -0.1368982692930365
28223 11217673 -0.5992822042356272 0.011743235941986093 0.33528 -4.113242484253095 -0.1368982692930365
28224 11217673 -0.5766482406520252 0.012375749117208928 0.33528 -4.113242484253095 -0.1368982692930365
28225 11217673 -0.5469150916058938 0.014075660555669584 0.33528 -4.113242484253095 -0.1368982692930365
28226 11217673 -0.5171819425597622 0.015775571994130242 0.33528 -4.113242484253095 -0.1368982692930365
28227 11217673 -0.4955665929253485 0.015602248668093288 0.33528 -4.113242484253095 -0.1368982692930365
28228 11217673 -0.4739512432909347 0.015428925342056338 0.33528 -4.113242484253095 -0.1368982692930365
28229 11217673 -0.44698938686823975 0.0066147129276794845 0.33528 -4.113242484253095 -0.1368982692930365
28230 11217673 -0.4022385728802664 0.007115255236956858 0.33528 -4.113242484253095 -0.1368982692930365
28231 11217673 -0.3574877588922931 0.007615797546234231 0.33528 -4.113242484253095 -0.1368982692930365
28232 11217673 -0.32730649976352 0.007563552794628975 0.33528 -4.113242484253095 -0.1368982692930365
28233 11217673 -0.30105961279435056 0.006344059411331843 0.33528 -4.113242484253095 -0.1368982692930365
28234 11217673 -0.2714649807667724 0.004497650437727291 0.33528 -4.113242484253095 -0.1368982692930365
28235 11217673 -0.2434135021048729 0.00771223522881273 0.3048 -4.113242484253095 -0.1368982692930365
28236 11217673 -0.21596065717307567 0.008552294541350564 0.3048 -4.113242484253095 -0.1368982692930365
28237 11217673 -0.1881568253363035 0.010738163195554816 0.3048 -4.113242484253095 -0.1368982692930365
28238 11217673 -0.16035299349953136 0.012924031849759071 0.3048 -4.113242484253095 -0.1368982692930365
28239 11217673 -0.1327734899664812 0.014423963405294532 0.3048 -4.113242484253095 -0.1368982692930365
28240 11217673 -0.10465620747985943 0.008738388693096344 0.3048 -4.113242484253095 -0.1368982692930365
28241 11217673 -0.07653892499323768 0.003052813980898156 0.3048 -4.113242484253095 -0.1368982692930365
28242 11217673 -0.05074369763759837 0.003442326164912441 0.29718 -4.113242484253095 -0.1368982692930365
28243 11217673 -0.024948470281959068 0.003831838348926725 0.28956000000000004 -4.113242484253095 -0.1368982692930365
28244 11217673 0.0008467570736802321 0.0042213505329410095 0.28194 -4.113242484253095 -0.1368982692930365
28245 11217673 0.02664198442931953 0.004610862716955294 0.27432 -4.113242484253095 -0.1368982692930365
28246 11217673 0.052221638734147764 0.005518977203329982 0.27432 -4.113242484253095 -0.1368982692930365
28247 11217673 0.07780129303897597 0.006427091689704669 0.27432 -4.113242484253095 -0.1368982692930365
28248 11217673 0.1033809473438042 0.007335206176079356 0.27432 -4.113242484253095 -0.1368982692930365
28249 11217673 0.11305373010899378 0.007853978429707364 0.28956000000000004 -4.113242484253095 -0.1368982692930365
28250 11217673 0.12272651287418335 0.008372750683335373 0.3048 -4.113242484253095 -0.1368982692930365
28251 11217673 0.16380240182611094 0.01013589906994078 0.3048 -4.113242484253095 -0.1368982692930365
28252 11217673 0.1638935572615436 0.01016554740913062 0.3048 -4.113242484253095 -0.1368982692930365
28253 11217673 0.16398471269697626 0.010195195748320458 0.3048 -4.113242484253095 -0.1368982692930365
28254 11217673 0.1640758681324089 0.010224844087510296 0.3048 -4.113242484253095 -0.1368982692930365
28255 11217673 0.16416702356784155 0.010254492426700136 0.3048 -4.113242484253095 -0.1368982692930365
28256 11217673 0.16425817900327422 0.010284140765889977 0.3048 -4.113242484253095 -0.1368982692930365
28257 11217673 0.1643493344387069 0.010313789105079815 0.3048 -4.113242484253095 -0.1368982692930365
28258 11217673 0.16444048987413953 0.010343437444269656 0.3048 -4.113242484253095 -0.1368982692930365
28259 11217673 0.16453164530957218 0.010373085783459492 0.3048 -4.113242484253095 -0.1368982692930365
28260 11217673 0.16462280074500485 0.010402734122649332 0.3048 -4.113242484253095 -0.1368982692930365
28261 11217673 0.1647139561804375 0.010432382461839172 0.3048 -4.113242484253095 -0.1368982692930365
28262 11217673 0.16480511161587014 0.010462030801029013 0.3048 -4.113242484253095 -0.1368982692930365
28263 11217673 0.1648962670513028 0.01049167914021885 0.3048 -4.113242484253095 -0.1368982692930365
28264 11217673 0.16498742248673545 0.010521327479408687 0.3048 -4.113242484253095 -0.1368982692930365
28265 11217673 0.16507857792216812 0.010550975818598528 0.3048 -4.113242484253095 -0.1368982692930365
28266 11217673 0.16516973335760074 0.01058062415778837 0.3048 -4.113242484253095 -0.1368982692930365
28267 11217673 0.16526088879303344 0.010610272496978207 0.3048 -4.113242484253095 -0.1368982692930365
28268 11217673 0.16535204422846608 0.010639920836168049 0.3048 -4.113242484253095 -0.1368982692930365
28269 11217673 0.16544319966389875 0.010669569175357885 0.3048 -4.113242484253095 -0.1368982692930365
28270 11217673 0.1655343550993314 0.010699217514547723 0.3048 -4.113242484253095 -0.1368982692930365
28271 11217673 0.16562551053476404 0.010728865853737564 0.3048 -4.113242484253095 -0.1368982692930365
28272 11217673 0.1657166659701967 0.010758514192927405 0.3048 -4.113242484253095 -0.1368982692930365
28273 11217673 0.16580782140562936 0.010788162532117243 0.3048 -4.113242484253095 -0.1368982692930365
28274 11217673 0.16589897684106206 0.01081781087130708 0.3048 -4.113242484253095 -0.1368982692930365
28275 11217673 0.16599013227649467 0.01084745921049692 0.3048 -4.113242484253095 -0.1368982692930365
28276 11217673 0.16608128771192732 0.01087710754968676 0.3048 -4.113242484253095 -0.1368982692930365
28277 11217673 0.16617244314736 0.0109067558888766 0.3048 -4.113242484253095 -0.1368982692930365
28278 11217673 0.16626359858279266 0.010936404228066441 0.3048 -4.113242484253095 -0.1368982692930365
28279 11217673 0.1663547540182253 0.010966052567256277 0.3048 -4.113242484253095 -0.1368982692930365
28280 11217673 0.16644590945365795 0.010995700906446115 0.3048 -4.113242484253095 -0.1368982692930365
28281 11217673 0.16653706488909062 0.011025349245635956 0.3048 -4.113242484253095 -0.1368982692930365
28282 11217673 0.16662822032452326 0.011054997584825796 0.3048 -4.113242484253095 -0.1368982692930365
