28136 11289096 4.746827100709078 0.9754482424353262 0.7010400000000001 -3.5652095705626183 0.5070087616291357
28137 11289096 4.7730191667886785 0.9890684903749546 0.7010400000000001 -3.5652095705626183 0.5070087616291357
28138 11289096 4.820124038589164 1.0164544725807938 0.7010400000000001 -4.113242484253095 -0.1368982692930365
28139 11289096 4.859704205891274 1.0343807187557437 0.7010400000000001 -4.113242484253095 -0.1368982692930365
28140 11289096 4.891236788553987 1.0521288322189812 0.7010400000000001 -4.113242484253095 -0.1368982692930365
28141 11289096 4.923593879924795 1.0683231814370735 0.7010400000000001 -4.113242484253095 -0.1368982692930365
28142 11289096 4.9559303542785935 1.0898975517446414 0.7010400000000001 -4.113242484253095 -0.1368982692930365
28143 11289096 5.003054484252896 1.1119048057317875 0.7010400000000001 -4.113242484253095 -0.1368982692930365
28144 11289096 5.042067215460124 1.1321778287548714 0.71628 -4.113242484253095 -0.1368982692930365
28145 11289096 5.081079946667352 1.1524508517779557 0.73152 -4.113242484253095 -0.1368982692930365
28146 11289096 5.097510305268054 1.1606413797557984 0.73152 -4.113242484253095 -0.1368982692930365
28147 11289096 5.113940663868758 1.168831907733641 0.73152 -4.113242484253095 -0.1368982692930365
28148 11289096 5.149643652234631 1.1844028624024692 0.73152 -4.113242484253095 -0.1368982692930365
28149 11289096 5.185346640600503 1.1999738170712972 0.73152 -4.113242484253095 -0.1368982692930365
28150 11289096 5.221130333417798 1.2171539385591703 0.73152 -4.113242484253095 -0.1368982692930365
28151 11289096 5.2595646179326865 1.2408285387202216 0.762 -4.113242484253095 -0.1368982692930365
28152 11289096 5.294144156717581 1.2575839875017178 0.762 -4.113242484253095 -0.1368982692930365
28153 11289096 5.325639695513127 1.273593285525273 0.762 -4.113242484253095 -0.1368982692930365
28154 11289096 5.360622161350731 1.2951234295152647 0.762 -4.113242484253095 -0.1368982692930365
28155 11289096 5.405634760404128 1.3174706721237612 0.762 -4.113242484253095 -0.1368982692930365
28156 11289096 5.439571791558067 1.334436124697037 0.762 -4.113242484253095 -0.1368982692930365
28157 11289096 5.457549128105818 1.3432907187660381 0.762 -4.113242484253095 -0.1368982692930365
28158 11289096 5.485044257702102 1.3611891728647731 0.762 -4.113242484253095 -0.1368982692930365
28159 11289096 5.536602715640909 1.3870088530300504 0.762 -4.113242484253095 -0.1368982692930365
28160 11289096 5.556685270914704 1.4009589728712788 0.7772399999999999 -4.113242484253095 -0.1368982692930365
28161 11289096 5.5767678261884965 1.4149090927125072 0.7924800000000001 -4.113242484253095 -0.1368982692930365
28162 11289096 5.611162682396312 1.4321929802659688 0.7924800000000001 -4.113242484253095 -0.1368982692930365
28163 11289096 5.645180630644 1.4532208767241022 0.7924800000000001 -4.113242484253095 -0.1368982692930365
28164 11289096 5.672319644742006 1.4711190872169864 0.7924800000000001 -4.113242484253095 -0.1368982692930365
28165 11289096 5.672412290288258 1.470320919892725 0.7923956146179403 -4.113242484253095 -0.1368982692930365
28166 11289096 5.672504935834508 1.469522752568463 0.7923112292358805 -4.113242484253095 -0.1368982692930365
28167 11289096 5.672597581380758 1.468724585244202 0.7922268438538207 -4.113242484253095 -0.1368982692930365
28168 11289096 5.672690226927007 1.4679264179199405 0.7921424584717609 -4.113242484253095 -0.1368982692930365
28169 11289096 5.672782872473259 1.467128250595679 0.7920580730897011 -4.113242484253095 -0.1368982692930365
28170 11289096 5.6728755180195085 1.4663300832714177 0.7919736877076413 -4.113242484253095 -0.1368982692930365
28171 11289096 5.672968163565758 1.465531915947156 0.7918893023255815 -4.113242484253095 -0.1368982692930365
28172 11289096 5.67306080911201 1.4647337486228946 0.7918049169435216 -4.113242484253095 -0.1368982692930365
28173 11289096 5.6731534546582605 1.4639355812986332 0.7917205315614618 -4.113242484253095 -0.1368982692930365
28174 11289096 5.673246100204509 1.4631374139743716 0.791636146179402 -4.113242484253095 -0.1368982692930365
28175 11289096 5.673338745750762 1.4623392466501102 0.7915517607973422 -4.113242484253095 -0.1368982692930365
28176 11289096 5.6734313912970125 1.4615410793258488 0.7914673754152824 -4.113242484253095 -0.1368982692930365
28177 11289096 5.673524036843261 1.4607429120015871 0.7913829900332227 -4.113242484253095 -0.1368982692930365
28178 11289096 5.673616682389513 1.4599447446773255 0.7912986046511629 -4.113242484253095 -0.1368982692930365
28179 11289096 5.673709327935763 1.4591465773530643 0.7912142192691031 -4.113242484253095 -0.1368982692930365
28180 11289096 5.673801973482012 1.4583484100288029 0.7911298338870433 -4.113242484253095 -0.1368982692930365
28181 11289096 5.673894619028263 1.4575502427045417 0.7910454485049835 -4.113242484253095 -0.1368982692930365
28182 11289096 5.673987264574514 1.4567520753802798 0.7909610631229237 -4.113242484253095 -0.1368982692930365
28183 11289096 5.6740799101207635 1.4559539080560184 0.7908766777408639 -4.113242484253095 -0.1368982692930365
28184 11289096 5.674172555667014 1.4551557407317568 0.7907922923588041 -4.113242484253095 -0.1368982692930365
28185 11289096 5.674265201213265 1.4543575734074956 0.7907079069767443 -4.113242484253095 -0.1368982692930365
28186 11289096 5.674357846759516 1.4535594060832342 0.7906235215946844 -4.113242484253095 -0.1368982692930365
28187 11289096 5.674450492305765 1.4527612387589726 0.7905391362126246 -4.113242484253095 -0.1368982692930365
28188 11289096 5.674543137852017 1.4519630714347111 0.7904547508305648 -4.113242484253095 -0.1368982692930365
28189 11289096 5.6746357833982675 1.4511649041104495 0.790370365448505 -4.113242484253095 -0.1368982692930365
28190 11289096 5.674728428944516 1.450366736786188 0.7902859800664452 -4.113242484253095 -0.1368982692930365
28191 11289096 5.674821074490768 1.4495685694619267 0.7902015946843854 -4.113242484253095 -0.1368982692930365
28192 11289096 5.674913720037018 1.4487704021376653 0.7901172093023257 -4.113242484253095 -0.1368982692930365
28193 11289096 5.675006365583267 1.447972234813404 0.7900328239202659 -4.113242484253095 -0.1368982692930365
28194 11289096 5.675099011129517 1.4471740674891422 0.7899484385382061 -4.113242484253095 -0.1368982692930365
28195 11289096 5.675191656675769 1.4463759001648808 0.7898640531561463 -4.113242484253095 -0.1368982692930365
28196 11289096 5.6752843022220185 1.4455777328406194 0.7897796677740865 -4.113242484253095 -0.1368982692930365
28197 11289096 5.675376947768268 1.444779565516358 0.7896952823920267 -4.113242484253095 -0.1368982692930365
28198 11289096 5.67546959331452 1.4439813981920964 0.7896108970099669 -4.113242484253095 -0.1368982692930365
28199 11289096 5.6755622388607705 1.443183230867835 0.7895265116279071 -4.113242484253095 -0.1368982692930365
28200 11289096 5.675654884407022 1.4423850635435735 0.7894421262458472 -4.113242484253095 -0.1368982692930365
28201 11289096 5.675747529953271 1.441586896219312 0.7893577408637874 -4.113242484253095 -0.1368982692930365
28202 11289096 5.6758401754995225 1.4407887288950505 0.7892733554817276 -4.113242484253095 -0.1368982692930365
28203 11289096 5.675932821045773 1.4399905615707889 0.7891889700996678 -4.113242484253095 -0.1368982692930365
28204 11289096 5.676025466592022 1.4391923942465277 0.7891045847176079 -4.113242484253095 -0.1368982692930365
28205 11289096 5.676118112138273 1.4383942269222665 0.7890201993355482 -4.113242484253095 -0.1368982692930365
28206 11289096 5.676210757684522 1.4375960595980046 0.7889358139534884 -4.113242484253095 -0.1368982692930365
28207 11289096 5.676303403230773 1.4367978922737432 0.7888514285714286 -4.113242484253095 -0.1368982692930365
28208 11289096 5.676396048777024 1.4359997249494818 0.7887670431893689 -4.113242484253095 -0.1368982692930365
28209 11289096 5.6764886943232735 1.4352015576252204 0.7886826578073091 -4.113242484253095 -0.1368982692930365
28210 11289096 5.676581339869525 1.4344033903009588 0.7885982724252493 -4.113242484253095 -0.1368982692930365
28211 11289096 5.676673985415776 1.4336052229766971 0.7885138870431895 -4.113242484253095 -0.1368982692930365
28212 11289096 5.6767666309620255 1.432807055652436 0.7884295016611297 -4.113242484253095 -0.1368982692930365
28213 11289096 5.676859276508276 1.4320088883281743 0.7883451162790699 -4.113242484253095 -0.1368982692930365
28214 11289096 5.676951922054527 1.431210721003913 0.78826073089701 -4.113242484253095 -0.1368982692930365
28215 11289096 5.6770445676007775 1.4304125536796517 0.7881763455149502 -4.113242484253095 -0.1368982692930365
28216 11289096 5.677137213147027 1.4296143863553898 0.7880919601328904 -4.113242484253095 -0.1368982692930365
28217 11289096 5.677229858693278 1.4288162190311289 0.7880075747508306 -4.113242484253095 -0.1368982692930365
28218 11289096 5.677322504239527 1.428018051706867 0.7879231893687708 -4.113242484253095 -0.1368982692930365
28219 11289096 5.677415149785777 1.4272198843826056 0.7878388039867109 -4.113242484253095 -0.1368982692930365
28220 11289096 5.677507795332029 1.4264217170583442 0.7877544186046512 -4.113242484253095 -0.1368982692930365
28221 11289096 5.6776004408782805 1.4256235497340826 0.7876700332225914 -4.113242484253095 -0.1368982692930365
28222 11289096 5.6776930864245285 1.4248253824098212 0.7875856478405316 -4.113242484253095 -0.1368982692930365
28223 11289096 5.67778573197078 1.4240272150855595 0.7875012624584719 -4.113242484253095 -0.1368982692930365
28224 11289096 5.677878377517032 1.4232290477612983 0.7874168770764121 -4.113242484253095 -0.1368982692930365
