36347 10760855 0.7630135263402106 0.08041960857425365 0.32004000000000005 -0.5437946552671099 0.8734308371605191
36348 10760855 0.7575363665629465 0.08041788663726998 0.32004000000000005 -0.5437946552671099 0.8734308371605191
36349 10760855 0.7520592067856824 0.08041616470028629 0.32004000000000005 -0.5437946552671099 0.8734308371605191
36350 10760855 0.7416124950113824 0.07956539492592729 0.32004000000000005 -0.5437946552671099 0.8734308371605191
36351 10760855 0.7311657832370824 0.07871462515156831 0.32004000000000005 -0.5437946552671099 0.8734308371605191
36352 10760855 0.7250148841586147 0.07973139202397964 0.32004000000000005 -0.5437946552671099 0.8734308371605191
36353 10760855 0.7188639850801469 0.08074815889639098 0.32004000000000005 -0.5437946552671099 0.8734308371605191
36354 10760855 0.7132070889905398 0.08064943118870763 0.32004000000000005 -0.5437946552671099 0.8734308371605191
36355 10760855 0.7075501929009325 0.08055070348102428 0.32004000000000005 -0.5437946552671099 0.8734308371605191
36356 10760855 0.7018932968113252 0.08045197577334093 0.32004000000000005 -0.5437946552671099 0.8734308371605191
36357 10760855 0.6938436535548242 0.08027835873280878 0.32004000000000005 -0.5437946552671099 0.8734308371605191
36358 10760855 0.6786248953108781 0.07719005174290643 0.32004000000000005 -0.5437946552671099 0.8734308371605191
36359 10760855 0.6738103238857034 0.07876324082950671 0.32004000000000005 -0.5437946552671099 0.8734308371605191
36360 10760855 0.6628089293608949 0.07961258106730768 0.32004000000000005 -0.5437946552671099 0.8734308371605191
36361 10760855 0.6518075348360863 0.08046192130510862 0.32004000000000005 -0.5437946552671099 0.8734308371605191
36362 10760855 0.6401792943025536 0.07912114481233667 0.32004000000000005 -0.5437946552671099 0.8734308371605191
36363 10760855 0.6329175226446118 0.07954688874577791 0.32004000000000005 -0.5437946552671099 0.8734308371605191
36364 10760855 0.62565575098667 0.07997263267921914 0.32004000000000005 -0.5437946552671099 0.8734308371605191
36365 10760855 0.6183939793287282 0.08039837661266037 0.32004000000000005 -0.5437946552671099 0.8734308371605191
36366 10760855 0.6103788000014851 0.08033041577518693 0.32004000000000005 -0.5437946552671099 0.8734308371605191
36367 10760855 0.6023636206742421 0.08026245493771346 0.32004000000000005 -0.5437946552671099 0.8734308371605191
36368 10760855 0.5960567719059034 0.07998676376676686 0.32004000000000005 -0.5437946552671099 0.8734308371605191
36369 10760855 0.5876276718572069 0.07865214523278016 0.32004000000000005 -0.5437946552671099 0.8734308371605191
36370 10760855 0.5791985718085104 0.07731752669879348 0.32004000000000005 -0.5437946552671099 0.8734308371605191
36371 10760855 0.5691682160672393 0.0805951493504505 0.32004000000000005 -0.5437946552671099 0.8734308371605191
36372 10760855 0.5634845385070228 0.08050528129581355 0.32004000000000005 -0.5437946552671099 0.8734308371605191
36373 10760855 0.5578008609468064 0.08041541324117661 0.32004000000000005 -0.5437946552671099 0.8734308371605191
36374 10760855 0.5521171833865899 0.08032554518653966 0.32004000000000005 -0.5437946552671099 0.8734308371605191
36375 10760855 0.5453604606147548 0.07704253835242543 0.32004000000000005 -0.5437946552671099 0.8734308371605191
36376 10760855 0.5405458890873627 0.078615818585199 0.32004000000000005 -0.5437946552671099 0.8734308371605191
36377 10760855 0.528562115096588 0.07727455302920203 0.32004000000000005 -0.5437946552671099 0.8734308371605191
36378 10760855 0.5241135381786393 0.07779362044302787 0.32004000000000005 -0.5437946552671099 0.8734308371605191
36379 10760855 0.5196649612606904 0.07831268785685372 0.32004000000000005 -0.5437946552671099 0.8734308371605191
36380 10760855 0.507648135786835 0.0785010235073254 0.32004000000000005 -0.5437946552671099 0.8734308371605191
36381 10760855 0.5006032848579572 0.08004376061071998 0.32004000000000005 -0.5437946552671099 0.8734308371605191
36382 10760855 0.4935584339290795 0.08158649771411455 0.32004000000000005 -0.5437946552671099 0.8734308371605191
36383 10760855 0.4860696938566088 0.08041200154906511 0.32004000000000005 -0.5437946552671099 0.8734308371605191
36384 10760855 0.4743146321885046 0.07841193501756173 0.32004000000000005 -0.5437946552671099 0.8734308371605191
36385 10760855 0.4638830639359814 0.08182081829798389 0.32004000000000005 -0.5437946552671099 0.8734308371605191
36386 10760855 0.4570805374138755 0.07866967317192043 0.32004000000000005 -0.5437946552671099 0.8734308371605191
36387 10760855 0.4546732522063472 0.0794563434775202 0.32004000000000005 -0.5437946552671099 0.8734308371605191
36388 10760855 0.4522659669988189 0.08024301378311996 0.32004000000000005 -0.5437946552671099 0.8734308371605191
36389 10760855 0.4382633481468047 0.07815967195238434 0.32004000000000005 -0.5437946552671099 0.8734308371605191
36390 10760855 0.4242861639426714 0.07887193352840277 0.32004000000000005 -0.5437946552671099 0.8734308371605191
36391 10760855 0.4194715936678686 0.08044529656873772 0.32004000000000005 -0.5437946552671099 0.8734308371605191
36392 10760855 0.4110378907365403 0.08045589690426531 0.32004000000000005 -0.5437946552671099 0.8734308371605191
36393 10760855 0.40260418780521207 0.0804664972397929 0.32004000000000005 -0.5437946552671099 0.8734308371605191
36394 10760855 0.396099350970904 0.07686762673201691 0.32004000000000005 -0.5437946552671099 0.8734308371605191
36395 10760855 0.3850749919499637 0.07778328780116882 0.32004000000000005 -0.5437946552671099 0.8734308371605191
36396 10760855 0.3740506329290234 0.07869894887032075 0.32004000000000005 -0.5437946552671099 0.8734308371605191
36397 10760855 0.3733734541229761 0.07798561730848183 0.32004000000000005 -0.5437946552671099 0.8734308371605191
36398 10760855 0.3601596597441004 0.07967523924801989 0.32004000000000005 -0.5437946552671099 0.8734308371605191
36399 10760855 0.3469458653652245 0.08136486118755795 0.32004000000000005 -0.5437946552671099 0.8734308371605191
36400 10760855 0.3437624207349491 0.07977656277930678 0.32004000000000005 -0.5437946552671099 0.8734308371605191
36401 10760855 0.3405789761046737 0.07818826437105561 0.32004000000000005 -0.5437946552671099 0.8734308371605191
36402 10760855 0.3245139442168382 0.07794741405856404 0.32004000000000005 -0.5437946552671099 0.8734308371605191
36403 10760855 0.3191384191405804 0.08052197438021448 0.32004000000000005 -0.5437946552671099 0.8734308371605191
36404 10760855 0.3079569412222373 0.07891884144739814 0.32004000000000005 -0.5437946552671099 0.8734308371605191
36405 10760855 0.3021194706740358 0.07790584289463652 0.32004000000000005 -0.5437946552671099 0.8734308371605191
36406 10760855 0.2962820001258343 0.0768928443418749 0.32004000000000005 -0.5437946552671099 0.8734308371605191
36407 10760855 0.2868013455386461 0.07940707380041354 0.32004000000000005 -0.5437946552671099 0.8734308371605191
36408 10760855 0.27565434352339635 0.07790954710084749 0.32004000000000005 -0.5437946552671099 0.8734308371605191
36409 10760855 0.2660252027309511 0.08105647978560879 0.32004000000000005 -0.5437946552671099 0.8734308371605191
36410 10760855 0.26113376107315023 0.0800848251346191 0.32004000000000005 -0.5437946552671099 0.8734308371605191
36411 10760855 0.25624231941534936 0.07911317048362942 0.32004000000000005 -0.5437946552671099 0.8734308371605191
36412 10760855 0.2456355009500168 0.07899688712166154 0.32004000000000005 -0.5437946552671099 0.8734308371605191
36413 10760855 0.23502868248468425 0.07888060375969365 0.32004000000000005 -0.5437946552671099 0.8734308371605191
36414 10760855 0.2244218640193517 0.07876432039772578 0.32004000000000005 -0.5437946552671099 0.8734308371605191
36415 10760855 0.21732823422919972 0.07925233682112827 0.32004000000000005 -0.5437946552671099 0.8734308371605191
36416 10760855 0.21023460443904776 0.0797403532445308 0.32004000000000005 -0.5437946552671099 0.8734308371605191
36417 10760855 0.2031409746488958 0.08022836966793331 0.32004000000000005 -0.5437946552671099 0.8734308371605191
36418 10760855 0.19498141424669616 0.07987054292728557 0.32004000000000005 -0.5437946552671099 0.8734308371605191
36419 10760855 0.18682185384449654 0.07951271618663783 0.32004000000000005 -0.5437946552671099 0.8734308371605191
36420 10760855 0.1786622934422969 0.07915488944599007 0.32004000000000005 -0.5437946552671099 0.8734308371605191
36421 10760855 0.17050273304009725 0.07879706270534233 0.32004000000000005 -0.5437946552671099 0.8734308371605191
36422 10760855 0.1623431726378976 0.07843923596469457 0.32004000000000005 -0.5437946552671099 0.8734308371605191
36423 10760855 0.154183612235698 0.07808140922404684 0.32004000000000005 -0.5437946552671099 0.8734308371605191
36424 10760855 0.14602405183349834 0.07772358248339907 0.32004000000000005 -0.5437946552671099 0.8734308371605191
36425 10760855 0.1378644914312987 0.07736575574275134 0.32004000000000005 -0.5437946552671099 0.8734308371605191
36426 10760855 0.12970493102909908 0.0770079290021036 0.32004000000000005 -0.5437946552671099 0.8734308371605191
36427 10760855 0.12007578900509484 0.0801550613266527 0.32004000000000005 -0.5437946552671099 0.8734308371605191
36428 10760855 0.11335634770856155 0.08024827794274728 0.32004000000000005 -0.5437946552671099 0.8734308371605191
36429 10760855 0.1066369064120282 0.08034149455884182 0.32004000000000005 -0.5437946552671099 0.8734308371605191
36430 10760855 0.09991746511549487 0.0804347111749364 0.32004000000000005 -0.5437946552671099 0.8734308371605191
36431 10760855 0.09319802381896156 0.08052792779103096 0.32004000000000005 -0.5437946552671099 0.8734308371605191
36432 10760855 0.08647858252242824 0.08062114440712552 0.32004000000000005 -0.5437946552671099 0.8734308371605191
36433 10760855 0.07968412780329767 0.08021316721897043 0.32004000000000005 -0.5437946552671099 0.8734308371605191
36434 10760855 0.0728896730841671 0.07980519003081532 0.32004000000000005 -0.5437946552671099 0.8734308371605191
36435 10760855 0.06609521836503654 0.07939721284266024 0.32004000000000005 -0.5437946552671099 0.8734308371605191
36436 10760855 0.05930076364590596 0.07898923565450514 0.32004000000000005 -0.5437946552671099 0.8734308371605191
36437 10760855 0.05344226582797673 0.08008623556769595 0.32004000000000005 -0.5437946552671099 0.8734308371605191
36438 10760855 0.049564062763025135 0.07954293455464193 0.32004000000000005 -0.5437946552671099 0.8734308371605191
36439 10760855 0.04568585969807356 0.0789996335415879 0.32004000000000005 -0.5437946552671099 0.8734308371605191
36440 10760855 0.04180765663312197 0.07845633252853387 0.32004000000000005 -0.5437946552671099 0.8734308371605191
36441 10760855 0.03792945356817038 0.07791303151547985 0.32004000000000005 -0.5437946552671099 0.8734308371605191
36442 10760855 0.034051250503218784 0.07736973050242582 0.32004000000000005 -0.5437946552671099 0.8734308371605191
36443 10760855 0.030173047438267212 0.0768264294893718 0.32004000000000005 -0.5437946552671099 0.8734308371605191
36444 10760855 0.02632359002128167 0.0763710999278898 0.32004000000000005 -0.5437946552671099 0.8734308371605191
36445 10760855 0.02247413260429613 0.07591577036640783 0.32004000000000005 -0.5437946552671099 0.8734308371605191
36446 10760855 0.01862467518731059 0.07546044080492584 0.32004000000000005 -0.5437946552671099 0.8734308371605191
36447 10760855 0.018246741461788438 0.07528540058976718 0.32004000000000005 -0.5437946552671099 0.8734308371605191
36448 10760855 0.017868807736266274 0.07511036037460853 0.32004000000000005 -0.5437946552671099 0.8734308371605191
36449 10760855 0.017490874010744114 0.07493532015944987 0.32004000000000005 -0.5437946552671099 0.8734308371605191
36450 10760855 0.01711294028522196 0.07476027994429121 0.32004000000000005 -0.5437946552671099 0.8734308371605191
36451 10760855 0.0167350065596998 0.07458523972913254 0.32004000000000005 -0.5437946552671099 0.8734308371605191
36452 10760855 0.016357072834177644 0.07441019951397389 0.32004000000000005 -0.5437946552671099 0.8734308371605191
36453 10760855 0.015979139108655487 0.07423515929881523 0.32004000000000005 -0.5437946552671099 0.8734308371605191
36454 10760855 0.015601205383133329 0.07406011908365658 0.32004000000000005 -0.5437946552671099 0.8734308371605191
36455 10760855 0.015223271657611169 0.07388507886849792 0.32004000000000005 -0.5437946552671099 0.8734308371605191
36456 10760855 0.014845337932089012 0.07371003865333926 0.32004000000000005 -0.5437946552671099 0.8734308371605191
36457 10760855 0.014467404206566857 0.07353499843818061 0.32004000000000005 -0.5437946552671099 0.8734308371605191
36458 10760855 0.014089470481044697 0.07335995822302195 0.32004000000000005 -0.5437946552671099 0.8734308371605191
36459 10760855 0.01371153675552254 0.0731849180078633 0.32004000000000005 -0.5437946552671099 0.8734308371605191
36460 10760855 0.013333603030000382 0.07300987779270462 0.32004000000000005 -0.5437946552671099 0.8734308371605191
36461 10760855 0.012955669304478223 0.07283483757754597 0.32004000000000005 -0.5437946552671099 0.8734308371605191
36462 10760855 0.012577735578956068 0.07265979736238731 0.32004000000000005 -0.5437946552671099 0.8734308371605191
36463 10760855 0.012199801853433908 0.07248475714722866 0.32004000000000005 -0.5437946552671099 0.8734308371605191
36464 10760855 0.01182186812791175 0.07230971693207 0.32004000000000005 -0.5437946552671099 0.8734308371605191
36465 10760855 0.010147557900640371 0.07013091256638362 0.32004000000000005 -0.5437946552671099 0.8734308371605191
36466 10760855 0.008473247673368989 0.06795210820069726 0.32004000000000005 -0.5437946552671099 0.8734308371605191
36467 10760855 0.006798937446097608 0.06577330383501089 0.32004000000000005 -0.5437946552671099 0.8734308371605191
36468 10760855 0.0051246272188262285 0.06359449946932451 0.32004000000000005 -0.5437946552671099 0.8734308371605191
36469 10760855 0.003450316991554847 0.06141569510363815 0.32004000000000005 -0.5437946552671099 0.8734308371605191
36470 10760855 0.0017760067642834665 0.059236890737951776 0.32004000000000005 -0.5437946552671099 0.8734308371605191
36471 10760855 -0.00024925689810600954 0.05779589440425284 0.32004000000000005 -0.5437946552671099 0.8734308371605191
36472 10760855 -0.002274520560495485 0.05635489807055391 0.32004000000000005 -0.5437946552671099 0.8734308371605191
36473 10760855 -0.0005994778431441805 0.04517580036458832 0.32004000000000005 -0.5437946552671099 0.8734308371605191
36474 10760855 -0.001392988962609143 0.042748050250450635 0.32004000000000005 -0.5437946552671099 0.8734308371605191
36475 10760855 -0.002186500082074105 0.040320300136312964 0.32004000000000005 -0.5437946552671099 0.8734308371605191
36476 10760855 -0.003220917492257891 0.031720840425394345 0.32004000000000005 -0.5437946552671099 0.8734308371605191
36477 10760855 -0.004255334902441677 0.02312138071447573 0.32004000000000005 -0.5437946552671099 0.8734308371605191
36478 10760855 -0.0029665167177629352 0.01981830459196916 0.32004000000000005 -0.5437946552671099 0.8734308371605191
36479 10760855 -0.0016776985330841931 0.01651522846946259 0.32004000000000005 -0.5437946552671099 0.8734308371605191
36480 10760855 -0.0003888803484054515 0.013212152346956024 0.32004000000000005 -0.5437946552671099 0.8734308371605191
36481 10760855 0.0028687614323715804 0.008233567250469642 0.32004000000000005 -0.5437946552671099 0.8734308371605191
36482 10760855 0.0061264032131486115 0.00325498215398326 0.32004000000000005 -0.5437946552671099 0.8734308371605191
36483 10760855 0.01415205101876159 0.003106552785357829 0.32004000000000005 -0.5437946552671099 0.8734308371605191
36484 10760855 0.022177698824374568 0.0029581234167323977 0.32004000000000005 -0.5437946552671099 0.8734308371605191
36485 10760855 0.03020334662998755 0.0028096940481069674 0.32004000000000005 -0.5437946552671099 0.8734308371605191
36486 10760855 0.03822899443560053 0.002661264679481536 0.32004000000000005 -0.5437946552671099 0.8734308371605191
36487 10760855 0.04625464224121351 0.002512835310856105 0.32004000000000005 -0.5437946552671099 0.8734308371605191
36488 10760855 0.05428029004682649 0.0023644059422306732 0.32004000000000005 -0.5437946552671099 0.8734308371605191
36489 10760855 0.06230593785243947 0.0022159765736052424 0.32004000000000005 -0.5437946552671099 0.8734308371605191
36490 10760855 0.07033158565805245 0.0020675472049798108 0.32004000000000005 -0.5437946552671099 0.8734308371605191
36491 10760855 0.07835723346366542 0.00191911783635438 0.32004000000000005 -0.5437946552671099 0.8734308371605191
36492 10760855 0.0863828812692784 0.0017706884677289488 0.32004000000000005 -0.5437946552671099 0.8734308371605191
36493 10760855 0.0944085290748914 0.001622259099103518 0.32004000000000005 -0.5437946552671099 0.8734308371605191
36494 10760855 0.1265864188139424 0.0036063093155194736 0.32004000000000005 -0.5437946552671099 0.8734308371605191
36495 10760855 0.14888595882703015 -0.00017691822308260607 0.32004000000000005 -0.5437946552671099 0.8734308371605191
36496 10760855 0.1775090485453683 0.0018008459524700984 0.32004000000000005 -0.5437946552671099 0.8734308371605191
36497 10760855 0.20122076543104764 0.0017957161860694762 0.3189514285714286 -0.5437946552671099 0.8734308371605191
36498 10760855 0.22493248231672694 0.001790586419668854 0.3178628571428572 -0.5437946552671099 0.8734308371605191
36499 10760855 0.2486441992024063 0.001785456653268232 0.3167742857142857 -0.5437946552671099 0.8734308371605191
36500 10760855 0.2723559160880856 0.0017803268868676098 0.31568571428571435 -0.5437946552671099 0.8734308371605191
36501 10760855 0.29606763297376504 0.0017751971204669878 0.3145971428571429 -0.5437946552671099 0.8734308371605191
36502 10760855 0.31977934985944434 0.0017700673540663656 0.3135085714285715 -0.5437946552671099 0.8734308371605191
36503 10760855 0.34349106674512364 0.0017649375876657434 0.31242000000000003 -0.5437946552671099 0.8734308371605191
36504 10760855 0.4001397455141914 0.004982589243166413 0.32004000000000005 -0.5437946552671099 0.8734308371605191
36505 10760855 0.4535803074410639 -0.0016160581576953323 0.32766 -0.5437946552671099 0.8734308371605191
36506 10760855 0.4682743625784375 0.004213574023615746 0.32766 -0.5437946552671099 0.8734308371605191
36507 10760855 0.5169760103538742 0.0028638426873686023 0.33274000000000004 -0.5437946552671099 0.8734308371605191
36508 10760855 0.5656776581293108 0.001514111351121459 0.33782 -0.5437946552671099 0.8734308371605191
36509 10760855 0.6143793059047475 0.00016438001487431578 0.34290000000000004 -0.5437946552671099 0.8734308371605191
36510 10760855 0.6280116188577947 -0.0016030625430485945 0.3467100000000001 -0.5437946552671099 0.8734308371605191
36511 10760855 0.6416439318108419 -0.0033705051009715052 0.35052000000000005 -0.5437946552671099 0.8734308371605191
36512 10760855 0.6978505481565557 -0.006665428175592375 0.3581400000000001 -0.5437946552671099 0.8734308371605191
36513 10760855 0.7516750963406246 -0.0063777600936735365 0.36576 -0.5437946552671099 0.8734308371605191
36514 10760855 0.7865363952375836 -0.009765557610741986 0.37338000000000005 -0.5437946552671099 0.8734308371605191
36515 10760855 0.8213976941345426 -0.013153355127810434 0.381 -0.5437946552671099 0.8734308371605191
36516 10760855 0.8570594894706208 -0.01514672532941077 0.38608 -0.5437946552671099 0.8734308371605191
36517 10760855 0.8927212848066991 -0.017140095531011104 0.39116 -0.5437946552671099 0.8734308371605191
36518 10760855 0.9283830801427774 -0.019133465732611443 0.39624 -0.5437946552671099 0.8734308371605191
36519 10760855 0.9640448754788558 -0.021126835934211774 0.40131999999999995 -0.5437946552671099 0.8734308371605191
36520 10760855 0.999706670814934 -0.023120206135812112 0.4064 -0.5437946552671099 0.8734308371605191
36521 10760855 1.0353684661510123 -0.02511357633741245 0.41148 -0.5437946552671099 0.8734308371605191
36522 10760855 1.0710302614870906 -0.027106946539012786 0.41656 -0.5437946552671099 0.8734308371605191
36523 10760855 1.1066920568231688 -0.029100316740613117 0.42163999999999996 -0.5437946552671099 0.8734308371605191
36524 10760855 1.1423538521592471 -0.03109368694221345 0.42672 -0.5437946552671099 0.8734308371605191
36525 10760855 1.16166280777565 -0.03179396596497111 0.4305300000000001 -0.5437946552671099 0.8734308371605191
36526 10760855 1.1809717633920531 -0.032494244987728765 0.4343400000000001 -0.5437946552671099 0.8734308371605191
36527 10760855 1.2138001238317249 -0.032587436095308765 0.44196 -0.5437946552671099 0.8734308371605191
36528 10760855 1.2463963880201256 -0.03610940974369392 0.44196 -0.5437946552671099 0.8734308371605191
36529 10760855 1.311674917372958 -0.03582107761141126 0.44958 -0.5437946552671099 0.8734308371605191
36530 10760855 1.3473761556767774 -0.042342889209737306 0.4572000000000001 -0.5437946552671099 0.8734308371605191
36531 10760855 1.3662148200237734 -0.04312267199273859 0.46101 -0.5437946552671099 0.8734308371605191
36532 10760855 1.3850534843707694 -0.04390245477573987 0.4648200000000001 -0.5437946552671099 0.8734308371605191
36533 10760855 1.4435410289740878 -0.04700226538751709 0.4648200000000001 -0.5437946552671099 0.8734308371605191
36534 10760855 1.4754287581377519 -0.04725437766066795 0.47244 -0.5437946552671099 0.8734308371605191
36535 10760855 1.5132438677668645 -0.04839101720034367 0.48006000000000004 -0.5437946552671099 0.8734308371605191
36536 10760855 1.575475791590447 -0.057969871076663876 0.48006000000000004 -0.5437946552671099 0.8734308371605191
36537 10760855 1.5933971870028056 -0.05856633064884206 0.48768 -0.5437946552671099 0.8734308371605191
36538 10760855 1.6342840597144732 -0.061172943615833614 0.4953 -0.6872028657446766 0.7657325092434721
36539 10760855 1.6879565953499454 -0.06269819931019119 0.4953 -0.6872028657446766 0.7657325092434721
36540 10760855 1.7301272826444998 -0.0657235911954743 0.50292 -0.6872028657446766 0.7657325092434721
36541 10760855 1.7464383590496808 -0.06526804294521918 0.50673 -0.6872028657446766 0.7657325092434721
36542 10760855 1.7627494354548618 -0.06481249469496403 0.51054 -0.6872028657446766 0.7657325092434721
36543 10760855 1.8049652142242008 -0.06878676963975125 0.51054 -0.6872028657446766 0.7657325092434721
36544 10760855 1.860223322784428 -0.06545484232070645 0.52578 -0.6872028657446766 0.7657325092434721
36545 10760855 1.8895011495526888 -0.05901180961046192 0.5334 -0.6872028657446766 0.7657325092434721
36546 10760855 1.921596411989836 -0.05699342106095345 0.54102 -0.6872028657446766 0.7657325092434721
36547 10760855 1.97226751172717 -0.0377937501774773 0.54864 -0.6872028657446766 0.7657325092434721
36548 10760855 1.9973627991754084 -0.02729761092662719 0.5562600000000001 -0.6872028657446766 0.7657325092434721
36549 10760855 2.0242042485060807 -0.011997874282667964 0.56388 -0.6872028657446766 0.7657325092434721
36550 10760855 2.056137149162919 0.0042093353442833326 0.5715 -0.6872028657446766 0.7657325092434721
36551 10760855 2.076134468023694 0.02139373783340986 0.57531 -0.6872028657446766 0.7657325092434721
36552 10760855 2.0961317868844693 0.0385781403225364 0.57912 -0.6872028657446766 0.7657325092434721
36553 10760855 2.1109306281138287 0.04963316702128609 0.57912 -0.6872028657446766 0.7657325092434721
36554 10760855 2.148679226998235 0.08637104798119202 0.5867399999999999 -0.6872028657446766 0.7657325092434721
36555 10760855 2.178910814987395 0.13000282881793304 0.59436 -0.6872028657446766 0.7657325092434721
36556 10760855 2.2011563571677093 0.1654949568103705 0.6019800000000001 -0.6872028657446766 0.7657325092434721
36557 10760855 2.2202304590346635 0.1912752367532826 0.6019800000000001 -0.6872028657446766 0.7657325092434721
36558 10760855 2.2380625496367053 0.2282085694948385 0.6096 -0.6872028657446766 0.7657325092434721
36559 10760855 2.257750272536427 0.2626668463861733 0.6096 -0.6872028657446766 0.7657325092434721
36560 10760855 2.2743412918054395 0.29579992292307433 0.61722 -0.6872028657446766 0.7657325092434721
36561 10760855 2.290825032871216 0.3394818604850865 0.61722 -0.6872028657446766 0.7657325092434721
36562 10760855 2.3018556862159025 0.37326241678558014 0.6248400000000001 -0.6872028657446766 0.7657325092434721
36563 10760855 2.307298736674096 0.3933304449551295 0.6248400000000001 -0.6872028657446766 0.7657325092434721
36564 10760855 2.31274178713229 0.4133984731246789 0.6248400000000001 -0.6872028657446766 0.7657325092434721
36565 10760855 2.332045449952432 0.472514449549331 0.63246 -0.6872028657446766 0.7657325092434721
36566 10760855 2.3347699197937417 0.5148483295918508 0.6400800000000001 -0.6872028657446766 0.7657325092434721
36567 10760855 2.3386041926781815 0.5537824998614492 0.6400800000000001 -0.6872028657446766 0.7657325092434721
36568 10760855 2.345309194738304 0.5987884949251399 0.6477 -0.6872028657446766 0.7657325092434721
36569 10760855 2.3388531075881307 0.6605919938583226 0.6477 -0.6872028657446766 0.7657325092434721
36570 10760855 2.3354035469681502 0.7098485553516981 0.65532 -0.6872028657446766 0.7657325092434721
36571 10760855 2.3235799885513857 0.7524940531448752 0.6629400000000001 -0.6872028657446766 0.7657325092434721
36572 10760855 2.3148281851367165 0.7936692529753814 0.6629400000000001 -0.6872028657446766 0.7657325092434721
36573 10760855 2.300331777611768 0.8335663050710335 0.6629400000000001 -0.6872028657446766 0.7657325092434721
36574 10760855 2.2862949955075877 0.8667129993985442 0.6667500000000001 -0.6872028657446766 0.7657325092434721
36575 10760855 2.2722582134034086 0.8998596937260549 0.67056 -0.6872028657446766 0.7657325092434721
36576 10760855 2.2485576512776646 0.9414778039657982 0.67056 -0.6872028657446766 0.7657325092434721
36577 10760855 2.2176960502465826 0.9883552790751096 0.6781800000000001 -0.6872028657446766 0.7657325092434721
36578 10760855 2.191263309509852 1.0243240489515593 0.6781800000000001 -0.6872028657446766 0.7657325092434721
36579 10760855 2.1598603191777395 1.0668227744936307 0.6781800000000001 -0.6872028657446766 0.7657325092434721
36580 10760855 2.1235936308935432 1.105302759873253 0.6858000000000001 -0.6872028657446766 0.7657325092434721
36581 10760855 2.0861364470763704 1.1455737464663065 0.6858000000000001 -0.6872028657446766 0.7657325092434721
36582 10760855 2.0360298014516496 1.1944158192138492 0.69342 -0.6872028657446766 0.7657325092434721
36583 10760855 2.0052373009519577 1.224099467446443 0.69342 -0.6872028657446766 0.7657325092434721
36584 10760855 1.972243706793715 1.253567673800211 0.7010400000000001 -0.6872028657446766 0.7657325092434721
36585 10760855 1.9164283226353949 1.3012382761959882 0.7162800000000001 -0.6872028657446766 0.7657325092434721
36586 10760855 1.895517248669441 1.3149612800272992 0.7162800000000001 -0.6872028657446766 0.7657325092434721
