4709 10801356 -1.5265277194567293 -1.5520097793040235 0.6400800000000001 4.538277022418892 -2.4225798289808167
4710 10801356 -1.4862937893153585 -1.5593826384536047 0.6400800000000001 4.538277022418892 -2.4225798289808167
4711 10801356 -1.4327713193159488 -1.5657842427157695 0.6400800000000001 4.538277022418892 -2.4225798289808167
4712 10801356 -1.369847020042495 -1.5754932387669998 0.6400800000000001 4.538277022418892 -2.4225798289808167
4713 10801356 -1.323744769528364 -1.5812203578276212 0.6400800000000001 4.538277022418892 -2.4225798289808167
4714 10801356 -1.247600536899854 -1.5956011768451528 0.6400800000000001 4.538277022418892 -2.4225798289808167
4715 10801356 -1.1954658503395332 -1.6018977672412857 0.6400800000000001 4.538277022418892 -2.4225798289808167
4716 10801356 -1.1433311874499517 -1.6081939729597017 0.6400800000000001 4.538277022418892 -2.4225798289808167
4717 10801356 -1.1024153691598175 -1.616196363890748 0.6400800000000001 4.538277022418892 -2.4225798289808167
4718 10801356 -1.046449109807054 -1.6216415289835853 0.6400800000000001 4.538277022418892 -2.4225798289808167
4719 10801356 -0.9929267870798024 -1.6280398003608023 0.6400800000000001 4.538277022418892 -2.4225798289808167
4720 10801356 -0.9360477293336986 -1.63857265212046 0.6400800000000001 4.538277022418892 -2.4225798289808167
4721 10801356 -0.8762627220602746 -1.6445638730274463 0.6400800000000001 4.538277022418892 -2.4225798289808167
4722 10801356 -0.8228552307248325 -1.6510401709296731 0.6400800000000001 4.538277022418892 -2.4225798289808167
4723 10801356 -0.7696112282928136 -1.66073391514799 0.6400800000000001 4.538277022418892 -2.4225798289808167
4724 10801356 -0.715958599891203 -1.6623826302340052 0.67056 4.538277022418892 -2.4225798289808167
4725 10801356 -0.6898913688990357 -1.665528963887286 0.67056 4.538277022418892 -2.4225798289808167
4726 10801356 -0.6638241379068683 -1.6686752975405663 0.67056 4.538277022418892 -2.4225798289808167
4727 10801356 -0.581640267037318 -1.675442938643893 0.6400800000000001 4.538277022418892 -2.4225798289808167
4728 10801356 -0.5279696281470518 -1.682470394705179 0.6400800000000001 4.538277022418892 -2.4225798289808167
4729 10801356 -0.4736287337731773 -1.6836413496416116 0.6400800000000001 4.538277022418892 -2.4225798289808167
4730 10801356 -0.4261834862293108 -1.6876987279440836 0.6400800000000001 4.538277022418892 -2.4225798289808167
4731 10801356 -0.3687976223730298 -1.6955887676251165 0.6400800000000001 4.538277022418892 -2.4225798289808167
4732 10801356 -0.31511101306331324 -1.6971288907429656 0.6400800000000001 4.538277022418892 -2.4225798289808167
4733 10801356 -0.24057452720786165 -1.7001083478871912 0.6400800000000001 4.538277022418892 -2.4225798289808167
4734 10801356 -0.16555662043654862 -1.70324439765515 0.6400800000000001 4.538277022418892 -2.4225798289808167
4735 10801356 -0.10669900113997287 -1.7063560669593996 0.6400800000000001 4.538277022418892 -2.4225798289808167
4736 10801356 -0.04387341513399412 -1.7098292861030475 0.6400800000000001 4.538277022418892 -2.4225798289808167
4737 10801356 0.0103738677542784 -1.7123681191710187 0.6400800000000001 4.538277022418892 -2.4225798289808167
4738 10801356 0.06884118666485828 -1.7155845335928548 0.6400800000000001 4.538277022418892 -2.4225798289808167
4739 10801356 0.12552135669387665 -1.7161136533313393 0.6400800000000001 4.538277022418892 -2.4225798289808167
4740 10801356 0.1564025633551615 -1.7153974818422035 0.6400800000000001 4.538277022418892 -2.4225798289808167
4741 10801356 0.1872837700164464 -1.7146813103530678 0.6400800000000001 4.538277022418892 -2.4225798289808167
4742 10801356 0.25317203247931985 -1.7169330656443096 0.6400800000000001 4.538277022418892 -2.4225798289808167
4743 10801356 0.3020512233040912 -1.7195851103888786 0.6400800000000001 4.538277022418892 -2.4225798289808167
4744 10801356 0.3925762934804313 -1.7198380435710303 0.6096 4.538277022418892 -2.4225798289808167
4745 10801356 0.4457443479651569 -1.7229557814599465 0.6096 4.538277022418892 -2.4225798289808167
4746 10801356 0.50508254616138 -1.7262197042234562 0.6096 4.538277022418892 -2.4225798289808167
4747 10801356 0.5829122778831051 -1.724542551666756 0.6096 4.538277022418892 -2.4225798289808167
4748 10801356 0.621939997912409 -1.726077048673068 0.6096 4.538277022418892 -2.4225798289808167
4749 10801356 0.6827232244709085 -1.7289938748330005 0.6096 4.538277022418892 -2.4225798289808167
4750 10801356 0.7524072323612595 -1.7304952647134642 0.6096 4.538277022418892 -2.4225798289808167
4751 10801356 0.8134191451813699 -1.7340698645961208 0.6096 4.538277022418892 -2.4225798289808167
4752 10801356 0.8574032249348364 -1.732666033755886 0.6096 4.538277022418892 -2.4225798289808167
4753 10801356 0.9187473124431659 -1.7365819365401365 0.6096 4.538277022418892 -2.4225798289808167
4754 10801356 0.9984982273419988 -1.741252471247519 0.6096 4.538277022418892 -2.4225798289808167
4755 10801356 1.0349513739430578 -1.7418270140579568 0.6096 4.538277022418892 -2.4225798289808167
4756 10801356 1.0714045205441172 -1.7424015568683944 0.6096 4.538277022418892 -2.4225798289808167
4757 10801356 1.1323345552639443 -1.7475823469396448 0.6096 4.538277022418892 -2.4225798289808167
4758 10801356 1.1860531891819657 -1.749005541495887 0.6096 4.538277022418892 -2.4225798289808167
4759 10801356 1.2341737418595708 -1.752338367944288 0.6096 4.538277022418892 -2.4225798289808167
4760 10801356 1.314127158640124 -1.762095004715819 0.6096 4.538277022418892 -2.4225798289808167
4761 10801356 1.3648170995283504 -1.7646305923559231 0.6096 4.538277022418892 -2.4225798289808167
4762 10801356 1.4268334250826538 -1.774369253368626 0.6096 4.538277022418892 -2.4225798289808167
4763 10801356 1.483976796875111 -1.7821656231698992 0.6096 4.538277022418892 -2.4225798289808167
4764 10801356 1.5429647073398491 -1.7930170850848035 0.6096 4.538277022418892 -2.4225798289808167
4765 10801356 1.5917585774912275 -1.801357044631393 0.57912 4.538277022418892 -2.4225798289808167
4766 10801356 1.6486379989495623 -1.8094163542119517 0.57912 4.538277022418892 -2.4225798289808167
4767 10801356 1.7074920018358055 -1.814148096923816 0.57912 4.538277022418892 -2.4225798289808167
4768 10801356 1.7309902433436002 -1.815629283027579 0.57912 4.538277022418892 -2.4225798289808167
4769 10801356 1.7544884848513949 -1.8171104691313424 0.57912 4.538277022418892 -2.4225798289808167
4770 10801356 1.8210685051502475 -1.8281021576760683 0.6096 4.538277022418892 -2.4225798289808167
4771 10801356 1.873200894406401 -1.834376121392102 0.6096 4.538277022418892 -2.4225798289808167
4772 10801356 1.9322614956248692 -1.83847260234824 0.6096 4.890006969550464 -1.5977118631805556
4773 10801356 2.0188333860106127 -1.845359099691616 0.6096 4.890006969550464 -1.5977118631805556
4774 10801356 2.0431341472474207 -1.847101333064984 0.6096 4.890006969550464 -1.5977118631805556
4775 10801356 2.120391991902337 -1.8566699095128736 0.6096 4.890006969550464 -1.5977118631805556
4776 10801356 2.1475030882802386 -1.857284914069348 0.6096 4.890006969550464 -1.5977118631805556
4777 10801356 2.1746141846581404 -1.8578999186258212 0.6096 4.890006969550464 -1.5977118631805556
4778 10801356 2.250909150709629 -1.8663350618295635 0.6096 4.890006969550464 -1.5977118631805556
4779 10801356 2.3160770627906735 -1.868859255794696 0.6096 4.890006969550464 -1.5977118631805556
4780 10801356 2.3697320245579903 -1.87413709202987 0.6096 4.890006969550464 -1.5977118631805556
4781 10801356 2.4233869863253066 -1.879414928265044 0.6096 4.890006969550464 -1.5977118631805556
4782 10801356 2.476608216669462 -1.8861568081382407 0.6096 4.890006969550464 -1.5977118631805556
4783 10801356 2.530162245197518 -1.8924228434898795 0.6096 4.890006969550464 -1.5977118631805556
4784 10801356 2.5851054689577646 -1.895520643951755 0.6096 4.890006969550464 -1.5977118631805556
4785 10801356 2.642385689441864 -1.9037029434504629 0.6096 4.890006969550464 -1.5977118631805556
4786 10801356 2.6944486404910712 -1.9101819872709715 0.6096 4.890006969550464 -1.5977118631805556
4787 10801356 2.7253994065245104 -1.914676447405472 0.6096 4.890006969550464 -1.5977118631805556
4788 10801356 2.782817778889929 -1.9216175251855918 0.6096 4.890006969550464 -1.5977118631805556
4789 10801356 2.8402361512553487 -1.9285586029657125 0.6096 4.890006969550464 -1.5977118631805556
4790 10801356 2.913600817344253 -1.9360304520296288 0.6096 4.890006969550464 -1.5977118631805556
4791 10801356 2.9457697349408485 -1.9412134638621996 0.6096 4.890006969550464 -1.5977118631805556
4792 10801356 2.977938652537444 -1.9463964756947698 0.6096 4.890006969550464 -1.5977118631805556
4793 10801356 3.0318134979128235 -1.9527634828708083 0.6096 4.890006969550464 -1.5977118631805556
4794 10801356 3.0854368518292965 -1.9571790237051976 0.6096 4.890006969550464 -1.5977118631805556
4795 10801356 3.1963184586521782 -1.966844581197367 0.6096 4.890006969550464 -1.5977118631805556
4796 10801356 3.238531480445313 -1.969755199721393 0.6096 4.890006969550464 -1.5977118631805556
4797 10801356 3.2966157543083447 -1.974106240190886 0.6096 4.890006969550464 -1.5977118631805556
4798 10801356 3.3361044980639423 -1.9782883037505001 0.6096 4.890006969550464 -1.5977118631805556
4799 10801356 3.3755932418195402 -1.9824703673101136 0.6096 4.890006969550464 -1.5977118631805556
4800 10801356 3.4419900074152205 -1.9912845706738032 0.6096 4.890006969550464 -1.5977118631805556
4801 10801356 3.4732850457169593 -1.994719967726951 0.6096 4.890006969550464 -1.5977118631805556
4802 10801356 3.5045800840186976 -1.9981553647800991 0.6096 4.890006969550464 -1.5977118631805556
4803 10801356 3.605299757968576 -2.0092885349375247 0.6096 4.890006969550464 -1.5977118631805556
4804 10801356 3.632140374561621 -2.010043534701621 0.6096 4.890006969550464 -1.5977118631805556
4805 10801356 3.6589809911546674 -2.0107985344657178 0.6096 4.890006969550464 -1.5977118631805556
4806 10801356 3.7476948603022 -2.017896220366008 0.6096 4.890006969550464 -1.5977118631805556
4807 10801356 3.823726150829047 -2.021673313270848 0.6096 4.890006969550464 -1.5977118631805556
4808 10801356 3.8507321557971657 -2.02464244487813 0.6096 4.890006969550464 -1.5977118631805556
4809 10801356 3.877738160765285 -2.027611576485412 0.6096 4.890006969550464 -1.5977118631805556
4810 10801356 3.927508975878444 -2.027493650774592 0.6096 4.890006969550464 -1.5977118631805556
4811 10801356 3.9816348080631836 -2.0358044400399518 0.6096 4.890006969550464 -1.5977118631805556
4812 10801356 4.0526668569751765 -2.0358459757569096 0.6096 4.890006969550464 -1.5977118631805556
4813 10801356 4.111246582288406 -2.0291385273137177 0.6096 4.890006969550464 -1.5977118631805556
4814 10801356 4.169826307601639 -2.0224310788705253 0.6096 4.890006969550464 -1.5977118631805556
4815 10801356 4.220401594277323 -2.0143972049168215 0.6096 4.890006969550464 -1.5977118631805556
4816 10801356 4.240242671992409 -2.00801971286428 0.6096 4.890006969550464 -1.5977118631805556
4817 10801356 4.294742608284136 -1.9895847949614447 0.57912 4.890006969550464 -1.5977118631805556
4818 10801356 4.315032522673114 -1.9769291676964051 0.57912 4.890006969550464 -1.5977118631805556
4819 10801356 4.335322437062091 -1.9642735404313647 0.57912 4.890006969550464 -1.5977118631805556
4820 10801356 4.38409187708985 -1.931821362914657 0.57912 4.890006969550464 -1.5977118631805556
4821 10801356 4.418320144308424 -1.89929889884357 0.57912 4.890006969550464 -1.5977118631805556
4822 10801356 4.439841698044519 -1.868706227843608 0.57912 4.890006969550464 -1.5977118631805556
4823 10801356 4.467627897270237 -1.8254390744906597 0.57912 4.890006969550464 -1.5977118631805556
4824 10801356 4.4850457286947485 -1.7883685638801523 0.57912 4.890006969550464 -1.5977118631805556
4825 10801356 4.4929305604875305 -1.764191477784834 0.57912 4.890006969550464 -1.5977118631805556
4826 10801356 4.5039830980899245 -1.7303013248906003 0.57912 4.890006969550464 -1.5977118631805556
4827 10801356 4.510738653812239 -1.6850812951273428 0.57912 4.890006969550464 -1.5977118631805556
4828 10801356 4.5168657204990135 -1.6325311171493808 0.57912 4.890006969550464 -1.5977118631805556
4829 10801356 4.519213266935179 -1.604095210831352 0.57912 4.890006969550464 -1.5977118631805556
4830 10801356 4.5215608133713445 -1.5756593045133234 0.57912 4.890006969550464 -1.5977118631805556
4831 10801356 4.523046187123031 -1.5547682146688508 0.57912 4.890006969550464 -1.5977118631805556
4832 10801356 4.524741811595813 -1.5209802052498602 0.57912 4.890006969550464 -1.5977118631805556
4833 10801356 4.5306407140967515 -1.4661362263847768 0.57912 4.890006969550464 -1.5977118631805556
4834 10801356 4.53170683574356 -1.4291059179259558 0.57912 4.890006969550464 -1.5977118631805556
4835 10801356 4.534063727990282 -1.3712378012438171 0.57912 4.890006969550464 -1.5977118631805556
4836 10801356 4.534704248871736 -1.339324933029668 0.57912 4.890006969550464 -1.5977118631805556
4837 10801356 4.535289161774414 -1.3021376216601002 0.57912 4.890006969550464 -1.5977118631805556
4838 10801356 4.5351272673330145 -1.2699630196281393 0.54864 4.890006969550464 -1.5977118631805556
4839 10801356 4.535069534420972 -1.2531240386964817 0.54864 4.890006969550464 -1.5977118631805556
4840 10801356 4.535011801508931 -1.2362850577648241 0.54864 4.890006969550464 -1.5977118631805556
4841 10801356 4.5342196719520516 -1.2033208392698438 0.54864 4.890006969550464 -1.5977118631805556
4842 10801356 4.5322502686001345 -1.1589927969733116 0.54864 4.890006969550464 -1.5977118631805556
4843 10801356 4.528730173023767 -1.123503504169582 0.54864 4.890006969550464 -1.5977118631805556
4844 10801356 4.526515999367657 -1.0921779351829768 0.54864 4.890006969550464 -1.5977118631805556
4845 10801356 4.525957496381642 -1.047609125934173 0.54864 4.890006969550464 -1.5977118631805556
4846 10801356 4.52572742840018 -1.01564576450667 0.54864 4.890006969550464 -1.5977118631805556
4847 10801356 4.518846000317211 -0.986652492579402 0.54864 4.890006969550464 -1.5977118631805556
4848 10801356 4.5176208688351895 -0.9479401419916088 0.54864 4.890006969550464 -1.5977118631805556
4849 10801356 4.513158405172688 -0.920787050664758 0.54864 4.890006969550464 -1.5977118631805556
4850 10801356 4.504013732752751 -0.8725999170384703 0.54864 4.890006969550464 -1.5977118631805556
4851 10801356 4.500756758206816 -0.8417516894665591 0.54864 4.890006969550464 -1.5977118631805556
4852 10801356 4.496410776743625 -0.810431426865405 0.54864 4.890006969550464 -1.5977118631805556
4853 10801356 4.496009839324252 -0.7773609067619646 0.54864 4.890006969550464 -1.5977118631805556
4854 10801356 4.489123921339731 -0.7630837074068818 0.54864 4.890006969550464 -1.5977118631805556
4855 10801356 4.483878954654219 -0.7138321665482227 0.54864 4.890006969550464 -1.5977118631805556
4856 10801356 4.476689271787706 -0.6841540029471181 0.54864 4.890006969550464 -1.5977118631805556
4857 10801356 4.475817190070479 -0.6704950388895852 0.5334000000000001 4.890006969550464 -1.5977118631805556
4858 10801356 4.474945108353249 -0.6568360748320521 0.5181600000000001 4.890006969550464 -1.5977118631805556
4859 10801356 4.464255342990986 -0.605224338255408 0.5181600000000001 4.890006969550464 -1.5977118631805556
4860 10801356 4.4609961660815305 -0.5825517351804196 0.5181600000000001 4.890006969550464 -1.5977118631805556
4861 10801356 4.4580949797156535 -0.5533378214118762 0.5181600000000001 4.890006969550464 -1.5977118631805556
4862 10801356 4.4521431339409725 -0.5263994204421528 0.5181600000000001 4.890006969550464 -1.5977118631805556
4863 10801356 4.4403515424169 -0.4798012218270089 0.5181600000000001 4.890006969550464 -1.5977118631805556
4864 10801356 4.433758608240779 -0.4510182989038106 0.5181600000000001 4.890006969550464 -1.5977118631805556
4865 10801356 4.424794384547177 -0.4172567175884012 0.5181600000000001 4.890006969550464 -1.5977118631805556
4866 10801356 4.415093445668576 -0.39119775762734943 0.5181600000000001 4.890006969550464 -1.5977118631805556
4867 10801356 4.403284750104412 -0.3607133100672175 0.5181600000000001 4.890006969550464 -1.5977118631805556
4868 10801356 4.386695796516054 -0.3285526264754781 0.5181600000000001 4.890006969550464 -1.5977118631805556
4869 10801356 4.373876634604969 -0.3025275851462129 0.5181600000000001 4.890006969550464 -1.5977118631805556
4870 10801356 4.360220689106165 -0.2763463218654421 0.5181600000000001 4.890006969550464 -1.5977118631805556
4871 10801356 4.336992112972776 -0.24821030541535866 0.5181600000000001 4.890006969550464 -1.5977118631805556
4872 10801356 4.3220500945852365 -0.22733300086067146 0.5181600000000001 4.890006969550464 -1.5977118631805556
4873 10801356 4.305959558408163 -0.21133738806838 0.5181600000000001 4.890006969550464 -1.5977118631805556
4874 10801356 4.271357482369531 -0.18404623540308526 0.5181600000000001 4.890006969550464 -1.5977118631805556
4875 10801356 4.256398513937148 -0.17002571171032216 0.50292 4.890006969550464 -1.5977118631805556
4876 10801356 4.241439545504765 -0.156005188017559 0.48768 4.890006969550464 -1.5977118631805556
4877 10801356 4.19255904878513 -0.12621629362797918 0.48768 4.890006969550464 -1.5977118631805556
4878 10801356 4.174500621578743 -0.11489305237322485 0.48768 4.890006969550464 -1.5977118631805556
4879 10801356 4.1564421943723575 -0.10356981111847056 0.48768 4.890006969550464 -1.5977118631805556
4880 10801356 4.128668351639186 -0.08936878480132884 0.48768 4.890006969550464 -1.5977118631805556
4881 10801356 4.100963476198813 -0.07495650344915986 0.48768 4.890006969550464 -1.5977118631805556
4882 10801356 4.0779931031998835 -0.06208879625000754 0.48768 4.890006969550464 -1.5977118631805556
4883 10801356 4.028723064801872 -0.046013466113478264 0.48768 4.890006969550464 -1.5977118631805556
4884 10801356 4.006278940194189 -0.03588702598137042 0.48768 4.890006969550464 -1.5977118631805556
4885 10801356 3.9797741152755135 -0.03004251975277286 0.4572000000000001 4.890006969550464 -1.5977118631805556
4886 10801356 3.9441660965469736 -0.02379751930976096 0.4572000000000001 4.890006969550464 -1.5977118631805556
4887 10801356 3.9180167172181166 -0.017951938920641758 0.48768 4.890006969550464 -1.5977118631805556
4888 10801356 3.88590499934618 -0.012964261280729278 0.4572000000000001 4.890006969550464 -1.5977118631805556
4889 10801356 3.8514994428922766 -0.009564198858452194 0.4572000000000001 4.890006969550464 -1.5977118631805556
4890 10801356 3.83379209144537 -0.008049878338835166 0.4572000000000001 4.890006969550464 -1.5977118631805556
4891 10801356 3.8160847399984617 -0.006535557819218135 0.4572000000000001 4.890006969550464 -1.5977118631805556
4892 10801356 3.7665563899746353 -0.003223356713898423 0.4572000000000001 4.890006969550464 -1.5977118631805556
4893 10801356 3.7389929264288826 -0.004975746476710868 0.4572000000000001 4.890006969550464 -1.5977118631805556
4894 10801356 3.713370386348085 -0.00023582557937032456 0.4572000000000001 4.890006969550464 -1.5977118631805556
4895 10801356 3.6805452280527167 -0.0001541922357032599 0.4572000000000001 4.890006969550464 -1.5977118631805556
4896 10801356 3.636436279955963 -0.0036325870884648392 0.4572000000000001 4.890006969550464 -1.5977118631805556
4897 10801356 3.6187691735897705 -0.001722067253039722 0.4572000000000001 4.890006969550464 -1.5977118631805556
4898 10801356 3.568619558098652 -0.0019438598043844124 0.4572000000000001 4.890006969550464 -1.5977118631805556
4899 10801356 3.5352782999410755 -0.001810004014536598 0.4572000000000001 4.890006969550464 -1.5977118631805556
4900 10801356 3.5070952787641065 -0.0038266520395841283 0.4572000000000001 4.890006969550464 -1.5977118631805556
4901 10801356 3.4801760851475354 -0.0008822171763419873 0.4572000000000001 4.890006969550464 -1.5977118631805556
4902 10801356 3.4525206915654683 -0.002369980097786245 0.4572000000000001 4.890006969550464 -1.5977118631805556
4903 10801356 3.4201308766036727 -0.002312513397619648 0.4572000000000001 4.890006969550464 -1.5977118631805556
4904 10801356 3.3908474104070385 -0.00361916324228076 0.4572000000000001 4.890006969550464 -1.5977118631805556
4905 10801356 3.3587354161685066 0.001370909959193617 0.4572000000000001 4.890006969550464 -1.5977118631805556
4906 10801356 3.330586630612045 -0.0005394685439370771 0.42672 4.890006969550464 -1.5977118631805556
4907 10801356 3.2898943595489767 -0.0027947713450178486 0.42672 4.890006969550464 -1.5977118631805556
4908 10801356 3.2586191978788297 0.0020394256455581183 0.42672 4.890006969550464 -1.5977118631805556
4909 10801356 3.2311348969380376 -0.0005547388677061005 0.42672 4.890006969550464 -1.5977118631805556
4910 10801356 3.2075358466785087 -0.0007664111761199187 0.42672 4.890006969550464 -1.5977118631805556
4911 10801356 3.1839367964189784 -0.0009780834845337374 0.42672 4.890006969550464 -1.5977118631805556
4912 10801356 3.158801748412286 -0.00045464125511696096 0.42672 4.890006969550464 -1.5977118631805556
4913 10801356 3.1336667004055934 6.880097429981523e-05 0.42672 4.890006969550464 -1.5977118631805556
4914 10801356 3.1060911313265165 -0.001443805534886683 0.42672 4.890006969550464 -1.5977118631805556
4915 10801356 3.0784121482118336 -0.003273009835165014 0.42672 4.890006969550464 -1.5977118631805556
4916 10801356 3.045551737049289 -0.003294007875680266 0.42672 4.890006969550464 -1.5977118631805556
4917 10801356 3.024855819101845 -0.004131555429532946 0.42672 4.890006969550464 -1.5977118631805556
4918 10801356 2.9912618196003624 -0.0036792357411985772 0.42672 4.890006969550464 -1.5977118631805556
4919 10801356 2.9482083746901346 -0.0036434304156934 0.42672 4.890006969550464 -1.5977118631805556
4920 10801356 2.9206325682427434 -0.005155317774107632 0.39624 4.890006969550464 -1.5977118631805556
4921 10801356 2.881308160256249 -0.000495586180226576 0.39624 4.890006969550464 -1.5977118631805556
4922 10801356 2.8653135226030315 -0.0005310548475463138 0.39624 4.890006969550464 -1.5977118631805556
4923 10801356 2.8452131080325653 -0.0022634026997419843 0.39624 4.890006969550464 -1.5977118631805556
4924 10801356 2.8251126934620983 -0.003995750551937655 0.39624 4.890006969550464 -1.5977118631805556
4925 10801356 2.7904279825234752 -0.005522844868733862 0.39624 4.890006969550464 -1.5977118631805556
4926 10801356 2.758519829961002 -0.003984421918819509 0.39624 4.890006969550464 -1.5977118631805556
4927 10801356 2.7252577987435918 -0.0038729566674851335 0.39624 4.890006969550464 -1.5977118631805556
4928 10801356 2.6928315977217014 -0.005552849053419434 0.39624 4.890006969550464 -1.5977118631805556
4929 10801356 2.666622725727379 -0.0026037615823474025 0.39624 4.890006969550464 -1.5977118631805556
4930 10801356 2.622581639008049 -0.004229623403318865 0.39624 4.890006969550464 -1.5977118631805556
4931 10801356 2.6085363623403484 -0.0037328043239922845 0.39624 4.890006969550464 -1.5977118631805556
4932 10801356 2.575571968053536 -0.0040683247767070154 0.39624 4.890006969550464 -1.5977118631805556
4933 10801356 2.542344174528952 -0.003850436269017127 0.39624 4.890006969550464 -1.5977118631805556
4934 10801356 2.50402598322426 -0.0029049801102120354 0.36576 4.890006969550464 -1.5977118631805556
4935 10801356 2.477702822719058 0.0007829969076189325 0.36576 4.890006969550464 -1.5977118631805556
4936 10801356 2.449140374013955 -0.0007555649197135973 0.36576 4.890006969550464 -1.5977118631805556
4937 10801356 2.4158892785937844 -0.0008799797069311832 0.36576 4.890006969550464 -1.5977118631805556
4938 10801356 2.3894282029657665 0.0023860650210177077 0.36576 4.890006969550464 -1.5977118631805556
4939 10801356 2.3610492969614647 0.001138352484452848 0.36576 4.890006969550464 -1.5977118631805556
4940 10801356 2.3324290714731233 -0.0008482008735599955 0.36576 4.890006969550464 -1.5977118631805556
4941 10801356 2.3156661255521747 -0.0005148368217054167 0.36576 4.890006969550464 -1.5977118631805556
4942 10801356 2.2989031796312283 -0.00018147276985083785 0.36576 4.890006969550464 -1.5977118631805556
4943 10801356 2.2710163670471357 -0.002640921733332663 0.36576 4.890006969550464 -1.5977118631805556
4944 10801356 2.2324316840808773 -0.005228517317498321 0.36576 4.890006969550464 -1.5977118631805556
4945 10801356 2.2111060815415056 -0.003638737164054357 0.36576 4.890006969550464 -1.5977118631805556
4946 10801356 2.167224632578903 -0.005314180895841209 0.36576 4.890006969550464 -1.5977118631805556
4947 10801356 2.143112491918216 -0.004099316285447657 0.36576 4.890006969550464 -1.5977118631805556
4948 10801356 2.114927654465264 -0.0061104462507041435 0.36576 4.890006969550464 -1.5977118631805556
