16793 10897314 0.20150794706914202 0.0004999649132081119 0.3581400000000001 5.141553105316369 0.17112283661629846
16794 10897314 0.1318022602600497 0.001901615830690179 0.36576 5.141553105316369 0.17112283661629846
16795 10897314 0.0853964170600619 0.00258176170978823 0.37338000000000005 5.141553105316369 0.17112283661629846
16796 10897314 0.038990573860074096 0.003261907588886281 0.381 5.141553105316369 0.17112283661629846
16797 10897314 -0.024477422245580138 0.004729184095805222 0.38861999999999997 5.141553105316369 0.17112283661629846
16798 10897314 -0.11071040122776744 0.003123193332176616 0.39624 5.141553105316369 0.17112283661629846
16799 10897314 -0.1816204949773006 0.004921356136972893 0.41148 5.141553105316369 0.17112283661629846
16800 10897314 -0.2527851014748124 0.004583563887078618 0.4191 5.141553105316369 0.17112283661629846
16801 10897314 -0.33650402932741685 0.0065978845172019185 0.4343400000000001 5.141553105316369 0.17112283661629846
16802 10897314 -0.415158221633736 0.005088092967443364 0.44196 5.141553105316369 0.17112283661629846
16803 10897314 -0.4914229182944332 0.008172241810288222 0.4572000000000001 5.141553105316369 0.17112283661629846
16804 10897314 -0.5813116956444193 0.010336938731806885 0.4648200000000001 5.141553105316369 0.17112283661629846
16805 10897314 -0.7009595378955609 0.011133063596135 0.48768 5.141553105316369 0.17112283661629846
16806 10897314 -0.7794767947888763 0.01004951312574251 0.4953 5.141553105316369 0.17112283661629846
16807 10897314 -0.8557423680378922 0.013137581131136805 0.51054 5.141553105316369 0.17112283661629846
16808 10897314 -0.9442603268572692 0.011353241601211622 0.5181600000000001 5.141553105316369 0.17112283661629846
16809 10897314 -1.025586862292672 0.011190753204715714 0.52578 5.141553105316369 0.17112283661629846
16810 10897314 -1.0662502567362404 0.011109974785884852 0.52959 5.141553105316369 0.17112283661629846
16811 10897314 -1.1069136511798092 0.011029196367053991 0.5334 5.141553105316369 0.17112283661629846
16812 10897314 -1.1831369672313592 0.011536295600286768 0.54864 5.141553105316369 0.17112283661629846
16813 10897314 -1.3116662532323191 0.009638054079603137 0.56388 5.141553105316369 0.17112283661629846
16814 10897314 -1.4050089799088137 0.012124047910826745 0.57912 5.141553105316369 0.17112283661629846
16815 10897314 -1.4945729830222578 0.009870164716187041 0.5867399999999999 5.141553105316369 0.17112283661629846
16816 10897314 -1.5607753931972492 0.009790798479946544 0.59436 5.141553105316369 0.17112283661629846
16817 10897314 -1.6388941073301664 0.008585522807331353 0.6019800000000001 5.141553105316369 0.17112283661629846
16818 10897314 -1.7288732848353228 0.005068027081175902 0.6096 5.141553105316369 0.17112283661629846
16819 10897314 -1.8352403620938968 0.0014206932186089096 0.6248400000000001 5.141553105316369 0.17112283661629846
16820 10897314 -1.919946654291502 -0.0033521001455829873 0.6400800000000001 5.141553105316369 0.17112283661629846
16821 10897314 -2.0129903611953917 -0.008083891100841983 0.6477 5.141553105316369 0.17112283661629846
16822 10897314 -2.0948169130705585 -0.011109571221242705 0.6477 5.141553105316369 0.17112283661629846
16823 10897314 -2.1848325588117268 -0.01472684635729418 0.6629400000000001 5.141553105316369 0.17112283661629846
16824 10897314 -2.2469992979983773 -0.01874944884309146 0.6667500000000001 5.141553105316369 0.17112283661629846
16825 10897314 -2.309166037185027 -0.022772051328888737 0.67056 5.141553105316369 0.17112283661629846
16826 10897314 -2.4051957252941336 -0.02956026359019961 0.6858000000000001 5.141553105316369 0.17112283661629846
16827 10897314 -2.5419755565572557 -0.03925487477571013 0.69342 5.141553105316369 0.17112283661629846
16828 10897314 -2.636600637735179 -0.040657787690381 0.7010400000000001 5.141553105316369 0.17112283661629846
16829 10897314 -2.6932460732759296 -0.04408859553810599 0.7086600000000001 5.141553105316369 0.17112283661629846
16830 10897314 -2.841326272679105 -0.05545515703786355 0.7086600000000001 5.141553105316369 0.17112283661629846
16831 10897314 -2.937541478338213 -0.061708989352088274 0.7162800000000001 5.141553105316369 0.17112283661629846
16832 10897314 -3.033895334734977 -0.06838368634593009 0.7239000000000001 5.141553105316369 0.17112283661629846
16833 10897314 -3.0913019722558954 -0.07413300027652918 0.7277100000000001 5.141553105316369 0.17112283661629846
16834 10897314 -3.148708609776814 -0.07988231420712824 0.73152 5.141553105316369 0.17112283661629846
16835 10897314 -3.2518573600041467 -0.08993914614283817 0.7391399999999999 5.141553105316369 0.17112283661629846
16836 10897314 -3.3496983462306757 -0.10114779780938324 0.7391399999999999 5.141553105316369 0.17112283661629846
16837 10897314 -3.395545280581172 -0.10658928059318333 0.7467600000000001 5.141553105316369 0.17112283661629846
16838 10897314 -3.50804366778274 -0.1281870556813697 0.75184 5.141553105316369 0.17112283661629846
16839 10897314 -3.6205420549843077 -0.1497848307695561 0.75692 5.141553105316369 0.17112283661629846
16840 10897314 -3.733040442185876 -0.17138260585774248 0.762 5.141553105316369 0.17112283661629846
16841 10897314 -3.831079857164945 -0.1994638955770344 0.762 5.141553105316369 0.17112283661629846
16842 10897314 -3.991519330915724 -0.2498813450504981 0.76962 5.141553105316369 0.17112283661629846
16843 10897314 -4.031275647020012 -0.2698165238124627 0.7772399999999999 5.141553105316369 0.17112283661629846
