21599 10532852 1.16790505728161 0.002265879337078204 0.3581400000000001 2.2691385112094458 -1.2112899144904086
21600 10532852 1.1208365294196398 0.003623326468490451 0.3581400000000001 2.2691385112094458 -1.2112899144904086
21601 10532852 1.0852256793800517 0.0030846117189022885 0.3611880000000001 2.2691385112094458 -1.2112899144904086
21602 10532852 1.0496148293404637 0.0025458969693141265 0.3642360000000001 2.2691385112094458 -1.2112899144904086
21603 10532852 1.0140039793008753 0.002007182219725965 0.3672840000000001 2.2691385112094458 -1.2112899144904086
21604 10532852 0.9783931292612872 0.0014684674701378024 0.3703320000000001 2.2691385112094458 -1.2112899144904086
21605 10532852 0.9427822792216988 0.0009297527205496399 0.3733800000000001 2.2691385112094458 -1.2112899144904086
21606 10532852 0.9071714291821108 0.00039103797096147784 0.376428 2.2691385112094458 -1.2112899144904086
21607 10532852 0.8715605791425225 -0.0001476767786266842 0.379476 2.2691385112094458 -1.2112899144904086
21608 10532852 0.8359497291029343 -0.0006863915282148466 0.382524 2.2691385112094458 -1.2112899144904086
21609 10532852 0.8003388790633461 -0.001225106277803009 0.38557199999999997 2.2691385112094458 -1.2112899144904086
21610 10532852 0.7647280290237579 -0.0017638210273911714 0.38861999999999997 2.2691385112094458 -1.2112899144904086
21611 10532852 0.7222354928775434 0.001372201692885766 0.38861999999999997 2.2691385112094458 -1.2112899144904086
21612 10532852 0.7026250553617049 -0.0015663315716388793 0.38861999999999997 2.2691385112094458 -1.2112899144904086
21613 10532852 0.6683855571564596 -0.0017107359609774694 0.3924300000000001 2.2691385112094458 -1.2112899144904086
21614 10532852 0.6341460589512142 -0.001855140350316059 0.39624 2.2691385112094458 -1.2112899144904086
21615 10532852 0.553501450562409 -0.001322364885763691 0.41148 2.2691385112094458 -1.2112899144904086
21616 10532852 0.5281403154424882 -0.0041921236673514994 0.4152900000000001 2.2691385112094458 -1.2112899144904086
21617 10532852 0.5027791803225673 -0.007061882448939308 0.4191 2.2691385112094458 -1.2112899144904086
21618 10532852 0.4663045556442354 -0.005890863845292789 0.42291000000000006 2.2691385112094458 -1.2112899144904086
21619 10532852 0.4298299309659035 -0.004719845241646273 0.42672 2.2691385112094458 -1.2112899144904086
21620 10532852 0.3797723232993129 -0.00615809991292456 0.4343400000000001 2.2691385112094458 -1.2112899144904086
21621 10532852 0.3297147156327223 -0.007596354584202847 0.44196 2.2691385112094458 -1.2112899144904086
21622 10532852 0.2796571079661317 -0.009034609255481135 0.44958 2.2691385112094458 -1.2112899144904086
21623 10532852 0.2455310418078951 -0.009915289232246466 0.44958 2.2691385112094458 -1.2112899144904086
21624 10532852 0.21104770912855272 -0.010094607794234113 0.45415200000000006 2.2691385112094458 -1.2112899144904086
21625 10532852 0.17656437644921036 -0.010273926356221758 0.45872399999999997 2.2691385112094458 -1.2112899144904086
21626 10532852 0.14208104376986802 -0.010453244918209405 0.463296 2.2691385112094458 -1.2112899144904086
21627 10532852 0.10759771109052567 -0.01063256348019705 0.467868 2.2691385112094458 -1.2112899144904086
21628 10532852 0.07311437841118329 -0.010811882042184695 0.47244 2.2691385112094458 -1.2112899144904086
21629 10532852 0.022922574209895463 -0.011931566229189993 0.48006000000000004 2.2691385112094458 -1.2112899144904086
21630 10532852 -0.027269229991392363 -0.013051250416195287 0.48768 2.2691385112094458 -1.2112899144904086
21631 10532852 -0.05310660185461663 -0.0154714575605078 0.49149 2.2691385112094458 -1.2112899144904086
21632 10532852 -0.0789439737178409 -0.017891664704820315 0.4953 2.2691385112094458 -1.2112899144904086
21633 10532852 -0.11275524341388048 -0.018756789563856263 0.4991100000000001 2.2691385112094458 -1.2112899144904086
21634 10532852 -0.14656651310992008 -0.019621914422892208 0.50292 2.2691385112094458 -1.2112899144904086
21635 10532852 -0.2002879175297012 -0.017950986021551124 0.50292 2.2691385112094458 -1.2112899144904086
21636 10532852 -0.26227362251068786 -0.024443586379349985 0.5181600000000001 2.2691385112094458 -1.2112899144904086
21637 10532852 -0.2852020903906748 -0.02448422523528823 0.5181600000000001 2.2691385112094458 -1.2112899144904086
21638 10532852 -0.3081305582706617 -0.02452486409122648 0.5181600000000001 2.2691385112094458 -1.2112899144904086
21639 10532852 -0.3694353604914757 -0.026215439669330848 0.52578 2.2691385112094458 -1.2112899144904086
21640 10532852 -0.41493862710120544 -0.02793053172701496 0.5334 2.2691385112094458 -1.2112899144904086
21641 10532852 -0.43473250854041545 -0.029521206085290963 0.5372100000000001 2.2691385112094458 -1.2112899144904086
21642 10532852 -0.4545263899796255 -0.03111188044356697 0.54102 2.2691385112094458 -1.2112899144904086
21643 10532852 -0.5099110996953382 -0.029362397125675763 0.54102 2.2691385112094458 -1.2112899144904086
21644 10532852 -0.5466327158495871 -0.03301295786525224 0.54864 2.2691385112094458 -1.2112899144904086
21645 10532852 -0.5858307538802321 -0.036087407763612384 0.5562600000000001 2.2691385112094458 -1.2112899144904086
21646 10532852 -0.645555563362199 -0.03946074282057152 0.5562600000000001 2.2691385112094458 -1.2112899144904086
21647 10532852 -0.6904399253502675 -0.0409092760498683 0.56388 2.2691385112094458 -1.2112899144904086
21648 10532852 -0.7122738706521492 -0.04113127345843262 0.56388 2.2691385112094458 -1.2112899144904086
21649 10532852 -0.7341078159540309 -0.041353270866996944 0.56388 2.2691385112094458 -1.2112899144904086
21650 10532852 -0.7893722006385302 -0.044665027038968436 0.5715 2.2691385112094458 -1.2112899144904086
21651 10532852 -0.8317028012385468 -0.049167597673177216 0.57912 2.2691385112094458 -1.2112899144904086
21652 10532852 -0.8602238411479284 -0.05082465430425917 0.57912 2.2691385112094458 -1.2112899144904086
21653 10532852 -0.9159329879858916 -0.051419754620130965 0.59436 2.2691385112094458 -1.2112899144904086
21654 10532852 -0.9663832217931418 -0.05630441406692958 0.6019800000000001 2.2691385112094458 -1.2112899144904086
21655 10532852 -1.0010867208053953 -0.059210803246391185 0.6019800000000001 2.2691385112094458 -1.2112899144904086
21656 10532852 -1.0376799109176245 -0.05974659555709175 0.6096 2.2691385112094458 -1.2112899144904086
21657 10532852 -1.09977018448405 -0.054047718379654865 0.61722 2.2691385112094458 -1.2112899144904086
21658 10532852 -1.1292320143247458 -0.05043057637072265 0.62103 2.2691385112094458 -1.2112899144904086
21659 10532852 -1.1586938441654422 -0.04681343436179045 0.6248400000000001 2.2691385112094458 -1.2112899144904086
21660 10532852 -1.1991655190457948 -0.03883628021525712 0.6248400000000001 2.2691385112094458 -1.2112899144904086
21661 10532852 -1.231440180884911 -0.03295531005321331 0.63246 2.2691385112094458 -1.2112899144904086
21662 10532852 -1.2926950201296599 -0.018181023343116248 0.6400800000000001 2.2691385112094458 -1.2112899144904086
21663 10532852 -1.3279745389952642 -0.0022036153716015468 0.6477 2.2691385112094458 -1.2112899144904086
21664 10532852 -1.3672939508933084 0.010655399403598026 0.65532 2.2691385112094458 -1.2112899144904086
21665 10532852 -1.4071740897951168 0.024515905996599224 0.6629400000000001 2.2691385112094458 -1.2112899144904086
21666 10532852 -1.445932559218417 0.0363740877920565 0.6629400000000001 2.2691385112094458 -1.2112899144904086
21667 10532852 -1.4771669968481564 0.04679411015476895 0.6686550000000001 2.2691385112094458 -1.2112899144904086
21668 10532852 -1.5084014344778964 0.057214132517481385 0.6743700000000001 2.2691385112094458 -1.2112899144904086
21669 10532852 -1.5373404929399976 0.06922044578335948 0.6762750000000002 2.2691385112094458 -1.2112899144904086
21670 10532852 -1.5662795514020986 0.08122675904923758 0.6781800000000001 2.2691385112094458 -1.2112899144904086
21671 10532852 -1.6100678322979387 0.0967173269429191 0.6858000000000001 2.2691385112094458 -1.2112899144904086
21672 10532852 -1.66783777641128 0.11970243249186747 0.7010400000000001 2.2691385112094458 -1.2112899144904086
21673 10532852 -1.6839076985185184 0.1262440056447872 0.7010400000000001 2.2691385112094458 -1.2112899144904086
21674 10532852 -1.7409130885635966 0.15563957340346898 0.7086600000000001 2.2691385112094458 -1.2112899144904086
21675 10532852 -1.7807316509497462 0.17240333006570116 0.7162800000000001 2.2691385112094458 -1.2112899144904086
21676 10532852 -1.8130604728567727 0.1903393799834929 0.7162800000000001 2.2691385112094458 -1.2112899144904086
21677 10532852 -1.8444224414379884 0.211230862434522 0.7239000000000001 2.2691385112094458 -1.2112899144904086
21678 10532852 -1.861281407232093 0.2194331390140888 0.7239000000000001 2.2691385112094458 -1.2112899144904086
21679 10532852 -1.8781403730261976 0.2276354155936555 0.7239000000000001 2.2691385112094458 -1.2112899144904086
21680 10532852 -1.9293108855758103 0.2640040219627561 0.73152 2.2691385112094458 -1.2112899144904086
21681 10532852 -1.9558233614794616 0.2834265726022367 0.7391399999999999 2.2691385112094458 -1.2112899144904086
21682 10532852 -2.0096684011983235 0.3170488502537425 0.7467600000000001 2.2691385112094458 -1.2112899144904086
21683 10532852 -2.035936854929859 0.33884564684145113 0.7467600000000001 2.2691385112094458 -1.2112899144904086
21684 10532852 -2.0590025944184283 0.3584848570479615 0.75057 2.2691385112094458 -1.2112899144904086
21685 10532852 -2.0820683339069967 0.3781240672544719 0.75438 2.2691385112094458 -1.2112899144904086
21686 10532852 -2.1102521542259183 0.4087268244730907 0.762 2.2691385112094458 -1.2112899144904086
21687 10532852 -2.1379968420879285 0.4325261089013824 0.762 2.2691385112094458 -1.2112899144904086
21688 10532852 -2.1837271350860297 0.4800869143422293 0.76962 2.2691385112094458 -1.2112899144904086
21689 10532852 -2.211841055293105 0.5109011501229107 0.76962 2.2691385112094458 -1.2112899144904086
21690 10532852 -2.225453020856338 0.5290254070173073 0.7734300000000001 2.2691385112094458 -1.2112899144904086
21691 10532852 -2.239064986419571 0.5471496639117037 0.7772399999999999 2.2691385112094458 -1.2112899144904086
21692 10532852 -2.26485653714602 0.5823454901637937 0.78486 2.2691385112094458 -1.2112899144904086
21693 10532852 -2.3049155105943253 0.6336604658463075 0.78486 2.2691385112094458 -1.2112899144904086
21694 10532852 -2.339020045507085 0.6868833203285513 0.7924800000000001 2.2691385112094458 -1.2112899144904086
21695 10532852 -2.348874350087647 0.7061737629639274 0.7924800000000001 2.2691385112094458 -1.2112899144904086
21696 10532852 -2.3587286546682087 0.7254642055993036 0.7924800000000001 2.2691385112094458 -1.2112899144904086
21697 10532852 -2.3897668437406345 0.7815400805046041 0.8001 2.2691385112094458 -1.2112899144904086
21698 10532852 -2.4003410413004858 0.7980867280112937 0.80772 2.2691385112094458 -1.2112899144904086
21699 10532852 -2.4203655410354257 0.8400430242219868 0.80772 2.2691385112094458 -1.2112899144904086
21700 10532852 -2.4459768864301545 0.8974984602484041 0.8153400000000001 2.2691385112094458 -1.2112899144904086
21701 10532852 -2.473192307655699 0.9554790770639388 0.82296 2.2691385112094458 -1.2112899144904086
21702 10532852 -2.4807361685649374 0.9739554751198584 0.82296 2.2691385112094458 -1.2112899144904086
21703 10532852 -2.488280029474176 0.9924318731757784 0.82296 2.2691385112094458 -1.2112899144904086
21704 10532852 -2.5063976523643006 1.0358680103344258 0.8305800000000001 2.2691385112094458 -1.2112899144904086
21705 10532852 -2.5201479161975984 1.077991881255496 0.8382000000000001 2.2691385112094458 -1.2112899144904086
21706 10532852 -2.54179024463107 1.1434970450000042 0.8382000000000001 2.2691385112094458 -1.2112899144904086
21707 10532852 -2.5615885851028266 1.1983502746834271 0.8458200000000001 2.2691385112094458 -1.2112899144904086
21708 10532852 -2.573818009593749 1.245118009484715 0.8534400000000001 2.2691385112094458 -1.2112899144904086
21709 10532852 -2.578911296653395 1.294691569437907 0.8534400000000001 2.2691385112094458 -1.2112899144904086
21710 10532852 -2.5805173634060377 1.3196379332639483 0.8572500000000001 2.2691385112094458 -1.2112899144904086
21711 10532852 -2.5821234301586804 1.3445842970899895 0.86106 2.2691385112094458 -1.2112899144904086
21712 10532852 -2.581653696014921 1.386728712980857 0.8686800000000001 2.2691385112094458 -1.2112899144904086
21713 10532852 -2.5752247623631748 1.4348683368020696 0.8763000000000001 2.2691385112094458 -1.2112899144904086
21714 10532852 -2.5739880713059082 1.4590012147016809 0.8763000000000001 2.2691385112094458 -1.2112899144904086
21715 10532852 -2.553060316803329 1.536514650190396 0.88392 2.2691385112094458 -1.2112899144904086
21716 10532852 -2.5232341517285883 1.597795378718468 0.88392 2.2691385112094458 -1.2112899144904086
21717 10532852 -2.4978561915263318 1.6427713706266451 0.88392 2.2691385112094458 -1.2112899144904086
21718 10532852 -2.4857321924882894 1.6629905208506175 0.88392 2.2691385112094458 -1.2112899144904086
21719 10532852 -2.4736081934502465 1.6832096710745903 0.88392 2.2691385112094458 -1.2112899144904086
21720 10532852 -2.439711135069743 1.7200227061319626 0.8915400000000001 2.2691385112094458 -1.2112899144904086
21721 10532852 -2.3859990918929768 1.7755895756716085 0.88392 2.2691385112094458 -1.2112899144904086
21722 10532852 -2.338339917679709 1.815377014649542 0.88392 2.2691385112094458 -1.2112899144904086
21723 10532852 -2.2960504107987263 1.8441857650048987 0.88392 2.2691385112094458 -1.2112899144904086
21724 10532852 -2.2548815259118147 1.862786991286965 0.8801100000000001 2.2691385112094458 -1.2112899144904086
21725 10532852 -2.2137126410249044 1.8813882175690315 0.8763000000000001 2.2691385112094458 -1.2112899144904086
21726 10532852 -2.163316956638435 1.9024035394311964 0.8763000000000001 2.2691385112094458 -1.2112899144904086
21727 10532852 -2.0786224580381862 1.919673361858139 0.8763000000000001 2.2691385112094458 -1.2112899144904086
21728 10532852 -2.0331950615702885 1.9211663551779419 0.8686800000000001 2.2691385112094458 -1.2112899144904086
21729 10532852 -1.9715754939795067 1.9251897572894219 0.8686800000000001 2.2691385112094458 -1.2112899144904086
21730 10532852 -1.9129808000903168 1.922141194948084 0.8686800000000001 2.2691385112094458 -1.2112899144904086
21731 10532852 -1.8573571875399664 1.9091988142565977 0.86106 2.2691385112094458 -1.2112899144904086
21732 10532852 -1.8041768408221424 1.8953036685338327 0.86106 2.2691385112094458 -1.2112899144904086
21733 10532852 -1.7205469098429396 1.86209899877164 0.86106 2.2691385112094458 -1.2112899144904086
21734 10532852 -1.6938075000960753 1.85072158419048 0.86106 2.2691385112094458 -1.2112899144904086
21735 10532852 -1.6670680903492108 1.83934416960932 0.86106 2.2691385112094458 -1.2112899144904086
21736 10532852 -1.6028864710297157 1.7939262311471822 0.8534400000000001 2.2691385112094458 -1.2112899144904086
21737 10532852 -1.538706400338585 1.7376433587601416 0.8534400000000001 2.2691385112094458 -1.2112899144904086
21738 10532852 -1.5124946273025273 1.71189272105756 0.8534400000000001 2.2691385112094458 -1.2112899144904086
21739 10532852 -1.4862828542664694 1.6861420833549776 0.8534400000000001 2.2691385112094458 -1.2112899144904086
21740 10532852 -1.4449093245788498 1.6361530717419623 0.8458200000000001 2.2691385112094458 -1.2112899144904086
21741 10532852 -1.4159833447341537 1.588834275812767 0.8458200000000001 2.2691385112094458 -1.2112899144904086
21742 10532852 -1.382415958012725 1.5394132531085805 0.8458200000000001 2.2691385112094458 -1.2112899144904086
21743 10532852 -1.350789633116314 1.4867717706724208 0.8458200000000001 2.2691385112094458 -1.2112899144904086
21744 10532852 -1.3182832047999058 1.431389079642334 0.8458200000000001 2.2691385112094458 -1.2112899144904086
21745 10532852 -1.2937332187050905 1.3856196065406845 0.8458200000000001 2.2691385112094458 -1.2112899144904086
21746 10532852 -1.261169753608449 1.3290504583180995 0.8458200000000001 2.2691385112094458 -1.2112899144904086
21747 10532852 -1.2328208241167051 1.266382451652429 0.8458200000000001 2.2691385112094458 -1.2112899144904086
21748 10532852 -1.207558896864653 1.2105663768248427 0.8382000000000001 2.2691385112094458 -1.2112899144904086
21749 10532852 -1.1846294971454785 1.1598364753784471 0.8382000000000001 2.2691385112094458 -1.2112899144904086
21750 10532852 -1.1632518763789437 1.11522255212853 0.8382000000000001 2.2691385112094458 -1.2112899144904086
21751 10532852 -1.1389318670700168 1.0467461784528411 0.8305800000000001 2.2691385112094458 -1.2112899144904086
21752 10532852 -1.1285258368082791 1.0174631984018845 0.8267700000000001 2.2691385112094458 -1.2112899144904086
21753 10532852 -1.118119806546541 0.9881802183509276 0.82296 2.2691385112094458 -1.2112899144904086
21754 10532852 -1.0983231673552925 0.9335685283782228 0.82296 2.2691385112094458 -1.2112899144904086
21755 10532852 -1.0828586737086283 0.8803738201645112 0.8153400000000001 2.2691385112094458 -1.2112899144904086
21756 10532852 -1.068006682838066 0.8225892321203275 0.8153400000000001 2.2691385112094458 -1.2112899144904086
21757 10532852 -1.0488762875898765 0.7452958501775911 0.80772 2.2691385112094458 -1.2112899144904086
21758 10532852 -1.0437015535659186 0.7176657077336672 0.80772 2.2691385112094458 -1.2112899144904086
21759 10532852 -1.0328516315781036 0.6585030600029825 0.8001 2.2691385112094458 -1.2112899144904086
21760 10532852 -1.0116106373204032 0.5700046921299525 0.7924800000000001 2.2691385112094458 -1.2112899144904086
21761 10532852 -0.9994865364845829 0.5215251632524986 0.7924800000000001 2.2691385112094458 -1.2112899144904086
21762 10532852 -0.991223405779394 0.4653119133457089 0.78486 2.2691385112094458 -1.2112899144904086
21763 10532852 -0.9821230099485324 0.40894180372449385 0.7772399999999999 2.2691385112094458 -1.2112899144904086
21764 10532852 -0.9723059790788322 0.3574782428875727 0.76962 2.2691385112094458 -1.2112899144904086
21765 10532852 -0.9637091192127648 0.31722113238858674 0.76581 2.2691385112094458 -1.2112899144904086
21766 10532852 -0.9551122593466974 0.2769640218896008 0.762 2.2691385112094458 -1.2112899144904086
21767 10532852 -0.9358985834143336 0.20805729054802066 0.75438 2.2691385112094458 -1.2112899144904086
21768 10532852 -0.922935241546623 0.15942089585716482 0.75438 2.2691385112094458 -1.2112899144904086
21769 10532852 -0.8894794675159639 0.07838022179104939 0.75438 2.2691385112094458 -1.2112899144904086
21770 10532852 -0.86664877089791 0.03411207818004844 0.7467600000000001 2.2691385112094458 -1.2112899144904086
21771 10532852 -0.8405475963730797 -0.008304353747034615 0.7467600000000001 2.2691385112094458 -1.2112899144904086
21772 10532852 -0.8116417152971382 -0.05572682070866872 0.7467600000000001 2.2691385112094458 -1.2112899144904086
21773 10532852 -0.7770404894631273 -0.10746467034940717 0.7391399999999999 2.2691385112094458 -1.2112899144904086
21774 10532852 -0.7408084181384003 -0.14606578762039826 0.7391399999999999 2.2691385112094458 -1.2112899144904086
21775 10532852 -0.7036803701970029 -0.18355752162820166 0.73152 2.2691385112094458 -1.2112899144904086
21776 10532852 -0.6651338206373778 -0.2134511773291844 0.73152 2.2691385112094458 -1.2112899144904086
21777 10532852 -0.6308471141680514 -0.2376289282659463 0.7277100000000001 2.2691385112094458 -1.2112899144904086
21778 10532852 -0.596560407698725 -0.26180667920270817 0.7239000000000001 2.2691385112094458 -1.2112899144904086
21779 10532852 -0.5493175239375023 -0.2884671464968235 0.7162800000000001 2.2691385112094458 -1.2112899144904086
21780 10532852 -0.4658427361255559 -0.3211298735308057 0.7162800000000001 2.2691385112094458 -1.2112899144904086
21781 10532852 -0.41095344021835145 -0.3390729193701212 0.7086600000000001 2.2691385112094458 -1.2112899144904086
21782 10532852 -0.3591312134242861 -0.3506386539361825 0.7086600000000001 2.2691385112094458 -1.2112899144904086
21783 10532852 -0.29590908832241625 -0.3610233986264171 0.7010400000000001 2.2691385112094458 -1.2112899144904086
21784 10532852 -0.24540141555185224 -0.36818577635956495 0.6934200000000001 2.2691385112094458 -1.2112899144904086
21785 10532852 -0.19489374278128824 -0.3753481540927129 0.6858000000000001 2.2691385112094458 -1.2112899144904086
21786 10532852 -0.14438607001072426 -0.3825105318258608 0.67818 2.2691385112094458 -1.2112899144904086
21787 10532852 -0.09387839724016024 -0.3896729095590087 0.67056 2.2691385112094458 -1.2112899144904086
21788 10532852 -0.04089205407604468 -0.3949574130297641 0.6629400000000001 2.2691385112094458 -1.2112899144904086
21789 10532852 0.042802275868621516 -0.4022164267861752 0.65532 2.2691385112094458 -1.2112899144904086
21790 10532852 0.1013750737215322 -0.4053534750539177 0.6477 2.2691385112094458 -1.2112899144904086
21791 10532852 0.1536742374554414 -0.4094773611018591 0.6400800000000001 2.2691385112094458 -1.2112899144904086
21792 10532852 0.211990537767038 -0.4172028795591932 0.63246 2.2691385112094458 -1.2112899144904086
21793 10532852 0.2644388492429217 -0.42114105959692016 0.6248400000000001 2.2691385112094458 -1.2112899144904086
21794 10532852 0.3254511852594876 -0.42741013106270376 0.61722 2.2691385112094458 -1.2112899144904086
21795 10532852 0.3798021255710832 -0.4323197199518478 0.61722 2.2691385112094458 -1.2112899144904086
21796 10532852 0.43864834802526176 -0.4370622216023559 0.6096 2.2691385112094458 -1.2112899144904086
21797 10532852 0.4696419182401551 -0.440063289557997 0.6096 2.2691385112094458 -1.2112899144904086
21798 10532852 0.5241571207728184 -0.4471865859794785 0.6096 2.2691385112094458 -1.2112899144904086
21799 10532852 0.5786723233054817 -0.4543098824009599 0.6096 2.2691385112094458 -1.2112899144904086
21800 10532852 0.635612213283382 -0.4621663774264457 0.6019800000000001 2.2691385112094458 -1.2112899144904086
21801 10532852 0.6954676446780177 -0.4665355967252989 0.6019800000000001 2.2691385112094458 -1.2112899144904086
21802 10532852 0.7467740829873083 -0.4780414452112335 0.6019800000000001 2.2691385112094458 -1.2112899144904086
21803 10532852 0.7996669840469564 -0.4846912235886629 0.59436 2.2691385112094458 -1.2112899144904086
21804 10532852 0.8475923907204803 -0.4940402630363026 0.59436 2.2691385112094458 -1.2112899144904086
21805 10532852 0.8996482938182607 -0.5005326723735413 0.59436 2.2691385112094458 -1.2112899144904086
21806 10532852 0.9778655372246384 -0.5155712863821686 0.5867399999999999 2.2691385112094458 -1.2112899144904086
21807 10532852 1.0269370678944936 -0.5257608066292181 0.5867399999999999 2.2691385112094458 -1.2112899144904086
21808 10532852 1.0833264507135258 -0.5336675138966652 0.5867399999999999 2.2691385112094458 -1.2112899144904086
21809 10532852 1.1303340989086723 -0.5436493897171951 0.57912 2.2691385112094458 -1.2112899144904086
21810 10532852 1.1768414459909502 -0.5480936069751509 0.57912 2.2691385112094458 -1.2112899144904086
21811 10532852 1.1985512556307385 -0.5523229795405146 0.57912 2.2691385112094458 -1.2112899144904086
21812 10532852 1.2202610652705266 -0.5565523521058783 0.57912 2.2691385112094458 -1.2112899144904086
21813 10532852 1.2957881290655795 -0.5656852261007277 0.5715 2.2691385112094458 -1.2112899144904086
21814 10532852 1.3414666753042126 -0.5742969516381999 0.5715 2.2691385112094458 -1.2112899144904086
21815 10532852 1.4331626789512668 -0.582868482447713 0.56388 2.2691385112094458 -1.2112899144904086
21816 10532852 1.478236069421219 -0.5878938130773604 0.56388 2.2691385112094458 -1.2112899144904086
21817 10532852 1.5255802195042771 -0.5924922797024484 0.56388 2.2691385112094458 -1.2112899144904086
21818 10532852 1.5728553842911226 -0.5973015536969906 0.5562600000000001 2.2691385112094458 -1.2112899144904086
21819 10532852 1.636127028315645 -0.6020778139590978 0.5562600000000001 2.2691385112094458 -1.2112899144904086
21820 10532852 1.6796178778941655 -0.6070522164967209 0.5562600000000001 2.2691385112094458 -1.2112899144904086
21821 10532852 1.7231087274726864 -0.6120266190343441 0.5562600000000001 2.2691385112094458 -1.2112899144904086
21822 10532852 1.7668397373684896 -0.6178968061437481 0.54864 2.2691385112094458 -1.2112899144904086
21823 10532852 1.7992903870425518 -0.6191483406260376 0.54864 2.2691385112094458 -1.2112899144904086
21824 10532852 1.831741036716614 -0.6203998751083271 0.54864 2.2691385112094458 -1.2112899144904086
21825 10532852 1.8790408088323411 -0.6224115133858665 0.5562600000000001 2.2691385112094458 -1.2112899144904086
21826 10532852 1.924838915777643 -0.6235820328063636 0.54864 2.2691385112094458 -1.2112899144904086
21827 10532852 1.9471616083886325 -0.6286517925113526 0.54864 2.2691385112094458 -1.2112899144904086
21828 10532852 2.0275666454284087 -0.6299075037929158 0.54102 2.2691385112094458 -1.2112899144904086
21829 10532852 2.0481119623561 -0.6349806770733948 0.54102 2.2691385112094458 -1.2112899144904086
21830 10532852 2.1094483298402418 -0.6347986544469089 0.52578 2.2691385112094458 -1.2112899144904086
21831 10532852 2.135946168783096 -0.6379601438980113 0.52578 2.2691385112094458 -1.2112899144904086
21832 10532852 2.1702330061166992 -0.6363049759698544 0.5232399999999999 2.2691385112094458 -1.2112899144904086
21833 10532852 2.2045198434503024 -0.6346498080416976 0.5207 2.2691385112094458 -1.2112899144904086
21834 10532852 2.2388066807839055 -0.6329946401135407 0.5181600000000001 2.2691385112094458 -1.2112899144904086
21835 10532852 2.279335477810287 -0.6247325737510397 0.5181600000000001 2.2691385112094458 -1.2112899144904086
21836 10532852 2.3263906612045315 -0.6133442915350512 0.5181600000000001 2.2691385112094458 -1.2112899144904086
21837 10532852 2.386372567053465 -0.5955456595336295 0.51054 2.2691385112094458 -1.2112899144904086
21838 10532852 2.4076062833803675 -0.5811003366190288 0.51054 2.2691385112094458 -1.2112899144904086
