28800 10866934 0.9417592075310448 0.16768113196880505 0.34290000000000004 1.2695355730248168 1.6194615297760395
28801 10866934 0.9385759661742086 0.166092571356461 0.34290000000000004 1.2695355730248168 1.6194615297760395
28802 10866934 0.938187972610721 0.16490503932487255 0.34290000000000004 1.2695355730248168 1.6194615297760395
28803 10866934 0.9377999790472334 0.1637175072932841 0.34290000000000004 1.2695355730248168 1.6194615297760395
28804 10866934 0.937411985483746 0.16252997526169566 0.34290000000000004 1.2695355730248168 1.6194615297760395
28805 10866934 0.9370239919202584 0.1613424432301072 0.34290000000000004 1.2695355730248168 1.6194615297760395
28806 10866934 0.9346167349853348 0.16212894940727313 0.34290000000000004 1.2695355730248168 1.6194615297760395
28807 10866934 0.9322094780504114 0.162915455584439 0.34290000000000004 1.2695355730248168 1.6194615297760395
28808 10866934 0.9330118969694674 0.16265328667598816 0.34290000000000004 1.2695355730248168 1.6194615297760395
28809 10866934 0.9338143158885234 0.1623911177675373 0.34290000000000004 1.2695355730248168 1.6194615297760395
28810 10866934 0.9335850533574448 0.16246602322228226 0.34217428571428576 1.2695355730248168 1.6194615297760395
28811 10866934 0.933355790826366 0.16254092867702724 0.3414485714285715 1.2695355730248168 1.6194615297760395
28812 10866934 0.9331265282952872 0.1626158341317722 0.3407228571428572 1.2695355730248168 1.6194615297760395
28813 10866934 0.9328972657642086 0.16269073958651714 0.3399971428571429 1.2695355730248168 1.6194615297760395
28814 10866934 0.93266800323313 0.16276564504126212 0.3392714285714286 1.2695355730248168 1.6194615297760395
28815 10866934 0.9324387407020512 0.1628405504960071 0.33854571428571434 1.2695355730248168 1.6194615297760395
28816 10866934 0.9322094781709724 0.16291545595075205 0.33782 1.2695355730248168 1.6194615297760395
28817 10866934 0.931980215639894 0.16299036140549705 0.3370942857142857 1.2695355730248168 1.6194615297760395
28818 10866934 0.9317509531088152 0.16306526686024198 0.33636857142857146 1.2695355730248168 1.6194615297760395
28819 10866934 0.9315216905777364 0.16314017231498695 0.3356428571428572 1.2695355730248168 1.6194615297760395
28820 10866934 0.9312924280466576 0.1632150777697319 0.3349171428571429 1.2695355730248168 1.6194615297760395
28821 10866934 0.9310631655155791 0.16328998322447688 0.3341914285714286 1.2695355730248168 1.6194615297760395
28822 10866934 0.9308339029845004 0.16336488867922186 0.3334657142857143 1.2695355730248168 1.6194615297760395
28823 10866934 0.9306046404534216 0.1634397941339668 0.33274000000000004 1.2695355730248168 1.6194615297760395
28824 10866934 0.9303753779223428 0.16351469958871176 0.3320142857142857 1.2695355730248168 1.6194615297760395
28825 10866934 0.9301461153912642 0.16358960504345674 0.33128857142857143 1.2695355730248168 1.6194615297760395
28826 10866934 0.9299168528601855 0.1636645104982017 0.3305628571428572 1.2695355730248168 1.6194615297760395
28827 10866934 0.9296875903291067 0.16373941595294667 0.3298371428571429 1.2695355730248168 1.6194615297760395
28828 10866934 0.9294583277980282 0.16381432140769162 0.3291114285714285 1.2695355730248168 1.6194615297760395
28829 10866934 0.9292290652669496 0.1638892268624366 0.3283857142857143 1.2695355730248168 1.6194615297760395
28830 10866934 0.9289998027358708 0.16396413231718154 0.32766 1.2695355730248168 1.6194615297760395
28831 10866934 0.9346820774478244 0.15602740347721808 0.33008454545454546 1.2695355730248168 1.6194615297760395
28832 10866934 0.940364352159778 0.1480906746372546 0.3325090909090909 1.2695355730248168 1.6194615297760395
28833 10866934 0.9460466268717316 0.14015394579729112 0.3349336363636364 1.2695355730248168 1.6194615297760395
28834 10866934 0.9517289015836852 0.13221721695732766 0.33735818181818183 1.2695355730248168 1.6194615297760395
28835 10866934 0.9574111762956384 0.12428048811736415 0.3397827272727273 1.2695355730248168 1.6194615297760395
28836 10866934 0.963093451007592 0.1163437592774007 0.34220727272727275 1.2695355730248168 1.6194615297760395
28837 10866934 0.9687757257195456 0.10840703043743724 0.3446318181818182 1.2695355730248168 1.6194615297760395
28838 10866934 0.9744580004314992 0.10047030159747376 0.3470563636363637 1.2695355730248168 1.6194615297760395
28839 10866934 0.9801402751434528 0.09253357275751027 0.3494809090909091 1.2695355730248168 1.6194615297760395
28840 10866934 0.9858225498554064 0.0845968439175468 0.3519054545454545 1.2695355730248168 1.6194615297760395
28841 10866934 0.99150482456736 0.07666011507758333 0.35433000000000003 1.2695355730248168 1.6194615297760395
28842 10866934 0.9971870992793136 0.06872338623761985 0.35675454545454544 1.2695355730248168 1.6194615297760395
28843 10866934 1.002869373991267 0.06078665739765636 0.3591790909090909 1.2695355730248168 1.6194615297760395
28844 10866934 1.0085516487032204 0.05284992855769291 0.3616036363636364 1.2695355730248168 1.6194615297760395
28845 10866934 1.014233923415174 0.04491319971772943 0.3640281818181818 1.2695355730248168 1.6194615297760395
28846 10866934 1.0199161981271276 0.03697647087776596 0.3664527272727273 1.2695355730248168 1.6194615297760395
28847 10866934 1.0255984728390812 0.029039742037802487 0.3688772727272727 1.2695355730248168 1.6194615297760395
28848 10866934 1.0312807475510348 0.021103013197839 0.3713018181818182 1.2695355730248168 1.6194615297760395
28849 10866934 1.0369630222629884 0.013166284357875535 0.3737263636363636 1.2695355730248168 1.6194615297760395
28850 10866934 1.0426452969749418 0.0052295555179120426 0.3761509090909091 1.2695355730248168 1.6194615297760395
28851 10866934 1.0483275716868954 -0.0027071733220514205 0.37857545454545455 1.2695355730248168 1.6194615297760395
28852 10866934 1.0540098463988492 -0.01064390216201487 0.381 1.2695355730248168 1.6194615297760395
28853 10866934 1.1150324158271996 -0.04132748919239393 0.39624 1.2695355730248168 1.6194615297760395
28854 10866934 1.1421032624051275 -0.05360877501761918 0.4016828571428572 1.2695355730248168 1.6194615297760395
28855 10866934 1.1691741089830556 -0.06589006084284442 0.4071257142857143 1.2695355730248168 1.6194615297760395
28856 10866934 1.1962449555609835 -0.0781713466680697 0.41256857142857145 1.2695355730248168 1.6194615297760395
28857 10866934 1.2233158021389114 -0.09045263249329497 0.41801142857142864 1.2695355730248168 1.6194615297760395
28858 10866934 1.2503866487168394 -0.1027339183185202 0.4234542857142858 1.2695355730248168 1.6194615297760395
28859 10866934 1.2774574952947677 -0.11501520414374547 0.4288971428571429 1.2695355730248168 1.6194615297760395
28860 10866934 1.3045283418726954 -0.12729648996897072 0.4343400000000001 1.2695355730248168 1.6194615297760395
28861 10866934 1.3648094519496483 -0.15481465194833013 0.44958 1.2695355730248168 1.6194615297760395
28862 10866934 1.3966891783668278 -0.1700467106736978 0.455295 1.2695355730248168 1.6194615297760395
28863 10866934 1.428568904784007 -0.1852787693990655 0.46101 1.2695355730248168 1.6194615297760395
28864 10866934 1.4604486312011868 -0.2005108281244332 0.466725 1.2695355730248168 1.6194615297760395
28865 10866934 1.492328357618366 -0.2157428868498009 0.47244 1.2695355730248168 1.6194615297760395
28866 10866934 1.528605465735791 -0.2351853303342112 0.47244 1.2695355730248168 1.6194615297760395
28867 10866934 1.552287664294934 -0.24560724767206196 0.47625 1.2695355730248168 1.6194615297760395
28868 10866934 1.5759698628540773 -0.2560291650099127 0.48006000000000004 1.2695355730248168 1.6194615297760395
28869 10866934 1.6137737670093588 -0.2735164681435777 0.48768 1.2695355730248168 1.6194615297760395
28870 10866934 1.647477476166305 -0.2845242223835859 0.4953 1.2695355730248168 1.6194615297760395
28871 10866934 1.7036540792203816 -0.313735752079244 0.50292 1.2695355730248168 1.6194615297760395
28872 10866934 1.7378941960939558 -0.32853967148718555 0.50292 1.2695355730248168 1.6194615297760395
28873 10866934 1.7702440958550618 -0.3409737626155318 0.51054 1.2695355730248168 1.6194615297760395
28874 10866934 1.7979643999155317 -0.3548940512725265 0.51308 1.2695355730248168 1.6194615297760395
28875 10866934 1.8256847039760007 -0.3688143399295212 0.5156200000000001 1.2695355730248168 1.6194615297760395
28876 10866934 1.85340500803647 -0.3827346285865159 0.5181600000000001 1.2695355730248168 1.6194615297760395
28877 10866934 1.930564867825128 -0.41459081837105904 0.52578 1.2695355730248168 1.6194615297760395
28878 10866934 1.9533747084557802 -0.42741318484085056 0.52578 1.2695355730248168 1.6194615297760395
28879 10866934 1.9911108856781448 -0.4451095918308491 0.52578 1.2695355730248168 1.6194615297760395
28880 10866934 2.052921908782931 -0.470667075495317 0.5334 1.2695355730248168 1.6194615297760395
28881 10866934 2.095749115575404 -0.4890906541317181 0.5334 1.2695355730248168 1.6194615297760395
28882 10866934 2.125982188797344 -0.5047450112988779 0.5372100000000001 1.2695355730248168 1.6194615297760395
28883 10866934 2.156215262019284 -0.5203993684660378 0.54102 1.2695355730248168 1.6194615297760395
28884 10866934 2.1964748459150125 -0.53798384035056 0.54102 1.2695355730248168 1.6194615297760395
28885 10866934 2.2393704508751044 -0.5578305406125904 0.54102 1.2695355730248168 1.6194615297760395
28886 10866934 2.283241052367585 -0.5774111680419814 0.54864 1.2695355730248168 1.6194615297760395
28887 10866934 2.3311125096739067 -0.5988818012476173 0.54864 1.2695355730248168 1.6194615297760395
28888 10866934 2.3998267362306875 -0.626689520292261 0.5562600000000001 1.2695355730248168 1.6194615297760395
28889 10866934 2.436028252539363 -0.6436484100684351 0.5562600000000001 1.2695355730248168 1.6194615297760395
28890 10866934 2.468923869776765 -0.6571329593005629 0.5600700000000001 1.2695355730248168 1.6194615297760395
28891 10866934 2.501819487014168 -0.6706175085326908 0.56388 1.2695355730248168 1.6194615297760395
28892 10866934 2.550792639943648 -0.6919787714405693 0.56388 1.2695355730248168 1.6194615297760395
28893 10866934 2.5925088513958654 -0.7110874470093412 0.5715 1.2695355730248168 1.6194615297760395
28894 10866934 2.635096654424186 -0.730246716361867 0.5715 1.2695355730248168 1.6194615297760395
28895 10866934 2.6824997452074704 -0.7509775469498629 0.5715 1.2695355730248168 1.6194615297760395
28896 10866934 2.7298685533045317 -0.7718136263074581 0.57912 1.2695355730248168 1.6194615297760395
28897 10866934 2.7852827620384244 -0.8006490090893515 0.57912 1.2695355730248168 1.6194615297760395
28898 10866934 2.8189990193074914 -0.8143410937821007 0.5829300000000001 1.2695355730248168 1.6194615297760395
28899 10866934 2.8527152765765584 -0.8280331784748499 0.5867399999999999 1.2695355730248168 1.6194615297760395
28900 10866934 2.900084742282699 -0.8488681138762632 0.5867399999999999 1.2695355730248168 1.6194615297760395
28901 10866934 2.9720918426506198 -0.8785617866310509 0.59436 1.2695355730248168 1.6194615297760395
28902 10866934 3.0258476099307643 -0.9015969343193758 0.59436 1.2695355730248168 1.6194615297760395
28903 10866934 3.074089161778676 -0.9224814920407516 0.59436 1.2695355730248168 1.6194615297760395
28904 10866934 3.1278798023200385 -0.9454102919712224 0.6019800000000001 1.2695355730248168 1.6194615297760395
28905 10866934 3.18107483095454 -0.967443349211464 0.6096 1.2695355730248168 1.6194615297760395
28906 10866934 3.2348455964597798 -0.9849912915210474 0.6096 1.2695355730248168 1.6194615297760395
28907 10866934 3.3028353712753784 -1.0025063980363866 0.6096 1.2695355730248168 1.6194615297760395
28908 10866934 3.354980905192249 -1.0141495850326707 0.61722 1.2695355730248168 1.6194615297760395
28909 10866934 3.379820141420748 -1.02184629889676 0.61722 1.2695355730248168 1.6194615297760395
28910 10866934 3.4046593776492458 -1.0295430127608494 0.61722 1.2695355730248168 1.6194615297760395
28911 10866934 3.463250449488841 -1.0388497761098512 0.61722 1.2695355730248168 1.6194615297760395
28912 10866934 3.5268730756780533 -1.0534190095956686 0.6248400000000001 1.2695355730248168 1.6194615297760395
28913 10866934 3.586539794965286 -1.0678649891827643 0.6248400000000001 1.2695355730248168 1.6194615297760395
28914 10866934 3.654418275270405 -1.0789155849488898 0.63246 1.2695355730248168 1.6194615297760395
28915 10866934 3.6998226054687233 -1.0883566038104708 0.63246 1.2695355730248168 1.6194615297760395
28916 10866934 3.728074864110656 -1.092668414799957 0.63246 1.2695355730248168 1.6194615297760395
28917 10866934 3.821199693824125 -1.1120712167677604 0.63246 1.2695355730248168 1.6194615297760395
28918 10866934 3.893824767628087 -1.1249016906203757 0.6400800000000001 1.2695355730248168 1.6194615297760395
28919 10866934 3.951132217249437 -1.132967907838507 0.6400800000000001 1.2695355730248168 1.6194615297760395
28920 10866934 4.006488529585547 -1.1456535728375454 0.6477 1.2695355730248168 1.6194615297760395
28921 10866934 4.0949495215823815 -1.1575739441073434 0.6477 1.2695355730248168 1.6194615297760395
28922 10866934 4.125706993822692 -1.1626429142905024 0.65151 1.2695355730248168 1.6194615297760395
28923 10866934 4.156464466063002 -1.1677118844736616 0.65532 1.2695355730248168 1.6194615297760395
28924 10866934 4.220053257635507 -1.18238043488016 0.65532 1.2695355730248168 1.6194615297760395
28925 10866934 4.265017450284777 -1.1888122163832329 0.65913 1.2695355730248168 1.6194615297760395
28926 10866934 4.309981642934047 -1.1952439978863059 0.6629400000000001 1.2695355730248168 1.6194615297760395
28927 10866934 4.353092970223655 -1.2046334903173936 0.6629400000000001 1.2695355730248168 1.6194615297760395
28928 10866934 4.396204297513261 -1.2140229827484814 0.6629400000000001 1.2695355730248168 1.6194615297760395
28929 10866934 4.45796038495148 -1.2234192638030617 0.67056 1.2695355730248168 1.6194615297760395
28930 10866934 4.555776839243566 -1.2393196639886728 0.67056 1.2695355730248168 1.6194615297760395
28931 10866934 4.67025158086747 -1.2640388027801035 0.6781800000000001 1.2695355730248168 1.6194615297760395
28932 10866934 4.6995761325167305 -1.2680539057664206 0.6781800000000001 1.2695355730248168 1.6194615297760395
28933 10866934 4.72890068416599 -1.2720690087527378 0.6781800000000001 1.2695355730248168 1.6194615297760395
28934 10866934 4.823644629579706 -1.286496439872278 0.6858000000000001 1.2695355730248168 1.6194615297760395
28935 10866934 4.852561383247623 -1.2931229058891638 0.6858000000000001 1.2695355730248168 1.6194615297760395
28936 10866934 4.939128851277783 -1.3108394717604863 0.6858000000000001 1.2695355730248168 1.6194615297760395
28937 10866934 4.9984600473625145 -1.3194984236461311 0.6896100000000001 1.2695355730248168 1.6194615297760395
28938 10866934 5.057791243447247 -1.3281573755317757 0.69342 1.2695355730248168 1.6194615297760395
28939 10866934 5.1190883209510485 -1.3397326166061134 0.6955971428571429 1.2695355730248168 1.6194615297760395
28940 10866934 5.180385398454848 -1.351307857680451 0.6977742857142858 1.2695355730248168 1.6194615297760395
28941 10866934 5.241682475958648 -1.3628830987547886 0.6999514285714287 1.2695355730248168 1.6194615297760395
28942 10866934 5.302979553462449 -1.374458339829126 0.7021285714285714 1.2695355730248168 1.6194615297760395
28943 10866934 5.364276630966249 -1.3860335809034638 0.7043057142857143 1.2695355730248168 1.6194615297760395
28944 10866934 5.42557370847005 -1.3976088219778011 0.7064828571428572 1.2695355730248168 1.6194615297760395
28945 10866934 5.486870785973849 -1.4091840630521393 0.7086600000000001 1.2695355730248168 1.6194615297760395
28946 10866934 5.48640201002199 -1.4095208307798697 0.7086555689087033 1.2695355730248168 1.6194615297760395
28947 10866934 5.48593323407013 -1.4098575985076005 0.7086511378174065 1.2695355730248168 1.6194615297760395
28948 10866934 5.48546445811827 -1.4101943662353311 0.7086467067261097 1.2695355730248168 1.6194615297760395
28949 10866934 5.484995682166411 -1.4105311339630615 0.708642275634813 1.2695355730248168 1.6194615297760395
28950 10866934 5.4845269062145485 -1.4108679016907923 0.7086378445435163 1.2695355730248168 1.6194615297760395
28951 10866934 5.4840581302626905 -1.4112046694185232 0.7086334134522195 1.2695355730248168 1.6194615297760395
28952 10866934 5.48358935431083 -1.4115414371462538 0.7086289823609228 1.2695355730248168 1.6194615297760395
28953 10866934 5.483120578358968 -1.4118782048739844 0.708624551269626 1.2695355730248168 1.6194615297760395
28954 10866934 5.4826518024071085 -1.412214972601715 0.7086201201783292 1.2695355730248168 1.6194615297760395
28955 10866934 5.482183026455249 -1.412551740329446 0.7086156890870324 1.2695355730248168 1.6194615297760395
28956 10866934 5.481714250503389 -1.4128885080571765 0.7086112579957357 1.2695355730248168 1.6194615297760395
28957 10866934 5.481245474551529 -1.413225275784907 0.7086068269044389 1.2695355730248168 1.6194615297760395
28958 10866934 5.4807766985996675 -1.4135620435126381 0.7086023958131421 1.2695355730248168 1.6194615297760395
28959 10866934 5.480307922647809 -1.4138988112403683 0.7085979647218454 1.2695355730248168 1.6194615297760395
28960 10866934 5.479839146695949 -1.4142355789680991 0.7085935336305487 1.2695355730248168 1.6194615297760395
28961 10866934 5.479370370744087 -1.4145723466958298 0.7085891025392519 1.2695355730248168 1.6194615297760395
28962 10866934 5.478901594792229 -1.4149091144235606 0.7085846714479551 1.2695355730248168 1.6194615297760395
28963 10866934 5.478432818840369 -1.4152458821512912 0.7085802403566583 1.2695355730248168 1.6194615297760395
28964 10866934 5.477964042888508 -1.4155826498790218 0.7085758092653616 1.2695355730248168 1.6194615297760395
28965 10866934 5.477495266936648 -1.4159194176067524 0.7085713781740648 1.2695355730248168 1.6194615297760395
28966 10866934 5.4770264909847866 -1.4162561853344833 0.7085669470827679 1.2695355730248168 1.6194615297760395
28967 10866934 5.476557715032928 -1.416592953062214 0.7085625159914712 1.2695355730248168 1.6194615297760395
28968 10866934 5.476088939081068 -1.4169297207899445 0.7085580849001745 1.2695355730248168 1.6194615297760395
28969 10866934 5.475620163129207 -1.4172664885176751 0.7085536538088778 1.2695355730248168 1.6194615297760395
28970 10866934 5.4751513871773465 -1.417603256245406 0.7085492227175809 1.2695355730248168 1.6194615297760395
28971 10866934 5.4746826112254885 -1.4179400239731366 0.7085447916262843 1.2695355730248168 1.6194615297760395
28972 10866934 5.474213835273627 -1.4182767917008672 0.7085403605349875 1.2695355730248168 1.6194615297760395
28973 10866934 5.473745059321767 -1.4186135594285982 0.7085359294436907 1.2695355730248168 1.6194615297760395
28974 10866934 5.473276283369907 -1.4189503271563286 0.7085314983523939 1.2695355730248168 1.6194615297760395
28975 10866934 5.472807507418048 -1.4192870948840592 0.7085270672610972 1.2695355730248168 1.6194615297760395
28976 10866934 5.472338731466186 -1.41962386261179 0.7085226361698004 1.2695355730248168 1.6194615297760395
28977 10866934 5.471869955514326 -1.4199606303395207 0.7085182050785036 1.2695355730248168 1.6194615297760395
28978 10866934 5.471401179562466 -1.4202973980672513 0.7085137739872069 1.2695355730248168 1.6194615297760395
28979 10866934 5.470932403610607 -1.420634165794982 0.7085093428959102 1.2695355730248168 1.6194615297760395
28980 10866934 5.470463627658746 -1.4209709335227128 0.7085049118046134 1.2695355730248168 1.6194615297760395
28981 10866934 5.469994851706886 -1.4213077012504434 0.7085004807133166 1.2695355730248168 1.6194615297760395
28982 10866934 5.469526075755026 -1.421644468978174 0.7084960496220198 1.2695355730248168 1.6194615297760395
28983 10866934 5.469057299803167 -1.4219812367059046 0.7084916185307231 1.2695355730248168 1.6194615297760395
28984 10866934 5.468588523851307 -1.4223180044336354 0.7084871874394263 1.2695355730248168 1.6194615297760395
28985 10866934 5.468119747899446 -1.422654772161366 0.7084827563481295 1.2695355730248168 1.6194615297760395
28986 10866934 5.467650971947585 -1.4229915398890969 0.7084783252568327 1.2695355730248168 1.6194615297760395
28987 10866934 5.4671821959957265 -1.4233283076168275 0.7084738941655361 1.2695355730248168 1.6194615297760395
28988 10866934 5.466713420043867 -1.423665075344558 0.7084694630742393 1.2695355730248168 1.6194615297760395
28989 10866934 5.466244644092004 -1.4240018430722887 0.7084650319829425 1.2695355730248168 1.6194615297760395
28990 10866934 5.4657758681401445 -1.4243386108000191 0.7084606008916458 1.2695355730248168 1.6194615297760395
28991 10866934 5.465307092188286 -1.4246753785277502 0.7084561698003492 1.2695355730248168 1.6194615297760395
28992 10866934 5.464838316236424 -1.4250121462554808 0.7084517387090522 1.2695355730248168 1.6194615297760395
28993 10866934 5.464369540284566 -1.4253489139832114 0.7084473076177554 1.2695355730248168 1.6194615297760395
28994 10866934 5.463900764332704 -1.4256856817109418 0.7084428765264587 1.2695355730248168 1.6194615297760395
28995 10866934 5.463431988380845 -1.4260224494386728 0.7084384454351619 1.2695355730248168 1.6194615297760395
28996 10866934 5.462963212428986 -1.4263592171664037 0.7084340143438651 1.2695355730248168 1.6194615297760395
28997 10866934 5.462494436477123 -1.426695984894134 0.7084295832525684 1.2695355730248168 1.6194615297760395
28998 10866934 5.4620256605252635 -1.427032752621865 0.7084251521612717 1.2695355730248168 1.6194615297760395
28999 10866934 5.461556884573405 -1.4273695203495955 0.7084207210699749 1.2695355730248168 1.6194615297760395
29000 10866934 5.461088108621544 -1.427706288077326 0.7084162899786781 1.2695355730248168 1.6194615297760395
29001 10866934 5.460619332669684 -1.4280430558050567 0.7084118588873813 1.2695355730248168 1.6194615297760395
29002 10866934 5.460150556717824 -1.4283798235327876 0.7084074277960846 1.2695355730248168 1.6194615297760395
29003 10866934 5.459681780765964 -1.4287165912605182 0.7084029967047878 1.2695355730248168 1.6194615297760395
29004 10866934 5.459213004814104 -1.4290533589882488 0.7083985656134909 1.2695355730248168 1.6194615297760395
29005 10866934 5.458744228862242 -1.4293901267159794 0.7083941345221942 1.2695355730248168 1.6194615297760395
