5998 10995703 -4.117615004119308 0.0067596558828627315 0.54864 0.4845159657961639 0.907655404483778
5999 10995703 -4.069863764142286 0.0036274872694449225 0.54864 0.4845159657961639 0.907655404483778
6000 10995703 -4.032017107750672 0.0036217358441771037 0.54864 0.4845159657961639 0.907655404483778
6001 10995703 -3.994609725472736 0.0011892904678648395 0.54864 0.4845159657961639 0.907655404483778
6002 10995703 -3.956763166251517 0.0011839404831824607 0.54864 0.4845159657961639 0.907655404483778
6003 10995703 -3.9218484310424326 9.387734501406507e-05 0.54864 0.4845159657961639 0.907655404483778
6004 10995703 -3.886933695833348 -0.0009961857931543305 0.54864 0.4845159657961639 0.907655404483778
6005 10995703 -3.848766306325975 -0.0011060471503029632 0.54864 0.4845159657961639 0.907655404483778
6006 10995703 -3.791467372303207 0.0002328858821803725 0.54864 0.4845159657961639 0.907655404483778
6007 10995703 -3.7779796497359177 0.0007248596299865572 0.54864 0.4845159657961639 0.907655404483778
6008 10995703 -3.7206463416672118 0.002169900867667301 0.54864 0.4845159657961639 0.907655404483778
6009 10995703 -3.6962878457006783 0.0016738566781309974 0.54864 0.4845159657961639 0.907655404483778
6010 10995703 -3.647120651669628 0.0028715880554225077 0.5181600000000001 0.4845159657961639 0.907655404483778
6011 10995703 -3.6147913489471737 0.002570792232204993 0.5181600000000001 0.4845159657961639 0.907655404483778
6012 10995703 -3.5734570229600413 0.003996309909271439 0.5181600000000001 0.4845159657961639 0.907655404483778
6013 10995703 -3.532122696972909 0.005421827586337885 0.5181600000000001 0.4845159657961639 0.907655404483778
6014 10995703 -3.4912354027502674 0.0071108481839280155 0.5181600000000001 0.4845159657961639 0.907655404483778
6015 10995703 -3.4500790722750514 0.008536846906562284 0.5181600000000001 0.4845159657961639 0.907655404483778
6016 10995703 -3.408922741799836 0.009962845629196554 0.5181600000000001 0.4845159657961639 0.907655404483778
6017 10995703 -3.3532376603129705 0.014520701296838997 0.5181600000000001 0.4845159657961639 0.907655404483778
6018 10995703 -3.311667067068808 0.017213974848540786 0.5181600000000001 0.4845159657961639 0.907655404483778
6019 10995703 -3.2700964738246454 0.019907248400242574 0.5181600000000001 0.4845159657961639 0.907655404483778
6020 10995703 -3.2341636002128507 0.021933993993446282 0.50292 0.4845159657961639 0.907655404483778
6021 10995703 -3.1982307266010563 0.023960739586649987 0.48768 0.4845159657961639 0.907655404483778
6022 10995703 -3.1520134883831004 0.024023828011458283 0.48768 0.4845159657961639 0.907655404483778
6023 10995703 -3.110931913299323 0.02576804642772043 0.48768 0.4845159657961639 0.907655404483778
6024 10995703 -3.0715998337536483 0.02271015811417296 0.48768 0.4845159657961639 0.907655404483778
6025 10995703 -3.0310264129593723 0.021816813776471242 0.48768 0.4845159657961639 0.907655404483778
6026 10995703 -2.9990951489995865 0.020305172571483204 0.48768 0.4845159657961639 0.907655404483778
6027 10995703 -2.9671638850398017 0.01879353136649517 0.48768 0.4845159657961639 0.907655404483778
6028 10995703 -2.9061253424048346 0.013657003881190816 0.48768 0.4845159657961639 0.907655404483778
6029 10995703 -2.8673073747190396 0.012287522747278151 0.48768 0.4845159657961639 0.907655404483778
6030 10995703 -2.8284894070332456 0.010918041613365487 0.48768 0.4845159657961639 0.907655404483778
6031 10995703 -2.8049717932907248 0.008129397867669391 0.48768 0.4845159657961639 0.907655404483778
6032 10995703 -2.7508313128864987 0.007705243621021957 0.48768 0.4845159657961639 0.907655404483778
6033 10995703 -2.735272116938858 0.0053010946345800345 0.48768 0.4845159657961639 0.907655404483778
6034 10995703 -2.6978357461434883 0.004326161436448457 0.48768 0.4845159657961639 0.907655404483778
6035 10995703 -2.6603993753481183 0.0033512282383168783 0.48768 0.4845159657961639 0.907655404483778
6036 10995703 -2.6225618750046413 0.0022454053691104148 0.48768 0.4845159657961639 0.907655404483778
6037 10995703 -2.584724374661164 0.0011395824999039517 0.48768 0.4845159657961639 0.907655404483778
6038 10995703 -2.5313206904272594 -0.0012619527336626135 0.4572000000000001 0.4845159657961639 0.907655404483778
6039 10995703 -2.4941780735402217 -0.003133025437670939 0.4572000000000001 0.4845159657961639 0.907655404483778
6040 10995703 -2.4553895129179617 -0.004724464912532006 0.4572000000000001 0.4845159657961639 0.907655404483778
6041 10995703 -2.4166009522957026 -0.006315904387393072 0.4572000000000001 0.4845159657961639 0.907655404483778
6042 10995703 -2.3761543148359907 -0.007047331320858412 0.4572000000000001 0.4845159657961639 0.907655404483778
6043 10995703 -2.3357076773762793 -0.007778758254323753 0.4572000000000001 0.4845159657961639 0.907655404483778
6044 10995703 -2.3034601389463525 -0.008047326566955199 0.4572000000000001 0.4845159657961639 0.907655404483778
6045 10995703 -2.2787473338198545 -0.00853797538213022 0.4572000000000001 0.4845159657961639 0.907655404483778
6046 10995703 -2.217431567775024 -0.011189071429010072 0.4572000000000001 0.4845159657961639 0.907655404483778
6047 10995703 -2.20153740562231 -0.011481688945401051 0.42672 0.4845159657961639 0.907655404483778
6048 10995703 -2.159213811150913 -0.015162968626519585 0.42672 0.4845159657961639 0.907655404483778
6049 10995703 -2.11860698883127 -0.015945546028563382 0.42672 0.4845159657961639 0.907655404483778
6050 10995703 -2.06833641884055 -0.019772484638922592 0.42672 0.4845159657961639 0.907655404483778
6051 10995703 -2.0320872040865896 -0.0202973690702872 0.42672 0.4845159657961639 0.907655404483778
6052 10995703 -1.9958379893326288 -0.020822253501651816 0.42672 0.4845159657961639 0.907655404483778
6053 10995703 -1.944842512684893 -0.022431860051415647 0.42672 0.4845159657961639 0.907655404483778
6054 10995703 -1.9042359934918605 -0.023213093515000862 0.42672 0.4845159657961639 0.907655404483778
6055 10995703 -1.8636294742988282 -0.023994326978586084 0.42672 0.4845159657961639 0.907655404483778
6056 10995703 -1.8310474390073859 -0.02215037658390653 0.42672 0.4845159657961639 0.907655404483778
6057 10995703 -1.773466609054248 -0.021005703719013585 0.42672 0.4845159657961639 0.907655404483778
6058 10995703 -1.7245093449601 -0.019610373422283358 0.39624 0.4845159657961639 0.907655404483778
6059 10995703 -1.6918500718505756 -0.020244738319453087 0.39624 0.4845159657961639 0.907655404483778
6060 10995703 -1.654807341093561 -0.01834011438016095 0.39624 0.4845159657961639 0.907655404483778
6061 10995703 -1.6177646103365466 -0.01643549044086881 0.39624 0.4845159657961639 0.907655404483778
6062 10995703 -1.585243560117392 -0.017491553754191452 0.39624 0.4845159657961639 0.907655404483778
6063 10995703 -1.5363109756145064 -0.017255214269278923 0.39624 0.4845159657961639 0.907655404483778
6064 10995703 -1.4873783911116207 -0.017018874784366398 0.39624 0.4845159657961639 0.907655404483778
6065 10995703 -1.4506811989089723 -0.01616866693000732 0.39624 0.4845159657961639 0.907655404483778
6066 10995703 -1.4139840067063243 -0.015318459075648244 0.39624 0.4845159657961639 0.907655404483778
6067 10995703 -1.3567596804989697 -0.014170983316234481 0.39624 0.4845159657961639 0.907655404483778
6068 10995703 -1.3361289312632811 -0.013557265012207692 0.39624 0.4845159657961639 0.907655404483778
6069 10995703 -1.3154981820275926 -0.012943546708180905 0.39624 0.4845159657961639 0.907655404483778
6070 10995703 -1.259852999391167 -0.008474850791196059 0.39624 0.4845159657961639 0.907655404483778
6071 10995703 -1.2189794332716786 -0.005172571683616354 0.38608 0.4845159657961639 0.907655404483778
6072 10995703 -1.17810586715219 -0.001870292576036649 0.37592 0.4845159657961639 0.907655404483778
6073 10995703 -1.1372323010327017 0.0014319865315430556 0.36576 0.4845159657961639 0.907655404483778
6074 10995703 -1.0944535494133634 0.003771022238130417 0.36576 0.4845159657961639 0.907655404483778
6075 10995703 -1.0516747977940248 0.006110057944717778 0.36576 0.4845159657961639 0.907655404483778
6076 10995703 -1.0061809253475908 0.007065304116740011 0.36576 0.4845159657961639 0.907655404483778
6077 10995703 -0.9606870529011572 0.008020550288762245 0.36576 0.4845159657961639 0.907655404483778
6078 10995703 -0.9151931804547232 0.008975796460784474 0.36576 0.4845159657961639 0.907655404483778
6079 10995703 -0.8722034027707544 0.007887886923060278 0.36576 0.4845159657961639 0.907655404483778
6080 10995703 -0.8327841203027471 0.006565837683962674 0.37592 0.4845159657961639 0.907655404483778
6081 10995703 -0.7933648378347394 0.0052437884448650685 0.38608 0.4845159657961639 0.907655404483778
6082 10995703 -0.753945555366732 0.003921739205767466 0.39624 0.4845159657961639 0.907655404483778
6083 10995703 -0.6956959493575896 6.541260464862364e-05 0.39624 0.4845159657961639 0.907655404483778
6084 10995703 -0.6717870188014221 -0.00015728590429361922 0.39624 0.4845159657961639 0.907655404483778
6085 10995703 -0.6294825528267 -0.0038820762412079546 0.4114800000000001 0.4845159657961639 0.907655404483778
6086 10995703 -0.5871780868519778 -0.007606866578122291 0.42672 0.4845159657961639 0.907655404483778
6087 10995703 -0.5370133276381421 -0.011739597470835722 0.42672 0.4845159657961639 0.907655404483778
6088 10995703 -0.5042776829797799 -0.01484735035269405 0.42672 0.4845159657961639 0.907655404483778
6089 10995703 -0.4715420383214177 -0.017955103234552378 0.42672 0.4845159657961639 0.907655404483778
6090 10995703 -0.4232366624373455 -0.023698862077278397 0.44196 0.4845159657961639 0.907655404483778
6091 10995703 -0.3749312865532733 -0.029442620920004412 0.4572000000000001 0.4845159657961639 0.907655404483778
6092 10995703 -0.3358451837917189 -0.034859315999264257 0.4572000000000001 0.4845159657961639 0.907655404483778
6093 10995703 -0.3049576216181211 -0.039815594086869216 0.4572000000000001 0.4845159657961639 0.907655404483778
6094 10995703 -0.2665396069274959 -0.0423846985427446 0.4572000000000001 0.4845159657961639 0.907655404483778
6095 10995703 -0.2281215922368707 -0.04495380299861998 0.4572000000000001 0.4845159657961639 0.907655404483778
6096 10995703 -0.19539495741810087 -0.0453701706797944 0.4572000000000001 0.4845159657961639 0.907655404483778
6097 10995703 -0.15209468410095495 -0.04468616227202907 0.48768 0.4845159657961639 0.907655404483778
6098 10995703 -0.11281560562387982 -0.040000421250944364 0.48768 0.4845159657961639 0.907655404483778
6099 10995703 -0.06927903618486653 -0.031799182591709864 0.48768 0.4845159657961639 0.907655404483778
6100 10995703 -0.02725292175253624 -0.020066432987830368 0.48768 0.4845159657961639 0.907655404483778
6101 10995703 -0.003874151242189761 -0.010358375342790093 0.50292 0.4845159657961639 0.907655404483778
6102 10995703 0.01950461926815672 -0.0006503176977498137 0.5181600000000001 0.4845159657961639 0.907655404483778
6103 10995703 0.06303426466709683 0.025195217270607084 0.5181600000000001 0.4845159657961639 0.907655404483778
6104 10995703 0.09447223605913936 0.045295988828879225 0.5181600000000001 0.4845159657961639 0.907655404483778
6105 10995703 0.11237355689966776 0.05930635439969688 0.5181600000000001 0.4845159657961639 0.907655404483778
6106 10995703 0.13736750142723014 0.08618659206251335 0.5334000000000001 0.4845159657961639 0.907655404483778
6107 10995703 0.16236144595479252 0.11306682972532985 0.54864 0.4845159657961639 0.907655404483778
6108 10995703 0.18755581399106455 0.13988161666747842 0.54864 0.4845159657961639 0.907655404483778
6109 10995703 0.2097766740499816 0.17526222199796146 0.54864 0.4845159657961639 0.907655404483778
6110 10995703 0.23199753410889856 0.2106428273284445 0.54864 0.4845159657961639 0.907655404483778
6111 10995703 0.24947278380486004 0.2478080975254329 0.54864 0.4845159657961639 0.907655404483778
6112 10995703 0.26403377831762986 0.2831219021215198 0.54864 0.4845159657961639 0.907655404483778
6113 10995703 0.2787644116548048 0.32819398757979645 0.57912 0.4845159657961639 0.907655404483778
6114 10995703 0.28466984534488426 0.3590347696551711 0.57912 0.4845159657961639 0.907655404483778
6115 10995703 0.2905752790349637 0.3898755517305458 0.57912 0.4845159657961639 0.907655404483778
6116 10995703 0.29600323414722063 0.4553956897627712 0.57912 0.4845159657961639 0.907655404483778
6117 10995703 0.2955434551992953 0.4784446704358818 0.57912 0.4845159657961639 0.907655404483778
6118 10995703 0.29225295343239344 0.5270700107844238 0.57912 0.4845159657961639 0.907655404483778
6119 10995703 0.28655462652826136 0.5514806596261553 0.57912 0.4845159657961639 0.907655404483778
6120 10995703 0.27824171098002426 0.5994109830331728 0.6096 0.4845159657961639 0.907655404483778
6121 10995703 0.26375265224093003 0.6393125620730874 0.6096 0.4845159657961639 0.907655404483778
6122 10995703 0.2489711705035486 0.6728841683453122 0.6096 0.4845159657961639 0.907655404483778
6123 10995703 0.2341896887661672 0.7064557746175371 0.6096 0.4845159657961639 0.907655404483778
6124 10995703 0.20750155015644567 0.7579389609015658 0.6096 0.4845159657961639 0.907655404483778
6125 10995703 0.1843866972140437 0.7931831921451501 0.6096 0.4845159657961639 0.907655404483778
6126 10995703 0.16286870603059855 0.8197274215169653 0.6096 0.4845159657961639 0.907655404483778
6127 10995703 0.1388620032899759 0.845449605412209 0.6400800000000001 0.4845159657961639 0.907655404483778
6128 10995703 0.11135254898029544 0.8767564860407117 0.6400800000000001 0.4845159657961639 0.907655404483778
6129 10995703 0.06893940710340353 0.9208798429032504 0.6400800000000001 0.4845159657961639 0.907655404483778
6130 10995703 0.02978806479819252 0.9586799144499006 0.6400800000000001 0.4845159657961639 0.907655404483778
6131 10995703 -0.002866561835005555 0.991903098024346 0.6400800000000001 0.4845159657961639 0.907655404483778
6132 10995703 -0.0178391981804914 1.0045085449084208 0.6400800000000001 0.4845159657961639 0.907655404483778
6133 10995703 -0.050816862809808905 1.0353841915728208 0.6400800000000001 0.4845159657961639 0.907655404483778
6134 10995703 -0.09244294925037344 1.0737606602593095 0.6400800000000001 0.4845159657961639 0.907655404483778
6135 10995703 -0.14593937657640366 1.1192894937492122 0.6400800000000001 0.4845159657961639 0.907655404483778
6136 10995703 -0.17521936993642573 1.143816509853343 0.6400800000000001 0.4845159657961639 0.907655404483778
6137 10995703 -0.2021698991534504 1.1700356402830001 0.6400800000000001 0.4845159657961639 0.907655404483778
6138 10995703 -0.23596121795688474 1.1997767358601203 0.6553200000000001 0.4845159657961639 0.907655404483778
6139 10995703 -0.2697525367603191 1.2295178314372408 0.67056 0.4845159657961639 0.907655404483778
6140 10995703 -0.3153274614959309 1.2721082117405966 0.67056 0.4845159657961639 0.907655404483778
6141 10995703 -0.3488482976124613 1.3019953594514324 0.67056 0.4845159657961639 0.907655404483778
6142 10995703 -0.3823691337289916 1.331882507162268 0.67056 0.4845159657961639 0.907655404483778
6143 10995703 -0.4261504448199287 1.3724857295007549 0.67056 0.4845159657961639 0.907655404483778
6144 10995703 -0.4699317559108658 1.413088951839242 0.67056 0.4845159657961639 0.907655404483778
6145 10995703 -0.4992786396213942 1.4374061842258434 0.67056 0.4845159657961639 0.907655404483778
6146 10995703 -0.5403928281377557 1.4784233723252442 0.7010400000000001 0.4845159657961639 0.907655404483778
6147 10995703 -0.5692887040193695 1.5057481436496374 0.7010400000000001 0.4845159657961639 0.907655404483778
6148 10995703 -0.6108405539225463 1.5443386959590752 0.7010400000000001 0.4845159657961639 0.907655404483778
6149 10995703 -0.6465868234350538 1.576240814850491 0.7010400000000001 0.4845159657961639 0.907655404483778
6150 10995703 -0.6675116692026688 1.5953514195759495 0.7010400000000001 0.4845159657961639 0.907655404483778
6151 10995703 -0.7024178630028437 1.629549665134829 0.7010400000000001 0.4845159657961639 0.907655404483778
6152 10995703 -0.7447967752107034 1.6656078071212068 0.73152 0.4845159657961639 0.907655404483778
6153 10995703 -0.7947870286917513 1.712334173557135 0.73152 0.4845159657961639 0.907655404483778
6154 10995703 -0.8159546813397731 1.7290712671050539 0.73152 0.4845159657961639 0.907655404483778
6155 10995703 -0.8533635938433554 1.7640309044744162 0.73152 0.4845159657961639 0.907655404483778
6156 10995703 -0.8907725063469376 1.7989905418437782 0.73152 0.4845159657961639 0.907655404483778
6157 10995703 -0.920193897014742 1.8257883756755109 0.73152 0.4845159657961639 0.907655404483778
6158 10995703 -0.9527368835758248 1.8593324715382509 0.762 0.4845159657961639 0.907655404483778
6159 10995703 -0.9909284668594271 1.8954255297150928 0.762 0.4845159657961639 0.907655404483778
6160 10995703 -1.0291200501430295 1.9315185878919343 0.762 0.4845159657961639 0.907655404483778
6161 10995703 -1.0646789527033351 1.9637131772868648 0.762 0.4845159657961639 0.907655404483778
6162 10995703 -1.0942386229396404 1.993478451146024 0.762 0.4845159657961639 0.907655404483778
6163 10995703 -1.1237982931759456 2.0232437250051842 0.762 0.4845159657961639 0.907655404483778
6164 10995703 -1.1574222740686462 2.0548354766251657 0.7772399999999999 0.4845159657961639 0.907655404483778
6165 10995703 -1.1910462549613468 2.086427228245148 0.7924800000000001 0.4845159657961639 0.907655404483778
6166 10995703 -1.241975303167431 2.1343418725365044 0.7924800000000001 0.4845159657961639 0.907655404483778
6167 10995703 -1.2619770601822995 2.1557237260425315 0.7924800000000001 0.4845159657961639 0.907655404483778
6168 10995703 -1.3034983951309982 2.194661131098704 0.7924800000000001 0.4845159657961639 0.907655404483778
6169 10995703 -1.3382160802078649 2.2283352796263114 0.7924800000000001 0.4845159657961639 0.907655404483778
6170 10995703 -1.3676115593914624 2.2592754969378466 0.7924800000000001 0.4845159657961639 0.907655404483778
6171 10995703 -1.3970070385750597 2.2902157142493818 0.7924800000000001 0.4845159657961639 0.907655404483778
6172 10995703 -1.4321539729479027 2.328003798945275 0.80772 0.4845159657961639 0.907655404483778
6173 10995703 -1.4673009073207457 2.365791883641169 0.82296 0.4845159657961639 0.907655404483778
6174 10995703 -1.5018443606454872 2.3999945343646307 0.82296 0.4845159657961639 0.907655404483778
6175 10995703 -1.519621925662486 2.4202993625253635 0.82296 0.4845159657961639 0.907655404483778
6176 10995703 -1.5636975820812709 2.467435999073526 0.82296 0.4845159657961639 0.907655404483778
6177 10995703 -1.5897060000387124 2.4965099690793027 0.82296 0.4845159657961639 0.907655404483778
6178 10995703 -1.6362562228557327 2.5442233228367903 0.82296 0.4845159657961639 0.907655404483778
6179 10995703 -1.670577474883009 2.5804577895145564 0.82296 0.4845159657961639 0.907655404483778
6180 10995703 -1.6964023172381493 2.609004975658461 0.8534400000000001 0.4845159657961639 0.907655404483778
6181 10995703 -1.7252327111178951 2.635965220903787 0.8534400000000001 0.4845159657961639 0.907655404483778
6182 10995703 -1.7628462795073572 2.678418855565708 0.8534400000000001 0.4845159657961639 0.907655404483778
6183 10995703 -1.7922265069186123 2.705325765825834 0.8534400000000001 0.4845159657961639 0.907655404483778
6184 10995703 -1.823829457362096 2.7371083074367952 0.8534400000000001 0.4845159657961639 0.907655404483778
6185 10995703 -1.85543240780558 2.7688908490477555 0.8534400000000001 0.4845159657961639 0.907655404483778
6186 10995703 -1.889705803795328 2.804994551296492 0.8534400000000001 0.4845159657961639 0.907655404483778
6187 10995703 -1.9321412936226616 2.849261332267884 0.8534400000000001 0.4845159657961639 0.907655404483778
6188 10995703 -1.9671281211383496 2.8829116799872594 0.8534400000000001 0.4845159657961639 0.907655404483778
6189 10995703 -2.009562678082469 2.9271789103258037 0.8534400000000001 0.4845159657961639 0.907655404483778
6190 10995703 -2.0522039587089957 2.970813138160875 0.8534400000000001 0.4845159657961639 0.907655404483778
6191 10995703 -2.072097321666238 2.9925138250107453 0.8534400000000001 0.4845159657961639 0.907655404483778
6192 10995703 -2.104733185101191 3.0257464979515674 0.8686800000000001 0.4845159657961639 0.907655404483778
6193 10995703 -2.137369048536144 3.058979170892388 0.88392 0.4845159657961639 0.907655404483778
6194 10995703 -2.1797213056203297 3.10322113534801 0.88392 0.4845159657961639 0.907655404483778
6195 10995703 -2.2148600758137738 3.1410129682007613 0.88392 0.4845159657961639 0.907655404483778
6196 10995703 -2.2499988460072187 3.1788048010535115 0.88392 0.4845159657961639 0.907655404483778
6197 10995703 -2.2925569669192045 3.2224141759039533 0.88392 0.4845159657961639 0.907655404483778
6198 10995703 -2.3172612930790946 3.2456907485206385 0.88392 0.4845159657961639 0.907655404483778
6199 10995703 -2.373239323934865 3.306897457848748 0.88392 0.4845159657961639 0.907655404483778
6200 10995703 -2.402259411875004 3.337605009558483 0.88392 0.4845159657961639 0.907655404483778
6201 10995703 -2.431279499815141 3.3683125612682177 0.88392 0.4845159657961639 0.907655404483778
6202 10995703 -2.467238841949172 3.4076602769300464 0.88392 0.4845159657961639 0.907655404483778
6203 10995703 -2.522718268426397 3.46333068589163 0.88392 0.4845159657961639 0.907655404483778
6204 10995703 -2.5438994548757945 3.488142701746313 0.88392 0.4845159657961639 0.907655404483778
6205 10995703 -2.5830583386359773 3.5258512960462363 0.88392 0.4845159657961639 0.907655404483778
6206 10995703 -2.6324369799108 3.574384444694138 0.88392 0.4845159657961639 0.907655404483778
6207 10995703 -2.682402366889227 3.621123787332529 0.8534400000000001 0.4845159657961639 0.907655404483778
6208 10995703 -2.682611166221227 3.6205970748135132 0.8533910897155362 0.4845159657961639 0.907655404483778
6209 10995703 -2.6828199655532274 3.6200703622944967 0.8533421794310723 0.4845159657961639 0.907655404483778
6210 10995703 -2.683028764885228 3.6195436497754807 0.8532932691466084 0.4845159657961639 0.907655404483778
6211 10995703 -2.683237564217228 3.6190169372564647 0.8532443588621446 0.4845159657961639 0.907655404483778
6212 10995703 -2.683446363549228 3.6184902247374486 0.8531954485776806 0.4845159657961639 0.907655404483778
6213 10995703 -2.683655162881228 3.6179635122184326 0.8531465382932167 0.4845159657961639 0.907655404483778
6214 10995703 -2.683863962213228 3.617436799699417 0.8530976280087528 0.4845159657961639 0.907655404483778
6215 10995703 -2.684072761545228 3.616910087180401 0.8530487177242889 0.4845159657961639 0.907655404483778
6216 10995703 -2.684281560877228 3.616383374661385 0.8529998074398251 0.4845159657961639 0.907655404483778
6217 10995703 -2.6844903602092285 3.615856662142368 0.8529508971553611 0.4845159657961639 0.907655404483778
6218 10995703 -2.6846991595412284 3.615329949623352 0.8529019868708972 0.4845159657961639 0.907655404483778
6219 10995703 -2.6849079588732288 3.614803237104336 0.8528530765864334 0.4845159657961639 0.907655404483778
6220 10995703 -2.6851167582052287 3.61427652458532 0.8528041663019694 0.4845159657961639 0.907655404483778
6221 10995703 -2.685325557537229 3.613749812066304 0.8527552560175056 0.4845159657961639 0.907655404483778
6222 10995703 -2.685534356869229 3.613223099547288 0.8527063457330417 0.4845159657961639 0.907655404483778
6223 10995703 -2.6857431562012293 3.612696387028272 0.8526574354485777 0.4845159657961639 0.907655404483778
6224 10995703 -2.685951955533229 3.6121696745092566 0.8526085251641139 0.4845159657961639 0.907655404483778
6225 10995703 -2.686160754865229 3.61164296199024 0.8525596148796499 0.4845159657961639 0.907655404483778
6226 10995703 -2.686369554197229 3.6111162494712232 0.8525107045951861 0.4845159657961639 0.907655404483778
6227 10995703 -2.6865783535292294 3.610589536952208 0.8524617943107222 0.4845159657961639 0.907655404483778
6228 10995703 -2.6867871528612297 3.610062824433192 0.8524128840262583 0.4845159657961639 0.907655404483778
6229 10995703 -2.6869959521932296 3.6095361119141764 0.8523639737417944 0.4845159657961639 0.907655404483778
6230 10995703 -2.68720475152523 3.60900939939516 0.8523150634573305 0.4845159657961639 0.907655404483778
6231 10995703 -2.68741355085723 3.608482686876144 0.8522661531728666 0.4845159657961639 0.907655404483778
6232 10995703 -2.6876223501892302 3.6079559743571283 0.8522172428884027 0.4845159657961639 0.907655404483778
6233 10995703 -2.6878311495212297 3.607429261838112 0.8521683326039389 0.4845159657961639 0.907655404483778
6234 10995703 -2.68803994885323 3.6069025493190963 0.8521194223194749 0.4845159657961639 0.907655404483778
6235 10995703 -2.6882487481852304 3.60637583680008 0.852070512035011 0.4845159657961639 0.907655404483778
6236 10995703 -2.6884575475172303 3.605849124281064 0.8520216017505471 0.4845159657961639 0.907655404483778
6237 10995703 -2.6886663468492307 3.605322411762048 0.8519726914660832 0.4845159657961639 0.907655404483778
