6238 10995703 -2.6888751461812306 3.604795699243032 0.8519237811816194 0.0 0.0
6239 10995703 -2.6890839455132314 3.604268986724016 0.8518748708971554 0.0 0.0
6240 10995703 -2.6892927448452313 3.603742274205 0.8518259606126916 0.0 0.0
6241 10995703 -2.689501544177231 3.603215561685984 0.8517770503282277 0.0 0.0
6242 10995703 -2.689710343509231 3.6026888491669675 0.8517281400437637 0.0 0.0
6243 10995703 -2.6899191428412315 3.6021621366479515 0.8516792297592999 0.0 0.0
6244 10995703 -2.690127942173232 3.6016354241289354 0.851630319474836 0.0 0.0
6245 10995703 -2.690336741505232 3.6011087116099194 0.8515814091903721 0.0 0.0
6246 10995703 -2.690545540837232 3.600581999090904 0.8515324989059082 0.0 0.0
6247 10995703 -2.6907543401692315 3.600055286571888 0.8514835886214442 0.0 0.0
6248 10995703 -2.690963139501232 3.5995285740528717 0.8514346783369804 0.0 0.0
6249 10995703 -2.691171938833232 3.5990018615338557 0.8513857680525165 0.0 0.0
6250 10995703 -2.691380738165232 3.5984751490148392 0.8513368577680526 0.0 0.0
6251 10995703 -2.691589537497232 3.597948436495823 0.8512879474835887 0.0 0.0
6252 10995703 -2.6917983368292324 3.5974217239768063 0.8512390371991249 0.0 0.0
6253 10995703 -2.6920071361612323 3.5968950114577907 0.8511901269146609 0.0 0.0
6254 10995703 -2.6922159354932327 3.596368298938775 0.851141216630197 0.0 0.0
6255 10995703 -2.6924247348252326 3.5958415864197586 0.8510923063457331 0.0 0.0
6256 10995703 -2.6926335341572325 3.595314873900743 0.8510433960612692 0.0 0.0
6257 10995703 -2.692842333489233 3.594788161381727 0.8509944857768054 0.0 0.0
6258 10995703 -2.6930511328212328 3.5942614488627114 0.8509455754923414 0.0 0.0
6259 10995703 -2.6932599321532327 3.593734736343695 0.8508966652078775 0.0 0.0
6260 10995703 -2.6934687314852326 3.593208023824679 0.8508477549234137 0.0 0.0
6261 10995703 -2.6936775308172334 3.592681311305663 0.8507988446389497 0.0 0.0
6262 10995703 -2.6938863301492333 3.592154598786647 0.8507499343544859 0.0 0.0
6263 10995703 -2.6940951294812336 3.5916278862676307 0.8507010240700219 0.0 0.0
6264 10995703 -2.6943039288132336 3.5911011737486147 0.850652113785558 0.0 0.0
6265 10995703 -2.694512728145234 3.5905744612295987 0.8506032035010942 0.0 0.0
6266 10995703 -2.694721527477234 3.590047748710582 0.8505542932166302 0.0 0.0
6267 10995703 -2.694930326809234 3.5895210361915666 0.8505053829321664 0.0 0.0
