13911 10561439 2.141118833738819 -0.002046454926052127 0.36576 4.074525223500135 -0.5794385847190122
13912 10561439 2.094866709886676 0.00044043675466007287 0.36576 4.074525223500135 -0.5794385847190122
13913 10561439 2.0662478574831944 0.0009076275345523963 0.36576 4.074525223500135 -0.5794385847190122
13914 10561439 2.0386020253756585 -0.0008119107677519999 0.36576 4.074525223500135 -0.5794385847190122
13915 10561439 2.0109561932681213 -0.0025314490700563963 0.36576 4.074525223500135 -0.5794385847190122
13916 10561439 1.973669751796406 -0.0008688981196517676 0.36576 4.074525223500135 -0.5794385847190122
13917 10561439 1.9444093958007045 0.000626042669672186 0.35052 4.074525223500135 -0.5794385847190122
13918 10561439 1.9151490398050028 0.00212098345899614 0.33528 4.074525223500135 -0.5794385847190122
13919 10561439 1.8875374983697901 0.0005075956470461523 0.33528 4.074525223500135 -0.5794385847190122
13920 10561439 1.859925956934577 -0.001105792164903835 0.33528 4.074525223500135 -0.5794385847190122
13921 10561439 1.8354801184311065 -0.0011827980896174234 0.33528 4.074525223500135 -0.5794385847190122
13922 10561439 1.811034279927636 -0.0012598040143310119 0.33528 4.074525223500135 -0.5794385847190122
13923 10561439 1.7840556760675763 0.0004251181566867629 0.33528 4.074525223500135 -0.5794385847190122
13924 10561439 1.7570770722075166 0.0021100403277045376 0.33528 4.074525223500135 -0.5794385847190122
13925 10561439 1.7255064202444177 0.0015177535892689409 0.33528 4.074525223500135 -0.5794385847190122
13926 10561439 1.693935768281318 0.0009254668508333436 0.33528 4.074525223500135 -0.5794385847190122
13927 10561439 1.6623651163182185 0.00033318011239774625 0.33528 4.074525223500135 -0.5794385847190122
13928 10561439 1.6331514826903453 0.0033326925285753484 0.33528 4.074525223500135 -0.5794385847190122
13929 10561439 1.6021700000210115 0.003638693821164288 0.3048 4.074525223500135 -0.5794385847190122
13930 10561439 1.5722040325806133 0.0025228896445374967 0.3048 4.074525223500135 -0.5794385847190122
13931 10561439 1.5422380651402152 0.0014070854679107078 0.3048 4.074525223500135 -0.5794385847190122
13932 10561439 1.5122720976998163 0.000291281291283918 0.3048 4.074525223500135 -0.5794385847190122
13933 10561439 1.4910607806830083 0.001962612019004925 0.3048 4.074525223500135 -0.5794385847190122
13934 10561439 1.4698494636662005 0.003633942746725932 0.3048 4.074525223500135 -0.5794385847190122
13935 10561439 1.4421590453612017 0.00450117447173895 0.3048 4.074525223500135 -0.5794385847190122
13936 10561439 1.4144686270562037 0.005368406196751968 0.3048 4.074525223500135 -0.5794385847190122
13937 10561439 1.3803428864050398 0.0028472387956231947 0.3048 4.074525223500135 -0.5794385847190122
13938 10561439 1.346217145753876 0.00032607139449442046 0.3048 4.074525223500135 -0.5794385847190122
13939 10561439 1.3307075508641295 0.005859705471303087 0.3048 4.074525223500135 -0.5794385847190122
13940 10561439 1.3118312949523392 0.00543703360543446 0.3048 4.074525223500135 -0.5794385847190122
13941 10561439 1.2929550390405489 0.005014361739565834 0.3048 4.074525223500135 -0.5794385847190122
13942 10561439 1.2740787831287583 0.004591689873697208 0.3048 4.074525223500135 -0.5794385847190122
13943 10561439 1.255202527216968 0.0041690180078285816 0.3048 4.074525223500135 -0.5794385847190122
13944 10561439 1.2363262713051777 0.003746346141959955 0.3048 4.074525223500135 -0.5794385847190122
13945 10561439 1.2191018091661971 0.0013122240365783591 0.3048 4.074525223500135 -0.5794385847190122
13946 10561439 1.202724262541771 0.0016974077752303744 0.3048 4.074525223500135 -0.5794385847190122
13947 10561439 1.1863467159173446 0.0020825915138823893 0.3048 4.074525223500135 -0.5794385847190122
13948 10561439 1.1699691692929184 0.002467775252534405 0.3048 4.074525223500135 -0.5794385847190122
13949 10561439 1.1535916226684924 0.0028529589911864203 0.3048 4.074525223500135 -0.5794385847190122
13950 10561439 1.1372140760440659 0.003238142729838436 0.3048 4.074525223500135 -0.5794385847190122
13951 10561439 1.1208365294196398 0.003623326468490451 0.3048 4.074525223500135 -0.5794385847190122
13952 10561439 1.1104048503374853 0.007031251673059069 0.3048 4.074525223500135 -0.5794385847190122
13953 10561439 1.0938355021836377 0.006603052811599522 0.3048 4.074525223500135 -0.5794385847190122
13954 10561439 1.0819680394419464 0.006975316400699871 0.3048 4.074525223500135 -0.5794385847190122
13955 10561439 1.0702351673229242 0.003682034766430156 0.3048 4.074525223500135 -0.5794385847190122
13956 10561439 1.058734423435258 0.0038177012821453827 0.3048 4.074525223500135 -0.5794385847190122
13957 10561439 1.0455770692285329 0.004319371984594997 0.3048 4.074525223500135 -0.5794385847190122
13958 10561439 1.032419715021808 0.004821042687044613 0.3048 4.074525223500135 -0.5794385847190122
13959 10561439 1.0215788226167477 0.005617391774049393 0.3048 4.074525223500135 -0.5794385847190122
13960 10561439 1.010737930211687 0.006413740861054174 0.3048 4.074525223500135 -0.5794385847190122
13961 10561439 1.0073713036841798 0.004943466047197281 0.3048 4.074525223500135 -0.5794385847190122
13962 10561439 1.0040046771566726 0.003473191233340389 0.3048 4.074525223500135 -0.5794385847190122
13963 10561439 0.9930807106078816 0.004355150446406711 0.3048 4.074525223500135 -0.5794385847190122
13964 10561439 0.9821567440590908 0.005237109659473035 0.3048 4.074525223500135 -0.5794385847190122
13965 10561439 0.9712327775102998 0.006119068872539359 0.3048 4.074525223500135 -0.5794385847190122
13966 10561439 0.9603088109615088 0.007001028085605682 0.3048 4.074525223500135 -0.5794385847190122
13967 10561439 0.9515290157075758 0.006676275263496398 0.3048 4.074525223500135 -0.5794385847190122
13968 10561439 0.9427492204536428 0.006351522441387114 0.3048 4.074525223500135 -0.5794385847190122
13969 10561439 0.9339694251997096 0.006026769619277832 0.3048 4.074525223500135 -0.5794385847190122
13970 10561439 0.9251896299457766 0.005702016797168548 0.3048 4.074525223500135 -0.5794385847190122
13971 10561439 0.9164098346918436 0.005377263975059264 0.3048 4.074525223500135 -0.5794385847190122
13972 10561439 0.9076300394379104 0.005052511152949982 0.3048 4.074525223500135 -0.5794385847190122
13973 10561439 0.8996517510859198 0.005205861205679325 0.3048 4.074525223500135 -0.5794385847190122
13974 10561439 0.8916734627339291 0.00535921125840867 0.3048 4.074525223500135 -0.5794385847190122
13975 10561439 0.8836951743819385 0.005512561311138013 0.3048 4.074525223500135 -0.5794385847190122
13976 10561439 0.8757168860299478 0.005665911363867357 0.3048 4.074525223500135 -0.5794385847190122
13977 10561439 0.8677385976779569 0.005819261416596701 0.3048 4.074525223500135 -0.5794385847190122
13978 10561439 0.8597603093259664 0.005972611469326043 0.3048 4.074525223500135 -0.5794385847190122
13979 10561439 0.8517820209739757 0.0061259615220553894 0.3048 4.074525223500135 -0.5794385847190122
13980 10561439 0.8438037326219849 0.006279311574784732 0.3048 4.074525223500135 -0.5794385847190122
13981 10561439 0.8358254442699944 0.0064326616275140755 0.3048 4.074525223500135 -0.5794385847190122
13982 10561439 0.8278471559180037 0.006586011680243421 0.3048 4.074525223500135 -0.5794385847190122
13983 10561439 0.8234910740090872 0.008009288839237535 0.3048 4.074525223500135 -0.5794385847190122
13984 10561439 0.8191349921001706 0.009432565998231652 0.3048 4.074525223500135 -0.5794385847190122
13985 10561439 0.814778910191254 0.01085584315722577 0.3048 4.074525223500135 -0.5794385847190122
13986 10561439 0.8104228282823376 0.012279120316219885 0.3048 4.074525223500135 -0.5794385847190122
13987 10561439 0.8060667463734209 0.013702397475214 0.3048 4.074525223500135 -0.5794385847190122
13988 10561439 0.8017106644645045 0.015125674634208115 0.3048 4.074525223500135 -0.5794385847190122
13989 10561439 0.7973545825555879 0.016548951793202232 0.3048 4.074525223500135 -0.5794385847190122
13990 10561439 0.7962785525909295 0.018691876173667646 0.3048 4.074525223500135 -0.5794385847190122
13991 10561439 0.795202522626271 0.02083480055413306 0.3048 4.074525223500135 -0.5794385847190122
13992 10561439 0.7941264926616126 0.022977724934598476 0.3048 4.074525223500135 -0.5794385847190122
13993 10561439 0.7933723691706823 0.02610585694026241 0.3048 4.074525223500135 -0.5794385847190122
13994 10561439 0.7926182456797519 0.02923398894592635 0.3048 4.074525223500135 -0.5794385847190122
13995 10561439 0.7918641221888216 0.03236212095159029 0.3048 4.074525223500135 -0.5794385847190122
13996 10561439 0.7907651048701357 0.03443467396359918 0.3048 4.074525223500135 -0.5794385847190122
13997 10561439 0.7896660875514497 0.036507226975608084 0.3048 3.5652095705626183 -0.5070087616291359
13998 10561439 0.7885670702327638 0.03857977998761697 0.3048 3.5652095705626183 -0.5070087616291359
13999 10561439 0.7883939699623194 0.041311677877675014 0.3048 3.5652095705626183 -0.5070087616291359
14000 10561439 0.7882208696918749 0.04404357576773305 0.3048 3.5652095705626183 -0.5070087616291359
14001 10561439 0.7880477694214304 0.04677547365779108 0.3048 3.5652095705626183 -0.5070087616291359
14002 10561439 0.7878746691509859 0.04950737154784912 0.3048 3.5652095705626183 -0.5070087616291359
14003 10561439 0.7877015688805414 0.05223926943790716 0.3048 3.5652095705626183 -0.5070087616291359
14004 10561439 0.7875284686100971 0.0549711673279652 0.3048 3.5652095705626183 -0.5070087616291359
14005 10561439 0.7873553683396525 0.057703065218023236 0.3048 3.5652095705626183 -0.5070087616291359
14006 10561439 0.787182268069208 0.060434963108081274 0.3048 3.5652095705626183 -0.5070087616291359
14007 10561439 0.7870091677987635 0.06316686099813931 0.3048 3.5652095705626183 -0.5070087616291359
14008 10561439 0.786836067528319 0.06589875888819735 0.3048 3.5652095705626183 -0.5070087616291359
14009 10561439 0.7869648658048989 0.06901100643388974 0.3048 3.5652095705626183 -0.5070087616291359
14010 10561439 0.7869691370663526 0.0712479131064051 0.3048 3.5652095705626183 -0.5070087616291359
14011 10561439 0.7869734083278064 0.07348481977892048 0.3048 3.5652095705626183 -0.5070087616291359
14012 10561439 0.7869776795892601 0.07572172645143584 0.3048 3.5652095705626183 -0.5070087616291359
14013 10561439 0.7869819508507139 0.07795863312395121 0.3048 3.5652095705626183 -0.5070087616291359
14014 10561439 0.7869862221121676 0.08019553979646657 0.3048 3.5652095705626183 -0.5070087616291359
14015 10561439 0.7869904933736214 0.08243244646898193 0.3048 3.5652095705626183 -0.5070087616291359
14016 10561439 0.7869947646350751 0.08466935314149729 0.3048 3.5652095705626183 -0.5070087616291359
14017 10561439 0.7869990358965289 0.08690625981401266 0.3048 3.5652095705626183 -0.5070087616291359
14018 10561439 0.7870033071579826 0.08914316648652804 0.3048 3.5652095705626183 -0.5070087616291359
14019 10561439 0.7870075784194364 0.0913800731590434 0.3048 3.5652095705626183 -0.5070087616291359
14020 10561439 0.7870118496808902 0.09361697983155877 0.3048 3.5652095705626183 -0.5070087616291359
14021 10561439 0.7870161209423441 0.09585388650407413 0.3048 3.5652095705626183 -0.5070087616291359
14022 10561439 0.7870203922037977 0.09809079317658947 0.3048 3.5652095705626183 -0.5070087616291359
14023 10561439 0.7870246634652515 0.10032769984910483 0.3048 3.5652095705626183 -0.5070087616291359
14024 10561439 0.7870289347267052 0.10256460652162022 0.3048 3.5652095705626183 -0.5070087616291359
14025 10561439 0.7870332059881591 0.10480151319413558 0.3048 3.5652095705626183 -0.5070087616291359
14026 10561439 0.7870374772496127 0.10703841986665094 0.3048 3.5652095705626183 -0.5070087616291359
14027 10561439 0.7870417485110665 0.10927532653916633 0.3048 3.5652095705626183 -0.5070087616291359
14028 10561439 0.7870460197725202 0.11151223321168167 0.3048 3.5652095705626183 -0.5070087616291359
14029 10561439 0.7870502910339742 0.11374913988419705 0.3048 3.5652095705626183 -0.5070087616291359
14030 10561439 0.7870545622954277 0.1159860465567124 0.3048 3.5652095705626183 -0.5070087616291359
14031 10561439 0.7870588335568814 0.11822295322922775 0.3048 3.5652095705626183 -0.5070087616291359
14032 10561439 0.7870631048183352 0.12045985990174313 0.3048 3.5652095705626183 -0.5070087616291359
14033 10561439 0.7870673760797889 0.1226967665742585 0.3048 3.5652095705626183 -0.5070087616291359
14034 10561439 0.7870716473412427 0.12493367324677387 0.3048 3.5652095705626183 -0.5070087616291359
14035 10561439 0.7870759186026964 0.12717057991928926 0.3048 3.5652095705626183 -0.5070087616291359
14036 10561439 0.7870801898641502 0.1294074865918046 0.3048 3.5652095705626183 -0.5070087616291359
14037 10561439 0.7870844611256039 0.13164439326431995 0.3048 3.5652095705626183 -0.5070087616291359
14038 10561439 0.7870887323870577 0.13388129993683534 0.3048 3.5652095705626183 -0.5070087616291359
14039 10561439 0.7870930036485114 0.1361182066093507 0.3048 3.5652095705626183 -0.5070087616291359
14040 10561439 0.7870972749099652 0.13835511328186606 0.3048 3.5652095705626183 -0.5070087616291359
14041 10561439 0.7871015461714189 0.14059201995438142 0.3048 3.5652095705626183 -0.5070087616291359
14042 10561439 0.7871058174328727 0.14282892662689678 0.3048 3.5652095705626183 -0.5070087616291359
14043 10561439 0.7871100886943265 0.14506583329941214 0.3048 3.5652095705626183 -0.5070087616291359
14044 10561439 0.7871143599557803 0.1473027399719275 0.3048 3.5652095705626183 -0.5070087616291359
14045 10561439 0.787118631217234 0.1495396466444429 0.3048 3.5652095705626183 -0.5070087616291359
14046 10561439 0.7871229024786878 0.15177655331695825 0.3048 3.5652095705626183 -0.5070087616291359
14047 10561439 0.7871271737401415 0.1540134599894736 0.3048 3.5652095705626183 -0.5070087616291359
14048 10561439 0.7871314450015953 0.15625036666198902 0.3048 3.5652095705626183 -0.5070087616291359
14049 10561439 0.7871357162630491 0.15848727333450435 0.3048 3.5652095705626183 -0.5070087616291359
14050 10561439 0.7871399875245028 0.1607241800070197 0.3048 3.5652095705626183 -0.5070087616291359
14051 10561439 0.7871442587859565 0.16296108667953507 0.3048 3.5652095705626183 -0.5070087616291359
14052 10561439 0.7871485300474103 0.16519799335205046 0.3048 3.5652095705626183 -0.5070087616291359
14053 10561439 0.787152801308864 0.1674349000245658 0.3048 3.5652095705626183 -0.5070087616291359
14054 10561439 0.7871839324860332 0.1716071443415766 0.3048 3.5652095705626183 -0.5070087616291359
14055 10561439 0.7872150636632026 0.17577938865858736 0.3048 3.5652095705626183 -0.5070087616291359
14056 10561439 0.7872461948403718 0.17995163297559816 0.3048 3.5652095705626183 -0.5070087616291359
14057 10561439 0.7872773260175412 0.18412387729260893 0.3048 3.5652095705626183 -0.5070087616291359
14058 10561439 0.7873084571947104 0.18829612160961973 0.3048 3.5652095705626183 -0.5070087616291359
14059 10561439 0.7881362283183413 0.1908295063520612 0.3048 3.5652095705626183 -0.5070087616291359
14060 10561439 0.7889639994419723 0.19336289109450264 0.3048 3.5652095705626183 -0.5070087616291359
14061 10561439 0.7887623739936404 0.1988612407234488 0.3048 3.5652095705626183 -0.5070087616291359
14062 10561439 0.7885607485453084 0.20435959035239493 0.3048 3.5652095705626183 -0.5070087616291359
14063 10561439 0.7892833896554249 0.2070653946602428 0.3048 3.5652095705626183 -0.5070087616291359
14064 10561439 0.7900060307655412 0.20977119896809068 0.3048 3.5652095705626183 -0.5070087616291359
14065 10561439 0.7907286718756577 0.21247700327593855 0.3048 3.5652095705626183 -0.5070087616291359
14066 10561439 0.7914513129857741 0.21518280758378644 0.3048 3.5652095705626183 -0.5070087616291359
14067 10561439 0.7921739540958905 0.2178886118916343 0.3048 3.5652095705626183 -0.5070087616291359
14068 10561439 0.7928965952060069 0.22059441619948214 0.3048 3.5652095705626183 -0.5070087616291359
14069 10561439 0.7936192363161233 0.22330022050733006 0.3048 3.5652095705626183 -0.5070087616291359
14070 10561439 0.7943418774262397 0.2260060248151779 0.3048 3.5652095705626183 -0.5070087616291359
14071 10561439 0.7950645185363562 0.2287118291230258 0.3048 3.5652095705626183 -0.5070087616291359
14072 10561439 0.7957871596464725 0.23141763343087365 0.3048 3.5652095705626183 -0.5070087616291359
14073 10561439 0.7965098007565892 0.2341234377387215 0.3048 3.5652095705626183 -0.5070087616291359
14074 10561439 0.7980794568997128 0.2371153787922764 0.3048 3.5652095705626183 -0.5070087616291359
14075 10561439 0.7996491130428366 0.24010731984583125 0.3048 3.5652095705626183 -0.5070087616291359
14076 10561439 0.8012187691859605 0.2430992608993861 0.3048 3.5652095705626183 -0.5070087616291359
14077 10561439 0.8012659411376124 0.2446026028564014 0.3048 3.5652095705626183 -0.5070087616291359
14078 10561439 0.8013131130892643 0.24610594481341666 0.3048 3.5652095705626183 -0.5070087616291359
14079 10561439 0.8013775308556803 0.24766206543765915 0.3048 3.5652095705626183 -0.5070087616291359
14080 10561439 0.8014419486220963 0.2492181860619017 0.3048 3.5652095705626183 -0.5070087616291359
14081 10561439 0.7995084646065095 0.2541725560816517 0.3048 3.5652095705626183 -0.5070087616291359
14082 10561439 0.801129522498655 0.2591337664421872 0.3048 3.5652095705626183 -0.5070087616291359
14083 10561439 0.8046150787827192 0.2589294928731821 0.3048 3.5652095705626183 -0.5070087616291359
14084 10561439 0.8053911160592706 0.2613045407630109 0.3048 3.5652095705626183 -0.5070087616291359
14085 10561439 0.8061671533358221 0.2636795886528397 0.3048 3.5652095705626183 -0.5070087616291359
14086 10561439 0.8043371477277698 0.2689506296181216 0.3048 3.5652095705626183 -0.5070087616291359
14087 10561439 0.8078916806326609 0.2689574728963092 0.3048 3.5652095705626183 -0.5070087616291359
14088 10561439 0.8026760370612722 0.2706616654429964 0.3048 3.5652095705626183 -0.5070087616291359
14089 10561439 0.8042626057843419 0.27551731781216776 0.3048 3.5652095705626183 -0.5070087616291359
14090 10561439 0.8038536712016234 0.27664396858978424 0.3048 3.5652095705626183 -0.5070087616291359
14091 10561439 0.803444736618905 0.27777061936740066 0.3048 3.5652095705626183 -0.5070087616291359
14092 10561439 0.8030358020361865 0.27889727014501714 0.3048 3.5652095705626183 -0.5070087616291359
14093 10561439 0.802626867453468 0.2800239209226336 0.3048 3.5652095705626183 -0.5070087616291359
14094 10561439 0.8008855201348051 0.28176117541288426 0.3048 3.5652095705626183 -0.5070087616291359
14095 10561439 0.7974914726154312 0.2817018989339758 0.3048 3.5652095705626183 -0.5070087616291359
14096 10561439 0.7958767978769969 0.2814350651051445 0.3048 3.5652095705626183 -0.5070087616291359
14097 10561439 0.7942621231385627 0.2811682312763133 0.3048 3.5652095705626183 -0.5070087616291359
14098 10561439 0.7926474484001286 0.2809013974474821 0.3048 3.5652095705626183 -0.5070087616291359
14099 10561439 0.7910327736616943 0.2806345636186509 0.3048 3.5652095705626183 -0.5070087616291359
14100 10561439 0.7894180989232601 0.2803677297898196 0.3048 3.5652095705626183 -0.5070087616291359
14101 10561439 0.7878315199597608 0.2755120807673845 0.3048 3.5652095705626183 -0.5070087616291359
14102 10561439 0.7894926270178177 0.27380104143953377 0.3048 3.5652095705626183 -0.5070087616291359
14103 10561439 0.7883640772192422 0.27261209477216164 0.3048 3.5652095705626183 -0.5070087616291359
14104 10561439 0.7872355274206666 0.2714231481047895 0.3048 3.5652095705626183 -0.5070087616291359
14105 10561439 0.7861069776220909 0.2702342014374174 0.3048 3.5652095705626183 -0.5070087616291359
14106 10561439 0.7878715586378187 0.2688398344153402 0.3048 3.5652095705626183 -0.5070087616291359
14107 10561439 0.7878728575558137 0.26883975828873896 0.3046701873935264 3.5652095705626183 -0.5070087616291359
14108 10561439 0.7878741564738087 0.2688396821621377 0.3045403747870528 3.5652095705626183 -0.5070087616291359
14109 10561439 0.7878754553918037 0.2688396060355364 0.3044105621805792 3.5652095705626183 -0.5070087616291359
14110 10561439 0.7878767543097988 0.2688395299089352 0.3042807495741056 3.5652095705626183 -0.5070087616291359
14111 10561439 0.7878780532277938 0.2688394537823339 0.3041509369676321 3.5652095705626183 -0.5070087616291359
14112 10561439 0.7878793521457887 0.2688393776557326 0.3040211243611585 3.5652095705626183 -0.5070087616291359
14113 10561439 0.7878806510637838 0.2688393015291314 0.3038913117546849 3.5652095705626183 -0.5070087616291359
14114 10561439 0.7878819499817789 0.2688392254025301 0.3037614991482113 3.5652095705626183 -0.5070087616291359
14115 10561439 0.7878832488997739 0.26883914927592883 0.3036316865417377 3.5652095705626183 -0.5070087616291359
14116 10561439 0.7878845478177688 0.2688390731493276 0.3035018739352641 3.5652095705626183 -0.5070087616291359
14117 10561439 0.7878858467357639 0.26883899702272634 0.3033720613287905 3.5652095705626183 -0.5070087616291359
14118 10561439 0.7878871456537591 0.2688389208961251 0.3032422487223169 3.5652095705626183 -0.5070087616291359
14119 10561439 0.787888444571754 0.2688388447695238 0.3031124361158433 3.5652095705626183 -0.5070087616291359
14120 10561439 0.7878897434897489 0.2688387686429225 0.3029826235093697 3.5652095705626183 -0.5070087616291359
14121 10561439 0.7878910424077441 0.2688386925163213 0.3028528109028961 3.5652095705626183 -0.5070087616291359
14122 10561439 0.787892341325739 0.26883861638972 0.3027229982964225 3.5652095705626183 -0.5070087616291359
14123 10561439 0.7878936402437341 0.2688385402631188 0.3025931856899489 3.5652095705626183 -0.5070087616291359
14124 10561439 0.787894939161729 0.2688384641365175 0.3024633730834753 3.5652095705626183 -0.5070087616291359
14125 10561439 0.7878962380797241 0.2688383880099162 0.3023335604770017 3.5652095705626183 -0.5070087616291359
14126 10561439 0.7878975369977191 0.268838311883315 0.3022037478705281 3.5652095705626183 -0.5070087616291359
14127 10561439 0.7878988359157142 0.2688382357567137 0.3020739352640545 3.5652095705626183 -0.5070087616291359
14128 10561439 0.7879001348337091 0.2688381596301125 0.3019441226575809 3.5652095705626183 -0.5070087616291359
14129 10561439 0.7879014337517042 0.2688380835035112 0.3018143100511073 3.5652095705626183 -0.5070087616291359
14130 10561439 0.7879027326696992 0.26883800737690994 0.30168449744463377 3.5652095705626183 -0.5070087616291359
14131 10561439 0.7879040315876943 0.2688379312503087 0.30155468483816017 3.5652095705626183 -0.5070087616291359
14132 10561439 0.7879053305056892 0.2688378551237074 0.30142487223168657 3.5652095705626183 -0.5070087616291359
14133 10561439 0.7879066294236843 0.2688377789971061 0.30129505962521297 3.5652095705626183 -0.5070087616291359
14134 10561439 0.7879079283416793 0.2688377028705049 0.30116524701873937 3.5652095705626183 -0.5070087616291359
14135 10561439 0.7879092272596744 0.2688376267439037 0.30103543441226577 3.5652095705626183 -0.5070087616291359
14136 10561439 0.7879105261776693 0.2688375506173024 0.30090562180579217 3.5652095705626183 -0.5070087616291359
14137 10561439 0.7879118250956644 0.2688374744907011 0.30077580919931857 3.5652095705626183 -0.5070087616291359
14138 10561439 0.7879131240136594 0.2688373983640999 0.30064599659284497 3.5652095705626183 -0.5070087616291359
14139 10561439 0.7879144229316545 0.26883732223749857 0.3005161839863714 3.5652095705626183 -0.5070087616291359
14140 10561439 0.7879157218496494 0.2688372461108973 0.3003863713798978 3.5652095705626183 -0.5070087616291359
14141 10561439 0.7879170207676445 0.2688371699842961 0.3002565587734242 3.5652095705626183 -0.5070087616291359
14142 10561439 0.7879183196856395 0.26883709385769483 0.3001267461669506 3.5652095705626183 -0.5070087616291359
14143 10561439 0.7879196186036346 0.26883701773109353 0.29999693356047696 3.5652095705626183 -0.5070087616291359
14144 10561439 0.7879209175216295 0.2688369416044923 0.2998671209540034 3.5652095705626183 -0.5070087616291359
14145 10561439 0.7879222164396246 0.26883686547789104 0.2997373083475298 3.5652095705626183 -0.5070087616291359
14146 10561439 0.7879235153576196 0.2688367893512897 0.2996074957410562 3.5652095705626183 -0.5070087616291359
14147 10561439 0.7879248142756147 0.2688367132246885 0.2994776831345826 3.5652095705626183 -0.5070087616291359
14148 10561439 0.7879261131936096 0.26883663709808725 0.299347870528109 3.5652095705626183 -0.5070087616291359
14149 10561439 0.7879274121116047 0.26883656097148595 0.2992180579216355 3.5652095705626183 -0.5070087616291359
14150 10561439 0.7879287110295997 0.2688364848448847 0.2990882453151619 3.5652095705626183 -0.5070087616291359
