11375 10561439 -1.5451990981844668 0.6518666108875604 0.6096 3.4230048786853255 -1.1183983042263888
11376 10561439 -1.539849444350519 0.6766392982292153 0.6096 3.4230048786853255 -1.1183983042263888
11377 10561439 -1.5296573503789568 0.7335946359581207 0.6096 3.4230048786853255 -1.1183983042263888
11378 10561439 -1.5134309488785382 0.7832015471579065 0.6400800000000001 3.4230048786853255 -1.1183983042263888
11379 10561439 -1.5024080416034062 0.8250465243823157 0.6400800000000001 3.4230048786853255 -1.1183983042263888
11380 10561439 -1.49293112113577 0.8540190727034886 0.6400800000000001 3.4230048786853255 -1.1183983042263888
11381 10561439 -1.4834542006681342 0.8829916210246617 0.6400800000000001 3.4230048786853255 -1.1183983042263888
11382 10561439 -1.4733634000594928 0.921986831197292 0.6400800000000001 3.4230048786853255 -1.1183983042263888
11383 10561439 -1.4571909206879836 0.955137021549442 0.6400800000000001 3.4230048786853255 -1.1183983042263888
11384 10561439 -1.443587870670323 0.9874919223679468 0.6400800000000001 3.4230048786853255 -1.1183983042263888
11385 10561439 -1.4231480813880089 1.0415626379004133 0.67056 3.4230048786853255 -1.1183983042263888
11386 10561439 -1.4086479177472573 1.0858922510899058 0.67056 3.4230048786853255 -1.1183983042263888
11387 10561439 -1.3991289985830493 1.106847567378194 0.67056 3.4230048786853255 -1.1183983042263888
11388 10561439 -1.382832181557868 1.148252713374615 0.67056 3.4230048786853255 -1.1183983042263888
11389 10561439 -1.363197315665441 1.1909027863578932 0.67056 3.4230048786853255 -1.1183983042263888
11390 10561439 -1.3436894262942578 1.2328933637878832 0.7010400000000001 3.4230048786853255 -1.1183983042263888
11391 10561439 -1.3286697069945643 1.261162880853307 0.7010400000000001 3.4230048786853255 -1.1183983042263888
11392 10561439 -1.3143077620224648 1.3050703651940223 0.7010400000000001 3.4230048786853255 -1.1183983042263888
11393 10561439 -1.2956680219682641 1.3403345614220583 0.7010400000000001 3.4230048786853255 -1.1183983042263888
11394 10561439 -1.2853273430385381 1.3773786260630372 0.7010400000000001 3.4230048786853255 -1.1183983042263888
11395 10561439 -1.265548409269128 1.4161259097942156 0.7010400000000001 3.4230048786853255 -1.1183983042263888
11396 10561439 -1.2512901015770521 1.4597167876542374 0.7010400000000001 3.4230048786853255 -1.1183983042263888
11397 10561439 -1.237051510748137 1.4869565990712943 0.7010400000000001 3.4230048786853255 -1.1183983042263888
11398 10561439 -1.221034171448547 1.525064860960041 0.7010400000000001 3.4230048786853255 -1.1183983042263888
11399 10561439 -1.2085201835512247 1.5578928795751943 0.73152 3.4230048786853255 -1.1183983042263888
11400 10561439 -1.1913899342280756 1.5966886798334066 0.73152 3.4230048786853255 -1.1183983042263888
11401 10561439 -1.1720765385855645 1.6394439726908476 0.73152 3.4230048786853255 -1.1183983042263888
11402 10561439 -1.1537479641486732 1.6737584473626284 0.73152 3.4230048786853255 -1.1183983042263888
11403 10561439 -1.1382831907477613 1.7101780423862545 0.73152 3.4230048786853255 -1.1183983042263888
11404 10561439 -1.1204725778246234 1.7429093613955893 0.73152 3.4230048786853255 -1.1183983042263888
11405 10561439 -1.104611727632754 1.7751100394117256 0.73152 3.4230048786853255 -1.1183983042263888
11406 10561439 -1.0903044808860072 1.8025611224313665 0.73152 3.4230048786853255 -1.1183983042263888
11407 10561439 -1.0759972341392603 1.8300122054510064 0.73152 3.4230048786853255 -1.1183983042263888
11408 10561439 -1.0599507330636613 1.86413844306378 0.73152 3.4230048786853255 -1.1183983042263888
11409 10561439 -1.0426187333059296 1.8994799679188328 0.73152 3.4230048786853255 -1.1183983042263888
11410 10561439 -1.0254248776906263 1.934399327545682 0.73152 3.4230048786853255 -1.1183983042263888
11411 10561439 -1.007240094943234 1.9734344664570904 0.762 3.4230048786853255 -1.1183983042263888
11412 10561439 -0.9830693450898242 2.0136663672371946 0.762 3.4230048786853255 -1.1183983042263888
11413 10561439 -0.9655518046469476 2.050933501259101 0.762 3.4230048786853255 -1.1183983042263888
11414 10561439 -0.9463081921215952 2.0934780319152795 0.762 3.4230048786853255 -1.1183983042263888
11415 10561439 -0.9415786142669786 2.107938035547364 0.762 3.4230048786853255 -1.1183983042263888
11416 10561439 -0.921463832338156 2.150431311327682 0.762 3.4230048786853255 -1.1183983042263888
11417 10561439 -0.8941703090694502 2.20401307596755 0.762 3.4230048786853255 -1.1183983042263888
11418 10561439 -0.874882222834948 2.245608375643982 0.762 3.4230048786853255 -1.1183983042263888
11419 10561439 -0.8653886226239229 2.2746339646463887 0.762 3.4230048786853255 -1.1183983042263888
11420 10561439 -0.8475627220157158 2.3112160877100947 0.7924800000000001 3.4230048786853255 -1.1183983042263888
11421 10561439 -0.8302973924174697 2.3487994395424208 0.7924800000000001 3.4230048786853255 -1.1183983042263888
11422 10561439 -0.8171343264924 2.3879582230230056 0.7924800000000001 3.4230048786853255 -1.1183983042263888
11423 10561439 -0.7998934261564541 2.4243811844413394 0.7924800000000001 3.4230048786853255 -1.1183983042263888
11424 10561439 -0.7873537993032265 2.4600050379765954 0.7924800000000001 3.4230048786853255 -1.1183983042263888
11425 10561439 -0.7757026373198779 2.495627391808511 0.7924800000000001 3.4230048786853255 -1.1183983042263888
11426 10561439 -0.7640514753365295 2.5312497456404257 0.7924800000000001 3.4230048786853255 -1.1183983042263888
11427 10561439 -0.7524003119008249 2.5668721035769027 0.7924800000000001 3.4230048786853255 -1.1183983042263888
11428 10561439 -0.7407491484651205 2.6024944615133796 0.7924800000000001 3.4230048786853255 -1.1183983042263888
11429 10561439 -0.7303661673647526 2.636954286595845 0.7924800000000001 3.4230048786853255 -1.1183983042263888
11430 10561439 -0.7221986949677801 2.678214380413439 0.7924800000000001 3.4230048786853255 -1.1183983042263888
11431 10561439 -0.70860715650619 2.720855054916609 0.82296 3.4230048786853255 -1.1183983042263888
11432 10561439 -0.6965833271287394 2.75653079264822 0.82296 3.4230048786853255 -1.1183983042263888
11433 10561439 -0.6833370038558955 2.7981159940510865 0.82296 3.4230048786853255 -1.1183983042263888
11434 10561439 -0.6708439749461124 2.851514651627705 0.82296 3.4230048786853255 -1.1183983042263888
11435 10561439 -0.6547566572895154 2.900699893289143 0.82296 3.4230048786853255 -1.1183983042263888
11436 10561439 -0.6423845153120249 2.9398837300395635 0.82296 3.4230048786853255 -1.1183983042263888
11437 10561439 -0.6402368561177678 2.961380714672768 0.82296 3.4230048786853255 -1.1183983042263888
11438 10561439 -0.6267366141850783 3.004284950673608 0.82296 3.4230048786853255 -1.1183983042263888
11439 10561439 -0.6125134556796052 3.047770614807159 0.82296 3.4230048786853255 -1.1183983042263888
11440 10561439 -0.6032774784785364 3.0906675315608387 0.8534400000000001 3.4230048786853255 -1.1183983042263888
11441 10561439 -0.5936251147420233 3.136466083160204 0.8534400000000001 3.4230048786853255 -1.1183983042263888
11442 10561439 -0.5875014236417372 3.1565457702773863 0.8534400000000001 3.4230048786853255 -1.1183983042263888
11443 10561439 -0.5813777325414511 3.1766254573945694 0.8534400000000001 3.4230048786853255 -1.1183983042263888
11444 10561439 -0.5727528923179548 3.216567620436135 0.8534400000000001 3.4230048786853255 -1.1183983042263888
11445 10561439 -0.5623489301100357 3.267378125041985 0.8534400000000001 3.4230048786853255 -1.1183983042263888
11446 10561439 -0.5500035814740319 3.321409347047408 0.8534400000000001 3.4230048786853255 -1.1183983042263888
11447 10561439 -0.5413866086793784 3.364041407939459 0.88392 3.4230048786853255 -1.1183983042263888
11448 10561439 -0.535013557179971 3.3998128608973626 0.88392 3.4230048786853255 -1.1183983042263888
11449 10561439 -0.5284089099791573 3.4373779996703853 0.88392 3.4230048786853255 -1.1183983042263888
11450 10561439 -0.5174898918230897 3.4873190421800446 0.88392 3.4230048786853255 -1.1183983042263888
11451 10561439 -0.5103885475658114 3.5277595599515514 0.88392 3.4230048786853255 -1.1183983042263888
11452 10561439 -0.4958442577056759 3.5711402272101296 0.88392 3.4230048786853255 -1.1183983042263888
11453 10561439 -0.4895267453387391 3.6080982695021246 0.88392 3.4230048786853255 -1.1183983042263888
11454 10561439 -0.47391446186049996 3.670758666415583 0.9144 3.4230048786853255 -1.1183983042263888
11455 10561439 -0.467145809837791 3.693081048909973 0.9144 3.4230048786853255 -1.1183983042263888
11456 10561439 -0.4517984588708688 3.7546597181554784 0.9144 3.4230048786853255 -1.1183983042263888
11457 10561439 -0.4437391676266602 3.7999278843329463 0.9144 3.4230048786853255 -1.1183983042263888
11458 10561439 -0.4345156009309845 3.823784093586472 0.9144 3.4230048786853255 -1.1183983042263888
11459 10561439 -0.4220446079688112 3.894482388316205 0.9144 3.4230048786853255 -1.1183983042263888
11460 10561439 -0.4150999403192721 3.9374278465082497 0.9144 3.4230048786853255 -1.1183983042263888
11461 10561439 -0.4086440359692545 3.957165222997869 0.88392 3.4230048786853255 -1.1183983042263888
11462 10561439 -0.3958965117645441 4.028707825589317 0.88392 3.4230048786853255 -1.1183983042263888
11463 10561439 -0.3851302312545182 4.075193723901753 0.88392 3.4230048786853255 -1.1183983042263888
11464 10561439 -0.38126073026760793 4.097880218020919 0.88392 3.4230048786853255 -1.1183983042263888
11465 10561439 -0.3773912292806978 4.120566712140083 0.88392 3.4230048786853255 -1.1183983042263888
11466 10561439 -0.3710704996966519 4.1507470643864135 0.88392 3.4230048786853255 -1.1183983042263888
11467 10561439 -0.35697603854212945 4.226405909163268 0.88392 3.4230048786853255 -1.1183983042263888
11468 10561439 -0.3503627592359362 4.269693506956319 0.88392 3.4230048786853255 -1.1183983042263888
11469 10561439 -0.3379335473781724 4.3253332310099015 0.88392 3.4230048786853255 -1.1183983042263888
11470 10561439 -0.3317765353023816 4.361526004461093 0.88392 3.4230048786853255 -1.1183983042263888
11471 10561439 -0.3246541186815455 4.408269137568058 0.88392 3.4230048786853255 -1.1183983042263888
11472 10561439 -0.3065279082982475 4.472911541615422 0.88392 3.4230048786853255 -1.1183983042263888
11473 10561439 -0.2991382462010268 4.530783944581845 0.88392 3.4230048786853255 -1.1183983042263888
11474 10561439 -0.2927982864302838 4.566449547391129 0.88392 3.4230048786853255 -1.1183983042263888
11475 10561439 -0.27938385539849603 4.612887195408123 0.88392 3.4230048786853255 -1.1183983042263888
11476 10561439 -0.2718667777082877 4.6630064957660355 0.88392 3.4230048786853255 -1.1183983042263888
11477 10561439 -0.2638160612407836 4.709329201335477 0.88392 3.4230048786853255 -1.1183983042263888
11478 10561439 -0.2561744807430029 4.749651626686309 0.88392 3.4230048786853255 -1.1183983042263888
11479 10561439 -0.2485329002452221 4.789974052037143 0.88392 3.4230048786853255 -1.1183983042263888
11480 10561439 -0.24371726688299145 4.81690791024808 0.88392 3.4230048786853255 -1.1183983042263888
11481 10561439 -0.22851954702387434 4.885078803955307 0.8534400000000001 3.4230048786853255 -1.1183983042263888
11482 10561439 -0.22159887190660887 4.934458534275828 0.8534400000000001 3.4230048786853255 -1.1183983042263888
11483 10561439 -0.21286949703860605 4.965486856790966 0.8534400000000001 3.4230048786853255 -1.1183983042263888
11484 10561439 -0.2063444638090075 4.960102518787438 0.8531443965517242 3.4230048786853255 -1.1183983042263888
11485 10561439 -0.199819430579409 4.954718180783912 0.8528487931034484 3.4230048786853255 -1.1183983042263888
11486 10561439 -0.1932943973498105 4.949333842780385 0.8525531896551725 3.4230048786853255 -1.1183983042263888
11487 10561439 -0.186769364120212 4.9439495047768585 0.8522575862068966 3.4230048786853255 -1.1183983042263888
11488 10561439 -0.18024433089061348 4.938565166773331 0.8519619827586208 3.4230048786853255 -1.1183983042263888
11489 10561439 -0.17371929766101496 4.933180828769804 0.851666379310345 3.4230048786853255 -1.1183983042263888
11490 10561439 -0.16719426443141647 4.927796490766277 0.8513707758620691 3.4230048786853255 -1.1183983042263888
11491 10561439 -0.16066923120181795 4.922412152762751 0.8510751724137932 3.4230048786853255 -1.1183983042263888
11492 10561439 -0.15414419797221945 4.917027814759224 0.8507795689655173 3.4230048786853255 -1.1183983042263888
11493 10561439 -0.14761916474262093 4.911643476755697 0.8504839655172415 3.4230048786853255 -1.1183983042263888
11494 10561439 -0.1410941315130224 4.90625913875217 0.8501883620689656 3.4230048786853255 -1.1183983042263888
11495 10561439 -0.13456909828342392 4.9008748007486425 0.8498927586206897 3.4230048786853255 -1.1183983042263888
11496 10561439 -0.12804406505382546 4.895490462745117 0.8495971551724139 3.4230048786853255 -1.1183983042263888
11497 10561439 -0.1215190318242269 4.890106124741589 0.849301551724138 3.4230048786853255 -1.1183983042263888
11498 10561439 -0.1149939985946284 4.884721786738061 0.8490059482758622 3.4230048786853255 -1.1183983042263888
11499 10561439 -0.10846896536502988 4.879337448734535 0.8487103448275863 3.4230048786853255 -1.1183983042263888
11500 10561439 -0.10194393213543138 4.873953110731009 0.8484147413793104 3.4230048786853255 -1.1183983042263888
11501 10561439 -0.09541889890583287 4.868568772727482 0.8481191379310346 3.4230048786853255 -1.1183983042263888
11502 10561439 -0.08889386567623435 4.863184434723955 0.8478235344827587 3.4230048786853255 -1.1183983042263888
11503 10561439 -0.08236883244663584 4.857800096720428 0.8475279310344829 3.4230048786853255 -1.1183983042263888
11504 10561439 -0.07584379921703735 4.8524157587169015 0.8472323275862071 3.4230048786853255 -1.1183983042263888
11505 10561439 -0.06931876598743883 4.847031420713374 0.8469367241379311 3.4230048786853255 -1.1183983042263888
11506 10561439 -0.06279373275784031 4.841647082709846 0.8466411206896552 3.4230048786853255 -1.1183983042263888
11507 10561439 -0.05626869952824182 4.83626274470632 0.8463455172413794 3.4230048786853255 -1.1183983042263888
11508 10561439 -0.049743666298643296 4.8308784067027934 0.8460499137931036 3.4230048786853255 -1.1183983042263888
11509 10561439 -0.0432186330690448 4.825494068699267 0.8457543103448276 3.4230048786853255 -1.1183983042263888
11510 10561439 -0.03669359983944629 4.82010973069574 0.8454587068965518 3.4230048786853255 -1.1183983042263888
11511 10561439 -0.030168566609847763 4.814725392692212 0.8451631034482759 3.4230048786853255 -1.1183983042263888
11512 10561439 -0.023643533380249267 4.809341054688685 0.8448675000000001 3.4230048786853255 -1.1183983042263888
11513 10561439 -0.01711850015065075 4.8039567166851596 0.8445718965517243 3.4230048786853255 -1.1183983042263888
11514 10561439 -0.010593466921052258 4.798572378681632 0.8442762931034483 3.4230048786853255 -1.1183983042263888
11515 10561439 -0.004068433691453739 4.793188040678105 0.8439806896551725 3.4230048786853255 -1.1183983042263888
11516 10561439 0.0024565995381447825 4.787803702674577 0.8436850862068966 3.4230048786853255 -1.1183983042263888
11517 10561439 0.008981632767743275 4.782419364671052 0.8433894827586208 3.4230048786853255 -1.1183983042263888
11518 10561439 0.015506665997341797 4.777035026667525 0.8430938793103449 3.4230048786853255 -1.1183983042263888
11519 10561439 0.022031699226940288 4.771650688663998 0.8427982758620691 3.4230048786853255 -1.1183983042263888
11520 10561439 0.028556732456538805 4.766266350660469 0.8425026724137932 3.4230048786853255 -1.1183983042263888
11521 10561439 0.03508176568613733 4.760882012656944 0.8422070689655173 3.4230048786853255 -1.1183983042263888
11522 10561439 0.04160679891573582 4.755497674653417 0.8419114655172415 3.4230048786853255 -1.1183983042263888
11523 10561439 0.048131832145334334 4.75011333664989 0.8416158620689655 3.4230048786853255 -1.1183983042263888
11524 10561439 0.05465686537493286 4.744728998646363 0.8413202586206897 3.4230048786853255 -1.1183983042263888
11525 10561439 0.061181898604531326 4.739344660642836 0.8410246551724139 3.4230048786853255 -1.1183983042263888
11526 10561439 0.06770693183412985 4.73396032263931 0.8407290517241379 3.4230048786853255 -1.1183983042263888
11527 10561439 0.07423196506372838 4.728575984635782 0.8404334482758622 3.4230048786853255 -1.1183983042263888
11528 10561439 0.08075699829332689 4.723191646632254 0.8401378448275862 3.4230048786853255 -1.1183983042263888
11529 10561439 0.08728203152292541 4.717807308628728 0.8398422413793104 3.4230048786853255 -1.1183983042263888
11530 10561439 0.09380706475252387 4.712422970625202 0.8395466379310346 3.4230048786853255 -1.1183983042263888
11531 10561439 0.1003320979821224 4.707038632621675 0.8392510344827587 3.4230048786853255 -1.1183983042263888
11532 10561439 0.10685713121172093 4.701654294618148 0.8389554310344829 3.4230048786853255 -1.1183983042263888
11533 10561439 0.11338216444131945 4.696269956614621 0.8386598275862069 3.4230048786853255 -1.1183983042263888
11534 10561439 0.11990719767091795 4.690885618611095 0.8383642241379311 3.4230048786853255 -1.1183983042263888
11535 10561439 0.12643223090051642 4.685501280607569 0.8380686206896553 3.4230048786853255 -1.1183983042263888
11536 10561439 0.13295726413011494 4.68011694260404 0.8377730172413794 3.4230048786853255 -1.1183983042263888
11537 10561439 0.13948229735971346 4.674732604600513 0.8374774137931035 3.4230048786853255 -1.1183983042263888
11538 10561439 0.14600733058931198 4.6693482665969865 0.8371818103448276 3.4230048786853255 -1.1183983042263888
11539 10561439 0.1525323638189105 4.66396392859346 0.8368862068965518 3.4230048786853255 -1.1183983042263888
11540 10561439 0.15905739704850896 4.658579590589933 0.836590603448276 3.4230048786853255 -1.1183983042263888
11541 10561439 0.16558243027810748 4.653195252586406 0.8362950000000001 3.4230048786853255 -1.1183983042263888
11542 10561439 0.172107463507706 4.6478109145828785 0.8359993965517242 3.4230048786853255 -1.1183983042263888
11543 10561439 0.17863249673730452 4.642426576579352 0.8357037931034483 3.4230048786853255 -1.1183983042263888
12411 10561439 5.842361340028809 -0.031178810481988256 0.57912 4.113242484253095 0.13689826929303872
12412 10561439 5.805353937860918 -0.0319619594130455 0.57912 4.113242484253095 0.13689826929303872
12413 10561439 5.767507839626366 -0.039129256689662745 0.57912 4.113242484253095 0.13689826929303872
12414 10561439 5.732494998213703 -0.04032874878607876 0.57912 4.113242484253095 0.13689826929303872
12415 10561439 5.6980887201219454 -0.04511313934421049 0.57912 4.113242484253095 0.13689826929303872
12416 10561439 5.6543740224104475 -0.04686245493748112 0.57912 4.113242484253095 0.13689826929303872
12417 10561439 5.64273720291726 -0.04797407779097743 0.57912 4.113242484253095 0.13689826929303872
12418 10561439 5.631100383424072 -0.04908570064447373 0.57912 4.113242484253095 0.13689826929303872
12419 10561439 5.591707102824586 -0.05282767532106916 0.54864 4.113242484253095 0.13689826929303872
12420 10561439 5.5448141570719125 -0.05234245539979896 0.54864 4.113242484253095 0.13689826929303872
12421 10561439 5.497921211319238 -0.051857235478528746 0.54864 4.113242484253095 0.13689826929303872
12422 10561439 5.451028265566566 -0.05137201555725854 0.54864 4.113242484253095 0.13689826929303872
12423 10561439 5.404135319813892 -0.05088679563598833 0.54864 4.113242484253095 0.13689826929303872
12424 10561439 5.372978514941764 -0.0498767403795867 0.54864 4.113242484253095 0.13689826929303872
12425 10561439 5.341821710069636 -0.04886668512318506 0.54864 4.113242484253095 0.13689826929303872
12426 10561439 5.310664905197508 -0.047856629866783434 0.54864 4.113242484253095 0.13689826929303872
12427 10561439 5.269839858793733 -0.04564017956327962 0.54864 4.113242484253095 0.13689826929303872
12428 10561439 5.229014812389961 -0.043423729259775806 0.54864 4.113242484253095 0.13689826929303872
12429 10561439 5.192929922474597 -0.04246065418497805 0.5334000000000001 4.113242484253095 0.13689826929303872
12430 10561439 5.1568450325592305 -0.04149757911018029 0.5181600000000001 4.113242484253095 0.13689826929303872
12431 10561439 5.135405356882964 -0.04326621009805645 0.5181600000000001 4.113242484253095 0.13689826929303872
12432 10561439 5.085408667806512 -0.040043544075362064 0.5181600000000001 4.113242484253095 0.13689826929303872
12433 10561439 5.0507974937707045 -0.037282776313163485 0.5181600000000001 4.113242484253095 0.13689826929303872
12434 10561439 5.014430840012535 -0.03827116298819058 0.5181600000000001 4.113242484253095 0.13689826929303872
12435 10561439 4.975807396143063 -0.03420150918168865 0.5181600000000001 4.113242484253095 0.13689826929303872
12436 10561439 4.942673165052373 -0.03671100807930885 0.5181600000000001 4.113242484253095 0.13689826929303872
12437 10561439 4.921820162608382 -0.032596443722747635 0.5181600000000001 4.113242484253095 0.13689826929303872
12438 10561439 4.8748315599772285 -0.03239743683686516 0.5181600000000001 4.113242484253095 0.13689826929303872
12439 10561439 4.827842957346077 -0.03219842995098268 0.5181600000000001 4.113242484253095 0.13689826929303872
12440 10561439 4.793610349778809 -0.02827506762917512 0.48768 4.113242484253095 0.13689826929303872
12441 10561439 4.7581620610050175 -0.025356715667425398 0.48768 4.113242484253095 0.13689826929303872
12442 10561439 4.714837499674212 -0.02208848587393955 0.48768 4.113242484253095 0.13689826929303872
12443 10561439 4.687967989079874 -0.0209945024280762 0.48768 4.113242484253095 0.13689826929303872
12444 10561439 4.6610984784855365 -0.01990051898221285 0.48768 4.113242484253095 0.13689826929303872
12445 10561439 4.634228967891199 -0.018806535536349502 0.48768 4.113242484253095 0.13689826929303872
12446 10561439 4.5999721839708085 -0.01767778713265591 0.48768 4.113242484253095 0.13689826929303872
12447 10561439 4.556315121534586 -0.014066561233123914 0.48768 4.113242484253095 0.13689826929303872
12448 10561439 4.5183801226637765 -0.00788291203279115 0.48768 4.113242484253095 0.13689826929303872
12449 10561439 4.481578175310848 -0.006390608026611093 0.48768 4.113242484253095 0.13689826929303872
12450 10561439 4.4547860287855965 -0.002790256958308507 0.48768 4.113242484253095 0.13689826929303872
12451 10561439 4.41229808263426 0.0003236330288516054 0.48768 4.113242484253095 0.13689826929303872
12452 10561439 4.376908125342983 0.006145022863502908 0.48768 4.113242484253095 0.13689826929303872
12453 10561439 4.317990734048369 0.00924595602858777 0.48768 4.113242484253095 0.13689826929303872
12454 10561439 4.301526887331241 0.009126995400715682 0.48768 4.113242484253095 0.13689826929303872
12455 10561439 4.254293081584958 0.01402369307099213 0.48768 4.113242484253095 0.13689826929303872
12456 10561439 4.243079480120095 0.01230880675446408 0.48768 4.113242484253095 0.13689826929303872
12457 10561439 4.182978689925164 0.010423590376509391 0.48768 4.113242484253095 0.13689826929303872
12458 10561439 4.157629284468147 0.010283670292617314 0.48768 4.113242484253095 0.13689826929303872
12459 10561439 4.132279879011128 0.010143750208725237 0.48768 4.113242484253095 0.13689826929303872
12460 10561439 4.094936626009813 0.0072589153505296655 0.48768 4.113242484253095 0.13689826929303872
12461 10561439 4.042322741330978 0.00655317958098553 0.48768 4.113242484253095 0.13689826929303872
12462 10561439 4.007558857986 0.0034112226279407747 0.48768 4.113242484253095 0.13689826929303872
12463 10561439 3.9740795927235166 0.0014856236514625145 0.48768 4.113242484253095 0.13689826929303872
12464 10561439 3.934488804874397 -0.001482819530334717 0.4572000000000001 4.113242484253095 0.13689826929303872
12465 10561439 3.8891086280579548 -0.0031460808945203145 0.48768 4.113242484253095 0.13689826929303872
12466 10561439 3.853118503660766 -0.004602330214404954 0.4572000000000001 4.113242484253095 0.13689826929303872
12467 10561439 3.823420154066456 -0.011265386671538896 0.4572000000000001 4.113242484253095 0.13689826929303872
12468 10561439 3.7846314724153647 -0.014494837055957029 0.4572000000000001 4.113242484253095 0.13689826929303872
12469 10561439 3.7482764452857062 -0.01162629900746784 0.4572000000000001 4.113242484253095 0.13689826929303872
12470 10561439 3.7028958609830087 -0.013288372578161095 0.4572000000000001 4.113242484253095 0.13689826929303872
12471 10561439 3.6720788475512265 -0.009773568714419615 0.4572000000000001 4.113242484253095 0.13689826929303872
12472 10561439 3.644801770941769 -0.01173590756548562 0.4572000000000001 4.113242484253095 0.13689826929303872
12473 10561439 3.609844779075237 -0.01002380270711392 0.4572000000000001 4.113242484253095 0.13689826929303872
12474 10561439 3.5747032929259603 -0.010237156515156692 0.4572000000000001 4.113242484253095 0.13689826929303872
12475 10561439 3.5509297642167907 -0.010305333354578144 0.4572000000000001 4.113242484253095 0.13689826929303872
12476 10561439 3.5271562355076225 -0.010373510193999595 0.4572000000000001 4.113242484253095 0.13689826929303872
12477 10561439 3.4839335625342303 -0.0067810389050313715 0.4572000000000001 4.113242484253095 0.13689826929303872
12478 10561439 3.450935828948971 -0.007226194430101669 0.4572000000000001 4.113242484253095 0.13689826929303872
12479 10561439 3.417273428437709 -0.00698703205508891 0.4572000000000001 4.113242484253095 0.13689826929303872
12480 10561439 3.3618273030618884 -0.00547891647057655 0.4572000000000001 4.113242484253095 0.13689826929303872
12481 10561439 3.3307987832474364 -0.010771583091983368 0.4572000000000001 4.113242484253095 0.13689826929303872
