14044 11289096 1.0377555361121944 0.0003130187480712236 0.27432 3.5652095705626183 -0.5070087616291359
14045 11289096 1.0140351427904737 0.00019618817813027436 0.27432 3.5652095705626183 -0.5070087616291359
14046 11289096 0.9947951278585054 0.0011080413153194413 0.27432 3.5652095705626183 -0.5070087616291359
14047 11289096 0.9755551129265372 0.002019894452508608 0.27432 3.5652095705626183 -0.5070087616291359
14048 11289096 0.9641714933885732 0.0022427152345706686 0.27432 3.5652095705626183 -0.5070087616291359
14049 11289096 0.9527878738506091 0.002465536016632729 0.27432 3.5652095705626183 -0.5070087616291359
14050 11289096 0.9414042543126452 0.00268835679869479 0.27432 3.5652095705626183 -0.5070087616291359
14051 11289096 0.9300206347746812 0.00291117758075685 0.27432 3.5652095705626183 -0.5070087616291359
14052 11289096 0.918637015236717 0.003133998362818911 0.27432 3.5652095705626183 -0.5070087616291359
14053 11289096 0.907253395698753 0.0033568191448809714 0.27432 3.5652095705626183 -0.5070087616291359
14054 11289096 0.8958697761607891 0.0035796399269430322 0.27432 3.5652095705626183 -0.5070087616291359
14055 11289096 0.8844861566228249 0.003802460709005092 0.27432 3.5652095705626183 -0.5070087616291359
14056 11289096 0.8731025370848609 0.004025281491067153 0.27432 3.5652095705626183 -0.5070087616291359
14057 11289096 0.8617189175468968 0.004248102273129214 0.27432 3.5652095705626183 -0.5070087616291359
14058 11289096 0.8503352980089327 0.0044709230551912725 0.27432 3.5652095705626183 -0.5070087616291359
14059 11289096 0.8389516784709687 0.0046937438372533355 0.27432 3.5652095705626183 -0.5070087616291359
14060 11289096 0.8275680589330047 0.004916564619315395 0.27432 3.5652095705626183 -0.5070087616291359
14061 11289096 0.8161844393950406 0.0051393854013774545 0.27432 3.5652095705626183 -0.5070087616291359
14062 11289096 0.8112827618679171 0.007714486088975857 0.27432 3.5652095705626183 -0.5070087616291359
14063 11289096 0.8063810843407936 0.010289586776574256 0.27432 3.5652095705626183 -0.5070087616291359
14064 11289096 0.8014794068136701 0.012864687464172658 0.27432 3.5652095705626183 -0.5070087616291359
14065 11289096 0.7973545825555879 0.016548951793202232 0.27432 3.5652095705626183 -0.5070087616291359
14066 11289096 0.7966647913915086 0.014437792524067709 0.27432 3.5652095705626183 -0.5070087616291359
14067 11289096 0.7950679905355091 0.017704958293155968 0.27432 3.5652095705626183 -0.5070087616291359
14068 11289096 0.7934711896795097 0.020972124062244232 0.27432 3.5652095705626183 -0.5070087616291359
14069 11289096 0.7930694228068377 0.023819623284580742 0.27432 3.5652095705626183 -0.5070087616291359
14070 11289096 0.7926676559341657 0.02666712250691726 0.27432 3.5652095705626183 -0.5070087616291359
14071 11289096 0.7922658890614936 0.029514621729253777 0.27432 3.5652095705626183 -0.5070087616291359
14072 11289096 0.7918641221888216 0.03236212095159029 0.27432 3.5652095705626183 -0.5070087616291359
14073 11289096 0.7902339352653752 0.03009091604844287 0.27432 3.5652095705626183 -0.5070087616291359
14074 11289096 0.7903627276517615 0.03320316427268062 0.27432 3.5652095705626183 -0.5070087616291359
14075 11289096 0.7904915200381479 0.036315412496918366 0.27432 3.5652095705626183 -0.5070087616291359
14076 11289096 0.7906203124245342 0.039427660721156124 0.27432 3.5652095705626183 -0.5070087616291359
14077 11289096 0.7907491048109206 0.04253990894539388 0.27432 3.5652095705626183 -0.5070087616291359
14078 11289096 0.7908778971973071 0.045652157169631634 0.27432 3.5652095705626183 -0.5070087616291359
14079 11289096 0.7910066895836934 0.04876440539386938 0.27432 3.5652095705626183 -0.5070087616291359
14080 11289096 0.7911354819700797 0.05187665361810714 0.27432 3.5652095705626183 -0.5070087616291359
14081 11289096 0.791264274356466 0.054988901842344895 0.27432 3.5652095705626183 -0.5070087616291359
14082 11289096 0.7913930667428524 0.05810115006658265 0.27432 3.5652095705626183 -0.5070087616291359
14083 11289096 0.7915218591292387 0.0612133982908204 0.27432 3.5652095705626183 -0.5070087616291359
14084 11289096 0.7916506515156251 0.06432564651505815 0.27432 3.5652095705626183 -0.5070087616291359
14085 11289096 0.7917794439020114 0.0674378947392959 0.27432 3.5652095705626183 -0.5070087616291359
14086 11289096 0.7915752849423828 0.06846670885466773 0.27432 3.5652095705626183 -0.5070087616291359
14087 11289096 0.7913711259827548 0.06949552297003955 0.27432 3.5652095705626183 -0.5070087616291359
14088 11289096 0.7911669670231265 0.07052433708541139 0.27432 3.5652095705626183 -0.5070087616291359
14089 11289096 0.7909628080634983 0.07155315120078322 0.27432 3.5652095705626183 -0.5070087616291359
14090 11289096 0.79075864910387 0.07258196531615503 0.27432 3.5652095705626183 -0.5070087616291359
14091 11289096 0.7905544901442417 0.07361077943152687 0.27432 3.5652095705626183 -0.5070087616291359
14092 11289096 0.7903503311846134 0.07463959354689871 0.27432 3.5652095705626183 -0.5070087616291359
14093 11289096 0.7901461722249852 0.07566840766227054 0.27432 3.5652095705626183 -0.5070087616291359
14094 11289096 0.7899420132653568 0.07669722177764236 0.27432 3.5652095705626183 -0.5070087616291359
14095 11289096 0.7897378543057286 0.07772603589301419 0.27432 3.5652095705626183 -0.5070087616291359
14096 11289096 0.7895336953461003 0.07875485000838603 0.27432 3.5652095705626183 -0.5070087616291359
14097 11289096 0.7893295363864721 0.07978366412375787 0.27432 3.5652095705626183 -0.5070087616291359
14098 11289096 0.7891253774268437 0.08081247823912968 0.27432 3.5652095705626183 -0.5070087616291359
14099 11289096 0.7889212184672154 0.08184129235450152 0.27432 3.5652095705626183 -0.5070087616291359
14100 11289096 0.7887170595075872 0.08287010646987335 0.27432 3.5652095705626183 -0.5070087616291359
14101 11289096 0.7885129005479589 0.08389892058524517 0.27432 3.5652095705626183 -0.5070087616291359
14102 11289096 0.7883087415883306 0.08492773470061701 0.27432 3.5652095705626183 -0.5070087616291359
14103 11289096 0.7881045826287023 0.08595654881598883 0.27432 3.5652095705626183 -0.5070087616291359
14104 11289096 0.7879004236690741 0.08698536293136068 0.27432 3.5652095705626183 -0.5070087616291359
14105 11289096 0.7876962647094458 0.08801417704673249 0.27432 3.5652095705626183 -0.5070087616291359
14106 11289096 0.7874921057498175 0.08904299116210433 0.27432 3.5652095705626183 -0.5070087616291359
14107 11289096 0.7872879467901892 0.09007180527747616 0.27432 3.5652095705626183 -0.5070087616291359
14108 11289096 0.787083787830561 0.09110061939284797 0.27432 3.5652095705626183 -0.5070087616291359
14109 11289096 0.7868796288709327 0.0921294335082198 0.27432 3.5652095705626183 -0.5070087616291359
14110 11289096 0.7866754699113044 0.09315824762359164 0.27432 3.5652095705626183 -0.5070087616291359
14111 11289096 0.7864713109516761 0.09418706173896346 0.27432 3.5652095705626183 -0.5070087616291359
14112 11289096 0.7862671519920478 0.0952158758543353 0.27432 3.5652095705626183 -0.5070087616291359
14113 11289096 0.7860629930324196 0.09624468996970713 0.27432 3.5652095705626183 -0.5070087616291359
14114 11289096 0.7858588340727912 0.09727350408507897 0.27432 3.5652095705626183 -0.5070087616291359
14115 11289096 0.785654675113163 0.0983023182004508 0.27432 3.5652095705626183 -0.5070087616291359
14116 11289096 0.7854505161535347 0.09933113231582262 0.27432 3.5652095705626183 -0.5070087616291359
14117 11289096 0.7852463571939065 0.10035994643119443 0.27432 3.5652095705626183 -0.5070087616291359
14118 11289096 0.7850421982342781 0.10138876054656627 0.27432 3.5652095705626183 -0.5070087616291359
14119 11289096 0.7848380392746499 0.1024175746619381 0.27432 3.5652095705626183 -0.5070087616291359
14120 11289096 0.7846338803150216 0.10344638877730994 0.27432 3.5652095705626183 -0.5070087616291359
14121 11289096 0.7844297213553934 0.10447520289268176 0.27432 3.5652095705626183 -0.5070087616291359
14122 11289096 0.784225562395765 0.1055040170080536 0.27432 3.5652095705626183 -0.5070087616291359
14123 11289096 0.7840214034361368 0.10653283112342543 0.27432 3.5652095705626183 -0.5070087616291359
14124 11289096 0.7838172444765085 0.10756164523879726 0.27432 3.5652095705626183 -0.5070087616291359
14125 11289096 0.7836130855168801 0.10859045935416907 0.27432 3.5652095705626183 -0.5070087616291359
14126 11289096 0.7834089265572519 0.10961927346954092 0.27432 3.5652095705626183 -0.5070087616291359
14127 11289096 0.7832047675976236 0.11064808758491274 0.27432 3.5652095705626183 -0.5070087616291359
14128 11289096 0.7830006086379954 0.11167690170028458 0.27432 3.5652095705626183 -0.5070087616291359
14129 11289096 0.782796449678367 0.1127057158156564 0.27432 3.5652095705626183 -0.5070087616291359
14130 11289096 0.7825922907187388 0.11373452993102826 0.27432 3.5652095705626183 -0.5070087616291359
14131 11289096 0.7823881317591105 0.11476334404640008 0.27432 3.5652095705626183 -0.5070087616291359
14132 11289096 0.7821839727994823 0.1157921581617719 0.27432 3.5652095705626183 -0.5070087616291359
14133 11289096 0.7819798138398539 0.11682097227714372 0.27432 3.5652095705626183 -0.5070087616291359
14134 11289096 0.7817756548802257 0.11784978639251555 0.27432 3.5652095705626183 -0.5070087616291359
14135 11289096 0.7815714959205974 0.11887860050788734 0.27432 3.5652095705626183 -0.5070087616291359
14136 11289096 0.7813673369609692 0.1199074146232592 0.27432 3.5652095705626183 -0.5070087616291359
14137 11289096 0.7811631780013408 0.12093622873863105 0.27432 3.5652095705626183 -0.5070087616291359
14138 11289096 0.7809590190417126 0.12196504285400285 0.27432 3.5652095705626183 -0.5070087616291359
14139 11289096 0.7807548600820843 0.1229938569693747 0.27432 3.5652095705626183 -0.5070087616291359
14140 11289096 0.780550701122456 0.12402267108474653 0.27432 3.5652095705626183 -0.5070087616291359
14141 11289096 0.7803465421628277 0.12505148520011836 0.27432 3.5652095705626183 -0.5070087616291359
14142 11289096 0.7801423832031994 0.1260802993154902 0.27432 3.5652095705626183 -0.5070087616291359
14143 11289096 0.7799382242435712 0.127109113430862 0.27432 3.5652095705626183 -0.5070087616291359
14144 11289096 0.7797340652839428 0.12813792754623385 0.27432 3.5652095705626183 -0.5070087616291359
14145 11289096 0.7795299063243146 0.1291667416616057 0.27432 3.5652095705626183 -0.5070087616291359
14204 11289096 0.7674845277062461 0.1898667744685436 0.27432 3.5652095705626183 -0.5070087616291359
14205 11289096 0.7639651585643426 0.19078306845753032 0.27432 3.5652095705626183 -0.5070087616291359
14206 11289096 0.7604457894224389 0.19169936244651706 0.27432 3.5652095705626183 -0.5070087616291359
14207 11289096 0.7525595986919705 0.19474348295302454 0.27432 3.5652095705626183 -0.5070087616291359
14208 11289096 0.7493763049027389 0.19315500825499898 0.27432 3.5652095705626183 -0.5070087616291359
14209 11289096 0.7461930111135071 0.19156653355697345 0.27432 3.5652095705626183 -0.5070087616291359
14210 11289096 0.7387988160077082 0.19339846173664868 0.27432 3.5652095705626183 -0.5070087616291359
14211 11289096 0.7291698331929448 0.196544760893036 0.27432 3.5652095705626183 -0.5070087616291359
14212 11289096 0.7231780791223854 0.19587397277184354 0.27432 3.5652095705626183 -0.5070087616291359
14213 11289096 0.7171863250518259 0.19520318465065106 0.27432 3.5652095705626183 -0.5070087616291359
14214 11289096 0.7163096555255605 0.19578171040797884 0.27432 3.5652095705626183 -0.5070087616291359
14215 11289096 0.7154329859992951 0.19636023616530665 0.27432 3.5652095705626183 -0.5070087616291359
14216 11289096 0.7060052232709486 0.19359943367299245 0.27432 3.5652095705626183 -0.5070087616291359
14217 11289096 0.7016527831639771 0.1925098303168212 0.27432 3.5652095705626183 -0.5070087616291359
14218 11289096 0.6973003430570055 0.19142022696064995 0.27432 3.5652095705626183 -0.5070087616291359
14219 11289096 0.6876713575378611 0.1945665828823485 0.27432 3.5652095705626183 -0.5070087616291359
14220 11289096 0.6841198106065239 0.1936631294197529 0.27432 3.5652095705626183 -0.5070087616291359
14221 11289096 0.6805682636751869 0.19275967595715726 0.27432 3.5652095705626183 -0.5070087616291359
14222 11289096 0.6770167167438498 0.19185622249456166 0.27432 3.5652095705626183 -0.5070087616291359
14223 11289096 0.6700891102242534 0.1896804388778794 0.27432 3.5652095705626183 -0.5070087616291359
14224 11289096 0.6706155897264916 0.18857378264981364 0.27432 3.5652095705626183 -0.5070087616291359
14225 11289096 0.6642144571565731 0.18529134830643973 0.27432 3.5652095705626183 -0.5070087616291359
14226 11289096 0.6655651491365564 0.18263026379200725 0.27432 3.5652095705626183 -0.5070087616291359
14227 11289096 0.6669158411165397 0.17996917927757475 0.27432 3.5652095705626183 -0.5070087616291359
14228 11289096 0.6609377061982775 0.1752634191622181 0.27432 3.5652095705626183 -0.5070087616291359
14229 11289096 0.6599501313061725 0.1736000477024522 0.27432 3.5652095705626183 -0.5070087616291359
14230 11289096 0.6589625564140675 0.17193667624268627 0.27432 3.5652095705626183 -0.5070087616291359
14231 11289096 0.6573759185828415 0.16708104766104076 0.27432 3.5652095705626183 -0.5070087616291359
14232 11289096 0.6565653536107414 0.16460045481961386 0.27432 3.5652095705626183 -0.5070087616291359
14233 11289096 0.6557547886386413 0.16211986197818687 0.27432 3.5652095705626183 -0.5070087616291359
14234 11289096 0.6546256492421499 0.15594646138070545 0.27432 3.5652095705626183 -0.5070087616291359
14235 11289096 0.6542026429593146 0.1573697906167147 0.27432 3.5652095705626183 -0.5070087616291359
14236 11289096 0.6526504972930032 0.15261971929338994 0.27432 3.5652095705626183 -0.5070087616291359
14237 11289096 0.6513833905559805 0.14602408986206855 0.27432 3.912005575640372 -1.2781694905444445
14238 11289096 0.6504303061509608 0.1444662761717913 0.27432 3.912005575640372 -1.2781694905444445
14239 11289096 0.649477221745941 0.14290846248151404 0.27432 3.912005575640372 -1.2781694905444445
14240 11289096 0.6442614847767248 0.14461277240502338 0.27432 3.912005575640372 -1.2781694905444445
14241 11289096 0.6417961352999937 0.14454214992902698 0.27432 3.912005575640372 -1.2781694905444445
14242 11289096 0.6393307858232624 0.1444715274530306 0.27432 3.912005575640372 -1.2781694905444445
14243 11289096 0.6377800726569012 0.14135657916182678 0.27432 3.912005575640372 -1.2781694905444445
14244 11289096 0.632644576652867 0.14303467743708406 0.27432 3.912005575640372 -1.2781694905444445
14245 11289096 0.630659180205338 0.1427342101912602 0.27432 3.912005575640372 -1.2781694905444445
14246 11289096 0.6286737837578089 0.14243374294543634 0.27432 3.912005575640372 -1.2781694905444445
14247 11289096 0.6266883873102798 0.14213327569961248 0.27432 3.912005575640372 -1.2781694905444445
14248 11289096 0.6247029908627507 0.14183280845378865 0.27432 3.912005575640372 -1.2781694905444445
14249 11289096 0.6227175944152217 0.1415323412079648 0.27432 3.912005575640372 -1.2781694905444445
14250 11289096 0.6207321979676925 0.14123187396214093 0.27432 3.912005575640372 -1.2781694905444445
14251 11289096 0.6187468015201635 0.14093140671631707 0.27432 3.912005575640372 -1.2781694905444445
14252 11289096 0.6167614050726344 0.1406309394704932 0.27432 3.912005575640372 -1.2781694905444445
14253 11289096 0.6166143424853443 0.14289872730565234 0.27432 3.912005575640372 -1.2781694905444445
