15710 11028407 3.16431514730178 -4.3249559621216855 0.6248400000000001 2.2691385112094458 -1.2112899144904086
15711 11028407 3.1305949799121318 -4.301691568147665 0.6248400000000001 2.2691385112094458 -1.2112899144904086
15712 11028407 3.1016335099191963 -4.2869877793287055 0.6248400000000001 2.2691385112094458 -1.2112899144904086
15713 11028407 3.04307134150886 -4.245924000032221 0.6248400000000001 2.2691385112094458 -1.2112899144904086
15714 11028407 2.998960133256172 -4.217750484699144 0.6248400000000001 2.2691385112094458 -1.2112899144904086
15715 11028407 2.9784308554171965 -4.201708494605315 0.6248400000000001 2.2691385112094458 -1.2112899144904086
15716 11028407 2.9579015775782214 -4.185666504511488 0.6248400000000001 2.2691385112094458 -1.2112899144904086
15717 11028407 2.896953528720063 -4.149195943909222 0.6248400000000001 2.2691385112094458 -1.2112899144904086
15718 11028407 2.860378271169597 -4.126516877974471 0.6248400000000001 2.2691385112094458 -1.2112899144904086
15719 11028407 2.8182517485462486 -4.101792802648491 0.6248400000000001 2.2691385112094458 -1.2112899144904086
15720 11028407 2.76768236938274 -4.078168525038805 0.63246 2.2691385112094458 -1.2112899144904086
15721 11028407 2.7351893708892723 -4.062310611919108 0.63246 2.2691385112094458 -1.2112899144904086
15722 11028407 2.661322657247105 -4.038209581026291 0.6248400000000001 2.2691385112094458 -1.2112899144904086
15723 11028407 2.621097002972201 -4.0267198566539095 0.6248400000000001 2.2691385112094458 -1.2112899144904086
15724 11028407 2.5757334052466057 -4.011918037171683 0.6248400000000001 2.2691385112094458 -1.2112899144904086
15725 11028407 2.5507390063761677 -4.008201190826919 0.6248400000000001 2.2691385112094458 -1.2112899144904086
15726 11028407 2.5257446075057306 -4.004484344482156 0.6248400000000001 2.2691385112094458 -1.2112899144904086
15727 11028407 2.455914074585784 -3.9870713306705663 0.6248400000000001 2.2691385112094458 -1.2112899144904086
15728 11028407 2.4102392727809585 -3.977306542327349 0.6248400000000001 2.2691385112094458 -1.2112899144904086
15729 11028407 2.3472326148470115 -3.964572230635768 0.63246 2.2691385112094458 -1.2112899144904086
15730 11028407 2.292690486791 -3.955300530426844 0.63246 2.2691385112094458 -1.2112899144904086
15731 11028407 2.2537839976962246 -3.944939954366168 0.63246 2.2691385112094458 -1.2112899144904086
15732 11028407 2.2095025512365223 -3.936621290597945 0.63246 2.2691385112094458 -1.2112899144904086
15733 11028407 2.16522110477682 -3.928302626829722 0.63246 2.2691385112094458 -1.2112899144904086
15734 11028407 2.1171088524262567 -3.9185871217677706 0.6343650000000001 2.2691385112094458 -1.2112899144904086
15735 11028407 2.0689966000756943 -3.908871616705819 0.6362700000000001 2.2691385112094458 -1.2112899144904086
15736 11028407 2.020488318245188 -3.899960715115456 0.6343650000000001 2.2691385112094458 -1.2112899144904086
15737 11028407 1.9719800364146804 -3.8910498135250933 0.63246 2.2691385112094458 -1.2112899144904086
15738 11028407 1.9520562299450883 -3.886766370109146 0.63246 2.2691385112094458 -1.2112899144904086
15739 11028407 1.8773024210129867 -3.876267941124232 0.6400800000000001 2.2691385112094458 -1.2112899144904086
15740 11028407 1.8334490760682924 -3.8731682196223813 0.6400800000000001 2.2691385112094458 -1.2112899144904086
15741 11028407 1.7595446138803543 -3.861427198873322 0.6400800000000001 2.2691385112094458 -1.2112899144904086
15742 11028407 1.732036497286833 -3.861325941401809 0.6400800000000001 2.2691385112094458 -1.2112899144904086
15743 11028407 1.6520283337724182 -3.851679968584938 0.6400800000000001 2.2691385112094458 -1.2112899144904086
15744 11028407 1.6042062736542837 -3.8474001655883647 0.6477 2.2691385112094458 -1.2112899144904086
15745 11028407 1.5510302440664157 -3.836115511023393 0.6400800000000001 2.2691385112094458 -1.2112899144904086
15746 11028407 1.503977308970183 -3.8305675071208376 0.6400800000000001 2.2691385112094458 -1.2112899144904086
15747 11028407 1.4557768451228443 -3.825812739320919 0.6400800000000001 2.2691385112094458 -1.2112899144904086
15748 11028407 1.4177310980388829 -3.821656743156344 0.6400800000000001 2.2691385112094458 -1.2112899144904086
15749 11028407 1.379685350954922 -3.8175007469917697 0.6400800000000001 2.2691385112094458 -1.2112899144904086
15750 11028407 1.3053029364471107 -3.809395601273734 0.6400800000000001 2.2691385112094458 -1.2112899144904086
15751 11028407 1.2527441341296015 -3.8027492792246593 0.6400800000000001 2.2691385112094458 -1.2112899144904086
15752 11028407 1.229062494150729 -3.8004493257209777 0.6362700000000001 2.2691385112094458 -1.2112899144904086
15753 11028407 1.2053808541718567 -3.798149372217297 0.63246 2.2691385112094458 -1.2112899144904086
15754 11028407 1.1252092523841162 -3.793350574926586 0.6400800000000001 2.2691385112094458 -1.2112899144904086
15755 11028407 1.066694807341878 -3.790248798020465 0.63246 2.2691385112094458 -1.2112899144904086
15756 11028407 1.006963770250678 -3.7881511431262354 0.63246 2.2691385112094458 -1.2112899144904086
15757 11028407 0.9592333027952372 -3.7833129449886185 0.63246 2.2691385112094458 -1.2112899144904086
15758 11028407 0.9135221929425168 -3.777732006839845 0.63246 2.2691385112094458 -1.2112899144904086
15759 11028407 0.8646763510506141 -3.777669044915249 0.6248400000000001 2.2691385112094458 -1.2112899144904086
15760 11028407 0.8175295680480947 -3.7751232929587872 0.63246 2.2691385112094458 -1.2112899144904086
15761 11028407 0.7652008214470678 -3.766679467911177 0.6248400000000001 2.2691385112094458 -1.2112899144904086
15762 11028407 0.7115375696106379 -3.765042320857286 0.6248400000000001 2.2691385112094458 -1.2112899144904086
15763 11028407 0.6593566343848417 -3.758865592864472 0.6248400000000001 2.2691385112094458 -1.2112899144904086
15764 11028407 0.6096777605420091 -3.750468280219811 0.6248400000000001 2.2691385112094458 -1.2112899144904086
15765 11028407 0.5663283003153914 -3.747175123219764 0.6248400000000001 2.2691385112094458 -1.2112899144904086
15766 11028407 0.5093546932598749 -3.7366283282208665 0.6248400000000001 2.2691385112094458 -1.2112899144904086
15767 11028407 0.4595232066202832 -3.734138031050834 0.6248400000000001 2.2691385112094458 -1.2112899144904086
15768 11028407 0.42189954848326294 -3.7282747833060954 0.62865 2.2691385112094458 -1.2112899144904086
15769 11028407 0.3842758903462428 -3.722411535561355 0.63246 2.2691385112094458 -1.2112899144904086
15770 11028407 0.322013255670173 -3.71282263214674 0.63246 2.2691385112094458 -1.2112899144904086
15771 11028407 0.2747640979284845 -3.708137157179289 0.63246 2.2691385112094458 -1.2112899144904086
15772 11028407 0.2326532103881219 -3.7051297603160442 0.63246 2.2691385112094458 -1.2112899144904086
15773 11028407 0.18535818177974292 -3.700311903137489 0.63246 2.2691385112094458 -1.2112899144904086
15774 11028407 0.13647695752359534 -3.7003494802357 0.6400800000000001 2.2691385112094458 -1.2112899144904086
15775 11028407 0.1051850025140808 -3.6955015529599016 0.6400800000000001 2.2691385112094458 -1.2112899144904086
15776 11028407 0.015698519860089074 -3.687647929526047 0.6400800000000001 2.2691385112094458 -1.2112899144904086
15777 11028407 -0.011880861554323108 -3.6893862130536137 0.6400800000000001 2.2691385112094458 -1.2112899144904086
15778 11028407 -0.08324239940538858 -3.6820784945155496 0.6477 2.2691385112094458 -1.2112899144904086
15779 11028407 -0.13386767445701508 -3.68201187364394 0.6400800000000001 2.2691385112094458 -1.2112899144904086
15780 11028407 -0.17620793388028222 -3.6783431073959054 0.6477 2.2691385112094458 -1.2112899144904086
15781 11028407 -0.23182293829605286 -3.6772298056903736 0.6477 2.2691385112094458 -1.2112899144904086
15782 11028407 -0.2915433650468844 -3.6737233521694987 0.6477 2.2691385112094458 -1.2112899144904086
15783 11028407 -0.3040311313922739 -3.6745500183649984 0.6477 2.2691385112094458 -1.2112899144904086
15784 11028407 -0.3165188977376634 -3.6753766845604976 0.6477 2.2691385112094458 -1.2112899144904086
15785 11028407 -0.3913942285271721 -3.672291968603453 0.6477 2.2691385112094458 -1.2112899144904086
15786 11028407 -0.4413099125640236 -3.6738570917287796 0.6477 2.2691385112094458 -1.2112899144904086
15787 11028407 -0.503156661867938 -3.675495552740217 0.6477 2.2691385112094458 -1.2112899144904086
15788 11028407 -0.544226962490314 -3.6760949633629263 0.6477 2.2691385112094458 -1.2112899144904086
15789 11028407 -0.604628258809411 -3.677387150762955 0.6477 2.2691385112094458 -1.2112899144904086
15790 11028407 -0.6483957256853341 -3.679441228033364 0.6477 2.2691385112094458 -1.2112899144904086
15791 11028407 -0.6987615845132826 -3.684011974095857 0.6477 2.2691385112094458 -1.2112899144904086
15792 11028407 -0.7745396072089634 -3.6902084669449406 0.6477 2.2691385112094458 -1.2112899144904086
15793 11028407 -0.8210640128194402 -3.696617945911575 0.6477 2.2691385112094458 -1.2112899144904086
15794 11028407 -0.8708534248633792 -3.6967028887694138 0.6477 2.2691385112094458 -1.2112899144904086
15795 11028407 -0.9267834660842312 -3.7006221423587435 0.6477 2.2691385112094458 -1.2112899144904086
15796 11028407 -0.9624006980233509 -3.710361725378315 0.6477 2.2691385112094458 -1.2112899144904086
15797 11028407 -1.0032554996743273 -3.713015307070077 0.6477 3.1767939156932234 -1.695805880286572
15798 11028407 -1.0569373431228477 -3.7168506324280313 0.65532 3.1767939156932234 -1.695805880286572
15799 11028407 -1.0909853161600789 -3.721786768491376 0.65532 3.1767939156932234 -1.695805880286572
15800 11028407 -1.12503328919731 -3.72672290455472 0.65532 3.1767939156932234 -1.695805880286572
15801 11028407 -1.1690999154284334 -3.728325922298672 0.65532 3.1767939156932234 -1.695805880286572
15802 11028407 -1.2397210226441742 -3.7391243918727923 0.6629400000000001 3.1767939156932234 -1.695805880286572
15803 11028407 -1.2843273582551953 -3.7410177042858286 0.6629400000000001 3.1767939156932234 -1.695805880286572
15804 11028407 -1.3312434345946391 -3.747530004526788 0.6629400000000001 3.1767939156932234 -1.695805880286572
15805 11028407 -1.3773793608563156 -3.753829731077136 0.67056 3.1767939156932234 -1.695805880286572
15806 11028407 -1.4294473367184592 -3.7608772748546233 0.67056 3.1767939156932234 -1.695805880286572
15807 11028407 -1.4731477664588246 -3.7627151864866235 0.67056 3.1767939156932234 -1.695805880286572
15808 11028407 -1.5135837607059164 -3.7708773795513495 0.67056 3.1767939156932234 -1.695805880286572
15809 11028407 -1.5640557369730537 -3.7757586842431814 0.67056 3.1767939156932234 -1.695805880286572
15810 11028407 -1.6081958057717654 -3.781658105255473 0.67056 3.1767939156932234 -1.695805880286572
15811 11028407 -1.6417821150666343 -3.7817775866303576 0.67056 3.1767939156932234 -1.695805880286572
15812 11028407 -1.6753684243615032 -3.7818970680052417 0.67056 3.1767939156932234 -1.695805880286572
15813 11028407 -1.7200215845069378 -3.783655857260025 0.67056 3.1767939156932234 -1.695805880286572
15814 11028407 -1.768408982285459 -3.7783519566308015 0.6781800000000001 3.1767939156932234 -1.695805880286572
15815 11028407 -1.8069627479134025 -3.7712388345018386 0.6781800000000001 3.1767939156932234 -1.695805880286572
15816 11028407 -1.847740227268492 -3.7551616214135386 0.6781800000000001 3.1767939156932234 -1.695805880286572
15817 11028407 -1.8885177066235816 -3.739084408325238 0.6781800000000001 3.1767939156932234 -1.695805880286572
15818 11028407 -1.9032903911912968 -3.734254568455304 0.6781800000000001 3.1767939156932234 -1.695805880286572
15819 11028407 -1.952415907300265 -3.694241886436826 0.6819900000000001 3.1767939156932234 -1.695805880286572
15820 11028407 -2.0015414234092326 -3.654229204418348 0.6858000000000001 3.1767939156932234 -1.695805880286572
15821 11028407 -2.026577081794752 -3.6180032351268423 0.6858000000000001 3.1767939156932234 -1.695805880286572
15822 11028407 -2.053425211934377 -3.581885466299125 0.6858000000000001 3.1767939156932234 -1.695805880286572
15823 11028407 -2.0667803145947974 -3.5511140646667116 0.6819900000000001 3.1767939156932234 -1.695805880286572
15824 11028407 -2.0801354172552173 -3.5203426630342984 0.6781800000000001 3.1767939156932234 -1.695805880286572
15825 11028407 -2.0946374892312294 -3.4578844096351165 0.6781800000000001 3.1767939156932234 -1.695805880286572
15826 11028407 -2.0956941050530853 -3.4339382772194016 0.6781800000000001 3.1767939156932234 -1.695805880286572
15827 11028407 -2.096750720874941 -3.4099921448036863 0.6781800000000001 3.1767939156932234 -1.695805880286572
15828 11028407 -2.0976467615778223 -3.361095825979969 0.6781800000000001 3.1767939156932234 -1.695805880286572
15829 11028407 -2.0897986617411783 -3.309917988467736 0.6781800000000001 3.1767939156932234 -1.695805880286572
15830 11028407 -2.065984204246363 -3.2370889462361045 0.6781800000000001 3.1767939156932234 -1.695805880286572
15831 11028407 -2.0565619615357167 -3.2082739749572116 0.6781800000000001 3.1767939156932234 -1.695805880286572
15832 11028407 -2.024805125176382 -3.143766917803568 0.67056 3.1767939156932234 -1.695805880286572
15833 11028407 -1.994295590825543 -3.1004664483337585 0.67056 3.1767939156932234 -1.695805880286572
15834 11028407 -1.9746547808394799 -3.074642299969557 0.6781800000000001 3.1767939156932234 -1.695805880286572
15835 11028407 -1.9289750772609544 -3.0137530391923506 0.67056 3.1767939156932234 -1.695805880286572
15836 11028407 -1.9109116156789296 -2.9938389791786237 0.67056 3.1767939156932234 -1.695805880286572
15837 11028407 -1.8582926447490582 -2.9334660417294294 0.67056 3.1767939156932234 -1.695805880286572
15838 11028407 -1.8333766061383303 -2.9088992905472444 0.67056 3.1767939156932234 -1.695805880286572
15839 11028407 -1.7992700906812205 -2.8698123595113594 0.6781800000000001 3.1767939156932234 -1.695805880286572
15840 11028407 -1.7579479621299112 -2.8303974451387983 0.67056 3.1767939156932234 -1.695805880286572
15841 11028407 -1.7161429965511326 -2.789504614734072 0.67056 3.1767939156932234 -1.695805880286572
15842 11028407 -1.6610472627170771 -2.7280715598611183 0.6629400000000001 3.1767939156932234 -1.695805880286572
15843 11028407 -1.6230422117456198 -2.6895579406576737 0.67056 3.1767939156932234 -1.695805880286572
15844 11028407 -1.5821445854365763 -2.6487186180208977 0.6629400000000001 3.1767939156932234 -1.695805880286572
15845 11028407 -1.5531307535633094 -2.6197663408064003 0.6629400000000001 3.1767939156932234 -1.695805880286572
15846 11028407 -1.5241169216900423 -2.5908140635919032 0.6629400000000001 3.1767939156932234 -1.695805880286572
15847 11028407 -1.4834271129174543 -2.5506075515904865 0.6629400000000001 3.1767939156932234 -1.695805880286572
15848 11028407 -1.4487272492747507 -2.512414936307668 0.6629400000000001 3.1767939156932234 -1.695805880286572
15849 11028407 -1.4077364784869182 -2.4685679725356366 0.6629400000000001 3.1767939156932234 -1.695805880286572
15850 11028407 -1.367781269759049 -2.4278873491724067 0.6629400000000001 3.1767939156932234 -1.695805880286572
15851 11028407 -1.3159960556249115 -2.370044230744102 0.65532 3.1767939156932234 -1.695805880286572
15852 11028407 -1.2953885965093979 -2.350493902539954 0.65532 3.1767939156932234 -1.695805880286572
15853 11028407 -1.2431900313412567 -2.291383713774916 0.65532 3.1767939156932234 -1.695805880286572
15854 11028407 -1.2073635944409271 -2.24865195462873 0.65532 3.1767939156932234 -1.695805880286572
15855 11028407 -1.1741043418109791 -2.2159463106390027 0.6477 3.1767939156932234 -1.695805880286572
15856 11028407 -1.1326236208102507 -2.173310366885319 0.6477 3.1767939156932234 -1.695805880286572
15857 11028407 -1.0954417262078289 -2.1275165306259978 0.6477 3.1767939156932234 -1.695805880286572
15858 11028407 -1.0540433736790982 -2.0864891256090705 0.6477 3.1767939156932234 -1.695805880286572
15859 11028407 -1.0183406381000386 -2.039510610064236 0.6477 3.1767939156932234 -1.695805880286572
15860 11028407 -0.9981582409761556 -2.0193536278831634 0.6477 3.1767939156932234 -1.695805880286572
15861 11028407 -0.9779758438522724 -1.9991966457020909 0.6477 3.1767939156932234 -1.695805880286572
15862 11028407 -0.9233412668466492 -1.931535313793304 0.6400800000000001 3.1767939156932234 -1.695805880286572
15863 11028407 -0.8974966134593128 -1.9024806352435533 0.6400800000000001 3.1767939156932234 -1.695805880286572
15864 11028407 -0.860877589513918 -1.8556845363893717 0.6400800000000001 3.1767939156932234 -1.695805880286572
15865 11028407 -0.8216602522929215 -1.8145278062902497 0.63246 3.1767939156932234 -1.695805880286572
15866 11028407 -0.7803657461662306 -1.7588618818277644 0.63246 3.1767939156932234 -1.695805880286572
15867 11028407 -0.7454636491307187 -1.7200330426886437 0.63246 3.1767939156932234 -1.695805880286572
15868 11028407 -0.7109068144241446 -1.6822595924846764 0.63246 3.1767939156932234 -1.695805880286572
15869 11028407 -0.6804159897958317 -1.637899624076739 0.6248400000000001 3.1767939156932234 -1.695805880286572
15870 11028407 -0.6375831758871287 -1.5921995628613228 0.6248400000000001 3.1767939156932234 -1.695805880286572
15871 11028407 -0.6099070457631381 -1.552644193778689 0.6248400000000001 3.1767939156932234 -1.695805880286572
15872 11028407 -0.5800106386170312 -1.5182540877469946 0.61722 3.1767939156932234 -1.695805880286572
15873 11028407 -0.5439023931065872 -1.4757300397004285 0.61722 3.1767939156932234 -1.695805880286572
15874 11028407 -0.5051781513655016 -1.4317243583912014 0.61722 3.1767939156932234 -1.695805880286572
15875 11028407 -0.4601017168494408 -1.3892106550043126 0.61722 3.1767939156932234 -1.695805880286572
15876 11028407 -0.4402158473774567 -1.371175895990404 0.61722 3.1767939156932234 -1.695805880286572
15877 11028407 -0.42032997790547255 -1.3531411369764954 0.61722 3.1767939156932234 -1.695805880286572
15878 11028407 -0.361362301202584 -1.3069892824229798 0.61722 3.1767939156932234 -1.695805880286572
15879 11028407 -0.3403278506715479 -1.2931851958426557 0.6096 3.1767939156932234 -1.695805880286572
15880 11028407 -0.2726628938013771 -1.2546655459380136 0.6096 3.1767939156932234 -1.695805880286572
15881 11028407 -0.21915013151466112 -1.2284605539781484 0.6096 3.1767939156932234 -1.695805880286572
15882 11028407 -0.16984356792568334 -1.2118626138952937 0.61722 3.1767939156932234 -1.695805880286572
15883 11028407 -0.12774705225271155 -1.2040068858455408 0.61722 3.1767939156932234 -1.695805880286572
15884 11028407 -0.05179062682045288 -1.190393089498458 0.61722 3.1767939156932234 -1.695805880286572
15885 11028407 -0.0014962987515270145 -1.184631649388295 0.61722 3.1767939156932234 -1.695805880286572
15886 11028407 0.07502287466803748 -1.1828834772997865 0.61722 3.1767939156932234 -1.695805880286572
15887 11028407 0.12635064358402726 -1.1889081157724342 0.6096 3.1767939156932234 -1.695805880286572
15888 11028407 0.18887992916805785 -1.1987094992644045 0.6096 3.1767939156932234 -1.695805880286572
15889 11028407 0.2410102329053469 -1.2049955581421623 0.6096 3.1767939156932234 -1.695805880286572
15890 11028407 0.3044986254389621 -1.2200160562437543 0.6019800000000001 3.1767939156932234 -1.695805880286572
15891 11028407 0.3588986968225561 -1.227510194918156 0.6019800000000001 3.1767939156932234 -1.695805880286572
15892 11028407 0.4351063335156843 -1.2416618092582756 0.59436 3.1767939156932234 -1.695805880286572
15893 11028407 0.4878980267105349 -1.2527183690277823 0.59436 3.1767939156932234 -1.695805880286572
15894 11028407 0.5493646366641105 -1.2576131289362775 0.5867399999999999 3.1767939156932234 -1.695805880286572
15895 11028407 0.5778431443913121 -1.2616601157766505 0.5867399999999999 3.1767939156932234 -1.695805880286572
15896 11028407 0.6063216521185136 -1.2657071026170237 0.5867399999999999 3.1767939156932234 -1.695805880286572
15897 11028407 0.694136684708281 -1.2780404454903247 0.5867399999999999 3.1767939156932234 -1.695805880286572
15898 11028407 0.7530009855270858 -1.2813823929530652 0.5867399999999999 3.1767939156932234 -1.695805880286572
15899 11028407 0.8066828906553645 -1.2829141018247072 0.57912 3.1767939156932234 -1.695805880286572
15900 11028407 0.8752125126087118 -1.2892956666117514 0.5715 3.1767939156932234 -1.695805880286572
15901 11028407 0.9241227151440594 -1.2918379261515396 0.56388 3.1767939156932234 -1.695805880286572
15902 11028407 0.9874258706995728 -1.293824243164106 0.56388 3.1767939156932234 -1.695805880286572
15903 11028407 1.0393631538580077 -1.2968872501254871 0.5562600000000001 3.1767939156932234 -1.695805880286572
15904 11028407 1.0991216781049291 -1.299934457966237 0.5562600000000001 3.1767939156932234 -1.695805880286572
15905 11028407 1.1528222051197858 -1.3068436502527452 0.54864 3.1767939156932234 -1.695805880286572
15906 11028407 1.2038640140920058 -1.3110148986585008 0.54102 3.1767939156932234 -1.695805880286572
15907 11028407 1.2462895215210188 -1.3121962760307009 0.54102 3.1767939156932234 -1.695805880286572
15908 11028407 1.2887150289500315 -1.313377653402901 0.54102 3.1767939156932234 -1.695805880286572
15909 11028407 1.34254256910921 -1.3188082488810364 0.54102 3.1767939156932234 -1.695805880286572
15910 11028407 1.3961891434296432 -1.320441052878639 0.5334 3.1767939156932234 -1.695805880286572
15911 11028407 1.4838573412075784 -1.3280440690315274 0.52578 3.1767939156932234 -1.695805880286572
15912 11028407 1.541268334654032 -1.3249473384176431 0.52578 3.1767939156932234 -1.695805880286572
15913 11028407 1.5997645875197182 -1.3280456344409624 0.5181600000000001 3.1767939156932234 -1.695805880286572
15914 11028407 1.6323108052466029 -1.3279263378244162 0.5181600000000001 3.1767939156932234 -1.695805880286572
15915 11028407 1.6761997922496799 -1.3262539649612597 0.51054 3.1767939156932234 -1.695805880286572
15916 11028407 1.7624263256016817 -1.3276587877082706 0.51054 3.1767939156932234 -1.695805880286572
15917 11028407 1.795293374924558 -1.3276435737977768 0.51054 3.1767939156932234 -1.695805880286572
15918 11028407 1.8735291470366835 -1.324685631944686 0.50292 3.1767939156932234 -1.695805880286572
15919 11028407 1.917750530568012 -1.3225363577528009 0.50292 3.1767939156932234 -1.695805880286572
15920 11028407 1.9723415029666125 -1.3158289046056748 0.50292 3.1767939156932234 -1.695805880286572
15921 11028407 2.01881779725311 -1.301331631925694 0.50292 3.1767939156932234 -1.695805880286572
15922 11028407 2.080616799741698 -1.2834259804051753 0.50292 3.1767939156932234 -1.695805880286572
15923 11028407 2.1034676465717146 -1.2713779029152832 0.4991100000000001 3.1767939156932234 -1.695805880286572
15924 11028407 2.1263184934017314 -1.2593298254253908 0.4953 3.1767939156932234 -1.695805880286572
15925 11028407 2.184941681735628 -1.2195930502611951 0.48768 3.1767939156932234 -1.695805880286572
15926 11028407 2.2122446240398808 -1.1924100885958215 0.48386999999999997 3.1767939156932234 -1.695805880286572
15927 11028407 2.2395475663441347 -1.1652271269304475 0.48006000000000004 3.1767939156932234 -1.695805880286572
15928 11028407 2.266850508648388 -1.138044165265074 0.47625 3.1767939156932234 -1.695805880286572
15929 11028407 2.294153450952641 -1.1108612035997003 0.47244 3.1767939156932234 -1.695805880286572
15930 11028407 2.332404506966421 -1.049461841488188 0.46863 3.1767939156932234 -1.695805880286572
15931 11028407 2.358164166625351 -0.9936802660391192 0.4648200000000001 3.1767939156932234 -1.695805880286572
15932 11028407 2.371581808148504 -0.9627817700145084 0.4648200000000001 3.1767939156932234 -1.695805880286572
15933 11028407 2.384999449671656 -0.9318832739898976 0.4648200000000001 3.1767939156932234 -1.695805880286572
15934 11028407 2.402474237908974 -0.8949497859080359 0.4648200000000001 3.1767939156932234 -1.695805880286572
15935 11028407 2.4080484665287982 -0.8735228859069007 0.4572000000000001 3.1767939156932234 -1.695805880286572
15936 11028407 2.4320255106418567 -0.8163999981070138 0.4572000000000001 3.1767939156932234 -1.695805880286572
15937 11028407 2.4482421132166188 -0.7547576910633843 0.44958 3.1767939156932234 -1.695805880286572
15938 11028407 2.4577196488821293 -0.7257269444611394 0.44958 3.1767939156932234 -1.695805880286572
15939 11028407 2.4719187212971327 -0.6822336051210435 0.44196 3.1767939156932234 -1.695805880286572
15940 11028407 2.4785712352404614 -0.6411829080322761 0.44196 3.1767939156932234 -1.695805880286572
15941 11028407 2.486606276657908 -0.6084103339392597 0.44196 3.1767939156932234 -1.695805880286572
15942 11028407 2.4946413180753537 -0.5756377598462435 0.44196 3.1767939156932234 -1.695805880286572
15943 11028407 2.5043110109087623 -0.5324179791442236 0.4343400000000001 3.1767939156932234 -1.695805880286572
15944 11028407 2.5104311501662675 -0.4810303093054805 0.44196 3.1767939156932234 -1.695805880286572
15945 11028407 2.516644747607373 -0.44567717169993104 0.4343400000000001 3.1767939156932234 -1.695805880286572
15946 11028407 2.5228583929111497 -0.41032404400048894 0.4343400000000001 3.1767939156932234 -1.695805880286572
15947 11028407 2.5259702928236707 -0.38447188610958427 0.42672 3.1767939156932234 -1.695805880286572
15948 11028407 2.5253238064555945 -0.3361318506122172 0.42672 3.1767939156932234 -1.695805880286572
15949 11028407 2.5193750562229513 -0.2958734282748263 0.42672 3.1767939156932234 -1.695805880286572
