15597 11064515 2.2505428742703923 -1.0819043929586971 0.48768 2.2691385112094458 -1.2112899144904086
15598 11064515 2.2691506479599317 -1.0786339920426182 0.48768 2.2691385112094458 -1.2112899144904086
15599 11064515 2.329361928425935 -1.0655823167695064 0.48768 2.2691385112094458 -1.2112899144904086
15600 11064515 2.3652010358012725 -1.0591758339991346 0.48768 2.2691385112094458 -1.2112899144904086
15601 11064515 2.391619941517959 -1.0424512194652864 0.48768 2.2691385112094458 -1.2112899144904086
15602 11064515 2.4250913119436044 -1.0253420755791132 0.48768 2.2691385112094458 -1.2112899144904086
15603 11064515 2.440004673475914 -1.0150243887144048 0.48768 2.2691385112094458 -1.2112899144904086
15604 11064515 2.473269977300702 -0.9770543974589836 0.48768 2.2691385112094458 -1.2112899144904086
15605 11064515 2.484217209391605 -0.9639232957228924 0.4572000000000001 2.2691385112094458 -1.2112899144904086
15606 11064515 2.519902594336839 -0.9046648526041512 0.4572000000000001 2.2691385112094458 -1.2112899144904086
15607 11064515 2.5292899911129183 -0.8721001770756037 0.4572000000000001 2.2691385112094458 -1.2112899144904086
15608 11064515 2.5387670808382845 -0.8430692891833429 0.4572000000000001 2.2691385112094458 -1.2112899144904086
15609 11064515 2.5468161856407985 -0.8048109607797612 0.4572000000000001 2.2691385112094458 -1.2112899144904086
15610 11064515 2.551286376088167 -0.7883972474427908 0.4572000000000001 2.2691385112094458 -1.2112899144904086
15611 11064515 2.551817681122165 -0.7622868530445086 0.4572000000000001 2.2691385112094458 -1.2112899144904086
15612 11064515 2.5523489861561632 -0.7361764586462265 0.4572000000000001 2.2691385112094458 -1.2112899144904086
15613 11064515 2.560422838158909 -0.6951225788139963 0.4572000000000001 2.2691385112094458 -1.2112899144904086
15614 11064515 2.559526597979384 -0.678826048305914 0.4572000000000001 2.2691385112094458 -1.2112899144904086
15615 11064515 2.5620027126394334 -0.6413183436962671 0.42672 2.2691385112094458 -1.2112899144904086
15616 11064515 2.5692593323942603 -0.5674056278729799 0.42672 2.2691385112094458 -1.2112899144904086
15617 11064515 2.567580456524773 -0.5562271688516343 0.42672 2.2691385112094458 -1.2112899144904086
15618 11064515 2.5745509260495543 -0.4821041610387488 0.42672 2.2691385112094458 -1.2112899144904086
15619 11064515 2.5767375292954817 -0.45010910378132585 0.42672 2.2691385112094458 -1.2112899144904086
15620 11064515 2.5789241325414096 -0.4181140465239029 0.42672 2.2691385112094458 -1.2112899144904086
15621 11064515 2.5787962684976646 -0.4021851161051553 0.42672 2.2691385112094458 -1.2112899144904086
15622 11064515 2.580839777154494 -0.37008490745623374 0.4114800000000001 2.2691385112094458 -1.2112899144904086
15623 11064515 2.582883285811324 -0.3379846988073122 0.39624 2.2691385112094458 -1.2112899144904086
15624 11064515 2.5804426945562664 -0.3166280147788372 0.39624 2.2691385112094458 -1.2112899144904086
15625 11064515 2.5815205321482853 -0.2795982160018345 0.39624 2.2691385112094458 -1.2112899144904086
15626 11064515 2.5683768159849505 -0.2300986710816253 0.39624 2.2691385112094458 -1.2112899144904086
15627 11064515 2.562774983324333 -0.20373804796534534 0.39624 2.2691385112094458 -1.2112899144904086
15628 11064515 2.545934259397531 -0.16284406426557527 0.39624 2.2691385112094458 -1.2112899144904086
15629 11064515 2.530594626786116 -0.14183187749821285 0.39624 2.2691385112094458 -1.2112899144904086
15630 11064515 2.521428212554448 -0.1318301009743678 0.39624 2.2691385112094458 -1.2112899144904086
15631 11064515 2.488873169557304 -0.1009917153884611 0.39624 2.2691385112094458 -1.2112899144904086
15632 11064515 2.474040240886369 -0.09474707207153812 0.39624 2.2691385112094458 -1.2112899144904086
15633 11064515 2.451478374226263 -0.084070802998803 0.39624 2.2691385112094458 -1.2112899144904086
15634 11064515 2.4289165075661567 -0.07339453392606786 0.39624 2.2691385112094458 -1.2112899144904086
15635 11064515 2.406354640906051 -0.06271826485333272 0.39624 2.2691385112094458 -1.2112899144904086
15636 11064515 2.35803295709906 -0.05161365405302557 0.36576 2.2691385112094458 -1.2112899144904086
15637 11064515 2.3448491841866588 -0.048477188692379734 0.36576 2.2691385112094458 -1.2112899144904086
15638 11064515 2.3023169969914465 -0.03867842419502146 0.36576 2.2691385112094458 -1.2112899144904086
15639 11064515 2.278243754358093 -0.03081799857560755 0.36576 2.2691385112094458 -1.2112899144904086
15640 11064515 2.256538948249843 -0.0303895679820865 0.36576 2.2691385112094458 -1.2112899144904086
15641 11064515 2.2309383091560653 -0.026118932832625702 0.36576 2.2691385112094458 -1.2112899144904086
15642 11064515 2.2000664194490414 -0.01732327778446055 0.36576 2.2691385112094458 -1.2112899144904086
15643 11064515 2.184610433895416 -0.017065951679150676 0.36576 2.2691385112094458 -1.2112899144904086
15644 11064515 2.16915444834179 -0.016808625573840802 0.36576 2.2691385112094458 -1.2112899144904086
15645 11064515 2.1363617959080567 -0.016614287421958723 0.36576 2.2691385112094458 -1.2112899144904086
15646 11064515 2.105406836049577 -0.011879802179853488 0.36576 2.2691385112094458 -1.2112899144904086
15647 11064515 2.0778757493499604 -0.013520188035827135 0.33528 2.2691385112094458 -1.2112899144904086
15648 11064515 2.051561883213004 -0.012520630019610318 0.33528 2.2691385112094458 -1.2112899144904086
15649 11064515 2.0145749847249785 -0.00885333346826947 0.33528 2.2691385112094458 -1.2112899144904086
15650 11064515 1.9866217274942093 -0.007435006059662269 0.33528 2.2691385112094458 -1.2112899144904086
15651 11064515 1.9609378698014612 -0.007224976678392808 0.33528 2.2691385112094458 -1.2112899144904086
15652 11064515 1.9320442356038476 -0.005966634948731757 0.33528 2.2691385112094458 -1.2112899144904086
15653 11064515 1.8987009237306096 -0.005825090459999793 0.33528 2.2691385112094458 -1.2112899144904086
15654 11064515 1.8865353810260788 -0.0058240031177135285 0.33528 2.2691385112094458 -1.2112899144904086
15655 11064515 1.8743698383215481 -0.005822915775427262 0.33528 2.2691385112094458 -1.2112899144904086
15656 11064515 1.8493848915604307 -0.006191232563186683 0.33528 2.2691385112094458 -1.2112899144904086
15657 11064515 1.8094483949653 -0.006115680181325439 0.3048 2.2691385112094458 -1.2112899144904086
15658 11064515 1.7819526403627668 -0.006014239801432758 0.3048 2.2691385112094458 -1.2112899144904086
15659 11064515 1.7443449292531563 -0.004245654308170727 0.3048 2.2691385112094458 -1.2112899144904086
15660 11064515 1.72931494438162 -0.0013228206183316382 0.3048 2.2691385112094458 -1.2112899144904086
15661 11064515 1.695399622824801 0.0008755837650651077 0.3048 2.2691385112094458 -1.2112899144904086
15662 11064515 1.6644276512852056 -0.0015086954761374671 0.3048 2.2691385112094458 -1.2112899144904086
15663 11064515 1.6340655618671112 -0.0009378377457135713 0.3048 2.2691385112094458 -1.2112899144904086
15664 11064515 1.6107554599886922 1.6749044202402086e-05 0.3048 2.2691385112094458 -1.2112899144904086
15665 11064515 1.579808418772477 0.00042840924758597016 0.3048 2.2691385112094458 -1.2112899144904086
15666 11064515 1.5513250824830394 -0.001132754069128522 0.3048 2.2691385112094458 -1.2112899144904086
15667 11064515 1.5428170583511294 -0.001215957301962188 0.3048 2.2691385112094458 -1.2112899144904086
15668 11064515 1.5343090342192185 -0.0012991605347958538 0.3048 2.2691385112094458 -1.2112899144904086
15669 11064515 1.4798799297023488 0.0003576054142799268 0.27432 2.2691385112094458 -1.2112899144904086
15670 11064515 1.4481177552836302 -0.00036584120288439553 0.27432 2.2691385112094458 -1.2112899144904086
15671 11064515 1.428075572013506 0.000806948537264221 0.27432 2.2691385112094458 -1.2112899144904086
15672 11064515 1.4080333887433822 0.001979738277412837 0.27432 2.2691385112094458 -1.2112899144904086
15673 11064515 1.386168367189728 0.002194559251456265 0.277368 2.2691385112094458 -1.2112899144904086
15674 11064515 1.3643033456360736 0.002409380225499693 0.280416 2.2691385112094458 -1.2112899144904086
15675 11064515 1.3424383240824191 0.0026242011995431217 0.283464 2.2691385112094458 -1.2112899144904086
15676 11064515 1.320573302528765 0.00283902217358655 0.286512 2.2691385112094458 -1.2112899144904086
15677 11064515 1.2987082809751107 0.003053843147629978 0.28956000000000004 2.2691385112094458 -1.2112899144904086
15678 11064515 1.2768432594214565 0.0032686641216734067 0.29260800000000003 2.2691385112094458 -1.2112899144904086
15679 11064515 1.2549782378678018 0.0034834850957168343 0.29565600000000003 2.2691385112094458 -1.2112899144904086
15680 11064515 1.2331132163141476 0.0036983060697602633 0.29870399999999997 2.2691385112094458 -1.2112899144904086
15681 11064515 1.2112481947604934 0.0039131270438036905 0.301752 2.2691385112094458 -1.2112899144904086
15682 11064515 1.1893831732068392 0.004127948017847119 0.3048 2.2691385112094458 -1.2112899144904086
15683 11064515 1.1638129545827702 0.004011567326045972 0.29718 2.2691385112094458 -1.2112899144904086
15684 11064515 1.1382427359587013 0.003895186634244825 0.28956000000000004 2.2691385112094458 -1.2112899144904086
15685 11064515 1.1126725173346323 0.0037788059424436783 0.28194 2.2691385112094458 -1.2112899144904086
15686 11064515 1.0871022987105636 0.0036624252506425314 0.27432 2.2691385112094458 -1.2112899144904086
15687 11064515 1.0590195711934831 0.0019721594371635287 0.27432 2.2691385112094458 -1.2112899144904086
15688 11064515 1.0264743866701167 0.00200550646712147 0.27592421052631577 2.2691385112094458 -1.2112899144904086
15689 11064515 0.9939292021467504 0.0020388534970794125 0.2775284210526316 2.2691385112094458 -1.2112899144904086
15690 11064515 0.9613840176233835 0.002072200527037355 0.2791326315789473 2.2691385112094458 -1.2112899144904086
15691 11064515 0.9288388331000172 0.0021055475569952964 0.2807368421052632 2.2691385112094458 -1.2112899144904086
15692 11064515 0.8962936485766506 0.0021388945869532387 0.2823410526315789 2.2691385112094458 -1.2112899144904086
15693 11064515 0.8637484640532841 0.0021722416169111802 0.2839452631578948 2.2691385112094458 -1.2112899144904086
15694 11064515 0.8312032795299175 0.0022055886468691217 0.2855494736842105 2.2691385112094458 -1.2112899144904086
15695 11064515 0.7986580950065509 0.002238935676827064 0.28715368421052634 2.2691385112094458 -1.2112899144904086
15696 11064515 0.7661129104831844 0.002272282706785006 0.2887578947368421 2.2691385112094458 -1.2112899144904086
15697 11064515 0.7335677259598179 0.002305629736742948 0.2903621052631579 2.2691385112094458 -1.2112899144904086
15698 11064515 0.7010225414364513 0.00233897676670089 0.2919663157894737 2.2691385112094458 -1.2112899144904086
15699 11064515 0.6684773569130847 0.002372323796658832 0.2935705263157895 2.2691385112094458 -1.2112899144904086
15700 11064515 0.6359321723897182 0.0024056708266167732 0.2951747368421053 2.2691385112094458 -1.2112899144904086
15701 11064515 0.6033869878663516 0.002439017856574716 0.2967789473684211 2.2691385112094458 -1.2112899144904086
15702 11064515 0.5708418033429851 0.002472364886532657 0.29838315789473685 2.2691385112094458 -1.2112899144904086
15703 11064515 0.5382966188196185 0.0025057119164905994 0.2999873684210527 2.2691385112094458 -1.2112899144904086
15704 11064515 0.505751434296252 0.002539058946448541 0.30159157894736843 2.2691385112094458 -1.2112899144904086
15705 11064515 0.4732062497728855 0.0025724059764064837 0.3031957894736842 2.2691385112094458 -1.2112899144904086
15706 11064515 0.4406610652495189 0.002605753006364425 0.3048 2.2691385112094458 -1.2112899144904086
15707 11064515 0.41297873960762893 0.0007869265312789309 0.33528 2.2691385112094458 -1.2112899144904086
15708 11064515 0.37683628547104975 0.001616085657986377 0.33528 2.2691385112094458 -1.2112899144904086
15709 11064515 0.3383554689039047 0.003443250555862337 0.33528 2.2691385112094458 -1.2112899144904086
15710 11064515 0.3040428330822058 -0.0009984034465166658 0.33528 2.2691385112094458 -1.2112899144904086
15711 11064515 0.2852380888356881 -0.00011019047434307483 0.33528 2.2691385112094458 -1.2112899144904086
15712 11064515 0.26643334458917034 0.0007780224978305161 0.33528 2.2691385112094458 -1.2112899144904086
15713 11064515 0.2203344848250344 -0.0016806797062891288 0.33528 2.2691385112094458 -1.2112899144904086
15714 11064515 0.18547718146066428 0.0003649797489498618 0.36576 2.2691385112094458 -1.2112899144904086
15715 11064515 0.17385981196201605 -0.0012123755597108488 0.36576 2.2691385112094458 -1.2112899144904086
15716 11064515 0.12499948429998432 -0.0012492195808727624 0.36576 2.2691385112094458 -1.2112899144904086
15717 11064515 0.08927293113042045 0.003300753780257071 0.36576 2.2691385112094458 -1.2112899144904086
15718 11064515 0.05970700012274754 -0.0012892953041192534 0.36576 2.2691385112094458 -1.2112899144904086
15719 11064515 0.027808835261748488 0.001659209828303254 0.39624 2.2691385112094458 -1.2112899144904086
15720 11064515 -0.010033552834347923 8.193962451163994e-06 0.39624 2.2691385112094458 -1.2112899144904086
15721 11064515 -0.044477087776022 0.003321637022019347 0.39624 2.2691385112094458 -1.2112899144904086
15722 11064515 -0.07007601648698558 -0.0016299284587715512 0.39624 2.2691385112094458 -1.2112899144904086
15723 11064515 -0.08517736642139727 -0.0009582349339490037 0.39624 2.2691385112094458 -1.2112899144904086
15724 11064515 -0.10027871635580897 -0.0002865414091264562 0.39624 2.2691385112094458 -1.2112899144904086
15725 11064515 -0.134312227972758 0.00020616706404821827 0.39624 2.2691385112094458 -1.2112899144904086
15726 11064515 -0.17904854724966926 -0.0035134031442889124 0.39624 2.2691385112094458 -1.2112899144904086
15727 11064515 -0.20698206051523949 -0.0033786630040476273 0.39624 2.2691385112094458 -1.2112899144904086
15728 11064515 -0.24499340079661655 -0.0014683750024069575 0.39624 2.2691385112094458 -1.2112899144904086
15729 11064515 -0.2767706276310817 -0.0035818976597016545 0.39624 2.2691385112094458 -1.2112899144904086
15730 11064515 -0.31162847703257235 -0.0015337937493754286 0.39624 2.2691385112094458 -1.2112899144904086
15731 11064515 -0.3518699206205047 -0.005086087710256898 0.39624 2.2691385112094458 -1.2112899144904086
15732 11064515 -0.38498657383039614 -0.004775171586672039 0.39624 2.2691385112094458 -1.2112899144904086
15733 11064515 -0.3960289435410941 -0.004319855932459704 0.39624 2.2691385112094458 -1.2112899144904086
15734 11064515 -0.407071313251792 -0.003864540278247369 0.39624 2.2691385112094458 -1.2112899144904086
15735 11064515 -0.44005000410752615 -0.003131156642880412 0.42672 2.2691385112094458 -1.2112899144904086
15736 11064515 -0.4681346744825541 -0.004815390793218939 0.42672 2.2691385112094458 -1.2112899144904086
15737 11064515 -0.5179366794935256 -0.005007690871723619 0.42672 2.2691385112094458 -1.2112899144904086
15738 11064515 -0.5419922819720768 -0.0025176861661491967 0.42672 2.2691385112094458 -1.2112899144904086
15739 11064515 -0.5747881816689444 -0.002310818925323782 0.42672 2.2691385112094458 -1.2112899144904086
15740 11064515 -0.6062208042659707 -0.00336735090729387 0.42672 2.2691385112094458 -1.2112899144904086
15741 11064515 -0.6349010694007475 -0.004155271634526975 0.4572000000000001 2.2691385112094458 -1.2112899144904086
15742 11064515 -0.6612389098371498 -0.0018534048982404017 0.4572000000000001 2.2691385112094458 -1.2112899144904086
15743 11064515 -0.6885430302337019 -0.002506877422804005 0.4572000000000001 2.2691385112094458 -1.2112899144904086
15744 11064515 -0.7176720189535444 -0.0046666313860342645 0.4572000000000001 2.2691385112094458 -1.2112899144904086
15745 11064515 -0.7535053401021943 -0.002881753492530531 0.4572000000000001 2.2691385112094458 -1.2112899144904086
15746 11064515 -0.7723236373412032 -0.003388553867056471 0.4572000000000001 2.2691385112094458 -1.2112899144904086
15747 11064515 -0.8172080527090242 -0.00483627982315729 0.4572000000000001 2.2691385112094458 -1.2112899144904086
15748 11064515 -0.8405475963730797 -0.008304353747034615 0.4572000000000001 2.2691385112094458 -1.2112899144904086
15749 11064515 -0.8565704367412116 -0.005694156823367103 0.4572000000000001 2.2691385112094458 -1.2112899144904086
15750 11064515 -0.8725932771093434 -0.00308395989969959 0.4572000000000001 2.2691385112094458 -1.2112899144904086
15751 11064515 -0.9007820288369928 -0.0050831366403724385 0.4572000000000001 2.2691385112094458 -1.2112899144904086
15752 11064515 -0.9287982593293848 -0.0065544505901812536 0.48768 2.2691385112094458 -1.2112899144904086
15753 11064515 -0.956978459267301 -0.011243442588776216 0.4572000000000001 2.2691385112094458 -1.2112899144904086
15754 11064515 -0.990620474826274 -0.008187782832487028 0.48768 2.2691385112094458 -1.2112899144904086
15755 11064515 -1.0270425998490595 -0.00983100583386945 0.48768 2.2691385112094458 -1.2112899144904086
15756 11064515 -1.0498888775915869 -0.012875602496778354 0.48768 2.2691385112094458 -1.2112899144904086
15757 11064515 -1.0796913662428738 -0.01165924224469253 0.48768 2.2691385112094458 -1.2112899144904086
15758 11064515 -1.1133249094827355 -0.011293038961967122 0.48768 2.2691385112094458 -1.2112899144904086
15759 11064515 -1.147648807500228 -0.013037662076988893 0.48768 2.2691385112094458 -1.2112899144904086
15760 11064515 -1.1732751869630216 -0.00991515136301982 0.48768 2.2691385112094458 -1.2112899144904086
15761 11064515 -1.199773043143444 -0.006741233803856522 0.48768 2.2691385112094458 -1.2112899144904086
15762 11064515 -1.22821239980543 -0.006787916208494865 0.5181600000000001 2.2691385112094458 -1.2112899144904086
15763 11064515 -1.2534505767901198 -0.005194117230396117 0.5181600000000001 2.2691385112094458 -1.2112899144904086
15764 11064515 -1.285800407696527 -0.005246964792247982 0.5181600000000001 2.2691385112094458 -1.2112899144904086
15765 11064515 -1.3135306553622883 -0.006927279930056512 0.5181600000000001 2.2691385112094458 -1.2112899144904086
15766 11064515 -1.3297802513976569 -0.00704599389651403 0.5181600000000001 2.2691385112094458 -1.2112899144904086
15767 11064515 -1.346029847433025 -0.007164707862971549 0.5181600000000001 2.2691385112094458 -1.2112899144904086
15768 11064515 -1.3776679105868428 -0.006398415723376322 0.5181600000000001 2.2691385112094458 -1.2112899144904086
15769 11064515 -1.4272633029729622 -0.015181617366662598 0.5181600000000001 2.2691385112094458 -1.2112899144904086
15770 11064515 -1.44888220912847 -0.017458110693657908 0.5181600000000001 2.2691385112094458 -1.2112899144904086
15771 11064515 -1.470501115283977 -0.019734604020653215 0.5181600000000001 2.2691385112094458 -1.2112899144904086
15772 11064515 -1.5023135206451599 -0.031178788571957463 0.5181600000000001 2.2691385112094458 -1.2112899144904086
15773 11064515 -1.5377537112366797 -0.04610987744217157 0.5181600000000001 2.2691385112094458 -1.2112899144904086
15774 11064515 -1.562070022416343 -0.060706610606178026 0.5181600000000001 2.2691385112094458 -1.2112899144904086
15775 11064515 -1.6098295815561474 -0.08831606833199859 0.5181600000000001 2.2691385112094458 -1.2112899144904086
15776 11064515 -1.6334406576679614 -0.10781685820392796 0.5181600000000001 2.2691385112094458 -1.2112899144904086
15777 11064515 -1.6523201196002446 -0.13131882200080885 0.54864 2.2691385112094458 -1.2112899144904086
15778 11064515 -1.6768465942296449 -0.1590493580099193 0.54864 2.2691385112094458 -1.2112899144904086
15779 11064515 -1.6952370435544517 -0.19626451023952546 0.54864 2.2691385112094458 -1.2112899144904086
15780 11064515 -1.7115822825228044 -0.2299424120201549 0.54864 2.2691385112094458 -1.2112899144904086
15781 11064515 -1.7257364642184132 -0.27321669933289805 0.54864 2.2691385112094458 -1.2112899144904086
15782 11064515 -1.731234669286878 -0.29817439066954404 0.54864 2.2691385112094458 -1.2112899144904086
15783 11064515 -1.736732874355343 -0.32313208200619004 0.54864 2.2691385112094458 -1.2112899144904086
15784 11064515 -1.7443030463923697 -0.3652883760106035 0.54864 2.2691385112094458 -1.2112899144904086
15785 11064515 -1.7427351288563628 -0.4093819784894524 0.54864 2.2691385112094458 -1.2112899144904086
15786 11064515 -1.7453018348751506 -0.4487348997813758 0.54864 2.2691385112094458 -1.2112899144904086
15787 11064515 -1.7415986904018457 -0.4911900509322318 0.54864 2.2691385112094458 -1.2112899144904086
15788 11064515 -1.74038678773781 -0.5570158624941504 0.54864 2.2691385112094458 -1.2112899144904086
15789 11064515 -1.7371956447040906 -0.5961488278427882 0.57912 2.2691385112094458 -1.2112899144904086
15790 11064515 -1.734720758460029 -0.6401883694344835 0.57912 2.2691385112094458 -1.2112899144904086
15791 11064515 -1.7364479491873668 -0.6780631716245786 0.57912 2.2691385112094458 -1.2112899144904086
15792 11064515 -1.7311957852125923 -0.7206742293507379 0.57912 2.2691385112094458 -1.2112899144904086
15793 11064515 -1.724831102416167 -0.7634154197737637 0.57912 2.2691385112094458 -1.2112899144904086
15794 11064515 -1.7202404915717395 -0.7924320818855987 0.57912 2.2691385112094458 -1.2112899144904086
15795 11064515 -1.7156498807273122 -0.8214487439974336 0.57912 2.2691385112094458 -1.2112899144904086
15796 11064515 -1.699593676449726 -0.8644384200711566 0.57912 2.2691385112094458 -1.2112899144904086
15797 11064515 -1.6835374721721397 -0.9074280961448796 0.57912 3.1767939156932234 -1.695805880286572
15798 11064515 -1.6625852461184991 -0.9411529369384644 0.57912 3.1767939156932234 -1.695805880286572
15799 11064515 -1.6343580757706508 -0.9716486368875332 0.57912 3.1767939156932234 -1.695805880286572
15800 11064515 -1.604171733550119 -1.004303734052925 0.6096 3.1767939156932234 -1.695805880286572
15801 11064515 -1.5438936891479471 -1.0400227315595272 0.6096 3.1767939156932234 -1.695805880286572
15802 11064515 -1.5245908285013718 -1.0505412149563091 0.6096 3.1767939156932234 -1.695805880286572
15803 11064515 -1.4560523346473098 -1.0729540282207346 0.6096 3.1767939156932234 -1.695805880286572
15804 11064515 -1.4151046859948238 -1.080852712698429 0.6096 3.1767939156932234 -1.695805880286572
15805 11064515 -1.3770479016938622 -1.0894415585019863 0.6096 3.1767939156932234 -1.695805880286572
15806 11064515 -1.3288946623277538 -1.094321480389843 0.6096 3.1767939156932234 -1.695805880286572
15807 11064515 -1.2854187793634668 -1.097204344953452 0.6096 3.1767939156932234 -1.695805880286572
15808 11064515 -1.2629388477298622 -1.0963763128576949 0.6096 3.1767939156932234 -1.695805880286572
15809 11064515 -1.2404589160962576 -1.095548280761938 0.6096 3.1767939156932234 -1.695805880286572
15810 11064515 -1.1890265374468578 -1.1012658161021989 0.6096 3.1767939156932234 -1.695805880286572
15811 11064515 -1.1538870314638696 -1.1024737151904624 0.6400800000000001 3.1767939156932234 -1.695805880286572
15812 11064515 -1.0988608413415213 -1.1039912805874403 0.6400800000000001 3.1767939156932234 -1.695805880286572
15813 11064515 -1.0551909848985004 -1.1076372375953605 0.6400800000000001 3.1767939156932234 -1.695805880286572
15814 11064515 -0.9957163388873248 -1.1104916248075678 0.6400800000000001 3.1767939156932234 -1.695805880286572
15815 11064515 -0.9523788405008112 -1.1137946502758371 0.6400800000000001 3.1767939156932234 -1.695805880286572
15816 11064515 -0.9053569061171952 -1.1139791300127075 0.6400800000000001 3.1767939156932234 -1.695805880286572
15817 11064515 -0.8419386918698817 -1.1183552208995349 0.6400800000000001 3.1767939156932234 -1.695805880286572
15818 11064515 -0.7979201499434423 -1.1168561905789223 0.6400800000000001 3.1767939156932234 -1.695805880286572
15819 11064515 -0.7597177442673424 -1.1168437402853757 0.6400800000000001 3.1767939156932234 -1.695805880286572
15820 11064515 -0.7065516512797692 -1.1199702141013252 0.6400800000000001 3.1767939156932234 -1.695805880286572
15821 11064515 -0.6579699778671944 -1.119728402000544 0.6400800000000001 3.1767939156932234 -1.695805880286572
15822 11064515 -0.6095923971836861 -1.11684927511064 0.6400800000000001 3.1767939156932234 -1.695805880286572
15823 11064515 -0.5603943737711463 -1.1196122910726107 0.6400800000000001 3.1767939156932234 -1.695805880286572
15824 11064515 -0.5245017711061409 -1.117967348938306 0.6400800000000001 3.1767939156932234 -1.695805880286572
15825 11064515 -0.4886091684411358 -1.1163224068040012 0.6400800000000001 3.1767939156932234 -1.695805880286572
15826 11064515 -0.4418821167839482 -1.1119681162330313 0.6400800000000001 3.1767939156932234 -1.695805880286572
15827 11064515 -0.3892521911291189 -1.1112953908594383 0.6400800000000001 3.1767939156932234 -1.695805880286572
15828 11064515 -0.3455631449657246 -1.1053634197110085 0.6400800000000001 3.1767939156932234 -1.695805880286572
15829 11064515 -0.2952271190934061 -1.104641306264807 0.6400800000000001 3.1767939156932234 -1.695805880286572
15830 11064515 -0.24531716165922998 -1.1057657274998849 0.6400800000000001 3.1767939156932234 -1.695805880286572
15831 11064515 -0.19784804021662208 -1.1045733114306395 0.6400800000000001 3.1767939156932234 -1.695805880286572
15832 11064515 -0.15627293845491752 -1.1023889705093453 0.6400800000000001 3.1767939156932234 -1.695805880286572
15833 11064515 -0.1048601857225484 -1.1027185080249469 0.6400800000000001 3.1767939156932234 -1.695805880286572
15834 11064515 -0.039822267663089266 -1.1021263228545384 0.6400800000000001 3.1767939156932234 -1.695805880286572
15835 11064515 -0.011941689061610194 -1.1010735996751226 0.6096 3.1767939156932234 -1.695805880286572
15836 11064515 0.035543089893212636 -1.0943939513863858 0.6096 3.1767939156932234 -1.695805880286572
