16887 10561439 0.8094106516658836 0.07875687958899913 0.3048 3.1767939156932234 -1.695805880286572
16888 10561439 0.8126876086981359 0.07876064271153069 0.3048 3.1767939156932234 -1.695805880286572
16889 10561439 0.8159645657303882 0.07876440583406225 0.3048 3.1767939156932234 -1.695805880286572
16890 10561439 0.8192415227626406 0.07876816895659383 0.3048 3.1767939156932234 -1.695805880286572
16891 10561439 0.822518479794893 0.07877193207912539 0.3048 3.1767939156932234 -1.695805880286572
16892 10561439 0.8257954368271454 0.07877569520165696 0.3048 3.1767939156932234 -1.695805880286572
16893 10561439 0.8290723938593978 0.07877945832418852 0.3048 3.1767939156932234 -1.695805880286572
16894 10561439 0.8323493508916501 0.0787832214467201 0.3048 3.1767939156932234 -1.695805880286572
16895 10561439 0.8356263079239025 0.07878698456925166 0.3048 3.1767939156932234 -1.695805880286572
16896 10561439 0.8389032649561549 0.07879074769178324 0.3048 3.1767939156932234 -1.695805880286572
16897 10561439 0.8421802219884073 0.07879451081431481 0.3048 3.1767939156932234 -1.695805880286572
16898 10561439 0.8454571790206595 0.07879827393684638 0.3048 3.1767939156932234 -1.695805880286572
16899 10561439 0.8487341360529119 0.07880203705937795 0.3048 3.1767939156932234 -1.695805880286572
16900 10561439 0.8520110930851643 0.07880580018190951 0.3048 3.1767939156932234 -1.695805880286572
16901 10561439 0.8552880501174167 0.07880956330444107 0.3048 3.1767939156932234 -1.695805880286572
16902 10561439 0.8585650071496691 0.07881332642697265 0.3048 3.1767939156932234 -1.695805880286572
16903 10561439 0.8618419641819214 0.07881708954950423 0.3048 3.1767939156932234 -1.695805880286572
16904 10561439 0.8651189212141738 0.0788208526720358 0.3048 3.1767939156932234 -1.695805880286572
16905 10561439 0.8683958782464262 0.07882461579456737 0.3048 3.1767939156932234 -1.695805880286572
16906 10561439 0.8716728352786786 0.07882837891709893 0.3048 3.1767939156932234 -1.695805880286572
16907 10561439 0.8749497923109308 0.0788321420396305 0.3048 3.1767939156932234 -1.695805880286572
16908 10561439 0.8782267493431832 0.07883590516216207 0.3048 3.1767939156932234 -1.695805880286572
16909 10561439 0.8815037063754356 0.07883966828469365 0.3048 3.1767939156932234 -1.695805880286572
16910 10561439 0.884780663407688 0.07884343140722523 0.3048 3.1767939156932234 -1.695805880286572
16911 10561439 0.8880576204399404 0.07884719452975678 0.3048 3.1767939156932234 -1.695805880286572
16912 10561439 0.8913345774721927 0.07885095765228835 0.3048 3.1767939156932234 -1.695805880286572
16913 10561439 0.8946115345044451 0.07885472077481992 0.3048 3.1767939156932234 -1.695805880286572
16914 10561439 0.8978884915366975 0.07885848389735149 0.3048 3.1767939156932234 -1.695805880286572
16915 10561439 0.90116544856895 0.07886224701988306 0.3048 3.1767939156932234 -1.695805880286572
16916 10561439 0.904442405601202 0.07886601014241464 0.3048 3.1767939156932234 -1.695805880286572
16917 10561439 0.9077193626334544 0.0788697732649462 0.3048 3.1767939156932234 -1.695805880286572
16918 10561439 0.9109963196657068 0.07887353638747778 0.3048 3.1767939156932234 -1.695805880286572
16919 10561439 0.9142732766979592 0.07887729951000934 0.3048 3.1767939156932234 -1.695805880286572
16920 10561439 0.9175502337302116 0.07888106263254091 0.3048 3.1767939156932234 -1.695805880286572
16921 10561439 0.920827190762464 0.07888482575507247 0.3048 3.1767939156932234 -1.695805880286572
16922 10561439 0.9241041477947164 0.07888858887760405 0.3048 3.1767939156932234 -1.695805880286572
16923 10561439 0.9273811048269688 0.07889235200013561 0.3048 3.1767939156932234 -1.695805880286572
16924 10561439 0.9306580618592212 0.07889611512266717 0.3048 3.1767939156932234 -1.695805880286572
16925 10561439 0.9339350188914736 0.07889987824519876 0.3048 3.1767939156932234 -1.695805880286572
16926 10561439 0.9372119759237258 0.07890364136773033 0.3048 3.1767939156932234 -1.695805880286572
16927 10561439 0.9404889329559782 0.0789074044902619 0.3048 3.1767939156932234 -1.695805880286572
16928 10561439 0.9437658899882306 0.07891116761279346 0.3048 3.1767939156932234 -1.695805880286572
16929 10561439 0.9470428470204829 0.07891493073532503 0.3048 3.1767939156932234 -1.695805880286572
16930 10561439 0.9503198040527354 0.0789186938578566 0.3048 3.1767939156932234 -1.695805880286572
16931 10561439 0.9535967610849876 0.07892245698038818 0.3048 3.1767939156932234 -1.695805880286572
16932 10561439 0.95687371811724 0.07892622010291975 0.3048 3.1767939156932234 -1.695805880286572
16933 10561439 0.9601506751494924 0.07892998322545132 0.3048 3.1767939156932234 -1.695805880286572
16934 10561439 0.9634276321817448 0.07893374634798288 0.3048 3.1767939156932234 -1.695805880286572
16935 10561439 0.9667045892139972 0.07893750947051445 0.3048 3.1767939156932234 -1.695805880286572
16936 10561439 0.9699815462462495 0.07894127259304602 0.3048 3.1767939156932234 -1.695805880286572
16937 10561439 0.973258503278502 0.0789450357155776 0.3048 3.1767939156932234 -1.695805880286572
16938 10561439 0.9765354603107544 0.07894879883810918 0.3048 3.1767939156932234 -1.695805880286572
16939 10561439 0.9798124173430068 0.07895256196064072 0.3048 3.1767939156932234 -1.695805880286572
16940 10561439 0.9830893743752592 0.0789563250831723 0.3048 3.1767939156932234 -1.695805880286572
16941 10561439 0.9863663314075114 0.07896008820570387 0.3048 3.1767939156932234 -1.695805880286572
16942 10561439 0.9896432884397638 0.07896385132823544 0.3048 3.1767939156932234 -1.695805880286572
16943 10561439 0.9929202454720162 0.07896761445076701 0.3048 3.1767939156932234 -1.695805880286572
16944 10561439 0.9961972025042684 0.07897137757329857 0.3048 3.1767939156932234 -1.695805880286572
16945 10561439 0.9994741595365207 0.07897514069583014 0.3048 3.1767939156932234 -1.695805880286572
16946 10561439 1.0027511165687732 0.07897890381836171 0.3048 3.1767939156932234 -1.695805880286572
16947 10561439 1.0060280736010256 0.07898266694089329 0.3048 3.1767939156932234 -1.695805880286572
16948 10561439 1.0101344477690657 0.08067855615055347 0.3048 3.1767939156932234 -1.695805880286572
16949 10561439 1.0142408219371055 0.08237444536021364 0.3048 3.1767939156932234 -1.695805880286572
16950 10561439 1.0235257720574022 0.0789905070454246 0.3048 3.1767939156932234 -1.695805880286572
16951 10561439 1.029348566980599 0.0798919927779475 0.3048 3.1767939156932234 -1.695805880286572
16952 10561439 1.0351713619037957 0.08079347851047039 0.3048 3.1767939156932234 -1.695805880286572
16953 10561439 1.0409941568269925 0.08169496424299329 0.3048 3.1767939156932234 -1.695805880286572
16954 10561439 1.046816951750189 0.08259644997551617 0.3048 3.1767939156932234 -1.695805880286572
16955 10561439 1.0517920067744069 0.08097108669031293 0.3048 3.1767939156932234 -1.695805880286572
16956 10561439 1.056767061798624 0.07934572340510962 0.3048 3.1767939156932234 -1.695805880286572
16957 10561439 1.0623920587057878 0.08025343655012232 0.3048 3.1767939156932234 -1.695805880286572
16958 10561439 1.0680170556129516 0.08116114969513502 0.3048 3.1767939156932234 -1.695805880286572
16959 10561439 1.072831625936641 0.07958823187397088 0.3048 3.1767939156932234 -1.695805880286572
16960 10561439 1.0776461962603303 0.0780153140528067 0.3048 3.1767939156932234 -1.695805880286572
16961 10561439 1.0846426352129137 0.08040261604098654 0.3048 3.1767939156932234 -1.695805880286572
16962 10561439 1.094271776899139 0.07725680314066799 0.3048 3.1767939156932234 -1.695805880286572
16963 10561439 1.100810636357505 0.0809618635813304 0.3048 3.1767939156932234 -1.695805880286572
16964 10561439 1.1077494317113754 0.08099814403247985 0.3048 3.1767939156932234 -1.695805880286572
16965 10561439 1.1146882270652458 0.0810344244836293 0.3048 3.1767939156932234 -1.695805880286572
16966 10561439 1.1216270224191165 0.08107070493477875 0.3048 3.1767939156932234 -1.695805880286572
16967 10561439 1.1285658177729871 0.08110698538592817 0.3048 3.1767939156932234 -1.695805880286572
16968 10561439 1.1355046131268576 0.08114326583707764 0.3048 3.1767939156932234 -1.695805880286572
16969 10561439 1.1424434084807282 0.08117954628822709 0.3048 3.1767939156932234 -1.695805880286572
16970 10561439 1.1493822038345989 0.08121582673937654 0.3048 3.1767939156932234 -1.695805880286572
16971 10561439 1.1545177449387882 0.0795381054511704 0.3048 3.1767939156932234 -1.695805880286572
16972 10561439 1.1609371730389983 0.07744095911003304 0.3048 3.1767939156932234 -1.695805880286572
16973 10561439 1.1657340644600966 0.07762626105208212 0.3048 3.1767939156932234 -1.695805880286572
16974 10561439 1.1705309558811952 0.07781156299413121 0.3048 3.1767939156932234 -1.695805880286572
16975 10561439 1.1753278473022934 0.07799686493618029 0.3048 3.1767939156932234 -1.695805880286572
16976 10561439 1.1781403272937392 0.07845076831286796 0.3048 3.1767939156932234 -1.695805880286572
16977 10561439 1.180952807285185 0.07890467168955564 0.3048 3.1767939156932234 -1.695805880286572
16978 10561439 1.1837652872766304 0.07935857506624333 0.3048 3.1767939156932234 -1.695805880286572
16979 10561439 1.1865777672680762 0.079812478442931 0.3048 3.1767939156932234 -1.695805880286572
16980 10561439 1.194200838053295 0.07732215253345956 0.3048 3.1767939156932234 -1.695805880286572
16981 10561439 1.1975103553689432 0.07916162119344385 0.3048 3.1767939156932234 -1.695805880286572
16982 10561439 1.2008198726845918 0.08100108985342812 0.3048 3.1767939156932234 -1.695805880286572
16983 10561439 1.2062763853145746 0.07921855098144327 0.3048 3.1767939156932234 -1.695805880286572
16984 10561439 1.2101638478139929 0.07970097127584562 0.3048 3.1767939156932234 -1.695805880286572
16985 10561439 1.2140513103134116 0.08018339157024798 0.3048 3.1767939156932234 -1.695805880286572
16986 10561439 1.21793877281283 0.08066581186465031 0.3048 3.1767939156932234 -1.695805880286572
16987 10561439 1.222312996717524 0.08046351264920179 0.3048 3.1767939156932234 -1.695805880286572
16988 10561439 1.226687220622218 0.08026121343375325 0.3048 3.1767939156932234 -1.695805880286572
16989 10561439 1.2310614445269117 0.08005891421830473 0.3048 3.1767939156932234 -1.695805880286572
16990 10561439 1.2354356684316057 0.0798566150028562 0.3048 3.1767939156932234 -1.695805880286572
16991 10561439 1.2395348423823491 0.07983179622225052 0.3048 3.1767939156932234 -1.695805880286572
16992 10561439 1.243634016333092 0.07980697744164486 0.3048 3.1767939156932234 -1.695805880286572
16993 10561439 1.2477331902838351 0.07978215866103919 0.3048 3.1767939156932234 -1.695805880286572
16994 10561439 1.2518323642345783 0.07975733988043351 0.3048 3.1767939156932234 -1.695805880286572
16995 10561439 1.2568594608104042 0.07970896519169879 0.3048 3.1767939156932234 -1.695805880286572
16996 10561439 1.26188655738623 0.07966059050296408 0.3048 3.1767939156932234 -1.695805880286572
16997 10561439 1.2669136539620558 0.07961221581422935 0.3048 2.02432691222005 -1.58691946628102
16998 10561439 1.271940750537882 0.07956384112549462 0.3048 2.02432691222005 -1.58691946628102
16999 10561439 1.276967847113708 0.07951546643675991 0.3048 2.02432691222005 -1.58691946628102
17000 10561439 1.2819949436895341 0.07946709174802519 0.3048 2.02432691222005 -1.58691946628102
17001 10561439 1.2870220402653598 0.07941871705929046 0.3048 2.02432691222005 -1.58691946628102
17002 10561439 1.2920491368411855 0.07937034237055575 0.3048 2.02432691222005 -1.58691946628102
17003 10561439 1.2970762334170116 0.07932196768182102 0.3048 2.02432691222005 -1.58691946628102
17004 10561439 1.3021033299928375 0.07927359299308631 0.3048 2.02432691222005 -1.58691946628102
17005 10561439 1.3071304265686636 0.07922521830435159 0.3048 2.02432691222005 -1.58691946628102
17006 10561439 1.3121575231444895 0.07917684361561686 0.3048 2.02432691222005 -1.58691946628102
17007 10561439 1.3171846197203154 0.07912846892688215 0.3048 2.02432691222005 -1.58691946628102
17008 10561439 1.322211716296141 0.07908009423814742 0.3048 2.02432691222005 -1.58691946628102
17009 10561439 1.3277295032169552 0.07905597772168788 0.3048 2.02432691222005 -1.58691946628102
17010 10561439 1.333247290137769 0.07903186120522833 0.3048 2.02432691222005 -1.58691946628102
17011 10561439 1.3387650770585828 0.0790077446887688 0.3048 2.02432691222005 -1.58691946628102
17012 10561439 1.344282863979397 0.07898362817230925 0.3048 2.02432691222005 -1.58691946628102
17013 10561439 1.3498006509002107 0.0789595116558497 0.3048 2.02432691222005 -1.58691946628102
17014 10561439 1.3553184378210246 0.07893539513939016 0.3048 2.02432691222005 -1.58691946628102
17015 10561439 1.3608362247418384 0.07891127862293063 0.3048 2.02432691222005 -1.58691946628102
17016 10561439 1.3663540116626522 0.07888716210647108 0.3048 2.02432691222005 -1.58691946628102
17017 10561439 1.3718717985834659 0.07886304559001152 0.3048 2.02432691222005 -1.58691946628102
17018 10561439 1.3771051790131392 0.07911618135965016 0.3048 2.02432691222005 -1.58691946628102
17019 10561439 1.382338559442812 0.0793693171292888 0.3048 2.02432691222005 -1.58691946628102
17020 10561439 1.3875719398724848 0.07962245289892744 0.3048 2.02432691222005 -1.58691946628102
17021 10561439 1.3928053203021578 0.07987558866856607 0.3048 2.02432691222005 -1.58691946628102
17022 10561439 1.398038700731831 0.08012872443820471 0.3048 2.02432691222005 -1.58691946628102
17023 10561439 1.3982669927528075 0.08009337821459102 0.3048 2.02432691222005 -1.58691946628102
17024 10561439 1.3984952847737848 0.08005803199097736 0.3048 2.02432691222005 -1.58691946628102
17025 10561439 1.398723576794762 0.0800226857673637 0.3048 2.02432691222005 -1.58691946628102
17026 10561439 1.3989518688157392 0.07998733954375002 0.3048 2.02432691222005 -1.58691946628102
17027 10561439 1.3991801608367165 0.07995199332013635 0.3048 2.02432691222005 -1.58691946628102
17028 10561439 1.399408452857693 0.07991664709652267 0.3048 2.02432691222005 -1.58691946628102
17029 10561439 1.3996367448786704 0.079881300872909 0.3048 2.02432691222005 -1.58691946628102
17030 10561439 1.3998650368996477 0.07984595464929534 0.3048 2.02432691222005 -1.58691946628102
17031 10561439 1.4000933289206248 0.07981060842568166 0.3048 2.02432691222005 -1.58691946628102
17032 10561439 1.4003216209416018 0.07977526220206799 0.3048 2.02432691222005 -1.58691946628102
17033 10561439 1.4005499129625791 0.07973991597845431 0.3048 2.02432691222005 -1.58691946628102
17034 10561439 1.400778204983556 0.07970456975484064 0.3048 2.02432691222005 -1.58691946628102
17035 10561439 1.4010064970045328 0.07966922353122698 0.3048 2.02432691222005 -1.58691946628102
17036 10561439 1.4012347890255104 0.0796338773076133 0.3048 2.02432691222005 -1.58691946628102
17037 10561439 1.4014630810464874 0.07959853108399963 0.3048 2.02432691222005 -1.58691946628102
17038 10561439 1.4016913730674645 0.07956318486038595 0.3048 2.02432691222005 -1.58691946628102
17039 10561439 1.4019196650884416 0.07952783863677228 0.3048 2.02432691222005 -1.58691946628102
17040 10561439 1.4021479571094186 0.07949249241315863 0.3048 2.02432691222005 -1.58691946628102
17041 10561439 1.402376249130396 0.07945714618954494 0.3048 2.02432691222005 -1.58691946628102
17042 10561439 1.402604541151373 0.07942179996593128 0.3048 2.02432691222005 -1.58691946628102
17043 10561439 1.4028328331723503 0.07938645374231759 0.3048 2.02432691222005 -1.58691946628102
17044 10561439 1.4030611251933272 0.07935110751870393 0.3048 2.02432691222005 -1.58691946628102
17045 10561439 1.4032894172143042 0.07931576129509026 0.3048 2.02432691222005 -1.58691946628102
17046 10561439 1.4035177092352815 0.07928041507147658 0.3048 2.02432691222005 -1.58691946628102
17047 10561439 1.4037460012562586 0.0792450688478629 0.3048 2.02432691222005 -1.58691946628102
17048 10561439 1.4039742932772357 0.07920972262424923 0.3048 2.02432691222005 -1.58691946628102
17049 10561439 1.4042025852982127 0.07917437640063557 0.3048 2.02432691222005 -1.58691946628102
17050 10561439 1.4044308773191898 0.0791390301770219 0.3048 2.02432691222005 -1.58691946628102
17051 10561439 1.404659169340167 0.07910368395340822 0.3048 2.02432691222005 -1.58691946628102
17052 10561439 1.4048874613611442 0.07906833772979455 0.3048 2.02432691222005 -1.58691946628102
17053 10561439 1.4051157533821212 0.07903299150618087 0.3048 2.02432691222005 -1.58691946628102
17054 10561439 1.4053440454030983 0.07899764528256721 0.3048 2.02432691222005 -1.58691946628102
17055 10561439 1.4055723374240754 0.07896229905895354 0.3048 2.02432691222005 -1.58691946628102
17056 10561439 1.4058006294450525 0.07892695283533986 0.3048 2.02432691222005 -1.58691946628102
17057 10561439 1.4060289214660298 0.07889160661172619 0.3048 2.02432691222005 -1.58691946628102
17058 10561439 1.4062572134870068 0.07885626038811251 0.3048 2.02432691222005 -1.58691946628102
17059 10561439 1.4064855055079841 0.07882091416449885 0.3048 2.02432691222005 -1.58691946628102
17060 10561439 1.406713797528961 0.07878556794088518 0.3048 2.02432691222005 -1.58691946628102
17061 10561439 1.4069420895499378 0.0787502217172715 0.3048 2.02432691222005 -1.58691946628102
17062 10561439 1.4071703815709151 0.07871487549365783 0.3048 2.02432691222005 -1.58691946628102
17063 10561439 1.4073986735918924 0.07867952927004415 0.3048 2.02432691222005 -1.58691946628102
17064 10561439 1.4076269656128697 0.07864418304643049 0.3048 2.02432691222005 -1.58691946628102
17065 10561439 1.4078552576338466 0.07860883682281683 0.3048 2.02432691222005 -1.58691946628102
17066 10561439 1.4080835496548236 0.07857349059920314 0.3048 2.02432691222005 -1.58691946628102
17067 10561439 1.408311841675801 0.07853814437558948 0.3048 2.02432691222005 -1.58691946628102
17068 10561439 1.4085401336967782 0.07850279815197579 0.3048 2.02432691222005 -1.58691946628102
17069 10561439 1.408768425717755 0.07846745192836213 0.3048 2.02432691222005 -1.58691946628102
17070 10561439 1.408996717738732 0.07843210570474846 0.3048 2.02432691222005 -1.58691946628102
17071 10561439 1.4092250097597092 0.07839675948113478 0.3048 2.02432691222005 -1.58691946628102
17072 10561439 1.4094533017806865 0.0783614132575211 0.3048 2.02432691222005 -1.58691946628102
17073 10561439 1.4096815938016636 0.07832606703390743 0.3048 2.02432691222005 -1.58691946628102
17074 10561439 1.4099098858226409 0.07829072081029377 0.3048 2.02432691222005 -1.58691946628102
17075 10561439 1.4101381778436175 0.0782553745866801 0.3048 2.02432691222005 -1.58691946628102
17076 10561439 1.4103664698645948 0.07822002836306642 0.3048 2.02432691222005 -1.58691946628102
17077 10561439 1.410594761885572 0.07818468213945275 0.3048 2.02432691222005 -1.58691946628102
17078 10561439 1.4108230539065492 0.07814933591583907 0.3048 2.02432691222005 -1.58691946628102
17079 10561439 1.4110513459275262 0.07811398969222541 0.3048 2.02432691222005 -1.58691946628102
17080 10561439 1.4112796379485033 0.07807864346861174 0.3048 2.02432691222005 -1.58691946628102
17081 10561439 1.4115079299694804 0.07804329724499806 0.3048 2.02432691222005 -1.58691946628102
17082 10561439 1.4117362219904577 0.07800795102138439 0.3048 2.02432691222005 -1.58691946628102
17159 10561439 1.4293147076056951 0.07528629180313165 0.3048 2.02432691222005 -1.58691946628102
17160 10561439 1.4315628950015769 0.0726535396840853 0.3048 2.02432691222005 -1.58691946628102
17161 10561439 1.4338110823974588 0.07002078756503896 0.3048 2.02432691222005 -1.58691946628102
17162 10561439 1.4360592697933408 0.0673880354459926 0.3048 2.02432691222005 -1.58691946628102
17163 10561439 1.4383074571892225 0.06475528332694626 0.3048 2.02432691222005 -1.58691946628102
17164 10561439 1.4405556445851044 0.06212253120789993 0.3048 2.02432691222005 -1.58691946628102
17165 10561439 1.4428038319809862 0.05948977908885356 0.3048 2.02432691222005 -1.58691946628102
17166 10561439 1.445052019376868 0.05685702696980721 0.3048 2.02432691222005 -1.58691946628102
17167 10561439 1.4473002067727498 0.05422427485076087 0.3048 2.02432691222005 -1.58691946628102
17168 10561439 1.446524385821054 0.05184915628513438 0.3048 2.02432691222005 -1.58691946628102
17169 10561439 1.4457485648693584 0.049474037719507896 0.3048 2.02432691222005 -1.58691946628102
17170 10561439 1.4474787973045131 0.04797427517965182 0.3048 2.02432691222005 -1.58691946628102
17171 10561439 1.4480529971689955 0.044204118581601656 0.3048 2.02432691222005 -1.58691946628102
17172 10561439 1.4486271970334783 0.040433961983551495 0.3048 2.02432691222005 -1.58691946628102
17173 10561439 1.4492013968979611 0.03666380538550133 0.3048 2.02432691222005 -1.58691946628102
17174 10561439 1.4478261336697216 0.034948351181996906 0.3048 2.02432691222005 -1.58691946628102
17175 10561439 1.4464508704414818 0.033232896978492465 0.3048 2.02432691222005 -1.58691946628102
17176 10561439 1.4450756072132422 0.03151744277498805 0.3048 2.02432691222005 -1.58691946628102
17177 10561439 1.443700343985003 0.029801988571483612 0.3048 2.02432691222005 -1.58691946628102
17178 10561439 1.4423250807567631 0.028086534367979185 0.3048 2.02432691222005 -1.58691946628102
17179 10561439 1.4409498175285234 0.02637108016447476 0.3048 2.02432691222005 -1.58691946628102
17180 10561439 1.4395745543002838 0.024655625960970328 0.3048 2.02432691222005 -1.58691946628102
17181 10561439 1.438199291072044 0.022940171757465898 0.3048 2.02432691222005 -1.58691946628102
17182 10561439 1.4368240278438045 0.021224717553961468 0.3048 2.02432691222005 -1.58691946628102
17183 10561439 1.4354487646155647 0.01950926335045704 0.3048 2.02432691222005 -1.58691946628102
17184 10561439 1.4340735013873251 0.01779380914695261 0.3048 2.02432691222005 -1.58691946628102
17185 10561439 1.4326982381590856 0.016078354943448184 0.3048 2.02432691222005 -1.58691946628102
17186 10561439 1.4313229749308458 0.014362900739943753 0.3048 2.02432691222005 -1.58691946628102
17187 10561439 1.4299477117026065 0.012647446536439323 0.3048 2.02432691222005 -1.58691946628102
17188 10561439 1.4285724484743667 0.010931992332934895 0.3048 2.02432691222005 -1.58691946628102
17189 10561439 1.427197185246127 0.009216538129430466 0.3048 2.02432691222005 -1.58691946628102
17190 10561439 1.4258219220178874 0.007501083925926036 0.3048 2.02432691222005 -1.58691946628102
17191 10561439 1.428056827082521 0.00618694213645378 0.3048 2.02432691222005 -1.58691946628102
17192 10561439 1.42409787138272 0.002223044470983704 0.3048 2.02432691222005 -1.58691946628102
17193 10561439 1.4191726643830092 0.0023450118973287397 0.3048 2.02432691222005 -1.58691946628102
17194 10561439 1.4142474573832975 0.002466979323673775 0.3048 2.02432691222005 -1.58691946628102
17195 10561439 1.4093222503835865 0.002588946750018811 0.3048 2.02432691222005 -1.58691946628102
17196 10561439 1.4043970433838753 0.0027109141763638463 0.3048 2.02432691222005 -1.58691946628102
17197 10561439 1.399471836384164 0.002832881602708882 0.3048 2.02432691222005 -1.58691946628102
17198 10561439 1.3945466293844528 0.002954849029053917 0.3048 2.02432691222005 -1.58691946628102
17199 10561439 1.3896214223847416 0.003076816455398953 0.3048 2.02432691222005 -1.58691946628102
17200 10561439 1.3846962153850304 0.003198783881743989 0.3048 2.02432691222005 -1.58691946628102
17201 10561439 1.3797710083853192 0.003320751308089025 0.3048 2.02432691222005 -1.58691946628102
17202 10561439 1.374845801385608 0.0034427187344340604 0.3048 2.02432691222005 -1.58691946628102
