21205 11154637 4.2711504764002255 -3.4491984517171224 0.6096 3.4230048786853255 -1.1183983042263888
21206 11154637 4.2550541764352054 -3.4086748758014 0.6096 3.4230048786853255 -1.1183983042263888
21207 11154637 4.234920594277672 -3.369637972498647 0.6096 3.4230048786853255 -1.1183983042263888
21208 11154637 4.206907807650902 -3.330250838801609 0.6096 3.4230048786853255 -1.1183983042263888
21209 11154637 4.1779180280042185 -3.3033934095420867 0.6096 3.4230048786853255 -1.1183983042263888
21210 11154637 4.144419821257547 -3.2821906651467203 0.6096 3.4230048786853255 -1.1183983042263888
21211 11154637 4.1065281557019295 -3.2649279803363105 0.6096 3.4230048786853255 -1.1183983042263888
21212 11154637 4.068016858683155 -3.2495654743938065 0.6096 3.4230048786853255 -1.1183983042263888
21213 11154637 4.028815267021128 -3.2444901013710514 0.6096 3.4230048786853255 -1.1183983042263888
21214 11154637 3.98829528564124 -3.2366484306350585 0.6096 3.4230048786853255 -1.1183983042263888
21215 11154637 3.947470381781017 -3.2331455880473685 0.6248400000000001 3.4230048786853255 -1.1183983042263888
21216 11154637 3.9066454779207938 -3.2296427454596786 0.6400800000000001 3.4230048786853255 -1.1183983042263888
21217 11154637 3.8642778875613453 -3.2261036421800777 0.6096 3.4230048786853255 -1.1183983042263888
21218 11154637 3.8212904503992164 -3.2244646471835505 0.6096 3.4230048786853255 -1.1183983042263888
21219 11154637 3.7802060636147163 -3.226249474276229 0.6400800000000001 3.4230048786853255 -1.1183983042263888
21220 11154637 3.758379341448061 -3.2267228104948527 0.6248400000000001 3.4230048786853255 -1.1183983042263888
21221 11154637 3.736552619281405 -3.227196146713476 0.6096 3.4230048786853255 -1.1183983042263888
21222 11154637 3.649383232009424 -3.2286663878422157 0.6400800000000001 3.4230048786853255 -1.1183983042263888
21223 11154637 3.6064632138522086 -3.2309027234983545 0.6248400000000001 3.4230048786853255 -1.1183983042263888
21224 11154637 3.5635431956949937 -3.2331390591544937 0.6096 3.4230048786853255 -1.1183983042263888
21225 11154637 3.5201301778641736 -3.234162963802784 0.6096 3.4230048786853255 -1.1183983042263888
21226 11154637 3.4785056001929835 -3.237872574632991 0.6096 3.4230048786853255 -1.1183983042263888
21227 11154637 3.43324455471556 -3.243199124729716 0.6096 3.4230048786853255 -1.1183983042263888
21228 11154637 3.39004977273074 -3.2421909628427987 0.6096 3.4230048786853255 -1.1183983042263888
21229 11154637 3.347019934646467 -3.2454413706899867 0.6096 3.4230048786853255 -1.1183983042263888
21230 11154637 3.3039900965621936 -3.248691778537176 0.6096 3.4230048786853255 -1.1183983042263888
21231 11154637 3.260091875553337 -3.2593679593474167 0.6096 3.4230048786853255 -1.1183983042263888
21232 11154637 3.2171353207567126 -3.265795571422056 0.6096 3.4230048786853255 -1.1183983042263888
21233 11154637 3.1739546893247983 -3.272909019590239 0.6096 3.4230048786853255 -1.1183983042263888
21234 11154637 3.130774057892884 -3.2800224677584224 0.6096 3.4230048786853255 -1.1183983042263888
21235 11154637 3.0859134063562386 -3.2854777792587697 0.6096 3.4230048786853255 -1.1183983042263888
21236 11154637 3.04270328599044 -3.2940411849783016 0.6096 3.4230048786853255 -1.1183983042263888
21237 11154637 3.011448440531145 -3.2999927606786903 0.6096 3.4230048786853255 -1.1183983042263888
21238 11154637 2.980193595071851 -3.3059443363790786 0.6096 3.4230048786853255 -1.1183983042263888
21239 11154637 2.926260846491752 -3.3160605784810584 0.6096 3.4230048786853255 -1.1183983042263888
21240 11154637 2.8723280979116512 -3.3261768205830378 0.6096 3.4230048786853255 -1.1183983042263888
21241 11154637 2.8291463524143827 -3.3332881949871704 0.6096 3.4230048786853255 -1.1183983042263888
21242 11154637 2.7859646069171147 -3.340399569391303 0.6096 3.4230048786853255 -1.1183983042263888
21243 11154637 2.74267318037828 -3.3489349766444056 0.6096 3.4230048786853255 -1.1183983042263888
21244 11154637 2.7027084991819907 -3.3559858609884348 0.6096 3.4230048786853255 -1.1183983042263888
21245 11154637 2.66226200391724 -3.3628793399291728 0.6096 3.4230048786853255 -1.1183983042263888
21246 11154637 2.6187868258471303 -3.3708869298792856 0.6096 3.4230048786853255 -1.1183983042263888
21247 11154637 2.5779032966445463 -3.3802072754659207 0.6096 3.4230048786853255 -1.1183983042263888
21248 11154637 2.537903654287427 -3.3873628137887124 0.6096 3.4230048786853255 -1.1183983042263888
21249 11154637 2.495737199997011 -3.391357993892396 0.6096 3.4230048786853255 -1.1183983042263888
21250 11154637 2.4637015917829075 -3.395884697353502 0.6096 3.4230048786853255 -1.1183983042263888
21251 11154637 2.4316659835688044 -3.40041140081461 0.6096 3.4230048786853255 -1.1183983042263888
21252 11154637 2.3720006209572384 -3.405762462944214 0.6096 3.4230048786853255 -1.1183983042263888
21253 11154637 2.3281832414142354 -3.4066481116164646 0.6096 3.4230048786853255 -1.1183983042263888
21254 11154637 2.288047366150733 -3.4085013051270785 0.6096 3.4230048786853255 -1.1183983042263888
21255 11154637 2.2479114908872315 -3.4103544986376924 0.6096 3.4230048786853255 -1.1183983042263888
21256 11154637 2.2051843871463723 -3.409259021435461 0.6096 3.4230048786853255 -1.1183983042263888
21257 11154637 2.163353075455809 -3.4054185063476208 0.6096 3.4230048786853255 -1.1183983042263888
21258 11154637 2.122770759824532 -3.404555329825416 0.6096 3.4230048786853255 -1.1183983042263888
21259 11154637 2.080331224757876 -3.4012167172797985 0.6096 3.4230048786853255 -1.1183983042263888
21260 11154637 2.0381328578690585 -3.3971388748695803 0.6096 3.4230048786853255 -1.1183983042263888
21261 11154637 1.9947664851309224 -3.3884741995807643 0.6096 3.4230048786853255 -1.1183983042263888
21262 11154637 1.9528008493892488 -3.3768788264579572 0.6096 3.4230048786853255 -1.1183983042263888
21263 11154637 1.9143199405864104 -3.3580098241958254 0.6096 3.4230048786853255 -1.1183983042263888
21264 11154637 1.8758390317835718 -3.3391408219336944 0.6096 3.4230048786853255 -1.1183983042263888
21265 11154637 1.8419074986656727 -3.3179015752744845 0.57912 3.4230048786853255 -1.1183983042263888
21266 11154637 1.8069116686070044 -3.2917588554376778 0.57912 3.4230048786853255 -1.1183983042263888
21267 11154637 1.7746018617475403 -3.2622872276850132 0.59436 3.4230048786853255 -1.1183983042263888
21268 11154637 1.7422920548880767 -3.2328155999323505 0.6096 3.4230048786853255 -1.1183983042263888
21269 11154637 1.7122665289865413 -3.2007016644426742 0.57912 3.4230048786853255 -1.1183983042263888
21270 11154637 1.6850522808182749 -3.1670521365466278 0.57912 3.4230048786853255 -1.1183983042263888
21271 11154637 1.658114018050395 -3.132557983302484 0.57912 3.4230048786853255 -1.1183983042263888
21272 11154637 1.6387600357973768 -3.0938811105971684 0.57912 3.4230048786853255 -1.1183983042263888
21273 11154637 1.6186724763618219 -3.0547309743353823 0.57912 3.4230048786853255 -1.1183983042263888
21274 11154637 1.6021531732854948 -3.0141756773157233 0.57912 3.4230048786853255 -1.1183983042263888
21275 11154637 1.5863234571647131 -2.9715090483209936 0.57912 3.4230048786853255 -1.1183983042263888
21276 11154637 1.5768616252232055 -2.9256645392733875 0.57912 3.4230048786853255 -1.1183983042263888
21277 11154637 1.5723009136640598 -2.8814979556546936 0.57912 3.4230048786853255 -1.1183983042263888
21278 11154637 1.5677402021049138 -2.837331372036 0.57912 3.4230048786853255 -1.1183983042263888
21279 11154637 1.563179490545768 -2.793164788417306 0.57912 3.4230048786853255 -1.1183983042263888
21280 11154637 1.569526959382043 -2.7527737739524576 0.57912 3.4230048786853255 -1.1183983042263888
21281 11154637 1.5758744282183177 -2.7123827594876087 0.57912 3.4230048786853255 -1.1183983042263888
21282 11154637 1.5882180016733547 -2.6664146715140613 0.57912 3.4230048786853255 -1.1183983042263888
21283 11154637 1.6070968979870175 -2.6249167209477333 0.57912 3.4230048786853255 -1.1183983042263888
21284 11154637 1.6303204895764485 -2.587524114502535 0.57912 3.4230048786853255 -1.1183983042263888
21285 11154637 1.6511131080477748 -2.548870515200005 0.57912 3.4230048786853255 -1.1183983042263888
21286 11154637 1.6735782334323923 -2.5138002415486405 0.57912 3.4230048786853255 -1.1183983042263888
21287 11154637 1.6966527563437164 -2.4757748228865 0.57912 3.4230048786853255 -1.1183983042263888
21288 11154637 1.7252972433090463 -2.445175194762061 0.57912 3.4230048786853255 -1.1183983042263888
21289 11154637 1.7571868879031194 -2.4155182029379807 0.57912 3.4230048786853255 -1.1183983042263888
21290 11154637 1.7910657847335831 -2.386568972505829 0.57912 3.4230048786853255 -1.1183983042263888
21291 11154637 1.8249446815640469 -2.357619742073678 0.57912 3.4230048786853255 -1.1183983042263888
21292 11154637 1.8593652820100264 -2.3338119959158443 0.57912 3.4230048786853255 -1.1183983042263888
21293 11154637 1.8954155373183617 -2.307732573468043 0.57912 3.4230048786853255 -1.1183983042263888
21294 11154637 1.9296978923492467 -2.2843467749602184 0.57912 3.4230048786853255 -1.1183983042263888
21295 11154637 1.9681902845134127 -2.258947609678517 0.57912 3.4230048786853255 -1.1183983042263888
21296 11154637 2.004594473613574 -2.234501997498046 0.57912 3.4230048786853255 -1.1183983042263888
21297 11154637 2.0409986627137355 -2.2100563853175745 0.57912 3.4230048786853255 -1.1183983042263888
21298 11154637 2.078951192897716 -2.1849479048777547 0.54864 3.4230048786853255 -1.1183983042263888
21299 11154637 2.117967534187296 -2.164742437547336 0.54864 3.4230048786853255 -1.1183983042263888
21300 11154637 2.155528347777522 -2.1421926230242563 0.54864 3.4230048786853255 -1.1183983042263888
21301 11154637 2.1964029364780564 -2.1203739091257785 0.54864 3.4230048786853255 -1.1183983042263888
21302 11154637 2.2372775251785906 -2.0985551952273007 0.54864 3.4230048786853255 -1.1183983042263888
21303 11154637 2.278712382320286 -2.0793722838295787 0.54864 3.4230048786853255 -1.1183983042263888
21304 11154637 2.316548841851871 -2.0543419744386493 0.54864 3.4230048786853255 -1.1183983042263888
21305 11154637 2.3533301521778007 -2.028733443953627 0.5334000000000001 3.4230048786853255 -1.1183983042263888
21306 11154637 2.3901114625037305 -2.003124913468605 0.5181600000000001 3.4230048786853255 -1.1183983042263888
21307 11154637 2.4268134154126613 -1.9750371951895376 0.5181600000000001 3.4230048786853255 -1.1183983042263888
21308 11154637 2.4578965269168505 -1.9451153398104264 0.5181600000000001 3.4230048786853255 -1.1183983042263888
21309 11154637 2.489495509672909 -1.9152449917639256 0.5181600000000001 3.4230048786853255 -1.1183983042263888
21310 11154637 2.5168759350703978 -1.8814276946554824 0.5181600000000001 3.4230048786853255 -1.1183983042263888
21311 11154637 2.5404492491189927 -1.846484518174176 0.5181600000000001 3.4230048786853255 -1.1183983042263888
21312 11154637 2.564022563167588 -1.8115413416928692 0.5181600000000001 3.4230048786853255 -1.1183983042263888
21313 11154637 2.584753196609647 -1.7733339777704686 0.5181600000000001 3.4230048786853255 -1.1183983042263888
21314 11154637 2.605483830051706 -1.735126613848068 0.5181600000000001 3.4230048786853255 -1.1183983042263888
21315 11154637 2.6237379435429204 -1.6955268290156804 0.5181600000000001 3.4230048786853255 -1.1183983042263888
21316 11154637 2.638670997046496 -1.6579386526465605 0.50292 3.4230048786853255 -1.1183983042263888
21317 11154637 2.6536040505500718 -1.6203504762774399 0.48768 3.4230048786853255 -1.1183983042263888
21318 11154637 2.666870040766593 -1.5797066481394642 0.48768 3.4230048786853255 -1.1183983042263888
21319 11154637 2.6795502607578032 -1.5408574799824792 0.48768 3.4230048786853255 -1.1183983042263888
21320 11154637 2.686450028585911 -1.503392411961647 0.48768 3.4230048786853255 -1.1183983042263888
21321 11154637 2.673775597281568 -1.4415487856818259 0.48768 3.4230048786853255 -1.1183983042263888
21322 11154637 2.703587864941138 -1.4263978641176815 0.48768 3.4230048786853255 -1.1183983042263888
21323 11154637 2.686821870673024 -1.3607655762129398 0.48768 3.4230048786853255 -1.1183983042263888
21324 11154637 2.690601933437624 -1.3305468617439966 0.48768 3.4230048786853255 -1.1183983042263888
21325 11154637 2.694381996202224 -1.3003281472750532 0.48768 3.4230048786853255 -1.1183983042263888
21326 11154637 2.7243033807920183 -1.262258707964697 0.48768 3.4230048786853255 -1.1183983042263888
21327 11154637 2.730809484592228 -1.2219199321319854 0.47243999999999997 3.4230048786853255 -1.1183983042263888
21328 11154637 2.7373155883924376 -1.1815811562992735 0.4572000000000001 3.4230048786853255 -1.1183983042263888
21329 11154637 2.7423830610909516 -1.1404807519040507 0.4572000000000001 3.4230048786853255 -1.1183983042263888
21330 11154637 2.7493409983157338 -1.1025673375343592 0.4572000000000001 3.4230048786853255 -1.1183983042263888
21331 11154637 2.7542249947805386 -1.0617574717320626 0.4572000000000001 3.4230048786853255 -1.1183983042263888
21332 11154637 2.7619869329251783 -1.0216533482212615 0.4572000000000001 3.4230048786853255 -1.1183983042263888
21333 11154637 2.769059757591545 -0.9836605977541412 0.4572000000000001 3.4230048786853255 -1.1183983042263888
21334 11154637 2.765531059359505 -0.950034012700804 0.4572000000000001 3.4230048786853255 -1.1183983042263888
21335 11154637 2.7620023611274647 -0.9164074276474672 0.4572000000000001 3.4230048786853255 -1.1183983042263888
21336 11154637 2.758473662895425 -0.8827808425941301 0.4572000000000001 3.4230048786853255 -1.1183983042263888
21337 11154637 2.7930532602916993 -0.8285344438204242 0.4572000000000001 3.4230048786853255 -1.1183983042263888
21338 11154637 2.7979033245488836 -0.7878302502400719 0.42672 3.4230048786853255 -1.1183983042263888
21339 11154637 2.802098753971361 -0.7491318635971991 0.4572000000000001 3.4230048786853255 -1.1183983042263888
21340 11154637 2.8055928679886555 -0.7139426488870693 0.44196 3.4230048786853255 -1.1183983042263888
21341 11154637 2.8090869820059514 -0.6787534341769393 0.42672 3.4230048786853255 -1.1183983042263888
21342 11154637 2.8145453834006173 -0.6375468719408055 0.42672 3.4230048786853255 -1.1183983042263888
21343 11154637 2.8199004893530737 -0.5966570292501397 0.42672 3.4230048786853255 -1.1183983042263888
21344 11154637 2.823303747005636 -0.5603867759061795 0.42672 3.4230048786853255 -1.1183983042263888
21345 11154637 2.8227535920582483 -0.519905623334938 0.42672 3.4230048786853255 -1.1183983042263888
21346 11154637 2.8224325200615747 -0.4800833037335762 0.42672 3.4230048786853255 -1.1183983042263888
21347 11154637 2.8174689537496853 -0.43816144049005423 0.42672 3.4230048786853255 -1.1183983042263888
21348 11154637 2.8070212532754097 -0.4021592274073367 0.42672 3.4230048786853255 -1.1183983042263888
21349 11154637 2.7924728044690674 -0.3596783410161932 0.42672 3.4230048786853255 -1.1183983042263888
21350 11154637 2.777924355662724 -0.3171974546250498 0.42672 3.4230048786853255 -1.1183983042263888
21351 11154637 2.7595684120647928 -0.286381695235347 0.42672 3.4230048786853255 -1.1183983042263888
21352 11154637 2.7412124684668613 -0.25556593584564424 0.42672 3.4230048786853255 -1.1183983042263888
21353 11154637 2.7163190100733 -0.2284566255503745 0.4114800000000001 3.4230048786853255 -1.1183983042263888
21354 11154637 2.691425551679738 -0.20134731525510485 0.39624 3.4230048786853255 -1.1183983042263888
21355 11154637 2.6643126216049717 -0.17614152754402432 0.39624 3.4230048786853255 -1.1183983042263888
21356 11154637 2.6371996915302063 -0.1509357398329438 0.39624 3.4230048786853255 -1.1183983042263888
21357 11154637 2.606794404507016 -0.12874347638049713 0.39624 3.4230048786853255 -1.1183983042263888
21358 11154637 2.5733256004659766 -0.1102234857130428 0.39624 3.4230048786853255 -1.1183983042263888
21359 11154637 2.539856796424937 -0.09170349504558847 0.39624 3.4230048786853255 -1.1183983042263888
21360 11154637 2.5057527870637357 -0.08056901862318047 0.39624 3.4230048786853255 -1.1183983042263888
21361 11154637 2.4706890907488 -0.06421464249761785 0.39624 3.4230048786853255 -1.1183983042263888
21362 11154637 2.4376660767171074 -0.048409520352693663 0.39624 3.4230048786853255 -1.1183983042263888
21363 11154637 2.4007537313070677 -0.0363575438266848 0.39624 3.4230048786853255 -1.1183983042263888
21364 11154637 2.382236965068482 -0.035276483017166384 0.381 3.4230048786853255 -1.1183983042263888
21365 11154637 2.3637201988298973 -0.034195422207647964 0.36576 3.4230048786853255 -1.1183983042263888
21366 11154637 2.2850231469705946 -0.026372903524943564 0.36576 3.4230048786853255 -1.1183983042263888
21367 11154637 2.2444226500560966 -0.025615527932763088 0.36576 3.4230048786853255 -1.1183983042263888
21368 11154637 2.2055908280797416 -0.02052902817609667 0.36576 3.4230048786853255 -1.1183983042263888
21369 11154637 2.166770863479758 -0.014862088501303744 0.33528 3.4230048786853255 -1.1183983042263888
21370 11154637 2.1303463418147097 -0.010561259261539585 0.33528 3.4230048786853255 -1.1183983042263888
21371 11154637 2.0904006632754117 -0.007797284368097374 0.33528 3.4230048786853255 -1.1183983042263888
21372 11154637 2.049799973010733 -0.0070387924016264425 0.33528 3.4230048786853255 -1.1183983042263888
21373 11154637 2.01156249460001 -0.004481661527780304 0.33528 3.4230048786853255 -1.1183983042263888
21374 11154637 1.9733250161892864 -0.0019245306539341644 0.33528 3.4230048786853255 -1.1183983042263888
21375 11154637 1.930213449264724 -0.000695891782304503 0.33528 3.4230048786853255 -1.1183983042263888
21376 11154637 1.8943296760141228 0.006350052253225769 0.33528 3.4230048786853255 -1.1183983042263888
21377 11154637 1.8550316832285705 0.0013103535200010565 0.33528 3.4230048786853255 -1.1183983042263888
21378 11154637 1.8185985990605855 0.0020525361105850908 0.33528 3.4230048786853255 -1.1183983042263888
21379 11154637 1.7821655148926008 0.002794718701169125 0.33528 3.4230048786853255 -1.1183983042263888
21380 11154637 1.747504279720248 0.004068286190507643 0.3048 3.4230048786853255 -1.1183983042263888
21381 11154637 1.7144228701565227 0.0020222934739075327 0.3048 3.4230048786853255 -1.1183983042263888
21382 11154637 1.6825606288883141 0.005068907494727297 0.3048 3.4230048786853255 -1.1183983042263888
21383 11154637 1.648703568843742 0.00853355086305718 0.3048 3.4230048786853255 -1.1183983042263888
21384 11154637 1.6140998722386566 0.010256226981209732 0.3048 3.4230048786853255 -1.1183983042263888
21385 11154637 1.582334800464114 0.0054443887453195505 0.3048 3.4230048786853255 -1.1183983042263888
21386 11154637 1.5569977317846728 0.006039048559373254 0.3048 3.4230048786853255 -1.1183983042263888
21387 11154637 1.531660663105232 0.006633708373426958 0.3048 3.4230048786853255 -1.1183983042263888
21388 11154637 1.4901478142637543 0.003925640332549926 0.28956000000000004 3.4230048786853255 -1.1183983042263888
21389 11154637 1.4486349654222768 0.0012175722916728945 0.27432 3.4230048786853255 -1.1183983042263888
21390 11154637 1.4200260788689731 0.0006325351908271423 0.27432 3.4230048786853255 -1.1183983042263888
21391 11154637 1.3914171923156693 4.749808998139038e-05 0.27432 3.4230048786853255 -1.1183983042263888
21392 11154637 1.3587960662983138 0.0007732344841001326 0.27432 3.4230048786853255 -1.1183983042263888
21393 11154637 1.3313675455346057 -0.0005475771753704339 0.27432 3.4230048786853255 -1.1183983042263888
21394 11154637 1.3015091182824725 -0.0006072364815176977 0.27432 3.4230048786853255 -1.1183983042263888
21395 11154637 1.2747933809281269 0.0005263189884179426 0.27432 3.4230048786853255 -1.1183983042263888
21396 11154637 1.2480776435737813 0.001659874458353583 0.27432 3.4230048786853255 -1.1183983042263888
21397 11154637 1.2262454671446592 0.0014318862840885654 0.27432 3.4230048786853255 -1.1183983042263888
21398 11154637 1.1994951959731477 0.002460115347063085 0.27432 3.4230048786853255 -1.1183983042263888
21399 11154637 1.1768698237761928 -0.00019556032365553727 0.27432 3.4230048786853255 -1.1183983042263888
21400 11154637 1.1542444515792385 -0.00285123599437416 0.27432 3.4230048786853255 -1.1183983042263888
21401 11154637 1.1327444328730043 -0.0034211280634183355 0.27432 3.4230048786853255 -1.1183983042263888
21402 11154637 1.1088278035816823 -0.0005144942600243674 0.27432 3.4230048786853255 -1.1183983042263888
21403 11154637 1.0929355427913965 -0.00022929082505046547 0.27432 3.4230048786853255 -1.1183983042263888
21404 11154637 1.0763190738082604 -0.0021607957544126366 0.27432 3.4230048786853255 -1.1183983042263888
21405 11154637 1.054740756489273 -0.0002515549341583906 0.27432 3.4230048786853255 -1.1183983042263888
21406 11154637 1.0387105205819545 -0.00038846659632668645 0.27432 3.4230048786853255 -1.1183983042263888
21407 11154637 1.0221974643866183 -0.002003167997094324 0.27432 3.4230048786853255 -1.1183983042263888
21408 11154637 1.006794118753582 -0.002033256088099409 0.27432 3.4230048786853255 -1.1183983042263888
21409 11154637 0.9913907731205456 -0.0020633441791044946 0.27432 3.4230048786853255 -1.1183983042263888
21410 11154637 0.9759874274875094 -0.00209343227010958 0.27432 3.4230048786853255 -1.1183983042263888
21411 11154637 0.9619632335353362 -0.0028855805348336483 0.27432 3.4230048786853255 -1.1183983042263888
21412 11154637 0.9480769793373696 -0.003255466524370948 0.27432 3.4230048786853255 -1.1183983042263888
21413 11154637 0.9345919356026208 -0.0037564097613387577 0.27432 3.4230048786853255 -1.1183983042263888
21414 11154637 0.9217621514626172 -0.0022517150808157305 0.27432 3.4230048786853255 -1.1183983042263888
21415 11154637 0.9090795279466944 -0.003014768709536618 0.27432 3.4230048786853255 -1.1183983042263888
21416 11154637 0.8963969044307715 -0.0037778223382575055 0.27432 3.4230048786853255 -1.1183983042263888
21417 11154637 0.8859744216578925 -0.0030595816384844238 0.27432 3.4230048786853255 -1.1183983042263888
21418 11154637 0.8756554017973308 -0.0020246505740910553 0.27432 3.4230048786853255 -1.1183983042263888
21419 11154637 0.8653363804667628 -0.000989704441296438 0.27432 3.4230048786853255 -1.1183983042263888
21420 11154637 0.850542100650271 -0.0038665810855261773 0.27432 3.4230048786853255 -1.1183983042263888
21421 11154637 0.8421714530633567 -0.003935497515250436 0.27432 3.4230048786853255 -1.1183983042263888
21422 11154637 0.8325422003156989 -0.0007893397650458461 0.27432 3.4230048786853255 -1.1183983042263888
21423 11154637 0.827727575555282 0.0007837440501279602 0.27432 3.4230048786853255 -1.1183983042263888
21424 11154637 0.8241166079938542 0.001963559998388833 0.27432 3.4230048786853255 -1.1183983042263888
21425 11154637 0.8205056404324265 0.003143375946649707 0.27432 3.4230048786853255 -1.1183983042263888
21426 11154637 0.8056605591726024 0.007993753669041663 0.27432 3.4230048786853255 -1.1183983042263888
21427 11154637 0.7994416777168302 0.010025680712250663 0.27432 3.4230048786853255 -1.1183983042263888
21428 11154637 0.793222796261058 0.012057607755459663 0.27432 3.4230048786853255 -1.1183983042263888
21429 11154637 0.7924365007632876 0.017805385854332445 0.27432 3.4230048786853255 -1.1183983042263888
21430 11154637 0.7887083171712171 0.022703572386670805 0.27432 3.4230048786853255 -1.1183983042263888
21431 11154637 0.7849801335791466 0.02760175891900916 0.27432 3.4230048786853255 -1.1183983042263888
21432 11154637 0.7837109958796515 0.03187172683316259 0.27432 3.4230048786853255 -1.1183983042263888
21433 11154637 0.7824418581801564 0.03614169474731602 0.27432 3.4230048786853255 -1.1183983042263888
21434 11154637 0.7830971652886594 0.03814729430932908 0.27432 3.4230048786853255 -1.1183983042263888
21435 11154637 0.7825350769662973 0.04458119806310647 0.27432 3.4230048786853255 -1.1183983042263888
21436 11154637 0.7819729886439352 0.05101510181688386 0.27432 3.4230048786853255 -1.1183983042263888
21437 11154637 0.7842148335055936 0.057876362124023376 0.27432 3.4230048786853255 -1.1183983042263888
21438 11154637 0.7842146889662087 0.057661914522378226 0.2743696354753852 3.4230048786853255 -1.1183983042263888
21439 11154637 0.7842145444268238 0.0574474669207331 0.2744192709507704 3.4230048786853255 -1.1183983042263888
21440 11154637 0.784214399887439 0.05723301931908796 0.2744689064261556 3.4230048786853255 -1.1183983042263888
21441 11154637 0.7842142553480541 0.05701857171744281 0.2745185419015408 3.4230048786853255 -1.1183983042263888
21442 11154637 0.7842141108086692 0.0568041241157977 0.274568177376926 3.4230048786853255 -1.1183983042263888
21443 11154637 0.7842139662692843 0.05658967651415256 0.2746178128523112 3.4230048786853255 -1.1183983042263888
21444 11154637 0.7842138217298994 0.05637522891250742 0.27466744832769635 3.4230048786853255 -1.1183983042263888
