26563 10499145 1.063834195141333 0.0003992338148553348 0.27432 2.4052100301063666 -2.6800637823521534
26564 10499145 1.0266739613845306 0.003543896591800322 0.27432 2.4052100301063666 -2.6800637823521534
26565 10499145 0.9938993949932492 0.0031243210812698825 0.27432 2.4052100301063666 -2.6800637823521534
26566 10499145 0.9611248286019678 0.0027047455707394433 0.27432 2.4052100301063666 -2.6800637823521534
26567 10499145 0.9283502622106864 0.002285170060209004 0.27432 2.4052100301063666 -2.6800637823521534
26568 10499145 0.8955756958194051 0.0018655945496785648 0.27432 2.4052100301063666 -2.6800637823521534
26569 10499145 0.8628011294281237 0.0014460190391481255 0.27432 2.4052100301063666 -2.6800637823521534
26570 10499145 0.8300265630368424 0.0010264435286176862 0.27432 2.4052100301063666 -2.6800637823521534
26571 10499145 0.7972519966455609 0.000606868018087247 0.27432 2.4052100301063666 -2.6800637823521534
26572 10499145 0.7644774302542796 0.00018729250755680768 0.27432 2.4052100301063666 -2.6800637823521534
26573 10499145 0.6934652974281117 0.0008424833800346337 0.28194 2.4052100301063666 -2.6800637823521534
26574 10499145 0.657323536969195 0.002079081066089214 0.28194 2.4052100301063666 -2.6800637823521534
26575 10499145 0.6211817765102782 0.003315678752143794 0.28194 2.4052100301063666 -2.6800637823521534
26576 10499145 0.5680495684883805 0.0017514246977008636 0.28194 2.4052100301063666 -2.6800637823521534
26577 10499145 0.5149173604664828 0.00018717064325793345 0.28194 2.4052100301063666 -2.6800637823521534
26578 10499145 0.47790360848387003 0.0010669179944271523 0.28194 2.4052100301063666 -2.6800637823521534
26579 10499145 0.4382537538965133 0.003392428514495505 0.28194 2.4052100301063666 -2.6800637823521534
26580 10499145 0.3769216760623804 0.007312798977760687 0.28194 2.4052100301063666 -2.6800637823521534
26581 10499145 0.33327761175403303 0.005570014597381685 0.28956 2.4052100301063666 -2.6800637823521534
26582 10499145 0.2843831215056205 0.005426518835316141 0.28956 2.4052100301063666 -2.6800637823521534
26583 10499145 0.24236023691442365 0.008645410430313444 0.29718 2.4052100301063666 -2.6800637823521534
26584 10499145 0.20027355288831586 0.004875602555848652 0.29718 2.4052100301063666 -2.6800637823521534
26585 10499145 0.14938547913548772 0.006786458048566535 0.3048 2.4052100301063666 -2.6800637823521534
26586 10499145 0.09571053174345934 0.008323368368551576 0.31242000000000003 2.4052100301063666 -2.6800637823521534
26587 10499145 0.046850113154837225 0.008287063929860644 0.32004000000000005 2.4052100301063666 -2.6800637823521534
26588 10499145 0.0029332942461783858 0.009789688657432237 0.32766 2.4052100301063666 -2.6800637823521534
26589 10499145 -0.04935295241284776 0.012859847685493449 0.33528 2.4052100301063666 -2.6800637823521534
26590 10499145 -0.07056518775827447 0.014535855117571744 0.33909 2.4052100301063666 -2.6800637823521534
26591 10499145 -0.09177742310370117 0.01621186254965004 0.34290000000000004 2.4052100301063666 -2.6800637823521534
26592 10499145 -0.1557094424770753 0.018299279711988387 0.3467100000000001 2.4052100301063666 -2.6800637823521534
26593 10499145 -0.1902489130246492 0.020301273440346632 0.3486150000000001 2.4052100301063666 -2.6800637823521534
26594 10499145 -0.22478838357222308 0.022303267168704868 0.35052000000000005 2.4052100301063666 -2.6800637823521534
26595 10499145 -0.26893821910226623 0.02037867452008693 0.3581400000000001 2.4052100301063666 -2.6800637823521534
26596 10499145 -0.3189202415934416 0.011481574473443916 0.36576 2.4052100301063666 -2.6800637823521534
26597 10499145 -0.3553564898458557 0.005984427401765163 0.36576 2.02432691222005 -1.58691946628102
26598 10499145 -0.3988688269955698 -0.01192027937671722 0.37338000000000005 2.02432691222005 -1.58691946628102
26599 10499145 -0.442507372543564 -0.02966671102123755 0.381 2.02432691222005 -1.58691946628102
26600 10499145 -0.4896417324748637 -0.0570187624405418 0.381 2.02432691222005 -1.58691946628102
26601 10499145 -0.5291660271684121 -0.08826050431189511 0.38861999999999997 2.02432691222005 -1.58691946628102
26602 10499145 -0.5518279442018241 -0.13491222535408268 0.3929742857142857 2.02432691222005 -1.58691946628102
26603 10499145 -0.5744898612352362 -0.1815639463962702 0.3973285714285715 2.02432691222005 -1.58691946628102
26604 10499145 -0.5971517782686483 -0.22821566743845775 0.4016828571428572 2.02432691222005 -1.58691946628102
26605 10499145 -0.6198136953020604 -0.2748673884806453 0.4060371428571429 2.02432691222005 -1.58691946628102
26606 10499145 -0.6424756123354726 -0.3215191095228329 0.4103914285714286 2.02432691222005 -1.58691946628102
26607 10499145 -0.6651375293688846 -0.3681708305650204 0.4147457142857143 2.02432691222005 -1.58691946628102
26608 10499145 -0.6877994464022967 -0.4148225516072081 0.4191 2.02432691222005 -1.58691946628102
26609 10499145 -0.6898451743258923 -0.4542275746233 0.42291000000000006 2.02432691222005 -1.58691946628102
26610 10499145 -0.6918909022494879 -0.4936325976393919 0.42672 2.02432691222005 -1.58691946628102
26611 10499145 -0.6843175843538452 -0.5709985289327908 0.4343400000000001 2.02432691222005 -1.58691946628102
26612 10499145 -0.6721720029261264 -0.6289459626842552 0.4343400000000001 2.02432691222005 -1.58691946628102
26613 10499145 -0.6671647476146456 -0.6571039498885689 0.43815 2.02432691222005 -1.58691946628102
26614 10499145 -0.6621574923031648 -0.6852619370928826 0.44196 2.02432691222005 -1.58691946628102
26615 10499145 -0.6522293890685951 -0.7364089214361061 0.4572000000000001 2.02432691222005 -1.58691946628102
26616 10499145 -0.6420520807423638 -0.7911422513497471 0.4572000000000001 2.02432691222005 -1.58691946628102
26617 10499145 -0.6313448129090706 -0.8437120727472628 0.4648200000000001 2.02432691222005 -1.58691946628102
26618 10499145 -0.6211140955261474 -0.8912190569082908 0.47244 2.02432691222005 -1.58691946628102
26619 10499145 -0.6112536907269883 -0.9425771909545724 0.47244 2.02432691222005 -1.58691946628102
26620 10499145 -0.6005214019198135 -0.9939865745022656 0.47244 2.02432691222005 -1.58691946628102
26621 10499145 -0.5855737115403585 -1.0759817306927693 0.48006000000000004 2.02432691222005 -1.58691946628102
26622 10499145 -0.5697851483872836 -1.1298614615539992 0.48006000000000004 2.02432691222005 -1.58691946628102
26623 10499145 -0.5628214723703397 -1.1775851523392236 0.48006000000000004 2.02432691222005 -1.58691946628102
26624 10499145 -0.5486522737584325 -1.234790747397153 0.48768 2.02432691222005 -1.58691946628102
26625 10499145 -0.5390656706863031 -1.2869933791524155 0.48768 2.02432691222005 -1.58691946628102
26626 10499145 -0.525345896012718 -1.3347053416495156 0.4953 2.02432691222005 -1.58691946628102
26627 10499145 -0.515308327652372 -1.3964016398001606 0.4953 2.02432691222005 -1.58691946628102
26628 10499145 -0.509769957055596 -1.4623519426957254 0.50292 2.02432691222005 -1.58691946628102
26629 10499145 -0.4981135838384072 -1.5231751460630525 0.51054 2.02432691222005 -1.58691946628102
26630 10499145 -0.4941597444512722 -1.5790272496098516 0.5181600000000001 2.02432691222005 -1.58691946628102
26631 10499145 -0.4868733396767953 -1.6409922060047246 0.52578 2.02432691222005 -1.58691946628102
26632 10499145 -0.4850077767887819 -1.6852964293488388 0.52578 2.02432691222005 -1.58691946628102
26633 10499145 -0.4792696698642554 -1.7346048636854292 0.5334 2.02432691222005 -1.58691946628102
26634 10499145 -0.4789575578496812 -1.7852942465528785 0.54102 2.02432691222005 -1.58691946628102
26635 10499145 -0.4751596715743263 -1.8307555985273711 0.5448299999999999 2.02432691222005 -1.58691946628102
26636 10499145 -0.4713617852989713 -1.876216950501864 0.54864 2.02432691222005 -1.58691946628102
26637 10499145 -0.4678292129277712 -1.9306458148019 0.5562600000000001 2.02432691222005 -1.58691946628102
26638 10499145 -0.462845082002868 -1.9915073210563887 0.5562600000000001 2.02432691222005 -1.58691946628102
26639 10499145 -0.45851166382553793 -2.0353326503162354 0.56388 2.02432691222005 -1.58691946628102
26640 10499145 -0.454645908434326 -2.090103872901926 0.5715 2.02432691222005 -1.58691946628102
26641 10499145 -0.4507108703334082 -2.1446640146244724 0.5715 2.02432691222005 -1.58691946628102
26642 10499145 -0.4488088296629773 -2.2029991912291145 0.57912 2.02432691222005 -1.58691946628102
26643 10499145 -0.4429222093224039 -2.270347199281538 0.5867399999999999 2.02432691222005 -1.58691946628102
26644 10499145 -0.4397325369709992 -2.3258318299121776 0.5867399999999999 2.02432691222005 -1.58691946628102
26645 10499145 -0.4367747331621781 -2.384745482784206 0.59436 2.02432691222005 -1.58691946628102
26646 10499145 -0.43488224474824505 -2.427889557531441 0.59436 2.02432691222005 -1.58691946628102
26647 10499145 -0.4347703302742831 -2.46017080619066 0.59436 2.02432691222005 -1.58691946628102
26648 10499145 -0.4332548143481951 -2.5452498476372387 0.6019800000000001 2.02432691222005 -1.58691946628102
26649 10499145 -0.43008247794838295 -2.595354419914464 0.6019800000000001 2.02432691222005 -1.58691946628102
26650 10499145 -0.4309295573108154 -2.6224154079358883 0.6019800000000001 2.02432691222005 -1.58691946628102
26651 10499145 -0.43119209776704 -2.7091329083505964 0.6096 2.02432691222005 -1.58691946628102
26652 10499145 -0.4305707968051723 -2.7512771787097883 0.6172200000000001 2.02432691222005 -1.58691946628102
26653 10499145 -0.42994949584330455 -2.7934214490689797 0.6248400000000001 2.02432691222005 -1.58691946628102
26654 10499145 -0.4336432744357721 -2.853665829426332 0.6248400000000001 2.02432691222005 -1.58691946628102
26655 10499145 -0.4373370530282397 -2.9139102097836846 0.6248400000000001 2.02432691222005 -1.58691946628102
26656 10499145 -0.4385595098747659 -2.967952435797814 0.63246 2.02432691222005 -1.58691946628102
26657 10499145 -0.4427653870992284 -3.0236483333330626 0.6362700000000001 2.02432691222005 -1.58691946628102
26658 10499145 -0.4469712643236909 -3.079344230868311 0.6400800000000001 2.02432691222005 -1.58691946628102
26659 10499145 -0.4444087401413888 -3.104131206480477 0.6477 2.02432691222005 -1.58691946628102
26660 10499145 -0.44747932843831395 -3.164649048852048 0.65532 2.02432691222005 -1.58691946628102
26661 10499145 -0.4505499167352393 -3.2251668912236178 0.6629400000000001 2.02432691222005 -1.58691946628102
26662 10499145 -0.4536205050321646 -3.2856847335951884 0.67056 2.02432691222005 -1.58691946628102
26663 10499145 -0.4566910933290898 -3.346202575966758 0.6781800000000001 2.02432691222005 -1.58691946628102
26664 10499145 -0.4597616816260151 -3.4067204183383293 0.6858000000000001 2.02432691222005 -1.58691946628102
