50676.0 11289096.0 5.296245263645805 1.1184251524549818 0.67056 -0.7988559315902777 -2.445003484775232
50677.0 11289096.0 5.245088694025116 1.1142609504202154 0.67056 -0.7988559315902777 -2.445003484775232
50678.0 11289096.0 5.193932124404426 1.110096748385449 0.67056 -0.7988559315902777 -2.445003484775232
50679.0 11289096.0 5.142775554783736 1.1059325463506826 0.67056 -0.7988559315902777 -2.445003484775232
50680.0 11289096.0 5.091618985163047 1.101768344315916 0.67056 -0.7988559315902777 -2.445003484775232
50681.0 11289096.0 5.040462415542357 1.0976041422811496 0.67056 -0.7988559315902777 -2.445003484775232
50682.0 11289096.0 4.989305845921667 1.0934399402463832 0.67056 -0.7988559315902777 -2.445003484775232
50683.0 11289096.0 4.938149276300977 1.0892757382116167 0.67056 -0.7988559315902777 -2.445003484775232
50684.0 11289096.0 4.886992706680288 1.0851115361768504 0.67056 -0.7988559315902777 -2.445003484775232
50685.0 11289096.0 4.835836137059598 1.0809473341420839 0.67056 -0.7988559315902777 -2.445003484775232
50686.0 11289096.0 4.752552147919598 1.0759933886625581 0.67056 -0.7988559315902777 -2.445003484775232
50687.0 11289096.0 4.712103295414797 1.0758142325437303 0.67056 -0.7988559315902777 -2.445003484775232
50688.0 11289096.0 4.671654442909998 1.0756350764249025 0.67056 -0.7988559315902777 -2.445003484775232
50689.0 11289096.0 4.551959603792355 1.0665587898612081 0.67056 -0.7988559315902777 -2.445003484775232
50690.0 11289096.0 4.508638449122616 1.0657408303495914 0.67056 -0.7988559315902777 -2.445003484775232
50691.0 11289096.0 4.465317294452877 1.0649228708379748 0.67056 -0.7988559315902777 -2.445003484775232
50692.0 11289096.0 4.417822287954097 1.0621963606309706 0.67056 -0.7988559315902777 -2.445003484775232
50693.0 11289096.0 4.336086652938691 1.06199806901249 0.67056 -0.7988559315902777 -2.445003484775232
50694.0 11289096.0 4.275994119196693 1.0617473956305372 0.67056 -0.7988559315902777 -2.445003484775232
50695.0 11289096.0 4.253994500123863 1.0601648132929204 0.67056 -0.7988559315902777 -2.445003484775232
50696.0 11289096.0 4.2319948810510315 1.058582230955304 0.67056 -0.7988559315902777 -2.445003484775232
50697.0 11289096.0 4.174044781155922 1.0564651423910054 0.67056 -0.7988559315902777 -2.445003484775232
50698.0 11289096.0 4.123088715270671 1.0567387470327896 0.67056 -0.7988559315902777 -2.445003484775232
50699.0 11289096.0 4.042154427509052 1.0562820344430852 0.665788466492426 -0.7988559315902777 -2.445003484775232
50700.0 11289096.0 3.998155609595763 1.054753401338685 0.6617649100433982 -0.7988559315902777 -2.445003484775232
50701.0 11289096.0 3.9116391460301188 1.0562364867135923 0.658371675196976 -0.7988559315902777 -2.445003484775232
50702.0 11289096.0 3.8850029299364546 1.0562264589732737 0.6555097747245527 -0.7988559315902777 -2.445003484775232
50703.0 11289096.0 3.8583667138427904 1.0562164312329552 0.6530958633937122 -0.7988559315902777 -2.445003484775232
50704.0 11289096.0 3.8090958717292764 1.057577523088567 0.6510597276417497 -0.7988559315902777 -2.445003484775232
50705.0 11289096.0 3.718131654262134 1.0603975271298336 0.649342193404194 -0.7988559315902777 -2.445003484775232
50706.0 11289096.0 3.6722199899783483 1.062532207035087 0.6478933764791873 -0.7988559315902777 -2.445003484775232
50707.0 11289096.0 3.617321832889523 1.0667824996889659 0.6466712157293673 -0.7988559315902777 -2.445003484775232
50708.0 11289096.0 3.589853987206328 1.0664024435720003 0.6456402412116299 -0.7988559315902777 -2.445003484775232
50709.0 11289096.0 3.562386141523133 1.0660223874550347 0.6447705382877642 -0.7988559315902777 -2.445003484775232
50710.0 11289096.0 3.487091078747966 1.0665344516519109 0.6440368757414945 -0.7988559315902777 -2.445003484775232
50711.0 11289096.0 3.407508560284726 1.0675122014556804 0.64341797145693 -0.7988559315902777 -2.445003484775232
50712.0 11289096.0 3.3585708208881266 1.0709869785185684 0.6428958736666687 -0.7988559315902777 -2.445003484775232
50713.0 11289096.0 3.298407178181381 1.0705334496287628 0.6424554394077392 -0.7988559315902777 -2.445003484775232
50714.0 11289096.0 3.2309870233147304 1.0706969325848628 0.6420838948096975 -0.7988559315902777 -2.445003484775232
50715.0 11289096.0 3.192864127476452 1.0722195275626136 0.6417704643126155 -0.7988559315902777 -2.445003484775232
50716.0 11289096.0 3.154741231638174 1.0737421225403643 0.6415060579718715 -0.7988559315902777 -2.445003484775232
50717.0 11289096.0 3.084928940924284 1.0801782304825862 0.6412830077273065 -0.7988559315902777 -2.445003484775232
50718.0 11289096.0 3.0576888631142367 1.07832384089473 0.6410948449559691 -0.7988559315902777 -2.445003484775232
50719.0 11289096.0 2.999177752935763 1.0813049635796503 0.64093611283792 -0.7988559315902777 -2.445003484775232
50720.0 11289096.0 2.922144412523208 1.090100082556436 0.6408022080819595 -0.7988559315902777 -2.445003484775232
50721.0 11289096.0 2.8717941268425102 1.0908851064065948 0.6406892474142796 -0.7988559315902777 -2.445003484775232
50722.0 11289096.0 2.818638535930974 1.096675053898192 0.640593954953974 -0.7988559315902777 -2.445003484775232
50723.0 11289096.0 2.775460671010491 1.099850237870793 0.6405135672067607 -0.7988559315902777 -2.445003484775232
50724.0 11289096.0 2.732282806090008 1.1030254218433941 0.6404457529202062 -0.7988559315902777 -2.445003484775232
50725.0 11289096.0 2.6814859231235704 1.1048920882735032 0.6403885454753393 -0.7988559315902777 -2.445003484775232
50726.0 11289096.0 2.6287764923690373 1.1096031710136443 0.6403402858534605 -0.7988559315902777 -2.445003484775232
50727.0 11289096.0 2.580524286194775 1.111106894601386 0.6402995745238553 -0.7988559315902777 -2.445003484775232
50728.0 11289096.0 2.4944051536848955 1.1124762941069355 0.6402652308569569 -0.7988559315902777 -2.445003484775232
50729.0 11289096.0 2.4422677922660054 1.1159504989387816 0.6402362588858196 -0.7988559315902777 -2.445003484775232
50730.0 11289096.0 2.3886291701778335 1.1202657847882642 0.6402118184229171 -0.7988559315902777 -2.445003484775232
50731.0 11289096.0 2.364147813026518 1.121426477862229 0.6401912006946069 -0.7988559315902777 -2.445003484775232
50732.0 11289096.0 2.3396664558752027 1.1225871709361939 0.640173807786637 -0.7988559315902777 -2.445003484775232
50733.0 11289096.0 2.2912101374282456 1.1275472186717848 0.6401591353045978 -0.7988559315902777 -2.445003484775232
50734.0 11289096.0 2.212359349434127 1.1297003471743063 0.6401467577464628 -0.7988559315902777 -2.445003484775232
50735.0 11289096.0 2.158695347059182 1.1312218443456712 0.6401363161630178 -0.7988559315902777 -2.445003484775232
50736.0 11289096.0 2.078150700204989 1.1374342452619892 0.6401275077483258 -0.7988559315902777 -2.445003484775232
50737.0 11289096.0 2.024800056643108 1.1439947561911414 0.6401200770583507 -0.7988559315902777 -2.445003484775232
50738.0 11289096.0 1.971449413081227 1.1505552671202939 0.640113808603077 -0.7988559315902777 -2.445003484775232
50739.0 11289096.0 1.9263001511338937 1.148245919569632 0.640108520597298 -0.7988559315902777 -2.445003484775232
50740.0 11289096.0 1.8671230322850734 1.1519207035223695 0.6401040596888439 -0.7988559315902777 -2.445003484775232
50741.0 11289096.0 1.810528529485884 1.1594253198454487 0.6401002965113683 -0.7988559315902777 -2.445003484775232
50742.0 11289096.0 1.7583354161484315 1.1657263061284338 0.6353297431780631 -0.7988559315902777 -2.445003484775232
50743.0 11289096.0 1.7268610089098484 1.1677715192135976 0.6313053523980011 -0.7988559315902777 -2.445003484775232
50744.0 11289096.0 1.6953866016712653 1.1698167322987616 0.6279104168381291 -0.7988559315902777 -2.445003484775232
50745.0 11289096.0 1.620215994667193 1.1734608537512758 0.6250464833669518 -0.7988559315902777 -2.445003484775232
50746.0 11289096.0 1.562968228173692 1.1814144556248773 0.6226304979136497 -0.7988559315902777 -2.445003484775232
50747.0 11289096.0 1.515989914619419 1.1860136030849413 0.6205923968999836 -0.7988559315902777 -2.445003484775232
50748.0 11289096.0 1.4687124564889995 1.1894256980472897 0.6188730753965012 -0.7988559315902777 -2.445003484775232
50749.0 11289096.0 1.4149911673238993 1.1921394827067346 0.6174226730795678 -0.7988559315902777 -2.445003484775232
50750.0 11289096.0 1.3529182223407072 1.2019048027940558 0.6161991282819722 -0.7988559315902777 -2.445003484775232
50751.0 11289096.0 1.2758357234406088 1.2092145408349493 0.615166958204572 -0.7988559315902777 -2.445003484775232
50752.0 11289096.0 1.2492744988485822 1.2121682455181784 0.6142962299151153 -0.7988559315902777 -2.445003484775232
50753.0 11289096.0 1.1690988891989365 1.2222421235254195 0.6135616922932037 -0.7988559315902777 -2.445003484775232
50754.0 11289096.0 1.1405881310813193 1.224664997958402 0.6129420437477988 -0.7988559315902777 -2.445003484775232
50755.0 11289096.0 1.1120773729637023 1.2270878723913843 0.6124193144710824 -0.7988559315902777 -2.445003484775232
50756.0 11289096.0 1.055996062584452 1.2320941564365218 0.611978345314029 -0.7988559315902777 -2.445003484775232
50757.0 11289096.0 1.0079197132455067 1.2398592352113638 0.6116063481710831 -0.7988559315902777 -2.445003484775232
50758.0 11289096.0 0.9512468044642548 1.2498496028641963 0.6112925351250992 -0.7988559315902777 -2.445003484775232
50759.0 11289096.0 0.866234002904258 1.2611570353082173 0.6110278055977434 -0.7988559315902777 -2.445003484775232
50760.0 11289096.0 0.8224644580086254 1.2647120893883461 0.6108044824327223 -0.7988559315902777 -2.445003484775232
50761.0 11289096.0 0.7746295641842857 1.2732176533399586 0.6106160892582504 -0.7988559315902777 -2.445003484775232
50762.0 11289096.0 0.7182543273421906 1.2827621309635275 0.6104571626722678 -0.7988559315902777 -2.445003484775232
50763.0 11289096.0 0.6672102990417876 1.292317198076797 0.610323093803781 -0.7988559315902777 -2.445003484775232
50764.0 11289096.0 0.6118700262921224 1.3050291987248828 0.6102099946556039 -0.7988559315902777 -2.445003484775232
50765.0 11289096.0 0.5561591472336134 1.3138905452985095 0.6101145853524392 -0.7988559315902777 -2.445003484775232
50766.0 11289096.0 0.4891729660922884 1.329007823090364 0.6100340990244953 -0.7988559315902777 -2.445003484775232
50767.0 11289096.0 0.44187325893765006 1.3337190043242755 0.6099662015682619 -0.7988559315902777 -2.445003484775232
50768.0 11289096.0 0.38925051497037916 1.346596071549486 0.609908923957508 -0.7988559315902777 -2.445003484775232
50769.0 11289096.0 0.34988713118019443 1.353854531370136 0.6098606051415217 -0.7988559315902777 -2.445003484775232
50770.0 11289096.0 0.31052374739000976 1.361112991190786 0.6098198438746397 -0.7988559315902777 -2.445003484775232
50771.0 11289096.0 0.2839623859864061 1.3640703287843154 0.6097854580801222 -0.7988559315902777 -2.445003484775232
50772.0 11289096.0 0.20248546730599337 1.3799547456302423 0.6097564505699282 -0.7988559315902777 -2.445003484775232
50773.0 11289096.0 0.14936949918241837 1.3924107381546418 0.6097319801262622 -0.7988559315902777 -2.445003484775232
50774.0 11289096.0 0.11117510112605533 1.399171480659857 0.6097113371062577 -0.7988559315902777 -2.445003484775232
50775.0 11289096.0 0.059462808917577714 1.405327671371841 0.6096939228623347 -0.7988559315902777 -2.445003484775232
50776.0 11289096.0 0.008134377023446993 1.4167330730474978 0.6096792323814194 -0.7988559315902777 -2.445003484775232
50777.0 11289096.0 -0.035921806241254406 1.4205039132590345 0.6096668396395653 -0.7988559315902777 -2.445003484775232
50778.0 11289096.0 -0.10087167378530992 1.4309889008986951 0.6144237640000755 -0.7988559315902777 -2.445003484775232
50779.0 11289096.0 -0.124275650360959 1.4381730476836732 0.613669278763771 -0.7988559315902777 -2.445003484775232
50780.0 11289096.0 -0.19221718835966484 1.4492864635785663 0.6130328026116157 -0.7988559315902777 -2.445003484775232
50781.0 11289096.0 -0.21325928647870218 1.4512006310015013 0.6124958777351974 -0.7988559315902777 -2.445003484775232
50782.0 11289096.0 -0.23430138459773953 1.4531147984244364 0.6120429333130998 -0.7988559315902777 -2.445003484775232
50783.0 11289096.0 -0.2871203685990482 1.4643087249924742 0.611660833957082 -0.7988559315902777 -2.445003484775232
50784.0 11289096.0 -0.3205225916381289 1.4707901772028782 0.6113384987858197 -0.7988559315902777 -2.445003484775232
50785.0 11289096.0 -0.39389224977058634 1.4772543998570142 0.6110665800793461 -0.7988559315902777 -2.445003484775232
50786.0 11289096.0 -0.43507738148900454 1.4854633533841872 0.6108371921951735 -0.7988559315902777 -2.445003484775232
50787.0 11289096.0 -0.47881283199144065 1.4891320272057997 0.610643682884661 -0.7988559315902777 -2.445003484775232
50788.0 11289096.0 -0.5241286174384909 1.4944860768117543 0.6104804403778037 -0.7988559315902777 -2.445003484775232
50789.0 11289096.0 -0.5911988802371162 1.5055521006534414 0.6103427306419027 -0.7988559315902777 -2.445003484775232
50790.0 11289096.0 -0.6225403706862698 1.5093749754134107 0.6102265600946168 -0.7988559315902777 -2.445003484775232
50791.0 11289096.0 -0.6538818611354233 1.5131978501733803 0.6101285597900749 -0.7988559315902777 -2.445003484775232
50792.0 11289096.0 -0.6956089627759656 1.5186646470973395 0.610045887719445 -0.7988559315902777 -2.445003484775232
50793.0 11289096.0 -0.747757133746404 1.5248523799705225 0.6052087676398622 -0.7988559315902777 -2.445003484775232
50794.0 11289096.0 -0.7882892217272068 1.5326161739201727 0.6011282218218355 -0.7988559315902777 -2.445003484775232
50795.0 11289096.0 -0.8354400637387802 1.5375207757502019 0.5976859144366419 -0.7988559315902777 -2.445003484775232
50796.0 11289096.0 -0.8775366856203961 1.540772726000371 0.5947820185701109 -0.7988559315902777 -2.445003484775232
50797.0 11289096.0 -0.9462294330895631 1.5468813451564876 0.5923323212421132 -0.7988559315902777 -2.445003484775232
50798.0 11289096.0 -0.9673580092327787 1.5485338572929852 0.5902657812301367 -0.7988559315902777 -2.445003484775232
50799.0 11289096.0 -1.0370539191386847 1.549947359239548 0.5885224688738343 -0.7988559315902777 -2.445003484775232
50800.0 11289096.0 -1.0592770379155634 1.5471677641477364 0.587051828114873 -0.7988559315902777 -2.445003484775232
50801.0 11289096.0 -1.081500156692442 1.5443881690559247 0.5858112103712431 -0.7988559315902777 -2.445003484775232
50802.0 11289096.0 -1.1379376860981865 1.540180873582803 0.5847646377283792 -0.7988559315902777 -2.445003484775232
50803.0 11289096.0 -1.1787526454281496 1.5321492431228718 0.5838817595796383 -0.7988559315902777 -2.445003484775232
50804.0 11289096.0 -1.225969409666955 1.5208371716267461 0.5831369724587069 -0.7988559315902777 -2.445003484775232
50805.0 11289096.0 -1.272104654094669 1.5033295993747922 0.577741298786261 -0.7988559315902777 -2.445003484775232
50806.0 11289096.0 -1.3154002808096659 1.4829656175719452 0.5731895627786168 -0.7988559315902777 -2.445003484775232
50807.0 11289096.0 -1.3586959075246627 1.4626016357690983 0.5693497640915524 -0.7988559315902777 -2.445003484775232
50808.0 11289096.0 -1.3930397393723277 1.440419784474723 0.566110548563143 -0.7988559315902777 -2.445003484775232
50809.0 11289096.0 -1.4273835712199927 1.4182379331803479 0.5633779789430648 -0.7988559315902777 -2.445003484775232
50810.0 11289096.0 -1.4617274030676577 1.3960560818859726 0.5610728107123355 -0.7988559315902777 -2.445003484775232
50811.0 11289096.0 -1.4960712349153227 1.3738742305915974 0.5591281939922639 -0.7988559315902777 -2.445003484775232
50812.0 11289096.0 -1.5387611949155338 1.3343263530085057 0.5574877348979679 -0.7988559315902777 -2.445003484775232
50813.0 11289096.0 -1.5814511549157448 1.294778475425414 0.556103860115713 -0.7988559315902777 -2.445003484775232
50814.0 11289096.0 -1.6168286608194824 1.2626532330732603 0.5501690585239969 -0.7988559315902777 -2.445003484775232
50815.0 11289096.0 -1.6465740081410043 1.2233108874894345 0.5451625196294767 -0.7988559315902777 -2.445003484775232
50816.0 11289096.0 -1.6762931594478927 1.186764196247571 0.5409390538042114 -0.7988559315902777 -2.445003484775232
50817.0 11289096.0 -1.7005894255346268 1.1545776553455336 0.5373761805392682 -0.7988559315902777 -2.445003484775232
50818.0 11289096.0 -1.7248856916213609 1.1223911144434964 0.5343705765099637 -0.7988559315902777 -2.445003484775232
50819.0 11289096.0 -1.745562615185339 1.0917663236418966 0.5318350791994482 -0.7988559315902777 -2.445003484775232
50820.0 11289096.0 -1.7694162874622463 1.05143142603348 0.5296961591857167 -0.7988559315902777 -2.445003484775232
50821.0 11289096.0 -1.813126737526929 0.9856950362438944 0.5278917877883709 -0.7988559315902777 -2.445003484775232
50822.0 11289096.0 -1.8328918717961271 0.9415689481137527 0.5263696382368879 -0.7988559315902777 -2.445003484775232
50823.0 11289096.0 -1.852795183725296 0.8970207072998361 0.5250855681942747 -0.7988559315902777 -2.445003484775232
50824.0 11289096.0 -1.8849791340107094 0.833939752432342 0.5240023396292953 -0.7988559315902777 -2.445003484775232
50825.0 11289096.0 -1.8940867583954881 0.8033858774532495 0.5230885389135655 -0.7988559315902777 -2.445003484775232
50826.0 11289096.0 -1.9051534625043394 0.7695587412800262 0.5223176658263292 -0.7988559315902777 -2.445003484775232
50827.0 11289096.0 -1.9162201666131906 0.7357316051068029 0.5216673650480564 -0.7988559315902777 -2.445003484775232
50828.0 11289096.0 -1.9267798195730792 0.6898791913851786 0.5211187778561773 -0.7988559315902777 -2.445003484775232
50829.0 11289096.0 -1.9381862752427599 0.6360080858102235 0.5206559952221274 -0.7988559315902777 -2.445003484775232
50830.0 11289096.0 -1.9502077013912318 0.5666814525582252 0.520265596449519 -0.7988559315902777 -2.445003484775232
50831.0 11289096.0 -1.948488358785389 0.5377265568120019 0.5199362599739467 -0.7988559315902777 -2.445003484775232
50832.0 11289096.0 -1.948152834332676 0.4974818741242965 0.5196584350376189 -0.7988559315902777 -2.445003484775232
50833.0 11289096.0 -1.947817309879963 0.45723719143659114 0.519424064717382 -0.7988559315902777 -2.445003484775232
50834.0 11289096.0 -1.9423154948640542 0.4075325064909 0.5192263522739492 -0.7988559315902777 -2.445003484775232
50835.0 11289096.0 -1.9293584052767685 0.35889419439551695 0.5190595640464609 -0.7988559315902777 -2.445003484775232
50836.0 11289096.0 -1.908554457945182 0.30301539378300135 0.51891886317632 -0.7988559315902777 -2.445003484775232
50837.0 11289096.0 -1.8823229240147439 0.2593821211924445 0.5188001693382923 -0.7988559315902777 -2.445003484775232
50838.0 11289096.0 -1.858408250454613 0.22468584934559827 0.5187000404110751 -0.7988559315902777 -2.445003484775232
50839.0 11289096.0 -1.8344935768944823 0.18998957749875198 0.5186155726557791 -0.7988559315902777 -2.445003484775232
50840.0 11289096.0 -1.8183428977536613 0.17419083482216133 0.5185443165075007 -0.7988559315902777 -2.445003484775232
50841.0 11289096.0 -1.7672255773110657 0.13059671195156927 0.5184842055379398 -0.7988559315902777 -2.445003484775232
50842.0 11289096.0 -1.7300679437661735 0.1032532449924882 0.5184334965289792 -0.7988559315902777 -2.445003484775232
50843.0 11289096.0 -1.6904691570960713 0.08445869761017563 0.5136233401665421 -0.7988559315902777 -2.445003484775232
50844.0 11289096.0 -1.6482558018571905 0.06551026439571347 0.5095655406689347 -0.7988559315902777 -2.445003484775232
50845.0 11289096.0 -1.6029184595647614 0.0506812430175749 0.5061424218507263 -0.7988559315902777 -2.445003484775232
50846.0 11289096.0 -1.5580681575660738 0.04115273075790668 0.5032547132661891 -0.7988559315902777 -2.445003484775232
50847.0 11289096.0 -1.5162725713491858 0.027716400920057865 0.5008186713663714 -0.7988559315902777 -2.445003484775232
50848.0 11289096.0 -1.457064331107795 0.018633470376011346 0.49876365093617836 -0.7988559315902777 -2.445003484775232
50849.0 11289096.0 -1.430600915363023 0.015353039993123735 0.4922626776303176 -0.7988559315902777 -2.445003484775232
50850.0 11289096.0 -1.372938823721494 0.008061695048304313 0.4867785219757361 -0.7988559315902777 -2.445003484775232
50851.0 11289096.0 -1.3252045629259548 0.0035502210688929947 0.4821521434584509 -0.7988559315902777 -2.445003484775232
50852.0 11289096.0 -1.2791115129819588 -0.0021767716341945242 0.4782493771014608 -0.7988559315902777 -2.445003484775232
50853.0 11289096.0 -1.2386440943061319 -0.0033765100888977495 0.4749570426804131 -0.7988559315902777 -2.445003484775232
50854.0 11289096.0 -1.1895570046555342 -0.008095836798545003 0.47217966249709736 -0.7988559315902777 -2.445003484775232
50855.0 11289096.0 -1.1524634406335281 -0.011463223963535857 0.4650693137733805 -0.7988559315902777 -2.445003484775232
50856.0 11289096.0 -1.130439380092561 -0.010661993289380528 0.4590710951490917 -0.7988559315902777 -2.445003484775232
50857.0 11289096.0 -1.1084153195515936 -0.0098607626152252 0.4540110582841266 -0.7988559315902777 -2.445003484775232
50858.0 11289096.0 -1.068474423200288 -0.009952732132396364 0.4497424621094011 -0.7988559315902777 -2.445003484775232
50859.0 11289096.0 -1.010655571508048 -0.009698163933153509 0.4461415173358483 -0.7988559315902777 -2.445003484775232
50860.0 11289096.0 -0.9714223517578955 -0.006520509567528615 0.443103796565035 -0.7988559315902777 -2.445003484775232
50861.0 11289096.0 -0.9293721287395872 -0.00151803831231348 0.43815751651819934 -0.7988559315902777 -2.445003484775232
50862.0 11289096.0 -0.8873219057212789 0.003484432942901655 0.431601195073983 -0.7988559315902777 -2.445003484775232
50863.0 11289096.0 -0.8473797007671464 0.005028837166795558 0.4260703482869121 -0.7988559315902777 -2.445003484775232
50864.0 11289096.0 -0.797639373199182 0.011548248213481077 0.4214045816001617 -0.7988559315902777 -2.445003484775232
50865.0 11289096.0 -0.7602805908203962 0.01008222340697254 0.41746858777981594 -0.7988559315902777 -2.445003484775232
50866.0 11289096.0 -0.7274225136657801 0.014410765228763583 0.41414822300508486 -0.7988559315902777 -2.445003484775232
50867.0 11289096.0 -0.6848592213107763 0.011477149413098103 0.41134719669750125 -0.7988559315902777 -2.445003484775232
50868.0 11289096.0 -0.6621419388280461 0.01222827605251256 0.4089842790941452 -0.7988559315902777 -2.445003484775232
50869.0 11289096.0 -0.6394246563453159 0.012979402691927017 0.4069909455845193 -0.7988559315902777 -2.445003484775232
50870.0 11289096.0 -0.587888550572242 0.009916805769467019 0.40292570012043605 -0.7988559315902777 -2.445003484775232
50871.0 11289096.0 -0.5613212304626839 0.01069469467144786 0.3983044552716412 -0.7988559315902777 -2.445003484775232
50872.0 11289096.0 -0.5347539103531258 0.011472583573428702 0.39321417493751976 -0.7988559315902777 -2.445003484775232
50873.0 11289096.0 -0.47873951879350063 0.00893280772288349 0.3889200656765863 -0.7988559315902777 -2.445003484775232
50874.0 11289096.0 -0.4416210396639644 0.008364725468822914 0.38529759832027394 -0.7988559315902777 -2.445003484775232
50875.0 11289096.0 -0.4031392748760265 0.0065333266841023085 0.38224172131524947 -0.7988559315902777 -2.445003484775232
50876.0 11289096.0 -0.3601711099703535 0.007558323661155691 0.37966381422836726 -0.7988559315902777 -2.445003484775232
50877.0 11289096.0 -0.32043844571978397 0.00683724376206471 0.3727217390012908 -0.7988559315902777 -2.445003484775232
50878.0 11289096.0 -0.2832600025773744 0.009171125759475068 0.3668654742052518 -0.7988559315902777 -2.445003484775232
50879.0 11289096.0 -0.24670269719089144 0.009605242431805355 0.36192518816116503 -0.7988559315902777 -2.445003484775232
50880.0 11289096.0 -0.20898911414706656 0.008142753914018946 0.3577576125737521 -0.7988559315902777 -2.445003484775232
50881.0 11289096.0 -0.16400239263749805 0.009910980862425395 0.354241887750978 -0.7988559315902777 -2.445003484775232
50882.0 11289096.0 -0.12219883639952966 0.004658564717685748 0.3512760576729822 -0.7988559315902777 -2.445003484775232
50883.0 11289096.0 -0.09038112386437694 0.004957310314824477 0.34809305915995764 -0.7988559315902777 -2.445003484775232
50884.0 11289096.0 -0.05856341132922423 0.0052560559119632045 0.34472685954074084 -0.7988559315902777 -2.445003484775232
50885.0 11289096.0 -0.026745698794071515 0.005554801509101933 0.34120611331208883 -0.7988559315902777 -2.445003484775232
50886.0 11289096.0 0.0050720137410812105 0.005853547106240662 0.337554993119085 -0.7988559315902777 -2.445003484775232
50887.0 11289096.0 0.036889726276233936 0.00615229270337939 0.33379389076184646 -0.7988559315902777 -2.445003484775232
50888.0 11289096.0 0.06870743881138663 0.006451038300518118 0.32994000855772765 -0.7988559315902777 -2.445003484775232
50889.0 11289096.0 0.10052515134653939 0.006749783897656847 0.3260078582085234 -0.7988559315902777 -2.445003484775232
50890.0 11289096.0 0.13823831028809264 0.005289142267982716 0.32269073574736634 -0.7988559315902777 -2.445003484775232
50891.0 11289096.0 0.15542549353372537 0.0035272889357869652 0.31989244462288285 -0.7988559315902777 -2.445003484775232
50892.0 11289096.0 0.1903337761078996 0.0029058864349943794 0.31753183439246296 -0.7988559315902777 -2.445003484775232
50893.0 11289096.0 0.2252420586820738 0.0022844839342017935 0.31554044735942455 -0.7988559315902777 -2.445003484775232
50894.0 11289096.0 0.26015034125624803 0.0016630814334092081 0.3138605332998094 -0.7988559315902777 -2.445003484775232
50895.0 11289096.0 0.2944135843544212 0.002148490402492015 0.31244337470588873 -0.7988559315902777 -2.445003484775232
50896.0 11289096.0 0.31397721569675463 0.0035825813845054566 0.31124787397843884 -0.7988559315902777 -2.445003484775232
50897.0 11289096.0 0.33354084703908804 0.005016672366518898 0.31023936159636367 -0.7988559315902777 -2.445003484775232
50898.0 11289096.0 0.357555928363648 0.004944481650750345 0.3093885907005831 -0.7988559315902777 -2.445003484775232
50899.0 11289096.0 0.38157100968820806 0.004872290934981791 0.3086708889351194 -0.7988559315902777 -2.445003484775232
50900.0 11289096.0 0.40558609101276805 0.004800100219213237 0.3080654429487742 -0.7988559315902777 -2.445003484775232
50901.0 11289096.0 0.4296011723373281 0.004727909503444683 0.30755469480794345 -0.7988559315902777 -2.445003484775232
50902.0 11289096.0 0.45361625366188807 0.00465571878767613 0.30712383281654304 -0.7988559315902777 -2.445003484775232
50903.0 11289096.0 0.47763133498644805 0.004583528071907576 0.3067603619768224 -0.7988559315902777 -2.445003484775232
50904.0 11289096.0 0.5016464163110081 0.004511337356139022 0.30645374163442957 -0.7988559315902777 -2.445003484775232
50905.0 11289096.0 0.5256614976355681 0.004439146640370468 0.3061950797994352 -0.7988559315902777 -2.445003484775232
50906.0 11289096.0 0.5496765789601281 0.004366955924601915 0.3059768752786245 -0.7988559315902777 -2.445003484775232
50907.0 11289096.0 0.5662695337176118 0.0051367774455613885 0.3057928001408939 -0.7988559315902777 -2.445003484775232
50908.0 11289096.0 0.5871445862412941 0.0051500296320257585 0.30563751620724916 -0.7988559315902777 -2.445003484775232
50909.0 11289096.0 0.6080196387649763 0.005163281818490129 0.3055065202436147 -0.7988559315902777 -2.445003484775232
50910.0 11289096.0 0.6288946912886587 0.005176534004954499 0.305396013367045 -0.7988559315902777 -2.445003484775232
50911.0 11289096.0 0.649769743812341 0.005189786191418869 0.3053027908781197 -0.7988559315902777 -2.445003484775232
50912.0 11289096.0 0.662583233322439 0.004653806221634176 0.3052241493246598 -0.7988559315902777 -2.445003484775232
50913.0 11289096.0 0.675396722832537 0.004117826251849484 0.305157808101615 -0.7988559315902777 -2.445003484775232
50914.0 11289096.0 0.688210212342635 0.0035818462820647913 0.3051018433135171 -0.7988559315902777 -2.445003484775232
50915.0 11289096.0 0.701023701852733 0.003045866312280099 0.3050546319815111 -0.7988559315902777 -2.445003484775232
50916.0 11289096.0 0.7159666266255409 0.005289766763848097 0.305014804976969 -0.7988559315902777 -2.445003484775232
50917.0 11289096.0 0.7269564880606726 0.004269082310854752 0.304981207316759 -0.7988559315902777 -2.445003484775232
50918.0 11289096.0 0.7379463494958043 0.003248397857861407 0.304952864668735 -0.7988559315902777 -2.445003484775232
50919.0 11289096.0 0.7474254146910801 0.003266583694111679 0.3049289550961043 -0.7988559315902777 -2.445003484775232
50920.0 11289096.0 0.7569044798863561 0.003284769530361951 0.30490878522126064 -0.7988559315902777 -2.445003484775232
50921.0 11289096.0 0.766383545081632 0.003302955366612223 0.3048917701178335 -0.7988559315902777 -2.445003484775232
50922.0 11289096.0 0.7703428996749664 0.0072664964687836064 0.30487741634782356 -0.7988559315902777 -2.445003484775232
50923.0 11289096.0 0.7743022542683009 0.01123003757095499 0.3048653076519005 -0.7988559315902777 -2.445003484775232
50924.0 11289096.0 0.7790042312653371 0.012030261454892804 0.3048550928778826 -0.7988559315902777 -2.445003484775232
50925.0 11289096.0 0.781681342102652 0.013881511811226849 0.30484647579732327 -0.7988559315902777 -2.445003484775232
50926.0 11289096.0 0.7843584529399671 0.015732762167560893 0.3048392065148863 -0.7988559315902777 -2.445003484775232
50927.0 11289096.0 0.787035563777282 0.017584012523894937 0.304833074221381 -0.7988559315902777 -2.445003484775232
50928.0 11289096.0 0.7836948422623348 0.02638613429083464 0.3048279010802958 -0.7988559315902777 -2.445003484775232
50929.0 11289096.0 0.7861309562475494 0.032482957139225804 0.3048235370705391 -0.7988559315902777 -2.445003484775232
50930.0 11289096.0 0.7885670702327638 0.03857977998761697 0.3048198556358281 -0.7988559315902777 -2.445003484775232
50931.0 11289096.0 0.7885624862703622 0.03992478845646649 0.3048167500145561 -0.7988559315902777 -2.445003484775232
50932.0 11289096.0 0.7885579023079605 0.041269796925316016 0.30481413014370623 -0.7988559315902777 -2.445003484775232
50933.0 11289096.0 0.7882392679736625 0.043851874717638614 0.30481192004702384 -0.7988559315902777 -2.445003484775232
50934.0 11289096.0 0.7879206336393646 0.04643395250996121 0.30481005563170516 -0.7988559315902777 -2.445003484775232
50935.0 11289096.0 0.7876019993050666 0.04901603030228381 0.3048084828297059 -0.7988559315902777 -2.445003484775232
50936.0 11289096.0 0.7872833649707686 0.05159810809460642 0.3048071560297681 -0.7988559315902777 -2.445003484775232
50937.0 11289096.0 0.7869647306364707 0.054180185886929015 0.3048060367546936 -0.7988559315902777 -2.445003484775232
50938.0 11289096.0 0.7866460963021726 0.056762263679251614 0.3048050925455052 -0.7988559315902777 -2.445003484775232
50939.0 11289096.0 0.7863274619678746 0.05934434147157422 0.3048042960201365 -0.7988559315902777 -2.445003484775232
50940.0 11289096.0 0.7860088276335767 0.06192641926389682 0.3048036240793517 -0.7988559315902777 -2.445003484775232
50941.0 11289096.0 0.7856901932992787 0.06450849705621942 0.3048030572368681 -0.7988559315902777 -2.445003484775232
50942.0 11289096.0 0.7853715589649807 0.06709057484854201 0.30480257905425373 -0.7988559315902777 -2.445003484775232
50943.0 11289096.0 0.7850529246306828 0.06967265264086461 0.3048021756642127 -0.7988559315902777 -2.445003484775232
50944.0 11289096.0 0.7847342902963848 0.07225473043318721 0.3048018353684338 -0.7988559315902777 -2.445003484775232
50945.0 11289096.0 0.7844156559620867 0.07483680822550981 0.3048015482983395 -0.7988559315902777 -2.445003484775232
50946.0 11289096.0 0.7840970216277888 0.07741888601783242 0.304801306128897 -0.7988559315902777 -2.445003484775232
50947.0 11289096.0 0.7837783872934908 0.080000963810155 0.30480110183719256 -0.7988559315902777 -2.445003484775232
50948.0 11289096.0 0.7834597529591928 0.08258304160247762 0.3048009294987667 -0.7988559315902777 -2.445003484775232
50949.0 11289096.0 0.7831411186248949 0.0851651193948002 0.304800784115805 -0.7988559315902777 -2.445003484775232
50950.0 11289096.0 0.7828224842905969 0.08774719718712282 0.30480066147220175 -0.7988559315902777 -2.445003484775232
50951.0 11289096.0 0.7825038499562988 0.09032927497944541 0.3048005580112923 -0.7988559315902777 -2.445003484775232
50952.0 11289096.0 0.7821852156220009 0.09291135277176801 0.3048004707327103 -0.7988559315902777 -2.445003484775232
50953.0 11289096.0 0.7818665812877029 0.09549343056409061 0.30480039710537693 -0.7988559315902777 -2.445003484775232
50954.0 11289096.0 0.7815479469534049 0.09807550835641321 0.3048003349940995 -0.7988559315902777 -2.445003484775232
50955.0 11289096.0 0.781229312619107 0.10065758614873581 0.3048002825976509 -0.7988559315902777 -2.445003484775232
50956.0 11289096.0 0.780910678284809 0.10323966394105841 0.30480023839653425 -0.7988559315902777 -2.445003484775232
50957.0 11289096.0 0.780592043950511 0.105821741733381 0.30480020110891703 -0.7988559315902777 -2.445003484775232
50958.0 11289096.0 0.780273409616213 0.1084038195257036 0.30480016965345846 -0.7988559315902777 -2.445003484775232
50959.0 11289096.0 0.779954775281915 0.11098589731802622 0.3048001431179502 -0.7988559315902777 -2.445003484775232
50960.0 11289096.0 0.779636140947617 0.11356797511034881 0.30480012073286245 -0.7988559315902777 -2.445003484775232
50961.0 11289096.0 0.7793175066133191 0.11615005290267141 0.30480010184902767 -0.7988559315902777 -2.445003484775232
50962.0 11289096.0 0.7789988722790211 0.11873213069499401 0.30480008591881474 -0.7988559315902777 -2.445003484775232
50963.0 11289096.0 0.7786802379447231 0.12131420848731661 0.30480007248024743 -0.7988559315902777 -2.445003484775232
50964.0 11289096.0 0.7783616036104252 0.12389628627963921 0.3048000611436073 -0.7988559315902777 -2.445003484775232
50965.0 11289096.0 0.7780429692761271 0.1264783640719618 0.3048000515801318 -0.7988559315902777 -2.445003484775232
50966.0 11289096.0 0.7777243349418291 0.1290604418642844 0.3048000435124801 -0.7988559315902777 -2.445003484775232
50967.0 11289096.0 0.7774057006075312 0.131642519656607 0.30480003670669026 -0.7988559315902777 -2.445003484775232
50968.0 11289096.0 0.7770870662732332 0.13422459744892962 0.3048000309653945 -0.7988559315902777 -2.445003484775232
50969.0 11289096.0 0.7767684319389352 0.1368066752412522 0.30480002612209517 -0.7988559315902777 -2.445003484775232
50970.0 11289096.0 0.7764497976046373 0.1393887530335748 0.3048000220363366 -0.7988559315902777 -2.445003484775232
50971.0 11289096.0 0.7761311632703393 0.1419708308258974 0.3048000185896318 -0.7988559315902777 -2.445003484775232
50972.0 11289096.0 0.7758125289360412 0.14455290861822 0.3048000156820263 -0.7988559315902777 -2.445003484775232
50973.0 11289096.0 0.7754938946017433 0.14713498641054262 0.3048000132291996 -0.7988559315902777 -2.445003484775232
50974.0 11289096.0 0.7751752602674453 0.1497170642028652 0.30480001116001965 -0.7988559315902777 -2.445003484775232
50975.0 11289096.0 0.7748566259331473 0.1522991419951878 0.30480000941448027 -0.7988559315902777 -2.445003484775232
50976.0 11289096.0 0.7745379915988494 0.1548812197875104 0.3048000079419608 -0.7988559315902777 -2.445003484775232
50977.0 11289096.0 0.7742193572645514 0.15746329757983302 0.3048000066997582 -0.7988559315902777 -2.445003484775232
50978.0 11289096.0 0.7739007229302534 0.1600453753721556 0.3048000056518486 -0.7988559315902777 -2.445003484775232
50979.0 11289096.0 0.7735820885959555 0.1626274531644782 0.30480000476784264 -0.7988559315902777 -2.445003484775232
50980.0 11289096.0 0.7732634542616574 0.1652095309568008 0.30480000402210405 -0.7988559315902777 -2.445003484775232
50981.0 11289096.0 0.7729448199273594 0.1677916087491234 0.3048000033930065 -0.7988559315902777 -2.445003484775232
50982.0 11289096.0 0.7726261855930615 0.170373686541446 0.30480000286230613 -0.7988559315902777 -2.445003484775232
50983.0 11289096.0 0.7723075512587635 0.1729557643337686 0.30480000241461264 -0.7988559315902777 -2.445003484775232
50984.0 11289096.0 0.7719889169244655 0.1755378421260912 0.3048000020369429 -0.7988559315902777 -2.445003484775232
50985.0 11289096.0 0.7716702825901676 0.1781199199184138 0.30480000171834454 -0.7988559315902777 -2.445003484775232
50986.0 11289096.0 0.7713516482558695 0.18070199771073642 0.30480000144957814 -0.7988559315902777 -2.445003484775232
50987.0 11289096.0 0.7710330139215715 0.183284075503059 0.30480000122284956 -0.7988559315902777 -2.445003484775232
50988.0 11289096.0 0.7707143795872736 0.18586615329538161 0.30480000103158356 -0.7988559315902777 -2.445003484775232
50989.0 11289096.0 0.7703957452529756 0.1884482310877042 0.3048000008702335 -0.7988559315902777 -2.445003484775232
50990.0 11289096.0 0.7686213021409786 0.1917150565696991 0.3048000007341202 -0.7988559315902777 -2.445003484775232
50991.0 11289096.0 0.7668468590289815 0.19498188205169398 0.30480000061929646 -0.7988559315902777 -2.445003484775232
50992.0 11289096.0 0.7604457894224389 0.19169936244651703 0.3048000005224323 -0.7988559315902777 -2.445003484775232
50993.0 11289096.0 0.7565026940572047 0.1932214226997708 0.3048000004407186 -0.7988559315902777 -2.445003484775232
50994.0 11289096.0 0.7525595986919705 0.19474348295302457 0.3048000003717858 -0.7988559315902777 -2.445003484775232
50995.0 11289096.0 0.7477451076675576 0.19631662147276602 0.30480000031363474 -0.7988559315902777 -2.445003484775232
50996.0 11289096.0 0.7425962495016818 0.19577930222423914 0.3048000002645791 -0.7988559315902777 -2.445003484775232
50997.0 11289096.0 0.737447391335806 0.1952419829757123 0.30480000022319625 -0.7988559315902777 -2.445003484775232
50998.0 11289096.0 0.7322985331699301 0.19470466372718542 0.3048000001882861 -0.7988559315902777 -2.445003484775232
50999.0 11289096.0 0.7271496750040543 0.19416734447865858 0.3048000001588363 -0.7988559315902777 -2.445003484775232
51000.0 11289096.0 0.7220008168381784 0.1936300252301317 0.3048000001339927 -0.7988559315902777 -2.445003484775232
51001.0 11289096.0 0.7172280954609521 0.19380221822295998 0.30480000011303493 -0.7988559315902777 -2.445003484775232
51002.0 11289096.0 0.7124553740837258 0.19397441121578826 0.30480000009535513 -0.7988559315902777 -2.445003484775232
51003.0 11289096.0 0.7076826527064995 0.19414660420861654 0.3048000000804406 -0.7988559315902777 -2.445003484775232
51004.0 11289096.0 0.7029099313292733 0.1943187972014448 0.3048000000678589 -0.7988559315902777 -2.445003484775232
51005.0 11289096.0 0.698137209952047 0.19449099019427307 0.3048000000572451 -0.7988559315902777 -2.445003484775232
51006.0 11289096.0 0.6933644885748207 0.19466318318710135 0.3048000000482914 -0.7988559315902777 -2.445003484775232
51007.0 11289096.0 0.6885917671975944 0.19483537617992963 0.30480000004073815 -0.7988559315902777 -2.445003484775232
51008.0 11289096.0 0.6838190458203681 0.1950075691727579 0.3048000000343663 -0.7988559315902777 -2.445003484775232
51009.0 11289096.0 0.6807659745368349 0.19483691547808976 0.30480000002899105 -0.7988559315902777 -2.445003484775232
51010.0 11289096.0 0.6777129032533015 0.1946662617834216 0.30480000002445656 -0.7988559315902777 -2.445003484775232
51011.0 11289096.0 0.6746598319697681 0.19449560808875346 0.3048000000206313 -0.7988559315902777 -2.445003484775232
51012.0 11289096.0 0.6716067606862348 0.19432495439408531 0.30480000001740437 -0.7988559315902777 -2.445003484775232
51013.0 11289096.0 0.6601841847229721 0.19198237503712476 0.30480000001468216 -0.7988559315902777 -2.445003484775232
51014.0 11289096.0 0.6537830472888071 0.18869995017951133 0.3048000000123857 -0.7988559315902777 -2.445003484775232
51015.0 11289096.0 0.6505824757945796 0.18705874050216575 0.3048000000104485 -0.7988559315902777 -2.445003484775232
51016.0 11289096.0 0.6473819043003521 0.1854175308248202 0.30480000000881424 -0.7988559315902777 -2.445003484775232
51017.0 11289096.0 0.6441295914056651 0.1836179883237929 0.3048000000074356 -0.7988559315902777 -2.445003484775232
51018.0 11289096.0 0.640877278510978 0.18181844582276557 0.3048000000062726 -0.7988559315902777 -2.445003484775232
51019.0 11289096.0 0.6437166224629686 0.17691849556866984 0.3048000000052915 -0.7988559315902777 -2.445003484775232
51020.0 11289096.0 0.6392561349707164 0.17685726450468447 0.3048000000044639 -0.7988559315902777 -2.445003484775232
51021.0 11289096.0 0.6384800556227592 0.17448223091461224 0.30480000000376567 -0.7988559315902777 -2.445003484775232
51022.0 11289096.0 0.637703976274802 0.17210719732454002 0.3048000000031767 -0.7988559315902777 -2.445003484775232
51023.0 11289096.0 0.6356943234957098 0.16867490340820232 0.3048000000026798 -0.7988559315902777 -2.445003484775232
51024.0 11289096.0 0.6335720997223401 0.16761595426595885 0.30480000000226065 -0.7988559315902777 -2.445003484775232
51025.0 11289096.0 0.6314498759489704 0.1665570051237154 0.30480000000190705 -0.7988559315902777 -2.445003484775232
51026.0 11289096.0 0.6293276521756007 0.16549805598147194 0.3048000000016088 -0.7988559315902777 -2.445003484775232
