20186.0 11322591.0 -1.097232698235378 4.63929295148981 0.6400800000000001 -0.7657325092434721 -0.6872028657446765
20187.0 11322591.0 -1.0544172258904154 4.612780703896708 0.6400800000000001 -0.7657325092434721 -0.6872028657446765
20188.0 11322591.0 -1.0126891944495768 4.582944203121121 0.6400800000000001 -0.7657325092434721 -0.6872028657446765
20189.0 11322591.0 -0.970961163008738 4.553107702345534 0.6400800000000001 -0.7657325092434721 -0.6872028657446765
20190.0 11322591.0 -0.9249564220383577 4.520061344237605 0.6400800000000001 -0.7657325092434721 -0.6872028657446765
20191.0 11322591.0 -0.8835555277843824 4.489222926257463 0.636538053108225 -0.7657325092434721 -0.6872028657446765
20192.0 11322591.0 -0.8421546335304071 4.458384508277322 0.6309554888546093 -0.7657325092434721 -0.6872028657446765
20193.0 11322591.0 -0.800960463975128 4.426913180295467 0.6326991253461904 -0.7657325092434721 -0.6872028657446765
20194.0 11322591.0 -0.7596275472691237 4.395864510843826 0.6340305673025912 -0.7657325092434721 -0.6872028657446765
20195.0 11322591.0 -0.7182946305631196 4.364815841392186 0.6350779504987106 -0.7657325092434721 -0.6872028657446765
20196.0 11322591.0 -0.6769617138571153 4.333767171940545 0.6359190368689193 -0.7657325092434721 -0.6872028657446765
20197.0 11322591.0 -0.636514775757699 4.308150048901033 0.6366042710887782 -0.7657325092434721 -0.6872028657446765
20198.0 11322591.0 -0.5959404046258073 4.27478019176841 0.637168227879586 -0.7657325092434721 -0.6872028657446765
20199.0 11322591.0 -0.5553660334939157 4.241410334635787 0.6376357118877014 -0.7657325092434721 -0.6872028657446765
20200.0 11322591.0 -0.5101065563653224 4.2142199013516795 0.6380251987540742 -0.7657325092434721 -0.6872028657446765
20201.0 11322591.0 -0.4719717751368373 4.181532086949816 0.6383508725254328 -0.7657325092434721 -0.6872028657446765
20202.0 11322591.0 -0.43137882353862433 4.148215936560438 0.6386238853570636 -0.7657325092434721 -0.6872028657446765
20203.0 11322591.0 -0.39078587194041137 4.114899786171059 0.6388531685260141 -0.7657325092434721 -0.6872028657446765
20204.0 11322591.0 -0.34958825182562836 4.083431063028652 0.6390459751783469 -0.7657325092434721 -0.6872028657446765
20205.0 11322591.0 -0.3105891062568007 4.053382796075126 0.6392082572568718 -0.7657325092434721 -0.6872028657446765
20206.0 11322591.0 -0.26839486515428723 4.020887913287945 0.6393449365373962 -0.7657325092434721 -0.6872028657446765
20207.0 11322591.0 -0.22620062405177377 3.9883930305007635 0.6394601057847067 -0.7657325092434721 -0.6872028657446765
20208.0 11322591.0 -0.1839144405386708 3.9569909774649092 0.6386025386455284 -0.7657325092434721 -0.6872028657446765
20209.0 11322591.0 -0.1416282570255678 3.925588924429055 0.6369252164616263 -0.7657325092434721 -0.6872028657446765
20210.0 11322591.0 -0.09934207351246482 3.894186871393201 0.6345567612794921 -0.7657325092434721 -0.6872028657446765
20211.0 11322591.0 -0.05705588999936184 3.8627848183573468 0.6316054466429296 -0.7657325092434721 -0.6872028657446765
20212.0 11322591.0 -0.01476970648625886 3.8313827653214925 0.6281624925413994 -0.7657325092434721 -0.6872028657446765
20213.0 11322591.0 0.03007981771808549 3.8029296089725144 0.6252584831262117 -0.7657325092434721 -0.6872028657446765
20214.0 11322591.0 0.07492934192242984 3.7744764526235364 0.6228089493265421 -0.7657325092434721 -0.6872028657446765
20215.0 11322591.0 0.11977886612677419 3.7460232962745583 0.6207427029267489 -0.7657325092434721 -0.6872028657446765
20216.0 11322591.0 0.16462839033111853 3.7175701399255803 0.6189997317010255 -0.7657325092434721 -0.6872028657446765
20217.0 11322591.0 0.21130786709192562 3.694711874395661 0.6175294348102468 -0.7657325092434721 -0.6872028657446765
20218.0 11322591.0 0.26135011074679293 3.665847308700082 0.6162891408242678 -0.7657325092434721 -0.6872028657446765
20219.0 11322591.0 0.3079955350438516 3.642884132246666 0.615242861515225 -0.7657325092434721 -0.6872028657446765
20220.0 11322591.0 0.356460543540422 3.617340187540087 0.6143602429555797 -0.7657325092434721 -0.6872028657446765
20221.0 11322591.0 0.4034402469096741 3.5906467961607325 0.6136156821067562 -0.7657325092434721 -0.6872028657446765
20222.0 11322591.0 0.45041995027892623 3.5639534047813783 0.6129875824416207 -0.7657325092434721 -0.6872028657446765
20223.0 11322591.0 0.4995870965556467 3.5402841534871574 0.6124577265109734 -0.7657325092434721 -0.6872028657446765
20224.0 11322591.0 0.5473211518793961 3.516032533710531 0.6120107469566336 -0.7657325092434721 -0.6872028657446765
20225.0 11322591.0 0.5950552072031454 3.4917809139339044 0.6116336804493 -0.7657325092434721 -0.6872028657446765
20226.0 11322591.0 0.6378467648628117 3.4651733340599424 0.6113155915066176 -0.7657325092434721 -0.6872028657446765
20227.0 11322591.0 0.683734839147153 3.4398904808071498 0.6110472552168785 -0.7657325092434721 -0.6872028657446765
20228.0 11322591.0 0.7293127294697372 3.4136580931993983 0.610820889628147 -0.7657325092434721 -0.6872028657446765
20229.0 11322591.0 0.7748906197923213 3.3874257055916472 0.610629930018563 -0.7657325092434721 -0.6872028657446765
20230.0 11322591.0 0.8207195570596436 3.3701079423554288 0.6104688384875365 -0.7657325092434721 -0.6872028657446765
20231.0 11322591.0 0.8666430515375814 3.344931831990697 0.6103329433374963 -0.7657325092434721 -0.6872028657446765
20232.0 11322591.0 0.9071933642050444 3.311464872855404 0.6102183035831739 -0.7657325092434721 -0.6872028657446765
20233.0 11322591.0 0.9524963534764872 3.284389343644257 0.6101215946561348 -0.7657325092434721 -0.6872028657446765
20234.0 11322591.0 0.9914691488958415 3.2542426704448197 0.6100400119881543 -0.7657325092434721 -0.6872028657446765
20235.0 11322591.0 1.0327104389434951 3.2228875172988616 0.6099711896762532 -0.7657325092434721 -0.6872028657446765
20236.0 11322591.0 1.0734345426899239 3.189949275810498 0.6099131318700202 -0.7657325092434721 -0.6872028657446765
20237.0 11322591.0 1.1094350469100283 3.155459344547578 0.6074804653630447 -0.7657325092434721 -0.6872028657446765
20238.0 11322591.0 1.1454355511301328 3.120969413284658 0.6030446029578235 -0.7657325092434721 -0.6872028657446765
20239.0 11322591.0 1.1814085357062578 3.081640441139858 0.5993025541558424 -0.7657325092434721 -0.6872028657446765
20240.0 11322591.0 1.212927280434816 3.0463377637706874 0.6009131783569897 -0.7657325092434721 -0.6872028657446765
20241.0 11322591.0 1.2426395899701488 3.0041485633360434 0.60227188470889 -0.7657325092434721 -0.6872028657446765
20242.0 11322591.0 1.272352299668015 2.961959476724858 0.6034180757043812 -0.7657325092434721 -0.6872028657446765
20243.0 11322591.0 1.2982102735847567 2.9161235132357506 0.604384990887515 -0.7657325092434721 -0.6872028657446765
20244.0 11322591.0 1.3176478071942488 2.868296975162915 0.6052006708017134 -0.7657325092434721 -0.6872028657446765
20245.0 11322591.0 1.3370853408037409 2.820470437090079 0.6058887701663559 -0.7657325092434721 -0.6872028657446765
20246.0 11322591.0 1.348662263856399 2.7689625619893343 0.6064692438641384 -0.7657325092434721 -0.6872028657446765
20247.0 11322591.0 1.360239186909057 2.717454686888589 0.6069589256329698 -0.7657325092434721 -0.6872028657446765
20248.0 11322591.0 1.3658980890798817 2.6679392633609167 0.6073720162445503 -0.7657325092434721 -0.6872028657446765
20249.0 11322591.0 1.3707069552777138 2.6163650994902485 0.6077204953268583 -0.7657325092434721 -0.6872028657446765
20250.0 11322591.0 1.370605860856081 2.5663370431102073 0.6080144687734265 -0.7657325092434721 -0.6872028657446765
20251.0 11322591.0 1.3705047664344479 2.516308986730166 0.6082624618142927 -0.7657325092434721 -0.6872028657446765
20252.0 11322591.0 1.3625231851136905 2.4663442691926964 0.6084716662476946 -0.7657325092434721 -0.6872028657446765
20253.0 11322591.0 1.3533930181670626 2.4139510018351444 0.6086481490022322 -0.7657325092434721 -0.6872028657446765
20254.0 11322591.0 1.339484459506928 2.3632360004721877 0.6087970280778061 -0.7657325092434721 -0.6872028657446765
20255.0 11322591.0 1.3255759008467933 2.312520999109231 0.6089226209676194 -0.7657325092434721 -0.6872028657446765
20256.0 11322591.0 1.3100541890971968 2.2650201852928182 0.6090285698654834 -0.7657325092434721 -0.6872028657446765
20257.0 11322591.0 1.2850707861550994 2.213017302598669 0.6091179472894402 -0.7657325092434721 -0.6872028657446765
20258.0 11322591.0 1.2651152763037543 2.1682504414485164 0.6091933451847872 -0.7657325092434721 -0.6872028657446765
20259.0 11322591.0 1.2451597664524092 2.1234835802983634 0.6092569500904907 -0.7657325092434721 -0.6872028657446765
20260.0 11322591.0 1.2177789866422413 2.0820777238583696 0.6045432277958791 -0.7657325092434721 -0.6872028657446765
20261.0 11322591.0 1.19288403555489 2.0390418016691596 0.6005667791074181 -0.7657325092434721 -0.6872028657446765
20262.0 11322591.0 1.167989084467539 1.99600587947995 0.5972122870131142 -0.7657325092434721 -0.6872028657446765
20263.0 11322591.0 1.1325161064400573 1.9445101133424774 0.5991498499950767 -0.7657325092434721 -0.6872028657446765
20264.0 11322591.0 1.1016910649091987 1.9045219788808077 0.600784358626886 -0.7657325092434721 -0.6872028657446765
20265.0 11322591.0 1.0708660233783398 1.864533844419138 0.6021632136588686 -0.7657325092434721 -0.6872028657446765
20266.0 11322591.0 1.0381759414319323 1.8226434211417548 0.6033264018869547 -0.7657325092434721 -0.6872028657446765
20267.0 11322591.0 1.0019605678104628 1.7868118940050548 0.6043076557697603 -0.7657325092434721 -0.6872028657446765
20268.0 11322591.0 0.9626707990850553 1.749181235742816 0.6051354316698876 -0.7657325092434721 -0.6872028657446765
20269.0 11322591.0 0.9200971215960425 1.7183484840789254 0.6058337350884409 -0.7657325092434721 -0.6872028657446765
20270.0 11322591.0 0.8730442044194309 1.6911994579405227 0.6064228168245583 -0.7657325092434721 -0.6872028657446765
20271.0 11322591.0 0.8254990292373126 1.6652630623785707 0.6045360708721779 -0.7657325092434721 -0.6872028657446765
20272.0 11322591.0 0.7779538540551942 1.6393266668166186 0.6005607415986818 -0.7657325092434721 -0.6872028657446765
20273.0 11322591.0 0.7338667721184553 1.6212563144857433 0.5972071938315484 -0.7657325092434721 -0.6872028657446765
20274.0 11322591.0 0.683348432399094 1.603886214170634 0.5943781746855306 -0.7657325092434721 -0.6872028657446765
20275.0 11322591.0 0.6328300926797328 1.5865161138555248 0.5919916426053935 -0.7657325092434721 -0.6872028657446765
20276.0 11322591.0 0.5858436126548356 1.5704456145871557 0.589978388160813 -0.7657325092434721 -0.6872028657446765
20277.0 11322591.0 0.5388571326299384 1.5543751153187866 0.5882800269728963 -0.7657325092434721 -0.6872028657446765
20278.0 11322591.0 0.4889975046123488 1.5430994696064928 0.5868473065671936 -0.7657325092434721 -0.6872028657446765
20279.0 11322591.0 0.44037545332405553 1.531536549239866 0.5856386780519396 -0.7657325092434721 -0.6872028657446765
20280.0 11322591.0 0.39175340203576225 1.5199736288732393 0.5846190912001918 -0.7657325092434721 -0.6872028657446765
20281.0 11322591.0 0.3449554781406243 1.5099178179611437 0.5837589779932496 -0.7657325092434721 -0.6872028657446765
20282.0 11322591.0 0.29696855543544154 1.5032885376793692 0.5830333951481117 -0.7657325092434721 -0.6872028657446765
20283.0 11322591.0 0.24939636398283815 1.4987437715052983 0.5824213007622691 -0.7657325092434721 -0.6872028657446765
20284.0 11322591.0 0.1994517414313508 1.4950916330254105 0.5819049440985322 -0.7657325092434721 -0.6872028657446765
20285.0 11322591.0 0.15518235611884534 1.491687576864987 0.5814693508136528 -0.7657325092434721 -0.6872028657446765
20286.0 11322591.0 0.10818941017540357 1.4932633934419894 0.5811018887023693 -0.7657325092434721 -0.6872028657446765
20287.0 11322591.0 0.06119646423196179 1.4948392100189916 0.5807919013634545 -0.7657325092434721 -0.6872028657446765
20288.0 11322591.0 0.011930307615201086 1.4935367759752245 0.5805303991640799 -0.7657325092434721 -0.6872028657446765
20289.0 11322591.0 -0.03427351229694353 1.4934533396091052 0.5803097985404636 -0.7657325092434721 -0.6872028657446765
20290.0 11322591.0 -0.07720791167662178 1.4952221545518098 0.5801237020745207 -0.7657325092434721 -0.6872028657446765
20291.0 11322591.0 -0.11982752866675983 1.496596333600348 0.5799667129687389 -0.7657325092434721 -0.6872028657446765
20292.0 11322591.0 -0.16244714565689788 1.4979705126488863 0.5798342785390506 -0.7657325092434721 -0.6872028657446765
20293.0 11322591.0 -0.20545072363799033 1.4995290013472269 0.5797225581869947 -0.7657325092434721 -0.6872028657446765
20294.0 11322591.0 -0.2453918605673473 1.5023063168459763 0.5796283120223616 -0.7657325092434721 -0.6872028657446765
20295.0 11322591.0 -0.2883955365297788 1.5038653092256138 0.5795488069063771 -0.7657325092434721 -0.6872028657446765
20296.0 11322591.0 -0.3329777872034567 1.5087447255952062 0.5794817371906775 -0.7657325092434721 -0.6872028657446765
20297.0 11322591.0 -0.3774005135188261 1.512754408806521 0.5794251578535076 -0.7657325092434721 -0.6872028657446765
20298.0 11322591.0 -0.4199341693974279 1.5143941428652552 0.5746100493412725 -0.7657325092434721 -0.6872028657446765
20299.0 11322591.0 -0.4638135775908182 1.5173505523873985 0.5705480722599342 -0.7657325092434721 -0.6872028657446765
20300.0 11322591.0 -0.5076929857842085 1.5203069619095415 0.5671214292741341 -0.7657325092434721 -0.6872028657446765
20301.0 11322591.0 -0.5522753914626646 1.525187761551485 0.5642307477372839 -0.7657325092434721 -0.6872028657446765
20302.0 11322591.0 -0.5953610535201883 1.5305726322300965 0.5617921978848148 -0.7657325092434721 -0.6872028657446765
20303.0 11322591.0 -0.638446715577712 1.535957502908708 0.5597350617710054 -0.7657325092434721 -0.6872028657446765
20304.0 11322591.0 -0.6811877233421262 1.5369655099389896 0.5579996824485552 -0.7657325092434721 -0.6872028657446765
20305.0 11322591.0 -0.7229968322187712 1.5408236026824633 0.5565357339171131 -0.7657325092434721 -0.6872028657446765
20306.0 11322591.0 -0.7677001909957649 1.545336480855573 0.5553007616692672 -0.7657325092434721 -0.6872028657446765
20307.0 11322591.0 -0.8124035497727586 1.5498493590286826 0.5542589515098302 -1.5314650184869443 -1.374405731489353
20308.0 11322591.0 -0.8562487678013945 1.5529137522130372 0.5533800909441782 -1.5314650184869443 -1.374405731489353
20309.0 11322591.0 -0.9000939858300303 1.5559781453973918 0.5526386930159074 -1.5314650184869443 -1.374405731489353
20310.0 11322591.0 -0.9402904259806026 1.5566227769441456 0.5520132571850979 -1.5314650184869443 -1.374405731489353
20311.0 11322591.0 -0.9828937009731396 1.5580547978828563 0.5514856458126561 -1.5314650184869443 -1.374405731489353
20312.0 11322591.0 -1.025190491816685 1.5617821276096242 0.5510405581687815 -1.5314650184869443 -1.374405731489353
20313.0 11322591.0 -1.0674872826602302 1.5655094573363921 0.5506650867118015 -1.5314650184869443 -1.374405731489353
20314.0 11322591.0 -1.1080160052165826 1.5664973343220185 0.5503483427694638 -1.5314650184869443 -1.374405731489353
20315.0 11322591.0 -1.1518146287753204 1.5656339812320506 0.5453137620146236 -1.5314650184869443 -1.374405731489353
20316.0 11322591.0 -1.1914129780931983 1.5586065897946064 0.5410666403582075 -1.5314650184869443 -1.374405731489353
20317.0 11322591.0 -1.234324061198276 1.5523124392207421 0.5374838112721794 -1.5314650184869443 -1.374405731489353
20318.0 11322591.0 -1.273664584519685 1.5406443402368375 0.5344613727130445 -1.5314650184869443 -1.374405731489353
20319.0 11322591.0 -1.313639876919935 1.5256788452401382 0.5319116739625879 -1.5314650184869443 -1.374405731489353
20320.0 11322591.0 -1.3484664772333137 1.5020189200521135 0.5297607737570463 -1.5314650184869443 -1.374405731489353
20321.0 11322591.0 -1.3875941087959536 1.477429278021868 0.5279462959904592 -1.5314650184869443 -1.374405731489353
20322.0 11322591.0 -1.4267217403585934 1.4528396359916227 0.5264156208075953 -1.5314650184869443 -1.374405731489353
20323.0 11322591.0 -1.4494346059664098 1.4252173657222464 0.5251243586281517 -1.5314650184869443 -1.374405731489353
20324.0 11322591.0 -1.477062666741783 1.391257845403879 0.5240350628489244 -1.5314650184869443 -1.374405731489353
20325.0 11322591.0 -1.4972652172493166 1.35393457865425 0.523116143892316 -1.5314650184869443 -1.374405731489353
20326.0 11322591.0 -1.5174677677568502 1.3166113119046208 0.5223409531085846 -1.5314650184869443 -1.374405731489353
20327.0 11322591.0 -1.5341241767134555 1.281983763044755 0.5216870099650023 -1.5314650184869443 -1.374405731489353
20328.0 11322591.0 -1.548867110354654 1.2369156713213647 0.521135350110405 -1.5314650184869443 -1.374405731489353
20329.0 11322591.0 -1.5622462348000432 1.1960166461826411 0.5206699754090095 -1.5314650184869443 -1.374405731489353
20330.0 11322591.0 -1.5756253592454323 1.1551176210439176 0.5202773899944753 -1.5314650184869443 -1.374405731489353
20331.0 11322591.0 -1.585786158851906 1.115911556451414 0.5199462088897807 -1.5314650184869443 -1.374405731489353
20332.0 11322591.0 -1.5959469584583796 1.0767054918589103 0.5196668278428899 -1.5314650184869443 -1.374405731489353
20333.0 11322591.0 -1.6044948714670586 1.0342844890835896 0.5194311448034429 -1.5314650184869443 -1.374405731489353
20334.0 11322591.0 -1.6114199789769768 0.9968241317397561 0.5144649462104788 -1.5314650184869443 -1.374405731489353
20335.0 11322591.0 -1.6209246522593432 0.9596234138153659 0.5102755110576185 -1.5314650184869443 -1.374405731489353
20336.0 11322591.0 -1.6269963609962017 0.9166260879353336 0.5067413457254292 -1.5314650184869443 -1.374405731489353
20337.0 11322591.0 -1.635489493472477 0.881431287262005 0.5037599594192773 -1.5314650184869443 -1.374405731489353
20338.0 11322591.0 -1.6435598259085125 0.840197754615796 0.5012448919362845 -1.5314650184869443 -1.374405731489353
20339.0 11322591.0 -1.6516301583445478 0.798964221969587 0.49912320631944396 -1.5314650184869443 -1.374405731489353
20340.0 11322591.0 -1.6583721269178195 0.7609766310061821 0.4973333736858673 -1.5314650184869443 -1.374405731489353
20341.0 11322591.0 -1.662993352551261 0.7224121584050802 0.4934397995127723 -1.5314650184869443 -1.374405731489353
20342.0 11322591.0 -1.6676145781847025 0.6838476858039784 0.48777153014913927 -1.5314650184869443 -1.374405731489353
20343.0 11322591.0 -1.6736512449763115 0.6409558013880339 0.4829898351598313 -1.5314650184869443 -1.374405731489353
20344.0 11322591.0 -1.6783413237566116 0.6021801985060631 0.4789560453901584 -1.5314650184869443 -1.374405731489353
20345.0 11322591.0 -1.6820825130134958 0.5608742607544475 0.4755531809368001 -1.5314650184869443 -1.374405731489353
20346.0 11322591.0 -1.68582370227038 0.5195683230028318 0.472682558730609 -1.5314650184869443 -1.374405731489353
20347.0 11322591.0 -1.6936802306275511 0.4792580600042987 0.47026093072760555 -1.5314650184869443 -1.374405731489353
20348.0 11322591.0 -1.6983009362588295 0.4406934879018447 0.4682180697157027 -1.5314650184869443 -1.374405731489353
20349.0 11322591.0 -1.6983734537132453 0.4032700796952672 0.4664947327255552 -1.5314650184869443 -1.374405731489353
20350.0 11322591.0 -1.6984459711676612 0.36584667148868966 0.46504094298444876 -1.5314650184869443 -1.374405731489353
20351.0 11322591.0 -1.6971145970729313 0.32755513696347427 0.46381454058989136 -1.5314650184869443 -1.374405731489353
20352.0 11322591.0 -1.6913810598375332 0.2880573508856732 0.4627799598724408 -1.5314650184869443 -1.374405731489353
20353.0 11322591.0 -1.6820793826205993 0.24996294274672623 0.46190719799129104 -1.5314650184869443 -1.374405731489353
20354.0 11322591.0 -1.66314854814258 0.20871894867161486 0.4611709448518887 -1.5314650184869443 -1.374405731489353
20355.0 11322591.0 -1.641838996786498 0.181535595751918 0.46054984911319113 -1.5314650184869443 -1.374405731489353
20356.0 11322591.0 -1.6195113180094254 0.15203308466121532 0.4600258989987761 -1.5314650184869443 -1.374405731489353
20357.0 11322591.0 -1.5902891436924473 0.12459868380129499 0.4548165212025087 -1.5314650184869443 -1.374405731489353
20358.0 11322591.0 -1.5584756329551948 0.10169158125653407 0.45042194252111406 -1.5314650184869443 -1.374405731489353
20359.0 11322591.0 -1.5266621222179422 0.07878447871177316 0.4467147201728317 -1.5314650184869443 -1.374405731489353
20360.0 11322591.0 -1.4954586293283352 0.05876446502396834 0.44358734470956146 -1.5314650184869443 -1.374405731489353
20361.0 11322591.0 -1.4593407032172498 0.0442645512543324 0.4409491222428685 -1.5314650184869443 -1.374405731489353
20362.0 11322591.0 -1.4232227771061645 0.02976463748469646 0.4387235443212187 -1.5314650184869443 -1.374405731489353
20363.0 11322591.0 -1.3850940875527655 0.018696858008935807 0.4344623798084758 -1.5314650184869443 -1.374405731489353
20364.0 11322591.0 -1.3469653979993665 0.007629078533175154 0.42848401493377025 -1.5314650184869443 -1.374405731489353
20365.0 11322591.0 -1.3110453584926052 0.0006722150327223841 0.42344072649214404 -1.5314650184869443 -1.374405731489353
20366.0 11322591.0 -1.2733756997533532 -0.0002552580497384993 0.41918625911879 -1.5314650184869443 -1.374405731489353
20367.0 11322591.0 -1.2357060410141012 -0.0011827311321993828 0.41559723325988085 -1.5314650184869443 -1.374405731489353
20368.0 11322591.0 -1.1955018406747449 -0.0018288201011550653 0.41256956716550824 -1.5314650184869443 -1.374405731489353
20369.0 11322591.0 -1.1573037897467404 -0.0018186635464218226 0.4100154585189354 -1.5314650184869443 -1.374405731489353
20370.0 11322591.0 -1.1225052850414745 0.004093641762029171 0.40786083816941165 -1.5314650184869443 -1.374405731489353
20371.0 11322591.0 -1.0862384567890293 -0.0001714515213166179 0.4060432221268009 -1.5314650184869443 -1.374405731489353
20372.0 11322591.0 -1.0506256556286984 0.0006262706431528764 0.4021262101494589 -1.5314650184869443 -1.374405731489353
20373.0 11322591.0 -1.0150128544683674 0.0014239928076223707 0.3964381688900427 -1.5314650184869443 -1.374405731489353
20374.0 11322591.0 -0.9771127865044451 0.0018830645546247526 0.3916397945284378 -1.5314650184869443 -1.374405731489353
20375.0 11322591.0 -0.9392127185405228 0.0023421363016271346 0.3875919342081575 -1.5314650184869443 -1.374405731489353
20376.0 11322591.0 -0.9043822699984573 0.0008843777422293531 0.38417719997991384 -1.5314650184869443 -1.374405731489353
20377.0 11322591.0 -0.8695518214563918 -0.0005733808171684285 0.3812965645510877 -1.5314650184869443 -1.374405731489353
20378.0 11322591.0 -0.8317554666267191 -0.00043028563884381366 0.37886648949424306 -1.5314650184869443 -1.374405731489353
20379.0 11322591.0 -0.7976133291390439 0.0034781422364087156 0.3768165026327315 -1.5314650184869443 -1.374405731489353
20380.0 11322591.0 -0.7636971405962254 -0.0003673251372021402 0.3750871543475691 -1.5314650184869443 -1.374405731489353
20381.0 11322591.0 -0.7266713855187057 -0.002308453923781567 0.37362829353848626 -1.5314650184869443 -1.374405731489353
20382.0 11322591.0 -0.6939443202045128 -0.002727125564637861 0.3676302344892026 -1.5314650184869443 -1.374405731489353
20383.0 11322591.0 -0.6601560575152968 -0.0026162804681446883 0.3625703322401059 -1.5314650184869443 -1.374405731489353
20384.0 11322591.0 -0.6263677948260808 -0.0025054353716515154 0.35830184962597217 -1.5314650184869443 -1.374405731489353
20385.0 11322591.0 -0.5930196989210539 -0.0010237127612462704 0.3547010006509917 -1.5314650184869443 -1.374405731489353
20386.0 11322591.0 -0.5607052444913281 -0.0010732609022088557 0.35166336069488996 -1.5314650184869443 -1.374405731489353
20387.0 11322591.0 -0.5285064010160396 -0.0020195454338172436 0.34910083819894 -1.5314650184869443 -1.374405731489353
20388.0 11322591.0 -0.5032236295001244 -0.0014348553762352084 0.3469391200107593 -1.5314650184869443 -1.374405731489353
20389.0 11322591.0 -0.47794085798420916 -0.0008501653186531732 0.34511551630289067 -1.5314650184869443 -1.374405731489353
20390.0 11322591.0 -0.4357651628192563 0.0016895549711786056 0.34357714256780586 -1.5314650184869443 -1.374405731489353
20391.0 11322591.0 -0.39358946765430347 0.0042292752610103845 0.34227938596718743 -1.5314650184869443 -1.374405731489353
20392.0 11322591.0 -0.3606886876682578 0.0059750317903631 0.34118461155961743 -1.5314650184869443 -1.374405731489353
20393.0 11322591.0 -0.32861127348730335 0.004251509601393588 0.3402610708872763 -1.5314650184869443 -1.374405731489353
20394.0 11322591.0 -0.2965338593063489 0.0025279874124240764 0.3394819812706662 -1.5314650184869443 -1.374405731489353
20395.0 11322591.0 -0.2627593811457489 0.006675687109162581 0.3340573703580885 -1.5314650184869443 -1.374405731489353
20396.0 11322591.0 -0.2252872881479182 0.0044742397588570515 0.3294812231858954 -1.5314650184869443 -1.374405731489353
20397.0 11322591.0 -0.19238675269911698 0.006220775208872126 0.3256208314860932 -1.5314650184869443 -1.374405731489353
20398.0 11322591.0 -0.1609128973246836 0.0030595342629450017 0.3223642438993878 -1.5314650184869443 -1.374405731489353
20399.0 11322591.0 -0.12894557051435562 0.00032128665234185116 0.3196170193857646 -1.5314650184869443 -1.374405731489353
20400.0 11322591.0 -0.09626262942107855 0.002489845008621344 0.31729948843432854 -1.5314650184869443 -1.374405731489353
20401.0 11322591.0 -0.06367433755153362 0.0016518635028270057 0.315344442647488 -1.5314650184869443 -1.374405731489353
20402.0 11322591.0 -0.03313559382967901 0.0040542019007354935 0.31369518569742466 -1.5314650184869443 -1.374405731489353
20403.0 11322591.0 -0.001485913063119071 0.0051005470122519325 0.3123038891325866 -1.5314650184869443 -1.374405731489353
20404.0 11322591.0 0.03016376770344087 0.006146892123768372 0.3111302053525936 -1.5314650184869443 -1.374405731489353
20405.0 11322591.0 0.05716934412598618 0.007250924658791291 0.3101400975278258 -1.5314650184869443 -1.374405731489353
20406.0 11322591.0 0.08708309348072024 0.0036660422607827786 0.3093048525313649 -1.5314650184869443 -1.374405731489353
20407.0 11322591.0 0.1169968428354543 8.115986277426601e-05 0.30860024825831367 -1.5314650184869443 -1.374405731489353
20408.0 11322591.0 0.14391539082384053 0.006354463139978672 0.3080058511847535 -1.5314650184869443 -1.374405731489353
20409.0 11322591.0 0.17023087591488806 0.0053478245480399755 0.30750442379555115 -1.5314650184869443 -1.374405731489353
20410.0 11322591.0 0.197108036985903 0.004157757701269096 0.3070814246964198 -1.5314650184869443 -1.374405731489353
20411.0 11322591.0 0.22398519805691797 0.0029676908544982172 0.30672458691348464 -1.5314650184869443 -1.374405731489353
20412.0 11322591.0 0.2468224124659225 -0.0021592564388858426 0.30642356215104055 -1.5314650184869443 -1.374405731489353
20413.0 11322591.0 0.269875555906284 0.003157956785344196 0.30616962069097664 -1.5314650184869443 -1.374405731489353
20414.0 11322591.0 0.2916912856988422 0.0033302597222418656 0.305955398230951 -1.5314650184869443 -1.374405731489353
20415.0 11322591.0 0.31350701549140036 0.0035025626591395354 0.305774682319623 -1.5314650184869443 -1.374405731489353
20416.0 11322591.0 0.3362023586512415 0.006366641863274541 0.30562223219556406 -1.5314650184869443 -1.374405731489353
20417.0 11322591.0 0.359718187855649 0.0035885134601534863 0.30549362680517644 -1.5314650184869443 -1.374405731489353
20418.0 11322591.0 0.37399693768999687 0.006516155070691199 0.30538513659213895 -1.5314650184869443 -1.374405731489353
20419.0 11322591.0 0.3934914980410288 0.007739352089522644 0.3052936153402735 -1.5314650184869443 -1.374405731489353
20420.0 11322591.0 0.41298605839206076 0.00896254910835409 0.30521640893327595 -1.5314650184869443 -1.374405731489353
20421.0 11322591.0 0.4312170090919685 0.0076780307548248855 0.30515127838534345 -1.5314650184869443 -1.374405731489353
20422.0 11322591.0 0.44754533933549023 0.007365807759885691 0.3050963349105859 -1.5314650184869443 -1.374405731489353
20423.0 11322591.0 0.463873669579012 0.007053584764946497 0.30504998514823534 -1.5314650184869443 -1.374405731489353
20424.0 11322591.0 0.47667930527456454 0.006198604207987897 0.3050108849551836 -1.5314650184869443 -1.374405731489353
20425.0 11322591.0 0.4894849409701171 0.005343623651029296 0.30497790042583217 -1.5314650184869443 -1.374405731489353
20426.0 11322591.0 0.5022905766656696 0.004488643094070696 0.3049500750088299 -1.5314650184869443 -1.374405731489353
20427.0 11322591.0 0.5150962123612222 0.003633662537112096 0.3049266017670837 -1.5314650184869443 -1.374405731489353
20428.0 11322591.0 0.5279018480567748 0.0027786819801534956 0.30490679997658293 -1.5314650184869443 -1.374405731489353
20429.0 11322591.0 0.5407074837523272 0.0019237014231948957 0.30489009538540307 -1.5314650184869443 -1.374405731489353
20430.0 11322591.0 0.5480899076289834 -0.0004886600829537013 0.3048760035603999 -1.5314650184869443 -1.374405731489353
20431.0 11322591.0 0.5548121761273055 0.0026887971225141305 0.3048641158386483 -1.5314650184869443 -1.374405731489353
20432.0 11322591.0 0.5578748498235995 0.003907742712618872 0.3048540874762175 -1.5314650184869443 -1.374405731489353
20433.0 11322591.0 0.5618824822828634 0.003941696890418539 0.30484562765059703 -1.5314650184869443 -1.374405731489353
20434.0 11322591.0 0.5658901147421274 0.003975651068218206 0.30483849102684385 -1.5314650184869443 -1.374405731489353
20435.0 11322591.0 0.5660055777433771 0.00404942931306936 0.3048324706428691 -1.5314650184869443 -1.374405731489353
20436.0 11322591.0 0.566121040744627 0.004123207557920515 0.3048273919075376 -1.5314650184869443 -1.374405731489353
20437.0 11322591.0 0.5662365037458768 0.004196985802771669 0.3048231075375247 -1.5314650184869443 -1.374405731489353
20438.0 11322591.0 0.5663519667471265 0.004270764047622823 0.3048194932861 -1.5314650184869443 -1.374405731489353
20439.0 11322591.0 0.5664674297483764 0.004344542292473977 0.3048164443399722 -1.5314650184869443 -1.374405731489353
20440.0 11322591.0 0.5665828927496261 0.004418320537325132 0.3048138722797036 -1.5314650184869443 -1.374405731489353
20441.0 11322591.0 0.5666983557508759 0.004492098782176286 0.30481170251554635 -1.5314650184869443 -1.374405731489353
20442.0 11322591.0 0.5668138187521257 0.0045658770270274405 0.30480987212433996 -1.5314650184869443 -1.374405731489353
20443.0 11322591.0 0.5669292817533755 0.004639655271878595 0.30480832802473945 -1.5314650184869443 -1.374405731489353
20444.0 11322591.0 0.5670447447546253 0.00471343351672975 0.30480702543785637 -1.5314650184869443 -1.374405731489353
20445.0 11322591.0 0.5671602077558751 0.004787211761580904 0.30480592658867117 -1.5314650184869443 -1.374405731489353
20446.0 11322591.0 0.5672756707571249 0.004860990006432058 0.3048049996105574 -1.5314650184869443 -1.374405731489353
20447.0 11322591.0 0.5673911337583747 0.004934768251283212 0.3048042176211498 -1.5314650184869443 -1.374405731489353
20448.0 11322591.0 0.5675065967596244 0.005008546496134367 0.30480355794275554 -1.5314650184869443 -1.374405731489353
20449.0 11322591.0 0.5676220597608743 0.005082324740985521 0.3048030014447012 -1.5314650184869443 -1.374405731489353
20450.0 11322591.0 0.5677375227621241 0.005156102985836675 0.3048025319885432 -1.5314650184869443 -1.374405731489353
20451.0 11322591.0 0.5678529857633738 0.00522988123068783 0.3048021359600529 -1.5314650184869443 -1.374405731489353
20452.0 11322591.0 0.5679684487646237 0.0053036594755389846 0.3048018018744042 -1.5314650184869443 -1.374405731489353
20453.0 11322591.0 0.5680839117658735 0.005377437720390139 0.30480152004311317 -1.5314650184869443 -1.374405731489353
20454.0 11322591.0 0.5681993747671232 0.005451215965241293 0.30480128229307246 -1.5314650184869443 -1.374405731489353
20455.0 11322591.0 0.5683148377683731 0.005524994210092447 0.30480108172953085 -1.5314650184869443 -1.374405731489353
20456.0 11322591.0 0.5684303007696229 0.005598772454943602 0.3048009125361456 -1.5314650184869443 -1.374405731489353
20457.0 11322591.0 0.5685457637708726 0.005672550699794756 0.3048007698063086 -1.5314650184869443 -1.374405731489353
20458.0 11322591.0 0.5686612267721224 0.00574632894464591 0.30480064940085455 -1.5314650184869443 -1.374405731489353
20459.0 11322591.0 0.5687766897733723 0.005820107189497065 0.3048005478280253 -1.5314650184869443 -1.374405731489353
20460.0 11322591.0 0.568892152774622 0.0058938854343482195 0.30480046214220874 -1.5314650184869443 -1.374405731489353
20461.0 11322591.0 0.5690076157758718 0.005967663679199374 0.30480038985851626 -1.5314650184869443 -1.374405731489353
20462.0 11322591.0 0.5691230787771216 0.006041441924050529 0.3048003288807208 -1.5314650184869443 -1.374405731489353
20463.0 11322591.0 0.5692385417783714 0.006115220168901682 0.30480027744046617 -1.5314650184869443 -1.374405731489353
20464.0 11322591.0 0.5693540047796212 0.006188998413752837 0.3048002340459851 -1.5314650184869443 -1.374405731489353
20465.0 11322591.0 0.569469467780871 0.006262776658603991 0.3048001974388376 -1.5314650184869443 -1.374405731489353
20466.0 11322591.0 0.5695849307821208 0.006336554903455145 0.3048001665574163 -1.5314650184869443 -1.374405731489353
20467.0 11322591.0 0.5697003937833706 0.0064103331483063 0.30480014050616017 -1.5314650184869443 -1.374405731489353
20468.0 11322591.0 0.5698158567846204 0.006484111393157454 0.30480011852958266 -1.5314650184869443 -1.374405731489353
20469.0 11322591.0 0.5699313197858702 0.0065578896380086085 0.30480009999036306 -1.5314650184869443 -1.374405731489353
20470.0 11322591.0 0.57004678278712 0.0066316678828597635 0.304800084350864 -1.5314650184869443 -1.374405731489353
20471.0 11322591.0 0.5701622457883698 0.006705446127710918 0.30480007115753993 -1.5314650184869443 -1.374405731489353
20472.0 11322591.0 0.5702777087896196 0.006779224372562072 0.30480006002778454 -1.5314650184869443 -1.374405731489353
20473.0 11322591.0 0.5703931717908693 0.006853002617413227 0.3048000506388349 -1.5314650184869443 -1.374405731489353
20474.0 11322591.0 0.5705086347921191 0.00692678086226438 0.3048000427184115 -1.5314650184869443 -1.374405731489353
20475.0 11322591.0 0.570624097793369 0.007000559107115535 0.30480003603682204 -1.5314650184869443 -1.374405731489353
20476.0 11322591.0 0.5707395607946187 0.007074337351966689 0.3048000304003004 -1.5314650184869443 -1.374405731489353
20477.0 11322591.0 0.5708550237958685 0.0071481155968178434 0.3048000256453875 -1.5314650184869443 -1.374405731489353
20478.0 11322591.0 0.5709704867971184 0.0072218938416689984 0.3048000216341908 -1.5314650184869443 -1.374405731489353
20479.0 11322591.0 0.5710859497983681 0.007295672086520153 0.3048000182503856 -1.5314650184869443 -1.374405731489353
20480.0 11322591.0 0.5712014127996179 0.007369450331371307 0.3048000153958416 -1.5314650184869443 -1.374405731489353
20481.0 11322591.0 0.5713168758008678 0.007443228576222462 0.30480001298777704 -1.5314650184869443 -1.374405731489353
20482.0 11322591.0 0.5714323388021175 0.007517006821073616 0.304800010956358 -1.5314650184869443 -1.374405731489353
20483.0 11322591.0 0.5715478018033673 0.00759078506592477 0.30480000924267336 -1.5314650184869443 -1.374405731489353
20484.0 11322591.0 0.5716632648046172 0.007664563310775925 0.3048000077970262 -1.5314650184869443 -1.374405731489353
20485.0 11322591.0 0.5717787278058669 0.007738341555627078 0.30480000657749284 -1.5314650184869443 -1.374405731489353
20486.0 11322591.0 0.5718941908071167 0.007812119800478233 0.3048000055487068 -1.5314650184869443 -1.374405731489353
20487.0 11322591.0 0.5720096538083664 0.007885898045329388 0.3048000046808332 -1.5314650184869443 -1.374405731489353
20488.0 11322591.0 0.5721251168096163 0.007959676290180542 0.30480000394870377 -1.5314650184869443 -1.374405731489353
20489.0 11322591.0 0.5722405798108661 0.008033454535031697 0.30480000333108676 -1.5314650184869443 -1.374405731489353
20490.0 11322591.0 0.5723560428121158 0.008107232779882852 0.30480000281007125 -1.5314650184869443 -1.374405731489353
20491.0 11322591.0 0.5724715058133657 0.008181011024734005 0.30480000237054783 -1.5314650184869443 -1.374405731489353
20492.0 11322591.0 0.5725869688146155 0.008254789269585158 0.3048000019997703 -1.5314650184869443 -1.374405731489353
20493.0 11322591.0 0.5727024318158652 0.008328567514436315 0.3048000016869861 -1.5314650184869443 -1.374405731489353
20494.0 11322591.0 0.5728178948171151 0.008402345759287468 0.3048000014231245 -1.5314650184869443 -1.374405731489353
