54141.0 10866934.0 0.7850681501462712 0.07999398972655332 0.32004000000000005 0.0 0.0
54142.0 10866934.0 0.7848819109431474 0.07990365363254583 0.32004000000000005 0.0 0.0
54143.0 10866934.0 0.7846956717400236 0.07981331753853835 0.32004000000000005 0.0 0.0
54144.0 10866934.0 0.7845094325368999 0.07972298144453085 0.32004000000000005 0.0 0.0
54145.0 10866934.0 0.7843231933337761 0.07963264535052338 0.32004000000000005 0.0 0.0
54146.0 10866934.0 0.7841369541306524 0.07954230925651588 0.32004000000000005 0.0 0.0
54147.0 10866934.0 0.7839507149275287 0.0794519731625084 0.32004000000000005 0.0 0.0
54148.0 10866934.0 0.7837644757244049 0.07936163706850091 0.32004000000000005 0.0 0.0
54149.0 10866934.0 0.7835782365212811 0.07927130097449343 0.32004000000000005 0.0 0.0
54150.0 10866934.0 0.7833919973181573 0.07918096488048594 0.32004000000000005 0.0 0.0
54151.0 10866934.0 0.7832057581150336 0.07909062878647846 0.32004000000000005 0.0 0.0
54152.0 10866934.0 0.7830195189119098 0.07900029269247097 0.32004000000000005 0.0 0.0
54153.0 10866934.0 0.782833279708786 0.07890995659846349 0.32004000000000005 0.0 0.0
54154.0 10866934.0 0.7826470405056623 0.078819620504456 0.32004000000000005 0.0 0.0
54155.0 10866934.0 0.7824608013025385 0.07872928441044852 0.32004000000000005 0.0 0.0
54156.0 10866934.0 0.7822745620994147 0.07863894831644103 0.32004000000000005 0.0 0.0
54157.0 10866934.0 0.7820883228962909 0.07854861222243355 0.32004000000000005 0.0 0.0
54158.0 10866934.0 0.7819020836931673 0.07845827612842607 0.32004000000000005 0.0 0.0
54159.0 10866934.0 0.7817158444900435 0.07836794003441858 0.32004000000000005 0.0 0.0
54160.0 10866934.0 0.7815296052869197 0.0782776039404111 0.32004000000000005 0.0 0.0
54161.0 10866934.0 0.781343366083796 0.0781872678464036 0.32004000000000005 0.0 0.0
54162.0 10866934.0 0.7811571268806722 0.07809693175239613 0.32004000000000005 0.0 0.0
54163.0 10866934.0 0.7809708876775484 0.07800659565838863 0.32004000000000005 0.0 0.0
54164.0 10866934.0 0.7807846484744246 0.07791625956438115 0.32004000000000005 0.0 0.0
54165.0 10866934.0 0.7805984092713009 0.07782592347037366 0.32004000000000005 0.0 0.0
54166.0 10866934.0 0.7804121700681771 0.07773558737636618 0.32004000000000005 0.0 0.0
54167.0 10866934.0 0.7802259308650533 0.07764525128235869 0.32004000000000005 0.0 0.0
54168.0 10866934.0 0.7800396916619295 0.07755491518835121 0.32004000000000005 0.0 0.0
54169.0 10866934.0 0.7798534524588059 0.07746457909434372 0.32004000000000005 0.0 0.0
54170.0 10866934.0 0.7796672132556821 0.07737424300033624 0.32004000000000005 0.0 0.0
54171.0 10866934.0 0.7794809740525583 0.07728390690632875 0.32004000000000005 0.0 0.0
54172.0 10866934.0 0.7792947348494346 0.07719357081232127 0.32004000000000005 0.0 0.0
54173.0 10866934.0 0.7791084956463108 0.07710323471831378 0.32004000000000005 0.0 0.0
54174.0 10866934.0 0.778922256443187 0.0770128986243063 0.32004000000000005 0.0 0.0
54175.0 10866934.0 0.7783605564398413 0.07719642937995884 0.3202783738607213 0.0 0.0
54176.0 10866934.0 0.7777988564364956 0.07737996013561138 0.32071783412412774 0.0 0.0
54177.0 10866934.0 0.7772371564331498 0.07756349089126392 0.32132692722900835 0.0 0.0
54178.0 10866934.0 0.7766754564298042 0.07774702164691646 0.32207912020808316 0.0 0.0
54179.0 10866934.0 0.7761137564264584 0.077930552402569 0.3229520305977361 0.0 0.0
54180.0 10866934.0 0.7755520564231126 0.07811408315822155 0.32392677700563066 0.0 0.0
54181.0 10866934.0 0.774990356419767 0.07829761391387409 0.32498743137397773 0.0 0.0
54182.0 10866934.0 0.7744286564164212 0.07848114466952663 0.32612055698014236 0.0 0.0
54183.0 10866934.0 0.7738669564130756 0.07866467542517917 0.3273148187345716 0.0 0.0
54184.0 10866934.0 0.7733052564097298 0.07884820618083171 0.32856065445112215 0.0 0.0
54185.0 10866934.0 0.7741946127406878 0.07966747416797754 0.3290157056879118 0.0 0.0
54186.0 10866934.0 0.7750839690716457 0.08048674215512336 0.3288036595705816 0.0 0.0
54187.0 10866934.0 0.7749926716268664 0.08020732449952332 0.32855467110604397 0.0 0.0
54188.0 10866934.0 0.774901374182087 0.07992790684392329 0.328274518449416 0.0 0.0
54189.0 10866934.0 0.7748100767373077 0.07964848918832325 0.3279680759920821 0.0 0.0
54190.0 10866934.0 0.7747187792925284 0.07936907153272321 0.3276394557208706 0.0 0.0
54191.0 10866934.0 0.7746274818477491 0.07908965387712318 0.3272921264664908 0.0 0.0
54192.0 10866934.0 0.7745361844029698 0.07881023622152314 0.3269290144999176 0.0 0.0
54193.0 10866934.0 0.7744448869581905 0.0785308185659231 0.326552588394286 0.0 0.0
54194.0 10866934.0 0.7743535895134112 0.07825140091032307 0.32616493061343355 0.0 0.0
54195.0 10866934.0 0.7742622920686317 0.07797198325472302 0.3257677979032334 0.0 0.0
54196.0 10866934.0 0.7741709946238524 0.07769256559912298 0.3253626722371031 0.0 0.0
54197.0 10866934.0 0.7740796971790731 0.07741314794352294 0.3249508037931246 0.0 0.0
54198.0 10866934.0 0.7739883997342938 0.0771337302879229 0.32453324720911747 0.0 0.0
54199.0 10866934.0 0.7738971022895145 0.07685431263232287 0.32411089216706285 0.0 0.0
54200.0 10866934.0 0.7738058048447352 0.07657489497672283 0.323684489193824 0.0 0.0
54201.0 10866934.0 0.7737145073999558 0.0762954773211228 0.3232546714263819 0.0 0.0
54202.0 10866934.0 0.7736232099551765 0.07601605966552276 0.3228219729727755 0.0 0.0
54203.0 10866934.0 0.7735319125103972 0.07573664200992272 0.32238684440120996 0.0 0.0
54204.0 10866934.0 0.7731895429185933 0.07584850862571334 0.3220197743176634 0.0 0.0
54205.0 10866934.0 0.7728471733267894 0.07596037524150395 0.3217101176895594 0.0 0.0
54206.0 10866934.0 0.7725048037349854 0.07607224185729457 0.3214488944745911 0.0 0.0
54207.0 10866934.0 0.7721624341431815 0.07618410847308518 0.3212285291994689 0.0 0.0
54208.0 10866934.0 0.7718200645513776 0.0762959750888758 0.3210426312711812 0.0 0.0
54209.0 10866934.0 0.7714776949595737 0.07640784170466641 0.3208858096497877 0.0 0.0
54210.0 10866934.0 0.7711353253677699 0.07651970832045703 0.32075351650825595 0.0 0.0
54211.0 10866934.0 0.7707929557759658 0.07663157493624763 0.3206419153454744 0.0 0.0
54212.0 10866934.0 0.770450586184162 0.07674344155203824 0.32054776972771815 0.0 0.0
54213.0 10866934.0 0.7701082165923581 0.07685530816782886 0.3204683494320696 0.0 0.0
54214.0 10866934.0 0.7697658470005542 0.07696717478361947 0.32040135126995334 0.0 0.0
54215.0 10866934.0 0.7694234774087503 0.07707904139941009 0.32034483229466715 0.0 0.0
54216.0 10866934.0 0.7690811078169463 0.0771909080152007 0.3202971534559272 0.0 0.0
54217.0 10866934.0 0.7687387382251424 0.07730277463099132 0.32025693206740957 0.0 0.0
54218.0 10866934.0 0.7683963686333385 0.07741464124678193 0.32022300170884715 0.0 0.0
54219.0 10866934.0 0.7684906861174747 0.08042133051123733 0.3201943783998415 0.0 0.0
54220.0 10866934.0 0.7682346411840743 0.08029002939673394 0.32012255827690295 0.0 0.0
54221.0 10866934.0 0.7679785962506739 0.08015872828223053 0.32001429775646645 0.0 0.0
54222.0 10866934.0 0.7677225513172734 0.08002742716772714 0.31987529648343943 0.0 0.0
54223.0 10866934.0 0.767466506383873 0.07989612605322373 0.3197103626209041 0.0 0.0
54224.0 10866934.0 0.7672104614504726 0.07976482493872034 0.31952355228684687 0.0 0.0
54225.0 10866934.0 0.7669544165170721 0.07963352382421694 0.3193182871815802 0.0 0.0
54226.0 10866934.0 0.7666983715836717 0.07950222270971354 0.3190974538170512 0.0 0.0
54227.0 10866934.0 0.7664423266502712 0.07937092159521014 0.3188634872256886 0.0 0.0
54228.0 10866934.0 0.7661862817168709 0.07923962048070674 0.3186184415763428 0.0 0.0
54229.0 10866934.0 0.7659302367834704 0.07910831936620334 0.3183640497451828 0.0 0.0
54230.0 10866934.0 0.7656741918500699 0.07897701825169995 0.31810177356910496 0.0 0.0
54231.0 10866934.0 0.7654181469166695 0.07884571713719654 0.31783284623900304 0.0 0.0
54232.0 10866934.0 0.7651621019832691 0.07871441602269315 0.31755830806230406 0.0 0.0
54233.0 10866934.0 0.7649060570498687 0.07858311490818974 0.3172790366318837 0.0 0.0
54234.0 10866934.0 0.7646500121164682 0.07845181379368635 0.31699577227625986 0.0 0.0
54235.0 10866934.0 0.7643939671830677 0.07832051267918295 0.31670913952911933 0.0 0.0
54236.0 10866934.0 0.7641379222496674 0.07818921156467955 0.3164196652407951 0.0 0.0
54237.0 10866934.0 0.7638818773162669 0.07805791045017615 0.3161277938569258 0.0 0.0
54238.0 10866934.0 0.7636258323828665 0.07792660933567275 0.3158339003073792 0.0 0.0
54239.0 10866934.0 0.763369787449466 0.07779530822116935 0.31553830087921836 0.0 0.0
54240.0 10866934.0 0.7631137425160656 0.07766400710666596 0.3152412623890267 0.0 0.0
54241.0 10866934.0 0.7628576975826652 0.07753270599216255 0.31494300992058866 0.0 0.0
54242.0 10866934.0 0.7626016526492647 0.07740140487765916 0.31464373335231954 0.0 0.0
54243.0 10866934.0 0.7623456077158643 0.07727010376315575 0.3143435928637395 0.0 0.0
54244.0 10866934.0 0.7620895627824639 0.07713880264865236 0.3140427235806797 0.0 0.0
54245.0 10866934.0 0.7622760921046512 0.07736992343437545 0.31393789386748516 0.0 0.0
54246.0 10866934.0 0.7624626214268384 0.07760104422009853 0.3139984411624732 0.0 0.0
54247.0 10866934.0 0.7626491507490256 0.0778321650058216 0.3141984988371985 0.0 0.0
54248.0 10866934.0 0.7628356800712129 0.07806328579154469 0.3145162460642281 0.0 0.0
54249.0 10866934.0 0.7630222093934003 0.07829440657726777 0.3149332750131459 0.0 0.0
54250.0 10866934.0 0.7632087387155875 0.07852552736299084 0.31543405702347044 0.0 0.0
54251.0 10866934.0 0.7633952680377747 0.07875664814871393 0.3160054922735011 0.0 0.0
54252.0 10866934.0 0.763581797359962 0.07898776893443701 0.31663652988548885 0.0 0.0
54253.0 10866934.0 0.7632985873483553 0.07908030605094546 0.3171688668641558 0.0 0.0
54254.0 10866934.0 0.7630153773367486 0.07917284316745389 0.31761794098188323 0.0 0.0
54255.0 10866934.0 0.7627321673251419 0.07926538028396234 0.3179967753880853 0.0 0.0
54256.0 10866934.0 0.7624489573135352 0.07935791740047077 0.31831635628054183 0.0 0.0
54257.0 10866934.0 0.7621657473019284 0.07945045451697921 0.3185859515051341 0.0 0.0
54258.0 10866934.0 0.7618825372903217 0.07954299163348764 0.3188133793233752 0.0 0.0
54259.0 10866934.0 0.761599327278715 0.07963552874999609 0.31900523514199425 0.0 0.0
54260.0 10866934.0 0.7613161172671083 0.07972806586650452 0.31916708277973105 0.0 0.0
54261.0 10866934.0 0.7610329072555017 0.07982060298301297 0.3193036158180801 0.0 0.0
54262.0 10866934.0 0.760749697243895 0.0799131400995214 0.3194187937151534 0.0 0.0
54263.0 10866934.0 0.7604664872322883 0.08000567721602984 0.31951595662996624 0.0 0.0
54264.0 10866934.0 0.7601832772206816 0.08009821433253828 0.31959792228704803 0.0 0.0
54265.0 10866934.0 0.7599000672090748 0.08019075144904672 0.3196670676904542 0.0 0.0
54266.0 10866934.0 0.7596168571974681 0.08028328856555515 0.3197253980568836 0.0 0.0
54267.0 10866934.0 0.7593336471858614 0.0803758256820636 0.31977460496696264 0.0 0.0
54268.0 10866934.0 0.7590504371742547 0.08046836279857203 0.31981611542108357 0.0 0.0
54269.0 10866934.0 0.758767227162648 0.08056089991508047 0.31985113322241593 0.0 0.0
54270.0 10866934.0 0.7583619653511535 0.07932059684807014 0.3198806738871983 0.0 0.0
54271.0 10866934.0 0.7579567035396589 0.0780802937810598 0.3199055940947095 0.0 0.0
54272.0 10866934.0 0.7575514417281644 0.07683999071404944 0.3199266165309672 0.0 0.0
54273.0 10866934.0 0.7571461799166699 0.0755996876470391 0.319944350846623 0.0 0.0
54274.0 10866934.0 0.7563437511646238 0.07586187687740523 0.3205552336809329 0.0 0.0
54275.0 10866934.0 0.7555413224125777 0.07612406610777137 0.32166649063609204 0.0 0.0
54276.0 10866934.0 0.7547388936605315 0.0763862553381375 0.3231998581637999 0.0 0.0
54277.0 10866934.0 0.7539364649084854 0.07664844456850363 0.3250893139223601 0.0 0.0
54278.0 10866934.0 0.7531340361564394 0.07691063379886975 0.3272791621287709 0.0 0.0
54279.0 10866934.0 0.7523316074043932 0.07717282302923589 0.3297224183810181 0.0 0.0
54280.0 10866934.0 0.7522408071981562 0.07825393691958603 0.3321808063290496 0.0 0.0
54281.0 10866934.0 0.7521500069919194 0.07933505080993615 0.3346519592233583 0.0 0.0
54282.0 10866934.0 0.7520592067856824 0.08041616470028629 0.33713388049787907 0.0 0.0
54283.0 10866934.0 0.7509254821361996 0.07989092835077045 0.3396248858695731 0.0 0.0
54284.0 10866934.0 0.7497917574867168 0.07936569200125462 0.34212355449421955 0.0 0.0
54285.0 10866934.0 0.7486580328372341 0.07884045565173879 0.34462868776193306 0.0 0.0
54286.0 10866934.0 0.7475243081877513 0.07831521930222296 0.34713927453747734 0.0 0.0
54287.0 10866934.0 0.7463905835382685 0.07778998295270713 0.3496544618373432 0.0 0.0
54288.0 10866934.0 0.7452568588887857 0.0772647466031913 0.3521735300932268 0.0 0.0
54289.0 10866934.0 0.7463869474276115 0.07800535415388889 0.35429859072181397 0.0 0.0
54290.0 10866934.0 0.7475170359664371 0.07874596170458648 0.3560912704813337 0.0 0.0
54291.0 10866934.0 0.7463133933756756 0.07913924719659896 0.3581994794289143 0.0 0.0
54292.0 10866934.0 0.745109750784914 0.07953253268861143 0.3605738656240355 0.0 0.0
54293.0 10866934.0 0.7439061081941526 0.07992581818062393 0.36317279626635585 0.0 0.0
54294.0 10866934.0 0.742702465603391 0.08031910367263641 0.3659611503445026 0.0 0.0
54295.0 10866934.0 0.740041073281268 0.07896898555830814 0.36831337778263995 0.0 0.0
54296.0 10866934.0 0.7381711997238609 0.07800279215547894 0.370893615520576 0.0 0.0
54297.0 10866934.0 0.7363013261664538 0.07703659875264973 0.3736662004527108 0.0 0.0
54298.0 10866934.0 0.7311657832370824 0.07871462515156831 0.37600512519797424 0.0 0.0
54299.0 10866934.0 0.7287183766305982 0.07951431135076914 0.37797821857397895 0.0 0.0
54300.0 10866934.0 0.7262709700241141 0.08031399754996998 0.379642700288629 0.0 0.0
54301.0 10866934.0 0.713246988026926 0.08258351437590092 0.3810468403116493 0.0 0.0
54302.0 10866934.0 0.7084324202892665 0.0841566797831394 0.3834232033919117 0.0 0.0
54303.0 10866934.0 0.7018932968113252 0.08045197577334093 0.3854278793705395 0.0 0.0
54304.0 10866934.0 0.6842145160021957 0.0834247193819599 0.38711900385091297 0.0 0.0
54305.0 10866934.0 0.679078977734674 0.08510278378032554 0.3885456194429629 0.0 0.0
54306.0 10866934.0 0.6682316139717767 0.08506453054187281 0.39014637956159354 0.0 0.0
54307.0 10866934.0 0.6573842502088793 0.08502627730342006 0.3918940462502451 0.0 0.0
54308.0 10866934.0 0.646536886445982 0.08498802406496733 0.39376564184288854 0.0 0.0
54309.0 10866934.0 0.6201185926286732 0.0856762306268002 0.3953445010489757 0.0 0.0
54310.0 10866934.0 0.5991357088561449 0.08669131749695216 0.3978682554736874 0.0 0.0
54311.0 10866934.0 0.5707203980511264 0.08534520802958076 0.3999972693071361 0.0 0.0
54312.0 10866934.0 0.5622811197825272 0.08547429619785797 0.4023892062945938 0.0 0.0
54313.0 10866934.0 0.5538418415139279 0.08560338436613518 0.4050029426086968 0.0 0.0
54314.0 10866934.0 0.5204851859754216 0.08517118833197444 0.407207864258452 0.0 0.0
54315.0 10866934.0 0.5093038360805662 0.08356773967380185 0.40906791397170233 0.0 0.0
54316.0 10866934.0 0.46877787610077054 0.08022126344935887 0.4118288778783363 0.0 0.0
54317.0 10866934.0 0.44745139766225744 0.08181635768694434 0.4153498439316462 0.0 0.0
54318.0 10866934.0 0.410650240812809 0.07655197619068646 0.41832009545897386 0.0 0.0
54319.0 10866934.0 0.37818802608103214 0.076412222739383 0.422017614442816 0.0 0.0
54320.0 10866934.0 0.36700657932547787 0.07480899689546092 0.42513680424549977 0.0 0.0
54321.0 10866934.0 0.3442424275978436 0.07173375176880883 0.42836404371540515 0.0 0.0
54322.0 10866934.0 0.3214782758702094 0.06865850664215675 0.4316824327971594 0.0 0.0
54323.0 10866934.0 0.2885112156989289 0.0683336143192382 0.43448179243003127 0.0 0.0
54324.0 10866934.0 0.24767579213341695 0.06567351858531897 0.43684330404337407 0.0 0.0
54325.0 10866934.0 0.2147776210969451 0.06556007914995518 0.44002729616217895 0.0 0.0
54326.0 10866934.0 0.177988698289671 0.06169468548093077 0.442713279869687 0.0 0.0
54327.0 10866934.0 0.16342489860221554 0.0606130233608545 0.444979148693416 0.0 0.0
54328.0 10866934.0 0.11787812055963676 0.05984387861613341 0.446890612829254 0.0 0.0
54329.0 10866934.0 0.07864720429826477 0.05666022855619074 0.44850310473714045 0.0 0.0
54330.0 10866934.0 0.05136580413884151 0.05471168323415179 0.45105523137060816 0.0 0.0
54331.0 10866934.0 0.02695293516512931 0.05474646490878107 0.4532081797138235 0.0 0.0
54332.0 10866934.0 0.002540066191417112 0.05478124658341035 0.45502438526873973 0.0 0.0
54333.0 10866934.0 -0.030289452845028597 0.054880050232794214 0.45774836268465363 0.0 0.0
54334.0 10866934.0 -0.0627065559386264 0.0546105281507864 0.46004628261842245 0.0 0.0
54335.0 10866934.0 -0.0951806816607127 0.05471027301732004 0.46317662943632976 0.0 0.0
54336.0 10866934.0 -0.13444651718079426 0.0514222433297932 0.46581735850789063 0.0 0.0
54337.0 10866934.0 -0.15525748442267084 0.05296732949994856 0.4680450509761804 0.0 0.0
54338.0 10866934.0 -0.20416147487313374 0.05551723434293679 0.47111615461098355 0.0 0.0
54339.0 10866934.0 -0.2353952289776553 0.05778241742176085 0.4737069067295053 0.0 0.0
54340.0 10866934.0 -0.25227193543184745 0.060495200662741805 0.47589243914318263 0.0 0.0
54341.0 10866934.0 -0.2907452384005518 0.07050142411237778 0.4789279769802165 0.0 0.0
54342.0 10866934.0 -0.3364660499206489 0.080073095703354 0.48148872614967664 0.0 0.0
54343.0 10866934.0 -0.3754640315427864 0.09282164547218227 0.4848407930656816 0.0 0.0
54344.0 10866934.0 -0.40308506459783366 0.10722549713605536 0.4888604076687956 0.0 0.0
54345.0 10866934.0 -0.4263729298797616 0.12021290665904319 0.49225131409430467 0.0 0.0
54346.0 10866934.0 -0.45367284310381817 0.13451202664743808 0.4963036933167528 0.0 0.0
54347.0 10866934.0 -0.47699508224207254 0.1473940508037986 0.49972223964538676 0.0 0.0
54348.0 10866934.0 -0.4935752566139263 0.15970771004626866 0.5032020132678391 0.0 0.0
54349.0 10866934.0 -0.5101554309857801 0.1720213692887387 0.5067334376191608 0.0 0.0
54350.0 10866934.0 -0.5371515483449241 0.19159593231676822 0.5097125116614382 0.0 0.0
54351.0 10866934.0 -0.5526654939152855 0.21477721940490183 0.5134174732301015 0.0 0.0
54352.0 10866934.0 -0.5755822593457651 0.24248186935778068 0.5165429415224377 0.0 0.0
54353.0 10866934.0 -0.5909147010451228 0.26350096519294497 0.5191795551189247 0.0 0.0
54354.0 10866934.0 -0.6045215539864095 0.28979765821331105 0.5225956205020647 0.0 0.0
54355.0 10866934.0 -0.6092154898623292 0.3080396288878958 0.5254773788797645 0.0 0.0
54356.0 10866934.0 -0.6238146780990048 0.36118227388133173 0.5291002459331818 0.0 0.0
54357.0 10866934.0 -0.6287328948407973 0.39503662309542487 0.5321564601186614 0.0 0.0
54358.0 10866934.0 -0.6274258912109624 0.4112582115648506 0.534734651647582 0.0 0.0
54359.0 10866934.0 -0.6261188875811274 0.4274798000342763 0.5369095880742827 0.0 0.0
54360.0 10866934.0 -0.6236083818676508 0.4704719429513863 0.5399361872433417 0.0 0.0
54361.0 10866934.0 -0.6156622764083628 0.5029242838562527 0.5424893958424577 0.0 0.0
54362.0 10866934.0 -0.6061717904976085 0.5319508116226106 0.5446432569210049 0.0 0.0
54363.0 10866934.0 -0.5855515881402835 0.578719123568165 0.5476520771384655 0.0 0.0
54364.0 10866934.0 -0.5709604745552121 0.6059611303373781 0.5501902875929416 0.0 0.0
54365.0 10866934.0 -0.5563720294707603 0.625317685798978 0.552331496387613 0.0 0.0
54366.0 10866934.0 -0.5417835843863084 0.6446742412605779 0.5541377985775252 0.0 0.0
54367.0 10866934.0 -0.5289284909502279 0.6568280430242767 0.5568534216143899 0.0 0.0
54368.0 10866934.0 -0.4855966991169087 0.7010778504678062 0.5591442938780719 0.0 0.0
54369.0 10866934.0 -0.4567334745562359 0.7255230206336413 0.5610768506642179 0.0 0.0
54370.0 10866934.0 -0.4225670953330165 0.7447293925679289 0.5638989808078304 0.0 0.0
54371.0 10866934.0 -0.3868600545992049 0.7681055238088944 0.56627970139487 0.0 0.0
54372.0 10866934.0 -0.3491326060114335 0.7829933480239127 0.5682880533223609 0.0 0.0
54373.0 10866934.0 -0.31780677630755916 0.7945998420804921 0.5711741234844044 0.0 0.0
54374.0 10866934.0 -0.2829956129747302 0.8060016561535809 0.5736087832274958 0.0 0.0
54375.0 10866934.0 -0.24779632011935226 0.8158747061184223 0.5756626376841844 0.0 0.0
54376.0 10866934.0 -0.18465341276483338 0.827010860610143 0.5785870933219186 0.0 0.0
54377.0 10866934.0 -0.16660099250793448 0.8319748080733687 0.5810541346659884 0.0 0.0
54378.0 10866934.0 -0.14854857225103557 0.8369387555365945 0.583135305915372 0.0 0.0
54379.0 10866934.0 -0.08688989026953686 0.8435370052753063 0.5848909610363013 0.0 0.0
54380.0 10866934.0 -0.047662041127926935 0.8467196030214418 0.5875638587154877 0.0 0.0
54381.0 10866934.0 -0.010782689536612766 0.8519552421970529 0.5898186882974231 0.0 0.0
54382.0 10866934.0 0.052033245093267344 0.8582930573758557 0.592912684528188 0.0 0.0
54383.0 10866934.0 0.09208475062645127 0.8599219306464366 0.5955227486102703 0.0 0.0
54384.0 10866934.0 0.1240762171666902 0.862024278239983 0.5977245724020505 0.0 0.0
54385.0 10866934.0 0.15606768370692914 0.8641266258335294 0.5995820087934901 0.0 0.0
54386.0 10866934.0 0.18591721794890376 0.8685065321712984 0.6017448457840431 0.0 0.0
54387.0 10866934.0 0.21576675219087837 0.8728864385090674 0.6041653156464354 0.0 0.0
54388.0 10866934.0 0.2545927455520224 0.8762018234475489 0.6062071996625743 0.0 0.0
54389.0 10866934.0 0.2920298113644515 0.8779852335778445 0.6079297124689279 0.0 0.0
54390.0 10866934.0 0.35973888141630284 0.8827260834015633 0.6093828069368804 0.0 0.0
54391.0 10866934.0 0.39915104665284407 0.887836688419066 0.6106086228060025 0.0 0.0
54392.0 10866934.0 0.4431573222743261 0.8893430536750381 0.6128345534247028 0.0 0.0
54393.0 10866934.0 0.48135689647314983 0.8975374444657384 0.6147123260927195 0.0 0.0
54394.0 10866934.0 0.5228652753946375 0.9009120720091647 0.6174882409056294 0.0 0.0
54395.0 10866934.0 0.5569110718143245 0.9059079530906221 0.6198299747048025 0.0 0.0
54396.0 10866934.0 0.6073177939774451 0.910697627648058 0.6218054377704149 0.0 0.0
54397.0 10866934.0 0.6523328793476963 0.9125764144574924 0.6234719185313693 0.0 0.0
54398.0 10866934.0 0.6923268999030999 0.9153953244171805 0.6248777449297334 0.0 0.0
54399.0 10866934.0 0.7306292626309596 0.9239077124668982 0.627255530619264 0.0 0.0
54400.0 10866934.0 0.7526492525728291 0.9247146970287012 0.6292614066967532 0.0 0.0
54401.0 10866934.0 0.7746692425146986 0.9255216815905043 0.6309535435684483 0.0 0.0
54402.0 10866934.0 0.8430460783226743 0.9353055749079866 0.6323810132036284 0.0 0.0
54403.0 10866934.0 0.8819853700475018 0.9387037124969061 0.6347770569099179 0.0 0.0
54404.0 10866934.0 0.9226686930168206 0.9436350562635922 0.6367983352665951 0.0 0.0
54405.0 10866934.0 0.9692351191213169 0.9502659238787684 0.6385034653460036 0.0 0.0
54406.0 10866934.0 1.0120619928798535 0.9549645947179412 0.639941895920446 0.0 0.0
54407.0 10866934.0 1.055932512417027 0.9601402726683295 0.6423471861647857 0.0 0.0
54408.0 10866934.0 1.1254432934818213 0.9701400681894702 0.6443762648079041 0.0 0.0
54409.0 10866934.0 1.1456174511994033 0.9715511994764765 0.6460879751304518 0.0 0.0
54410.0 10866934.0 1.165791608916985 0.9729623307634827 0.6475319567317825 0.0 0.0
54411.0 10866934.0 1.2287867586963155 0.9796009587881841 0.6499419297665392 0.0 0.0
54412.0 10866934.0 1.2654448588824452 0.9844471588646567 0.6519749587645255 0.0 0.0
54413.0 10866934.0 1.3098664598357914 0.9913133361005907 0.6536900015666831 0.0 0.0
54414.0 10866934.0 1.367909144465267 0.9991037112911748 0.6551367944142745 0.0 0.0
54415.0 10866934.0 1.390658555089646 1.0024194869560132 0.6575491389880841 0.0 0.0
54416.0 10866934.0 1.440741767787974 1.007319890484856 0.6595841685925481 0.0 0.0
54417.0 10866934.0 1.4772050957483678 1.0129315883468923 0.6613008990861959 0.0 0.0
54418.0 10866934.0 1.5255905139154122 1.016985241418584 0.6627491156533435 0.0 0.0
54419.0 10866934.0 1.5921615652834484 1.0239771577501937 0.6651626612626422 0.0 0.0
54420.0 10866934.0 1.6280874834438803 1.0317510792700975 0.6671987040485576 0.0 0.0
54421.0 10866934.0 1.6733905196145482 1.038331213324284 0.6689162892518812 0.0 0.0
54422.0 10866934.0 1.7188883578452872 1.0449647788608223 0.6715570715317135 0.0 0.0
54423.0 10866934.0 1.7612324557712309 1.0506427350212812 0.6737848088859655 0.0 0.0
54424.0 10866934.0 1.794473718394702 1.0567242041790792 0.6756641056979105 0.0 0.0
54425.0 10866934.0 1.8277149810181732 1.0628056733368771 0.6772494615750948 0.0 0.0
54426.0 10866934.0 1.8730173760050624 1.0693870697442047 0.678586851837957 0.0 0.0
54427.0 10866934.0 1.9143876256262236 1.0764352827808854 0.6797150608041198 0.0 0.0
54428.0 10866934.0 1.9771323272034058 1.0891192868837647 0.6818586512218064 0.0 0.0
54429.0 10866934.0 2.0202447817190974 1.0960662578415212 0.6836669625249254 0.0 0.0
54430.0 10866934.0 2.0530835818675897 1.1014623973128346 0.6851924357412672 0.0 0.0
54431.0 10866934.0 2.0859223820160815 1.106858536784148 0.6864793095941057 0.0 0.0
54432.0 10866934.0 2.153724611424889 1.1227985613106433 0.6881608257692755 0.0 0.0
54433.0 10866934.0 2.183817676701975 1.1286246187424203 0.6898772970638053 0.0 0.0
54434.0 10866934.0 2.2139107419790602 1.1344506761741975 0.6916232561452365 0.0 0.0
54435.0 10866934.0 2.279092175014789 1.1423690768608659 0.6930961296548794 0.0 0.0
54436.0 10866934.0 2.322723898100376 1.154989044769551 0.694338630924514 0.0 0.0
54437.0 10866934.0 2.375318677308487 1.1651494744496584 0.6953867924909594 0.0 0.0
54438.0 10866934.0 2.4400323373365653 1.177076943808012 0.6974628557278468 0.0 0.0
54439.0 10866934.0 2.48858064614475 1.1884426246980893 0.6992142017808419 0.0 0.0
54440.0 10866934.0 2.502768128690003 1.189066667045389 0.7006916196854813 0.0 0.0
54441.0 10866934.0 2.516955611235256 1.189690709392689 0.7019379545609997 0.0 0.0
54442.0 10866934.0 2.5732444146426348 1.2043702605420759 0.7029893501187872 0.0 0.0
54443.0 10866934.0 2.635675552356476 1.2161099316368544 0.7050681415182236 0.0 0.0
54444.0 10866934.0 2.684188590464669 1.2273713665466002 0.7068217890216886 0.0 0.0
54445.0 10866934.0 2.736747373432941 1.2374288753578129 0.7083011484067825 0.0 0.0
54446.0 10866934.0 2.785432334246832 1.249218817247325 0.709549121095673 0.0 0.0
54447.0 10866934.0 2.834413073639279 1.2581087828759039 0.7106018982963381 0.0 0.0
54448.0 10866934.0 2.880000244733295 1.266938823397339 0.7114900105475971 0.0 0.0
54449.0 10866934.0 2.93971565593203 1.282604602666624 0.7122392131047363 0.0 0.0
54450.0 10866934.0 2.992787465127379 1.290159754244935 0.7128712328419128 0.0 0.0
54451.0 10866934.0 3.0409323522787712 1.3016601248682298 0.7134043983315048 0.0 0.0
54452.0 10866934.0 3.088939176589533 1.3127385505175015 0.7138541713727105 0.0 0.0
54453.0 10866934.0 3.142069693000624 1.3231958926043474 0.7142335953837248 0.0 0.0
54454.0 10866934.0 3.1660901295192554 1.328788225890472 0.7145536736608671 0.0 0.0
54455.0 10866934.0 3.1901105660378866 1.3343805591765965 0.7148236884741745 0.0 0.0
54456.0 10866934.0 3.2431027916559634 1.3444163796121262 0.715051470253233 0.0 0.0
54457.0 10866934.0 3.3069434790301706 1.3604901330926362 0.7152436246696353 0.0 0.0
54458.0 10866934.0 3.3638087580041933 1.3687950832391633 0.715405724201457 0.0 0.0
54459.0 10866934.0 3.404292218385071 1.3769574992781186 0.7143506250469167 0.0 0.0
54460.0 10866934.0 3.463648964369461 1.3918092619922506 0.713460554018737 0.0 0.0
54461.0 10866934.0 3.516640016584014 1.4018470983294793 0.7127096990571006 0.0 0.0
54462.0 10866934.0 3.568176488996553 1.4142290937634006 0.7120762853681202 0.0 0.0
54463.0 10866934.0 3.613427141890168 1.420953232804785 0.7115419439548152 0.0 0.0
54464.0 10866934.0 3.6662134073491917 1.4344464602769478 0.7110911789161999 0.0 0.0
54465.0 10866934.0 3.712369363358614 1.441226072908728 0.7107109180661544 0.0 0.0
54466.0 10866934.0 3.7598123719807557 1.4533098061097076 0.7103901338400274 0.0 0.0
54467.0 10866934.0 3.7962397069526923 1.457482839807089 0.7101195234952611 0.0 0.0
54468.0 10866934.0 3.832667041924629 1.4616558735044702 0.7098912393318574 0.0 0.0
54469.0 10866934.0 3.878401671514365 1.4739473561071634 0.7096986611090775 0.0 0.0
54470.0 10866934.0 3.9254846731451636 1.4794910321422055 0.709536204058461 0.0 0.0
54471.0 10866934.0 3.9675511436336945 1.4925128426228957 0.7093991569255398 0.0 0.0
54472.0 10866934.0 4.007675292091443 1.497407659622373 0.7092835453434593 0.0 0.0
54473.0 10866934.0 4.0519376386873684 1.5024707775238675 0.7103778612645433 0.0 0.0
54474.0 10866934.0 4.119130645857415 1.5152368217455636 0.7101091704740947 0.0 0.0
54475.0 10866934.0 4.167143025168552 1.5236325012076501 0.7110743503155992 0.0 0.0
54476.0 10866934.0 4.2127583517623926 1.5301239513908522 0.7118885663162561 0.0 0.0
54477.0 10866934.0 4.258373534328523 1.5366156922876735 0.7125754307400843 0.0 0.0
54478.0 10866934.0 4.310027729077157 1.539852161066744 0.7131548626553751 0.0 0.0
54479.0 10866934.0 4.344273526102114 1.5400668903848245 0.7136436655876717 0.0 0.0
54480.0 10866934.0 4.378519323127071 1.5402816197029052 0.7140560148220108 0.0 0.0
54481.0 10866934.0 4.443181639600264 1.5398585112540373 0.7144038684861881 0.0 0.0
54482.0 10866934.0 4.460146960457032 1.540163542466484 0.7146973143364649 0.0 0.0
54483.0 10866934.0 4.532731901834484 1.5433471638226723 0.7149448623024992 0.0 0.0
54484.0 10866934.0 4.5687635162273885 1.5396510965410248 0.715153691275306 0.0 0.0
54485.0 10866934.0 4.604795130620293 1.5359550292593773 0.7153298572950967 0.0 0.0
54486.0 10866934.0 4.6520082400569915 1.5312978176826155 0.7154784691764451 0.0 0.0
54487.0 10866934.0 4.6976160374348614 1.5257338656307433 0.7156038366639105 0.0 0.0
54488.0 10866934.0 4.743223834812731 1.520169913578871 0.7157095954146292 0.0 0.0
54489.0 10866934.0 4.789169556694207 1.5142483623958845 0.7157988124323722 0.0 0.0
54490.0 10866934.0 4.8351152785756835 1.5083268112128976 0.715874075010654 0.0 0.0
54491.0 10866934.0 4.88106100045716 1.502405260029911 0.7159375657642448 0.0 0.0
54492.0 10866934.0 4.9270067223386365 1.4964837088469243 0.7159911259249987 0.0 0.0
54493.0 10866934.0 4.953713271172461 1.4929112342340167 0.7160363087375775 0.0 0.0
54494.0 10866934.0 5.007435770685257 1.485627123863416 0.7160744245035461 0.0 0.0
54495.0 10866934.0 5.061158270198052 1.4783430134928153 0.7161065785801174 0.0 0.0
54496.0 10866934.0 5.114880769710848 1.4710589031222145 0.7161337034355122 0.0 0.0
54497.0 10866934.0 5.151714050461047 1.4662867794695276 0.7161565856905368 0.0 0.0
54498.0 10866934.0 5.188547331211247 1.4615146558168406 0.7161758889305869 0.0 0.0
54499.0 10866934.0 5.225380611961445 1.4567425321641536 0.7161921729496241 0.0 0.0
54500.0 10866934.0 5.262213892711644 1.4519704085114666 0.7162059099842004 0.0 0.0
54501.0 10866934.0 5.268704407962904 1.4323092974437335 0.7161768673394024 0.0 0.0
54502.0 10866934.0 5.275194923214163 1.4126481863760005 0.716111736187622 0.0 0.0
54503.0 10866934.0 5.281685438465423 1.3929870753082674 0.7160161611345484 0.0 0.0
54504.0 10866934.0 5.288175953716682 1.3733259642405344 0.7158949039127332 0.0 0.0
54505.0 10866934.0 5.294666468967941 1.3536648531728013 0.715751981471835 0.0 0.0
54506.0 10866934.0 5.301156984219201 1.3340037421050681 0.7155907824701585 0.0 0.0
54507.0 10866934.0 5.307647499470461 1.3143426310373352 0.715414165545746 0.0 0.0
54508.0 10866934.0 5.31413801472172 1.294681519969602 0.7152245422168805 0.0 0.0
54509.0 10866934.0 5.320628529972979 1.275020408901869 0.7150239468161157 0.0 0.0
54510.0 10866934.0 5.327119045224239 1.255359297834136 0.7148140954859203 0.0 0.0
54511.0 10866934.0 5.333609560475498 1.235698186766403 0.7145964359468097 0.0 0.0
54512.0 10866934.0 5.340100075726758 1.2160370756986698 0.7143721894812405 0.0 0.0
54513.0 10866934.0 5.346590590978018 1.1963759646309367 0.7141423863508021 0.0 0.0
54514.0 10866934.0 5.3530811062292765 1.1767148535632037 0.7139078956738028 0.0 0.0
54515.0 10866934.0 5.359571621480536 1.1570537424954705 0.7136694506297003 0.0 0.0
54516.0 10866934.0 5.366062136731796 1.1373926314277374 0.7134276697213068 0.0 0.0
54517.0 10866934.0 5.372552651983055 1.1177315203600044 0.7131830747113697 0.0 0.0
54518.0 10866934.0 5.379043167234315 1.0980704092922713 0.7129361057536917 0.0 0.0
54519.0 10866934.0 5.385533682485574 1.0784092982245383 0.7126871341575911 0.0 0.0
54520.0 10866934.0 5.392024197736833 1.0587481871568052 0.7124364731558718 0.0 0.0
54521.0 10866934.0 5.398514712988093 1.0390870760890722 0.7121843869885749 0.0 0.0
54522.0 10866934.0 5.405005228239352 1.019425965021339 0.7119310985659397 0.0 0.0
54523.0 10866934.0 5.411495743490612 0.9997648539536059 0.7116767959328008 0.0 0.0
54524.0 10866934.0 5.4179862587418715 0.980103742885873 0.7114216377218878 0.0 0.0
54525.0 10866934.0 5.42447677399313 0.9604426318181398 0.7111657577541755 0.0 0.0
54526.0 10866934.0 5.43096728924439 0.9407815207504068 0.7109092689196909 0.0 0.0
54527.0 10866934.0 5.43745780449565 0.9211204096826737 0.7106522664513248 0.0 0.0
54528.0 10866934.0 5.443948319746909 0.9014592986149407 0.7103948306865857 0.0 0.0
54529.0 10866934.0 5.4504388349981685 0.8817981875472076 0.710137029397387 0.0 0.0
54530.0 10866934.0 5.456929350249428 0.8621370764794745 0.7098789197554328 0.0 0.0
54531.0 10866934.0 5.463419865500687 0.8424759654117414 0.7096205499901974 0.0 0.0
54532.0 10866934.0 5.469910380751947 0.8228148543440084 0.7093619607875798 0.0 0.0
54533.0 10866934.0 5.476400896003207 0.8031537432762753 0.7091031864697952 0.0 0.0
54534.0 10866934.0 5.4828914112544656 0.7834926322085423 0.7088442559907185 0.0 0.0
54535.0 10866934.0 5.489381926505725 0.7638315211408091 0.7085851937755476 0.0 0.0
54536.0 10866934.0 5.495872441756985 0.744170410073076 0.7083260204291333 0.0 0.0
54537.0 10866934.0 5.502362957008244 0.724509299005343 0.7080667533335205 0.0 0.0
54538.0 10866934.0 5.508853472259504 0.70484818793761 0.7078074071520274 0.0 0.0
54539.0 10866934.0 5.5153439875107635 0.6851870768698769 0.7075479942544816 0.0 0.0
54540.0 10866934.0 5.521834502762022 0.6655259658021437 0.7072885250759451 0.0 0.0
54541.0 10866934.0 5.528325018013282 0.6458648547344107 0.7070290084193314 0.0 0.0
54542.0 10866934.0 5.534815533264542 0.6262037436666776 0.7067694517106894 0.0 0.0
54543.0 10866934.0 5.541306048515801 0.6065426325989446 0.7065098612145596 0.0 0.0
54544.0 10866934.0 5.5477965637670605 0.5868815215312115 0.706250242215645 0.0 0.0
54545.0 10866934.0 5.55428707901832 0.5672204104634785 0.7059905991720681 0.0 0.0
54546.0 10866934.0 5.560777594269579 0.5475592993957453 0.705730935844656 0.0 0.0
54547.0 10866934.0 5.567268109520839 0.5278981883280123 0.7054712554060046 0.0 0.0
54548.0 10866934.0 5.573758624772099 0.5082370772602792 0.7052115605324841 0.0 0.0
54549.0 10866934.0 5.580249140023358 0.4885759661925462 0.7049518534818533 0.0 0.0
54550.0 10866934.0 5.586739655274617 0.4689148551248131 0.7046921361587347 0.0 0.0
54551.0 10866934.0 5.593230170525877 0.4492537440570801 0.7044324101698488 0.0 0.0
54552.0 10866934.0 5.599720685777136 0.4295926329893469 0.7041726768706088 0.0 0.0
54553.0 10866934.0 5.606211201028396 0.409931521921614 0.7039129374044277 0.0 0.0
54554.0 10866934.0 5.6127017162796555 0.3902704108538808 0.7036531927358771 0.0 0.0
54555.0 10866934.0 5.619192231530914 0.37060929978614765 0.70339344367866 0.0 0.0
54556.0 10866934.0 5.625682746782174 0.3509481887184147 0.703133690919208 0.0 0.0
54557.0 10866934.0 5.632173262033434 0.33128707765068155 0.7028739350365878 0.0 0.0
54558.0 10866934.0 5.638663777284693 0.3116259665829486 0.7026141765192945 0.0 0.0
54559.0 10866934.0 5.645154292535953 0.29196485551521545 0.7023544157794174 0.0 0.0
54560.0 10866934.0 5.651644807787212 0.2723037444474823 0.702094653164591 0.0 0.0
