18086.0 10866934.0 -0.8547163666126605 -4.558322587583524 0.69342 0.6347677865124084 0.8097307648880199
18087.0 10866934.0 -0.8423615557991966 -4.527311575647853 0.69342 0.6347677865124084 0.8097307648880199
18088.0 10866934.0 -0.813671567844164 -4.432710381373646 0.69342 0.6347677865124084 0.8097307648880199
18089.0 10866934.0 -0.7867794407101925 -4.366728417150488 0.69342 0.6347677865124084 0.8097307648880199
18090.0 10866934.0 -0.7648830347399251 -4.307876066898996 0.69342 0.6347677865124084 0.8097307648880199
18091.0 10866934.0 -0.7440157788896011 -4.244014354318517 0.69342 0.6347677865124084 0.8097307648880199
18092.0 10866934.0 -0.7283510634229151 -4.187915642529689 0.69342 0.6347677865124084 0.8097307648880199
18093.0 10866934.0 -0.7025753043314333 -4.1267092450414635 0.69342 0.6347677865124084 0.8097307648880199
18094.0 10866934.0 -0.6947112881238411 -4.102642342147068 0.69342 0.6347677865124084 0.8097307648880199
18095.0 10866934.0 -0.6540048170438924 -3.9848637071428565 0.69342 0.6347677865124084 0.8097307648880199
18096.0 10866934.0 -0.6332410674719284 -3.921318616091177 0.69342 0.6347677865124084 0.8097307648880199
18097.0 10866934.0 -0.6138914583455639 -3.862101340872356 0.69342 0.6347677865124084 0.8097307648880199
18098.0 10866934.0 -0.5930932132656157 -3.7984506803266944 0.69342 0.6347677865124084 0.8097307648880199
18099.0 10866934.0 -0.5642011211176214 -3.72634616849142 0.69342 0.6347677865124084 0.8097307648880199
18100.0 10866934.0 -0.5477096627875457 -3.669349281748656 0.69342 0.6347677865124084 0.8097307648880199
18101.0 10866934.0 -0.523635730501236 -3.6130775997315805 0.69342 0.6347677865124084 0.8097307648880199
18102.0 10866934.0 -0.5159134082748167 -3.5785667804663746 0.69342 0.6347677865124084 0.8097307648880199
18103.0 10866934.0 -0.49304006699563757 -3.51264424338177 0.69342 0.6347677865124084 0.8097307648880199
18104.0 10866934.0 -0.47016672571645846 -3.446721706297166 0.69342 0.6347677865124084 0.8097307648880199
18105.0 10866934.0 -0.44729338443727934 -3.380799169212562 0.69342 0.6347677865124084 0.8097307648880199
18106.0 10866934.0 -0.4244200431581002 -3.3148766321279575 0.69342 0.6347677865124084 0.8097307648880199
18107.0 10866934.0 -0.406950890159776 -3.266172603004216 0.69342 0.6347677865124084 0.8097307648880199
18108.0 10866934.0 -0.38948173716145174 -3.217468573880474 0.69342 0.6347677865124084 0.8097307648880199
18109.0 10866934.0 -0.3720125841631275 -3.1687645447567325 0.69342 0.6347677865124084 0.8097307648880199
18110.0 10866934.0 -0.35454343116480325 -3.120060515632991 0.69342 0.6347677865124084 0.8097307648880199
18111.0 10866934.0 -0.32143800466806516 -3.0269018480056418 0.69342 0.6347677865124084 0.8097307648880199
18112.0 10866934.0 -0.30166857131284885 -2.9582418431829973 0.69342 0.6347677865124084 0.8097307648880199
18113.0 10866934.0 -0.2775369427155443 -2.90070383152604 0.69342 0.6347677865124084 0.8097307648880199
18114.0 10866934.0 -0.2582158687748006 -2.8334160597959714 0.69342 0.6347677865124084 0.8097307648880199
18115.0 10866934.0 -0.23580278215215844 -2.7729799547418477 0.69342 0.6347677865124084 0.8097307648880199
18116.0 10866934.0 -0.2060431492196313 -2.690060196871153 0.69342 0.6347677865124084 0.8097307648880199
18117.0 10866934.0 -0.1956896922391318 -2.6502172280322753 0.69342 0.6347677865124084 0.8097307648880199
18118.0 10866934.0 -0.17131069494032514 -2.58376432845997 0.69342 0.6347677865124084 0.8097307648880199
18119.0 10866934.0 -0.15071955481149302 -2.5207468088133607 0.69342 0.6347677865124084 0.8097307648880199
18120.0 10866934.0 -0.1170625430803306 -2.4258990347054143 0.69342 0.6347677865124084 0.8097307648880199
18121.0 10866934.0 -0.09451792468163989 -2.3732164426980256 0.69342 0.6347677865124084 0.8097307648880199
18122.0 10866934.0 -0.0765073988981021 -2.309939813664883 0.69342 0.6347677865124084 0.8097307648880199
18123.0 10866934.0 -0.06624633665291757 -2.2785365895807734 0.69342 0.6347677865124084 0.8097307648880199
18124.0 10866934.0 -0.05598527440773304 -2.247133365496664 0.69342 0.6347677865124084 0.8097307648880199
18125.0 10866934.0 -0.017019968254779805 -2.140117614180175 0.69342 0.6347677865124084 0.8097307648880199
18126.0 10866934.0 -0.0003828596250764482 -2.0953181755104913 0.69342 0.6347677865124084 0.8097307648880199
18127.0 10866934.0 0.01625424900462691 -2.0505187368408073 0.69342 0.6347677865124084 0.8097307648880199
18128.0 10866934.0 0.038742297793805225 -1.9816954834349605 0.69342 0.6347677865124084 0.8097307648880199
18129.0 10866934.0 0.06260359046206143 -1.9168257416359589 0.69342 0.7657325092434724 0.6872028657446764
18130.0 10866934.0 0.08378738481701697 -1.8438378388989571 0.69342 0.7657325092434724 0.6872028657446764
18131.0 10866934.0 0.10840743394358698 -1.7766458086112205 0.69342 0.7657325092434724 0.6872028657446764
18132.0 10866934.0 0.12948423019143407 -1.7230162240982896 0.69342 0.7657325092434724 0.6872028657446764
18133.0 10866934.0 0.14982862681587772 -1.6672780880861702 0.69342 0.7657325092434724 0.6872028657446764
18134.0 10866934.0 0.16963153128386166 -1.6001476123818026 0.69342 0.7657325092434724 0.6872028657446764
18135.0 10866934.0 0.19053296446303158 -1.5361799232501572 0.69342 0.7657325092434724 0.6872028657446764
18136.0 10866934.0 0.21456783023821058 -1.4691471254698305 0.69342 0.7657325092434724 0.6872028657446764
18137.0 10866934.0 0.23515883332299214 -1.406129432284401 0.69342 0.7657325092434724 0.6872028657446764
18138.0 10866934.0 0.2611569898175228 -1.3363501345896218 0.69342 0.7657325092434724 0.6872028657446764
18139.0 10866934.0 0.28840468811255937 -1.252959856391528 0.69342 0.7657325092434724 0.6872028657446764
18140.0 10866934.0 0.31253495625473116 -1.1954211929640735 0.69342 0.7657325092434724 0.6872028657446764
18141.0 10866934.0 0.3237099404233261 -1.1612206088894041 0.69342 0.7657325092434724 0.6872028657446764
18142.0 10866934.0 0.3585627532601703 -1.0616229171667937 0.69342 0.7657325092434724 0.6872028657446764
18143.0 10866934.0 0.3791191920336545 -0.998710710144724 0.69342 0.7657325092434724 0.6872028657446764
18144.0 10866934.0 0.3996066515975365 -0.9360096114253841 0.69342 0.7657325092434724 0.6872028657446764
18145.0 10866934.0 0.4082983019419057 -0.9094091427652595 0.69342 0.7657325092434724 0.6872028657446764
18146.0 10866934.0 0.4169899522862749 -0.882808674105135 0.69342 0.7657325092434724 0.6872028657446764
18147.0 10866934.0 0.4536850986133856 -0.7879018597454389 0.69342 0.7657325092434724 0.6872028657446764
18148.0 10866934.0 0.4710683647984021 -0.7347008966268938 0.69342 0.7657325092434724 0.6872028657446764
18149.0 10866934.0 0.49317684642114645 -0.6670385538644631 0.69342 0.7657325092434724 0.6872028657446764
18150.0 10866934.0 0.5136987621520746 -0.6042318482984446 0.6922281553108858 0.7657325092434724 0.6872028657446764
18151.0 10866934.0 0.5342206800149563 -0.541425136238081 0.6912227271263196 0.7657325092434724 0.6872028657446764
18152.0 10866934.0 0.5568960011988362 -0.4815417522746046 0.6903745580287364 0.7657325092434724 0.6872028657446764
18153.0 10866934.0 0.5777972946334011 -0.4175738863070533 0.6896590511141784 0.7657325092434724 0.6872028657446764
18154.0 10866934.0 0.6006013131114294 -0.35457820354121816 0.6890554566820467 0.7657325092434724 0.6872028657446764
18155.0 10866934.0 0.619668869317464 -0.28942701903520374 0.6885462704937636 0.7657325092434724 0.6872028657446764
18156.0 10866934.0 0.6404322070049806 -0.22588136312965248 0.6869248814615188 0.7657325092434724 0.6872028657446764
18157.0 10866934.0 0.6596434698976671 -0.16708579185988084 0.685557093991752 0.7657325092434724 0.6872028657446764
18158.0 10866934.0 0.6842086211096277 -0.10957226871117423 0.6844032422478026 0.7657325092434724 0.6872028657446764
18159.0 10866934.0 0.7080943856024673 -0.04190643194068441 0.6834298645290734 0.7657325092434724 0.6872028657446764
18160.0 10866934.0 0.7243555956976065 0.013296812857214249 0.6826087328817076 0.7657325092434724 0.6872028657446764
18161.0 10866934.0 0.7398854794421822 0.05810773961567007 0.6813201121438107 0.7657325092434724 0.6872028657446764
18162.0 10866934.0 0.7554153631867578 0.10291866637412589 0.6796371223139882 0.7657325092434724 0.6872028657446764
18163.0 10866934.0 0.7761335473817407 0.15409542869561585 0.6770255243430688 0.7657325092434724 0.6872028657446764
18164.0 10866934.0 0.7949962850453234 0.20774769193471238 0.6748224065781125 0.7657325092434724 0.6872028657446764
18165.0 10866934.0 0.8202980516108066 0.2688758806425258 0.67177203391572 0.7657325092434724 0.6872028657446764
18166.0 10866934.0 0.8424956078018182 0.3205039074227497 0.6691987702368918 0.7657325092434724 0.6872028657446764
18167.0 10866934.0 0.8856908827696209 0.40242216344845705 0.6670279908949384 0.7657325092434724 0.6872028657446764
18168.0 10866934.0 0.909875936636179 0.458774873145401 0.6651967432889411 0.7657325092434724 0.6872028657446764
18169.0 10866934.0 0.9432882650088006 0.5121126853453392 0.6624600765501193 0.7657325092434724 0.6872028657446764
18170.0 10866934.0 0.9671265558982776 0.5524565870809396 0.6601514520312528 0.7657325092434724 0.6872028657446764
18171.0 10866934.0 1.0017329380246747 0.6080913474085203 0.6582039196212939 0.7657325092434724 0.6872028657446764
18172.0 10866934.0 1.0331315795605216 0.6539093159594063 0.6565610008803531 0.7657325092434724 0.6872028657446764
18173.0 10866934.0 1.0681842301666988 0.6959632621035956 0.655175051164943 0.7657325092434724 0.6872028657446764
18174.0 10866934.0 1.114449371274468 0.750592780717152 0.652814033245112 0.7657325092434724 0.6872028657446764
18175.0 10866934.0 1.156671840998067 0.7846966660946378 0.6508223022893895 0.7657325092434724 0.6872028657446764
18176.0 10866934.0 1.186214705297354 0.8071717472637738 0.6491420981000595 0.7657325092434724 0.6872028657446764
18177.0 10866934.0 1.2580938183060104 0.8505125550550957 0.6477246947556314 0.7657325092434724 0.6872028657446764
18178.0 10866934.0 1.3279396001618204 0.8767605504783064 0.6453371428709124 0.7657325092434724 0.6872028657446764
18179.0 10866934.0 1.3828587003159434 0.891296225470736 0.6433230281294499 0.7657325092434724 0.6872028657446764
18180.0 10866934.0 1.4353100349004597 0.8962411144561928 0.6410280188596393 0.7657325092434724 0.6872028657446764
18181.0 10866934.0 1.4877613694849758 0.9011860034416496 0.6384960497926562 0.7657325092434724 0.6872028657446764
18182.0 10866934.0 1.5186156168374043 0.8964222576735661 0.6363601061696601 0.7657325092434724 0.6872028657446764
18183.0 10866934.0 1.5494698641898328 0.8916585119054826 0.6345582456255843 0.7657325092434724 0.6872028657446764
18184.0 10866934.0 1.60066300915577 0.8798421112987299 0.6330382142046503 0.7657325092434724 0.6872028657446764
18185.0 10866934.0 1.6459148724598491 0.8650602230443541 0.630564086307447 0.7657325092434724 0.6872028657446764
18186.0 10866934.0 1.6851525503734042 0.8421963044764395 0.6284769369131596 0.7657325092434724 0.6872028657446764
18187.0 10866934.0 1.7260746816532677 0.8179646873133818 0.6255243940011497 0.7657325092434724 0.6872028657446764
18188.0 10866934.0 1.7611737183799296 0.7949344582032112 0.6230336585151731 0.7657325092434724 0.6872028657446764
18189.0 10866934.0 1.8113070653904668 0.7472506962677489 0.6185488097497281 0.7657325092434724 0.6872028657446764
18190.0 10866934.0 1.8422411632695224 0.719623432873784 0.613573591778821 0.7657325092434724 0.6872028657446764
18191.0 10866934.0 1.8759333218674399 0.6705347248730504 0.6081847032812955 0.7657325092434724 0.6872028657446764
18192.0 10866934.0 1.8943592325465801 0.6426707575967828 0.6036386911789275 0.7657325092434724 0.6872028657446764
18193.0 10866934.0 1.9138258328035223 0.5962426724978861 0.5986118764325442 0.7657325092434724 0.6872028657446764
18194.0 10866934.0 1.9320578816096978 0.5541899085284773 0.5931794614145005 0.7657325092434724 0.6872028657446764
18195.0 10866934.0 1.9388861085363676 0.524798642252145 0.5880008084333752 0.7657325092434724 0.6872028657446764
18196.0 10866934.0 1.945714335463037 0.49540737597581275 0.5830362265527156 0.7657325092434724 0.6872028657446764
18197.0 10866934.0 1.9439577267310555 0.43891345944069216 0.5776563105538806 0.7657325092434724 0.6872028657446764
18198.0 10866934.0 1.9422011179990737 0.38241954290557156 0.5719260228729037 0.7657325092434724 0.6872028657446764
18199.0 10866934.0 1.9357553840777941 0.3643144428429279 0.5670920098552412 0.7657325092434724 0.6872028657446764
18200.0 10866934.0 1.9248143951449102 0.3144999937048485 0.5618222404351765 0.7657325092434724 0.6872028657446764
18201.0 10866934.0 1.9052086931035286 0.26915086335225413 0.5561848712995275 0.7657325092434724 0.6872028657446764
18202.0 10866934.0 1.8835489615244654 0.23708934933918366 0.551429243431565 0.7657325092434724 0.6872028657446764
18203.0 10866934.0 1.855039345740527 0.1987369667309444 0.5462255989349135 0.7657325092434724 0.6872028657446764
18204.0 10866934.0 1.8238086444522246 0.17108638442870597 0.5406440121191703 0.7657325092434724 0.6872028657446764
18205.0 10866934.0 1.7939913104651701 0.14776397745045236 0.535935441654883 0.7657325092434724 0.6872028657446764
18206.0 10866934.0 1.7558988045628579 0.12901349981458624 0.5307714943103832 0.7657325092434724 0.6872028657446764
18207.0 10866934.0 1.723128374809516 0.11296417693589103 0.5264152403008844 0.7657325092434724 0.6872028657446764
18208.0 10866934.0 1.6833177901566443 0.09711154937461372 0.5227403482601113 0.7657325092434724 0.6872028657446764
18209.0 10866934.0 1.6644248054951654 0.09364441587957312 0.5190443239747793 0.7657325092434724 0.6872028657446764
18210.0 10866934.0 1.6455318208336864 0.09017728238453251 0.5153304727406138 0.7657325092434724 0.6872028657446764
18211.0 10866934.0 1.6014297547811265 0.08565663743771124 0.5121975052159261 0.7657325092434724 0.6872028657446764
18212.0 10866934.0 1.5839080058004795 0.08366936309816447 0.5083627206542961 0.7657325092434724 0.6872028657446764
18213.0 10866934.0 1.544645429847971 0.08037207060631243 0.5051277349916407 0.7657325092434724 0.6872028657446764
18214.0 10866934.0 1.5219642493382342 0.07890193305749763 0.5012068889555386 0.7657325092434724 0.6872028657446764
18215.0 10866934.0 1.4958225852866625 0.08043136679589025 0.49789930269914706 0.7657325092434724 0.6872028657446764
18216.0 10866934.0 1.4735238247381974 0.08421034769631058 0.4939172115328266 0.7657325092434724 0.6872028657446764
18217.0 10866934.0 1.4532969036238734 0.08345745359357876 0.4905579595009581 0.7657325092434724 0.6872028657446764
18218.0 10866934.0 1.4324180218420182 0.0847867564863582 0.48653228360641315 0.7657325092434724 0.6872028657446764
18219.0 10866934.0 1.4164571409909466 0.08486011840782764 0.4831362639364542 0.7657325092434724 0.6872028657446764
18220.0 10866934.0 1.3948102934866626 0.08655720670178726 0.4790795712324482 0.7657325092434724 0.6872028657446764
18221.0 10866934.0 1.3703675132551771 0.09056956212529982 0.47446554140597896 0.7657325092434724 0.6872028657446764
18222.0 10866934.0 1.3527089343665861 0.08979573316035483 0.4705731922802831 0.7657325092434724 0.6872028657446764
18223.0 10866934.0 1.3379442785079139 0.0946187762574143 0.46609780104251125 0.7657325092434724 0.6872028657446764
18224.0 10866934.0 1.326694471959895 0.09280292473070496 0.4623224060349722 0.7657325092434724 0.6872028657446764
18225.0 10866934.0 1.3002330299872689 0.0960730484366974 0.45794567611424314 0.7657325092434724 0.6872028657446764
18226.0 10866934.0 1.2897935563467446 0.09673792575386995 0.45425351080082715 0.7657325092434724 0.6872028657446764
18227.0 10866934.0 1.2793540827062204 0.09740280307104252 0.45113883730063514 0.7657325092434724 0.6872028657446764
18228.0 10866934.0 1.2581428797877992 0.09907480505811839 0.4473194853939573 0.7657325092434724 0.6872028657446764
18229.0 10866934.0 1.2403827599937338 0.10043725320813676 0.44290567387549995 0.7657325092434724 0.6872028657446764
18230.0 10866934.0 1.2259390966423327 0.10515567769402041 0.43918222689943215 0.7657325092434724 0.6872028657446764
18231.0 10866934.0 1.2141388070328505 0.10328616625406258 0.43484931981524366 0.7657325092434724 0.6872028657446764
18232.0 10866934.0 1.2037875181716269 0.10666773938520793 0.4311941230056972 0.7657325092434724 0.6872028657446764
18233.0 10866934.0 1.1937572042493607 0.10994447205718617 0.428110635763316 0.7657325092434724 0.6872028657446764
18234.0 10866934.0 1.1751820441407634 0.11017143835429165 0.4243175922698667 0.7657325092434724 0.6872028657446764
18235.0 10866934.0 1.1624122196627014 0.11457682985199594 0.42111781895224354 0.7657325092434724 0.6872028657446764
18236.0 10866934.0 1.1406778010216194 0.12144359894279962 0.4172266776960312 0.7657325092434724 0.6872028657446764
18237.0 10866934.0 1.1323213257153544 0.12440724761321863 0.4139441500930038 0.7657325092434724 0.6872028657446764
18238.0 10866934.0 1.1150187618178482 0.12445227180497166 0.40998319815446926 0.7657325092434724 0.6872028657446764
18239.0 10866934.0 1.1049082309487384 0.12775534589549414 0.4066417789624143 0.7657325092434724 0.6872028657446764
18240.0 10866934.0 1.0949581893280713 0.13100600441662702 0.40382299136026945 0.7657325092434724 0.6872028657446764
18241.0 10866934.0 1.078962707002269 0.13097456880499614 0.4002532458193681 0.7657325092434724 0.6872028657446764
18242.0 10866934.0 1.0713914254003707 0.13362336214094722 0.3972418444072285 0.7657325092434724 0.6872028657446764
18243.0 10866934.0 1.0638201437984727 0.13627215547689828 0.39470145648289845 0.7657325092434724 0.6872028657446764
18244.0 10866934.0 1.0544085915859123 0.13899647112927008 0.39136656610836823 0.7657325092434724 0.6872028657446764
18245.0 10866934.0 1.0438086096739434 0.1397141433789089 0.3885532861509807 0.7657325092434724 0.6872028657446764
18246.0 10866934.0 1.0332086277619745 0.1404318156285477 0.38618003149197166 0.7657325092434724 0.6872028657446764
18247.0 10866934.0 1.0267021856761862 0.14124324127996965 0.3838800165741787 0.7657325092434724 0.6872028657446764
18248.0 10866934.0 1.0201957435903979 0.14205466693139157 0.3816417859649859 0.7657325092434724 0.6872028657446764
18249.0 10866934.0 1.0136893015046098 0.14286609258281352 0.3794556759767266 0.7657325092434724 0.6872028657446764
18250.0 10866934.0 1.0071828594188215 0.14367751823423547 0.3773135344197413 0.7657325092434724 0.6872028657446764
18251.0 10866934.0 0.9891812944690201 0.14430168712858685 0.37550644536092853 0.7657325092434724 0.6872028657446764
18252.0 10866934.0 0.9851691901638658 0.14561250194395187 0.3733860808734806 0.7657325092434724 0.6872028657446764
18253.0 10866934.0 0.9811570858587115 0.1469233167593169 0.37100144038726146 0.7657325092434724 0.6872028657446764
18254.0 10866934.0 0.9691207785463031 0.15085577835599995 0.3689897816722729 0.7657325092434724 0.6872028657446764
18255.0 10866934.0 0.9665530340100328 0.1516947066285471 0.36729276662578025 0.7657325092434724 0.6872028657446764
18256.0 10866934.0 0.9639852894737625 0.15253363490109423 0.36586118181143523 0.7657325092434724 0.6872028657446764
18257.0 10866934.0 0.957726414729204 0.1545785304133605 0.3640575889255197 0.7657325092434724 0.6872028657446764
18258.0 10866934.0 0.9514675399846455 0.15662342592562678 0.3619401737743422 0.7657325092434724 0.6872028657446764
18259.0 10866934.0 0.9490602814362445 0.1574099271636054 0.36074986600672265 0.7657325092434724 0.6872028657446764
18260.0 10866934.0 0.9466530228878435 0.15819642840158404 0.3603416566974002 0.7657325092434724 0.6872028657446764
18261.0 10866934.0 0.946652875135312 0.15819647667548642 0.3599972344714979 0.7657325092434724 0.6872028657446764
18262.0 10866934.0 0.9466527273827806 0.1581965249493888 0.3597066223872112 0.7657325092434724 0.6872028657446764
18263.0 10866934.0 0.9466525796302492 0.15819657322329117 0.35946140399684245 0.7657325092434724 0.6872028657446764
18264.0 10866934.0 0.9466524318777177 0.15819662149719355 0.3592544792698177 0.7657325092434724 0.6872028657446764
18265.0 10866934.0 0.9466522841251863 0.15819666977109592 0.3590798586917998 0.7657325092434724 0.6872028657446764
18266.0 10866934.0 0.9466521363726549 0.1581967180449983 0.358932489568773 0.7657325092434724 0.6872028657446764
18267.0 10866934.0 0.9466519886201235 0.15819676631890067 0.35880810949891606 0.7657325092434724 0.6872028657446764
18268.0 10866934.0 0.946651840867592 0.15819681459280305 0.35870312276294986 0.7657325092434724 0.6872028657446764
18269.0 10866934.0 0.9466516931150606 0.15819686286670542 0.35861449604827805 0.7657325092434724 0.6872028657446764
18270.0 10866934.0 0.9466515453625293 0.1581969111406078 0.3585396704829218 0.7657325092434724 0.6872028657446764
18271.0 10866934.0 0.9466513976099978 0.1581969594145102 0.3584764874282324 0.7657325092434724 0.6872028657446764
18272.0 10866934.0 0.9466512498574664 0.15819700768841258 0.3584231258783706 0.7657325092434724 0.6872028657446764
18273.0 10866934.0 0.946651102104935 0.15819705596231495 0.358378049651137 0.7657325092434724 0.6872028657446764
18274.0 10866934.0 0.9466509543524035 0.15819710423621733 0.3583399628386885 0.7657325092434724 0.6872028657446764
18275.0 10866934.0 0.9466508065998721 0.1581971525101197 0.3583077722262108 0.7657325092434724 0.6872028657446764
18276.0 10866934.0 0.9466506588473407 0.15819720078402208 0.35828055558868865 0.7657325092434724 0.6872028657446764
18277.0 10866934.0 0.9466505110948092 0.15819724905792446 0.35825753494638063 0.7657325092434724 0.6872028657446764
18278.0 10866934.0 0.9466503633422778 0.15819729733182683 0.35823805400340647 0.7657325092434724 0.6872028657446764
18279.0 10866934.0 0.9466502155897464 0.1581973456057292 0.3582215591151665 0.7657325092434724 0.6872028657446764
18280.0 10866934.0 0.946650067837215 0.15819739387963158 0.3582075832326485 0.7657325092434724 0.6872028657446764
18281.0 10866934.0 0.9466499200846835 0.15819744215353396 0.3581957323580061 0.7657325092434724 0.6872028657446764
18282.0 10866934.0 0.9466497723321521 0.15819749042743633 0.35818567411862134 0.7657325092434724 0.6872028657446764
18283.0 10866934.0 0.9466496245796207 0.1581975387013387 0.35817712812829866 0.7657325092434724 0.6872028657446764
18284.0 10866934.0 0.9466494768270892 0.15819758697524108 0.3581698578560654 0.7657325092434724 0.6872028657446764
18285.0 10866934.0 0.9466493290745578 0.15819763524914346 0.3581636637667735 0.7657325092434724 0.6872028657446764
18286.0 10866934.0 0.9466491813220264 0.15819768352304583 0.35815837753458013 0.7657325092434724 0.6872028657446764
18287.0 10866934.0 0.9466490335694949 0.1581977317969482 0.35815385716149833 0.7657325092434724 0.6872028657446764
18288.0 10866934.0 0.9466488858169636 0.15819778007085059 0.35814998285945543 0.7657325092434724 0.6872028657446764
18289.0 10866934.0 0.9466487380644322 0.15819782834475296 0.35814665357643877 0.7657325092434724 0.6872028657446764
18290.0 10866934.0 0.9466485903119007 0.15819787661865534 0.35814378406598757 0.7657325092434724 0.6872028657446764
18291.0 10866934.0 0.9466484425593693 0.15819792489255774 0.35814130241504544 0.7657325092434724 0.6872028657446764
18292.0 10866934.0 0.9466482948068379 0.15819797316646012 0.3581391479584817 0.7657325092434724 0.6872028657446764
18293.0 10866934.0 0.9466481470543064 0.1581980214403625 0.3581372695198026 0.7657325092434724 0.6872028657446764
18294.0 10866934.0 0.946647999301775 0.15819806971426487 0.35813562392703324 0.7657325092434724 0.6872028657446764
18295.0 10866934.0 0.9466478515492436 0.15819811798816724 0.3581341747607299 0.7657325092434724 0.6872028657446764
18296.0 10866934.0 0.9466477037967121 0.15819816626206962 0.3581328912978164 0.7657325092434724 0.6872028657446764
18297.0 10866934.0 0.9466475560441807 0.158198214535972 0.35813174762061495 0.7657325092434724 0.6872028657446764
18298.0 10866934.0 0.9466474082916493 0.15819826280987437 0.3581307218652334 0.7657325092434724 0.6872028657446764
18299.0 10866934.0 0.9466472605391179 0.15819831108377674 0.35812979558751235 0.7657325092434724 0.6872028657446764
18300.0 10866934.0 0.9466471127865864 0.15819835935767912 0.35812895322814453 0.7657325092434724 0.6872028657446764
18301.0 10866934.0 0.946646965034055 0.1581984076315815 0.35812818166145494 0.7657325092434724 0.6872028657446764
18302.0 10866934.0 0.9466468172815236 0.15819845590548387 0.3581274698147562 0.7657325092434724 0.6872028657446764
18303.0 10866934.0 0.9466466695289921 0.15819850417938625 0.35812680834724075 0.7657325092434724 0.6872028657446764
18304.0 10866934.0 0.9466465217764607 0.15819855245328862 0.3581261893790973 0.7657325092434724 0.6872028657446764
18305.0 10866934.0 0.9466463740239293 0.158198600727191 0.35812560626299633 0.7657325092434724 0.6872028657446764
18306.0 10866934.0 0.9466462262713979 0.15819864900109337 0.3581250533913176 0.7657325092434724 0.6872028657446764
18307.0 10866934.0 0.9466460785188665 0.15819869727499575 0.3581245260335291 0.7657325092434724 0.6872028657446764
18308.0 10866934.0 0.9466459307663351 0.15819874554889812 0.35812402019900164 0.7657325092434724 0.6872028657446764
18309.0 10866934.0 0.9466457830138036 0.1581987938228005 0.35812353252128054 0.7657325092434724 0.6872028657446764
18310.0 10866934.0 0.9466456352612722 0.15819884209670287 0.3581230601604586 0.7657325092434724 0.6872028657446764
18311.0 10866934.0 0.9466454875087408 0.15819889037060525 0.3581226007208186 0.7657325092434724 0.6872028657446764
18312.0 10866934.0 0.9466453397562093 0.15819893864450765 0.3581221521813576 0.7657325092434724 0.6872028657446764
18313.0 10866934.0 0.9466451920036779 0.15819898691841003 0.35812171283717803 0.7657325092434724 0.6872028657446764
18314.0 10866934.0 0.9466450442511465 0.1581990351923124 0.3581212812500453 0.7657325092434724 0.6872028657446764
18315.0 10866934.0 0.946644896498615 0.15819908346621478 0.3581208562066791 0.7657325092434724 0.6872028657446764
18316.0 10866934.0 0.9466447487460836 0.15819913174011715 0.3581204366835686 0.7657325092434724 0.6872028657446764
18317.0 10866934.0 0.9466446009935522 0.15819918001401953 0.3581200218172902 0.7657325092434724 0.6872028657446764
18318.0 10866934.0 0.9466444532410208 0.1581992282879219 0.35811961087946853 0.7657325092434724 0.6872028657446764
18319.0 10866934.0 0.9466443054884893 0.15819927656182428 0.3581192032556534 0.7657325092434724 0.6872028657446764
18320.0 10866934.0 0.9466441577359579 0.15819932483572666 0.35811879842750083 0.7657325092434724 0.6872028657446764
