17946.0 10520887.0 1.2589827731436782 0.0024200069239107003 0.33528 0.6347677865124084 0.8097307648880199
17947.0 10520887.0 1.2165598416427807 0.005764185503967845 0.33528 0.6347677865124084 0.8097307648880199
17948.0 10520887.0 1.1971860170953288 0.004090683699578927 0.33528 0.6347677865124084 0.8097307648880199
17949.0 10520887.0 1.1778121925478768 0.00241718189519001 0.33528 0.6347677865124084 0.8097307648880199
17950.0 10520887.0 1.1356066821018633 0.00534030977281455 0.33528 0.6347677865124084 0.8097307648880199
17951.0 10520887.0 1.101226527999261 0.0006836964528392775 0.33528 0.6347677865124084 0.8097307648880199
17952.0 10520887.0 1.085196322755636 0.0005466798879531221 0.33528 0.6347677865124084 0.8097307648880199
17953.0 10520887.0 1.066357571529547 0.0013272619757337886 0.33528 0.6347677865124084 0.8097307648880199
17954.0 10520887.0 1.047518820303458 0.002107844063514455 0.33528 0.6347677865124084 0.8097307648880199
17955.0 10520887.0 0.9991098116230067 0.005072373913351039 0.33528 0.6347677865124084 0.8097307648880199
17956.0 10520887.0 0.9518418793826056 0.005007046919585541 0.33528 0.6347677865124084 0.8097307648880199
17957.0 10520887.0 0.9045739471422045 0.004941719925820043 0.33528 0.6347677865124084 0.8097307648880199
17958.0 10520887.0 0.8573060149018034 0.004876392932054545 0.33528 0.6347677865124084 0.8097307648880199
17959.0 10520887.0 0.8100380826614022 0.004811065938289047 0.33528 0.6347677865124084 0.8097307648880199
17960.0 10520887.0 0.7799203881827237 0.0039619796189666115 0.33528 0.6347677865124084 0.8097307648880199
17961.0 10520887.0 0.7498026937040452 0.003112893299644176 0.33528 0.6347677865124084 0.8097307648880199
17962.0 10520887.0 0.6889653310663824 0.008271037653693358 0.34009250297071864 0.6347677865124084 0.8097307648880199
17963.0 10520887.0 0.655879331583855 0.008123848924114326 0.34413416623291554 0.6347677865124084 0.8097307648880199
17964.0 10520887.0 0.6227933321013277 0.007976660194535296 0.3475328438026958 0.6347677865124084 0.8097307648880199
17965.0 10520887.0 0.5897073326188003 0.007829471464956264 0.3503934528822402 0.6347677865124084 0.8097307648880199
17966.0 10520887.0 0.5566213331362729 0.0076822827353772325 0.35280275152080665 0.6347677865124084 0.8097307648880199
17967.0 10520887.0 0.5235353336537456 0.007535094005798201 0.3548328844691618 0.6347677865124084 0.8097307648880199
17968.0 10520887.0 0.48522719571009765 0.009889246261488238 0.3565440886667544 0.6347677865124084 0.8097307648880199
17969.0 10520887.0 0.46986108455958353 0.009069173309542794 0.35798680617756196 0.6347677865124084 0.8097307648880199
17970.0 10520887.0 0.41139024301162613 0.006796983637783416 0.3639737009908144 0.6347677865124084 0.8097307648880199
17971.0 10520887.0 0.37692167606238036 0.007312798977760687 0.3690227018833211 0.6347677865124084 0.8097307648880199
17972.0 10520887.0 0.33835546890390467 0.003443250555862337 0.37328109798424725 0.6347677865124084 0.8097307648880199
17973.0 10520887.0 0.2992282081797064 0.0005750418317168604 0.37687290374349114 0.6347677865124084 0.8097307648880199
17974.0 10520887.0 0.24881576306436992 -0.00421266381848337 0.37990259419941785 0.6347677865124084 0.8097307648880199
17975.0 10520887.0 0.2259823017514524 -0.007498687482133143 0.38245821804828684 0.6347677865124084 0.8097307648880199
17976.0 10520887.0 0.1887049126358159 -0.006064085634011868 0.38938176369499733 0.6347677865124084 0.8097307648880199
17977.0 10520887.0 0.15214816589559732 -0.006500446021450779 0.3952221743037829 0.6347677865124084 0.8097307648880199
17978.0 10520887.0 0.12009833014326435 -0.006394236768247949 0.4001489521533152 0.6347677865124084 0.8097307648880199
17979.0 10520887.0 0.08804849439093138 -0.006288027515045119 0.40430505206389156 0.6347677865124084 0.8097307648880199
17980.0 10520887.0 0.06115630058316682 -0.008743548922230712 0.41019478652241353 0.6347677865124084 0.8097307648880199
17981.0 10520887.0 0.03426410677540226 -0.011199070329416305 0.4175469830326725 0.6347677865124084 0.8097307648880199
17982.0 10520887.0 -0.008323957821028016 -0.011065358110977058 0.42374917882822327 0.6347677865124084 0.8097307648880199
17983.0 10520887.0 -0.03597238956026827 -0.012776883996878513 0.42898126285520466 0.6347677865124084 0.8097307648880199
17984.0 10520887.0 -0.07173984235384967 -0.014872163154812351 0.433394980719591 0.6347677865124084 0.8097307648880199
17985.0 10520887.0 -0.1092541449117348 -0.020952723058739603 0.43711833934600064 0.6347677865124084 0.8097307648880199
17986.0 10520887.0 -0.12528514352510622 -0.02108700786432746 0.44025932160156334 0.6347677865124084 0.8097307648880199
17987.0 10520887.0 -0.17725136616062165 -0.030621625895110277 0.4429090192536937 0.6347677865124084 0.8097307648880199
17988.0 10520887.0 -0.19815326229591057 -0.02799528778020674 0.4451442755046029 0.6347677865124084 0.8097307648880199
17989.0 10520887.0 -0.2515649321237292 -0.03787479452310924 0.45179729733044965 0.6347677865124084 0.8097307648880199
17990.0 10520887.0 -0.2798042862567789 -0.04546760571008682 0.45740971701549915 0.6347677865124084 0.8097307648880199
17991.0 10520887.0 -0.3088911027262944 -0.05184864735321945 0.4621442962347075 0.6347677865124084 0.8097307648880199
17992.0 10520887.0 -0.32518868857351824 -0.05469935604413956 0.4661383386883899 0.6347677865124084 0.8097307648880199
17993.0 10520887.0 -0.3414862744207421 -0.057550064735059664 0.46950767214978095 0.6347677865124084 0.8097307648880199
17994.0 10520887.0 -0.3773875970606839 -0.0668438833594551 0.4723500076146896 0.6347677865124084 0.8097307648880199
17995.0 10520887.0 -0.4209524200459964 -0.07947396734155585 0.4747477730069645 0.6347677865124084 0.8097307648880199
17996.0 10520887.0 -0.44414318613480397 -0.08357604122814108 0.47677050364026713 0.6347677865124084 0.8097307648880199
17997.0 10520887.0 -0.4917895390231932 -0.09510517282899536 0.4832442378293913 0.6347677865124084 0.8097307648880199
17998.0 10520887.0 -0.5166624773988415 -0.10706911352803986 0.48870541467467915 0.6347677865124084 0.8097307648880199
17999.0 10520887.0 -0.5459103956554143 -0.11339673349201365 0.49331240840091867 0.6347677865124084 0.8097307648880199
18000.0 10520887.0 -0.581468966052552 -0.12326915098101374 0.4971988218839678 0.6347677865124084 0.8097307648880199
18001.0 10520887.0 -0.6097798454658219 -0.1327069113036559 0.5004773611495327 0.6347677865124084 0.8097307648880199
18002.0 10520887.0 -0.6430484977399815 -0.1458980785255332 0.5032431038571449 0.6347677865124084 0.8097307648880199
18003.0 10520887.0 -0.6791836634096524 -0.158619302728191 0.5055762565578303 0.6347677865124084 0.8097307648880199
18004.0 10520887.0 -0.7040763097267388 -0.16683766405560999 0.5075444806874162 0.6347677865124084 0.8097307648880199
18005.0 10520887.0 -0.7233605843290007 -0.17420238124057313 0.5092048547501674 0.6347677865124084 0.8097307648880199
18006.0 10520887.0 -0.7426448589312626 -0.18156709842553628 0.5106055295966093 0.6347677865124084 0.8097307648880199
18007.0 10520887.0 -0.7867443183483933 -0.19962875765091495 0.5165545035618307 0.6347677865124084 0.8097307648880199
18008.0 10520887.0 -0.8182291200990284 -0.21714128167327704 0.5215729981229708 0.6347677865124084 0.8097307648880199
18009.0 10520887.0 -0.8517937795545922 -0.22743096174206548 0.5258065496252498 0.6347677865124084 0.8097307648880199
18010.0 10520887.0 -0.88132881114489 -0.24441245383531798 0.5293779310640032 0.6347677865124084 0.8097307648880199
18011.0 10520887.0 -0.9106759880949675 -0.25701557371597983 0.5323907125020172 0.6347677865124084 0.8097307648880199
18012.0 10520887.0 -0.9505120469282939 -0.2767042010859644 0.5349322646016318 0.6347677865124084 0.8097307648880199
18013.0 10520887.0 -0.9772433055113787 -0.2878257663121301 0.5370762923741187 0.6347677865124084 0.8097307648880199
18014.0 10520887.0 -1.0154843064254107 -0.3061663283138083 0.5388849726251098 0.6347677865124084 0.8097307648880199
18015.0 10520887.0 -1.041245534803998 -0.316086022813179 0.5404107570820219 0.6347677865124084 0.8097307648880199
18016.0 10520887.0 -1.067006763182585 -0.3260057173125497 0.5416978934941882 0.6347677865124084 0.8097307648880199
18017.0 10520887.0 -1.112695603338617 -0.34892072944550634 0.5475510875707646 0.6347677865124084 0.8097307648880199
18018.0 10520887.0 -1.1308158701531523 -0.3608714063631664 0.5524887831866516 0.6347677865124084 0.8097307648880199
18019.0 10520887.0 -1.1640020809177203 -0.36999860763839665 0.5566541735148063 0.6347677865124084 0.8097307648880199
18020.0 10520887.0 -1.1939870593097155 -0.3883510065539335 0.5601680548748033 0.6347677865124084 0.8097307648880199
18021.0 10520887.0 -1.2395386101551622 -0.4108430406429763 0.5631323298261173 0.6347677865124084 0.8097307648880199
18022.0 10520887.0 -1.2700675351325164 -0.4227082173257489 0.5656329623423573 0.6347677865124084 0.8097307648880199
18023.0 10520887.0 -1.3012609912020954 -0.4338886467847146 0.5677424707665067 0.6347677865124084 0.8097307648880199
18024.0 10520887.0 -1.3154814700659923 -0.4447775873419878 0.5695220308428737 0.6347677865124084 0.8097307648880199
18025.0 10520887.0 -1.364371336408486 -0.45683049012968224 0.5710232498136771 0.6347677865124084 0.8097307648880199
18026.0 10520887.0 -1.3879465986872979 -0.46454325849823375 0.5746733524054894 0.6347677865124084 0.8097307648880199
18027.0 10520887.0 -1.4115218609661098 -0.47225602686678525 0.5801362315934679 0.6347677865124084 0.8097307648880199
18028.0 10520887.0 -1.4471295102078303 -0.48199243257990754 0.5847446614976495 0.6347677865124084 0.8097307648880199
18029.0 10520887.0 -1.4811839643903706 -0.486978984858332 0.5886322865852583 0.6347677865124084 0.8097307648880199
18030.0 10520887.0 -1.5204201884916475 -0.4901539133395081 0.591911847983837 0.6347677865124084 0.8097307648880199
18031.0 10520887.0 -1.5586796374769947 -0.49142819392107473 0.5946784529739453 0.6347677865124084 0.8097307648880199
18032.0 10520887.0 -1.6049802720806878 -0.48388000112964 0.5970123331002971 0.6347677865124084 0.8097307648880199
18033.0 10520887.0 -1.6355413267109002 -0.47166490175648734 0.5989811708865569 0.6347677865124084 0.8097307648880199
18034.0 10520887.0 -1.6672249055490556 -0.4582646460861164 0.6006420626285265 0.6347677865124084 0.8097307648880199
18035.0 10520887.0 -1.6890041830588325 -0.44880463344041666 0.6020431741867232 0.6347677865124084 0.8097307648880199
18036.0 10520887.0 -1.730672413711942 -0.4213892512574541 0.6079925165491521 0.6347677865124084 0.8097307648880199
18037.0 10520887.0 -1.7520066431252224 -0.40377897992276707 0.6130113218915061 0.6347677865124084 0.8097307648880199
18038.0 10520887.0 -1.7733408725385027 -0.38616870858808006 0.6172451355687135 0.6347677865124084 0.8097307648880199
18039.0 10520887.0 -1.7896613999447435 -0.36680988078544674 0.6208167381774135 0.6347677865124084 0.8097307648880199
18040.0 10520887.0 -1.8197333341023645 -0.3281144915812052 0.6238297061932583 0.6347677865124084 0.8097307648880199
18041.0 10520887.0 -1.8418698011965826 -0.2901451067565297 0.6263714156887076 0.6347677865124084 0.8097307648880199
18042.0 10520887.0 -1.8580079740707565 -0.262082687531608 0.6285155762391293 0.6347677865124084 0.8097307648880199
18043.0 10520887.0 -1.8663061093225528 -0.2277048902719733 0.6303243685004859 0.6347677865124084 0.8097307648880199
18044.0 10520887.0 -1.879858302637884 -0.18494855487687192 0.6366176262011735 0.6347677865124084 0.8097307648880199
18045.0 10520887.0 -1.891365888869205 -0.14952079368726237 0.6419265550616949 0.6347677865124084 0.8097307648880199
18046.0 10520887.0 -1.9022852758705302 -0.10143299267036845 0.6464051140190056 0.6347677865124084 0.8097307648880199
18047.0 10520887.0 -1.907035964464929 -0.0643596564809156 0.6501831812828675 0.6347677865124084 0.8097307648880199
18048.0 10520887.0 -1.9119507901059694 -0.030504109107293426 0.6533703208039324 0.6347677865124084 0.8097307648880199
18049.0 10520887.0 -1.923242123488704 0.0028668811888085954 0.6560589596283114 0.6347677865124084 0.8097307648880199
18050.0 10520887.0 -1.9274156409671017 0.04278938017935505 0.6583270682819115 0.6347677865124084 0.8097307648880199
18051.0 10520887.0 -1.934156761980711 0.08355185106897486 0.6602404219156869 0.6347677865124084 0.8097307648880199
18052.0 10520887.0 -1.9398900267888142 0.12304995317186226 0.6618545077850172 0.6347677865124084 0.8097307648880199
18053.0 10520887.0 -1.9416455472540608 0.16113001475676655 0.66798351313293 0.6347677865124084 0.8097307648880199
18054.0 10520887.0 -1.944425695674496 0.1811429168187094 0.6731538803616978 0.6347677865124084 0.8097307648880199
18055.0 10520887.0 -1.9472058440949314 0.20115581888065223 0.6775155501209548 0.6347677865124084 0.8097307648880199
18056.0 10520887.0 -1.944021632063999 0.23668525639977475 0.6811950108337195 0.6347677865124084 0.8097307648880199
18057.0 10520887.0 -1.9510930251383936 0.29788627728099615 0.6842989668606619 0.6347677865124084 0.8097307648880199
18058.0 10520887.0 -1.9479381985361701 0.3373979591008722 0.6869174329265637 0.6347677865124084 0.8097307648880199
18059.0 10520887.0 -1.9485390223324102 0.3719457211017143 0.6891263445473358 0.6347677865124084 0.8097307648880199
18060.0 10520887.0 -1.9518882745917538 0.40949577272947724 0.6909897601599806 0.6347677865124084 0.8097307648880199
18061.0 10520887.0 -1.9525477381050547 0.442777512977936 0.6973290975700817 0.6347677865124084 0.8097307648880199
18062.0 10520887.0 -1.9574064396918203 0.4930897548879203 0.7026768988097152 0.6347677865124084 0.8097307648880199
18063.0 10520887.0 -1.960221168259723 0.5360734186269761 0.7071882501148304 0.6347677865124084 0.8097307648880199
18064.0 10520887.0 -1.9597179185915434 0.5539023301514113 0.7109939806732757 0.6347677865124084 0.8097307648880199
18065.0 10520887.0 -1.962187110964065 0.597941415406886 0.714204456671246 0.6347677865124084 0.8097307648880199
18066.0 10520887.0 -1.9640529235179243 0.6241400939384827 0.7169127819126824 0.6347677865124084 0.8097307648880199
18067.0 10520887.0 -1.9659187360717836 0.6503387724700794 0.7191974978295866 0.6347677865124084 0.8097307648880199
18068.0 10520887.0 -1.96618447405483 0.6861792059387324 0.7211248611835489 0.6347677865124084 0.8097307648880199
18069.0 10520887.0 -1.9701033955110894 0.7257853558107893 0.722750765511834 0.6347677865124084 0.8097307648880199
18070.0 10520887.0 -1.966801002378418 0.7630289927770585 0.7241223620399624 0.6347677865124084 0.8097307648880199
18071.0 10520887.0 -1.974902057526957 0.8142855307404655 0.7252794270672496 0.6347677865124084 0.8097307648880199
18072.0 10520887.0 -1.9781562575729656 0.8532069537850119 0.7310228942323039 0.6347677865124084 0.8097307648880199
18073.0 10520887.0 -1.980486088055245 0.8976680828064038 0.7358680253300951 0.6347677865124084 0.8097307648880199
18074.0 10520887.0 -1.9750707217534107 0.9370247070932775 0.7399553291624591 0.6347677865124084 0.8097307648880199
18075.0 10520887.0 -1.9805669889268647 0.9707208205756722 0.7434033375405344 0.6347677865124084 0.8097307648880199
18076.0 10520887.0 -1.9791102756218686 1.007750541977956 0.7463120427072852 0.6347677865124084 0.8097307648880199
18077.0 10520887.0 -1.9776879963499383 1.0446747039083717 0.7487657971125473 0.6347677865124084 0.8097307648880199
18078.0 10520887.0 -1.9812176318749326 1.0827516790066773 0.7508357596340732 0.6347677865124084 0.8097307648880199
18079.0 10520887.0 -1.9851834518954823 1.1384977610462843 0.7573493379378042 0.6347677865124084 0.8097307648880199
18080.0 10520887.0 -1.98452391436108 1.1568014987461632 0.7628441270417315 0.6347677865124084 0.8097307648880199
18081.0 10520887.0 -1.9838643768266777 1.1751052364460424 0.7674794758298691 0.6347677865124084 0.8097307648880199
18082.0 10520887.0 -1.9892016550508804 1.2339875287453719 0.7713898094170728 0.6347677865124084 0.8097307648880199
18083.0 10520887.0 -1.9898954557457056 1.2924021733673632 0.7746885274773716 0.6347677865124084 0.8097307648880199
18084.0 10520887.0 -1.9916385398234537 1.3101483815048796 0.7774712928345141 0.6347677865124084 0.8097307648880199
18085.0 10520887.0 -1.9933816239012019 1.3278945896423957 0.7798188056838575 0.6347677865124084 0.8097307648880199
18086.0 10520887.0 -1.9938527583708223 1.3807448641440974 0.7817991438980328 0.6347677865124084 0.8097307648880199
18087.0 10520887.0 -1.9913508247742862 1.4182507176896495 0.7834697372852512 0.6347677865124084 0.8097307648880199
18088.0 10520887.0 -1.993117881875312 1.461710272280096 0.7848790330537417 0.6347677865124084 0.8097307648880199
18089.0 10520887.0 -1.993282830146317 1.4937792418816391 0.7860679007807908 0.6347677865124084 0.8097307648880199
18090.0 10520887.0 -1.9941145005994263 1.5333106564550547 0.7918381963832997 0.6347677865124084 0.8097307648880199
18091.0 10520887.0 -1.9961786440822642 1.5772180392722088 0.7967059596809243 0.6347677865124084 0.8097307648880199
18092.0 10520887.0 -1.9978521448207214 1.612818605193145 0.8008123558092957 0.6347677865124084 0.8097307648880199
18093.0 10520887.0 -1.9979821482513949 1.6449930652456832 0.8042764702561366 0.6347677865124084 0.8097307648880199
18094.0 10520887.0 -1.9993605072232234 1.6869234923994723 0.8071987623404056 0.6347677865124084 0.8097307648880199
18095.0 10520887.0 -1.9975908851450404 1.7249028042720964 0.8096639785325462 0.6347677865124084 0.8097307648880199
18096.0 10520887.0 -1.9977019173302193 1.762562760386112 0.8117436101021308 0.6347677865124084 0.8097307648880199
18097.0 10520887.0 -2.0008620435402023 1.81804594193038 0.8134979663646771 0.6347677865124084 0.8097307648880199
18098.0 10520887.0 -2.000515908790039 1.8543879258612732 0.814977923651799 0.6347677865124084 0.8097307648880199
18099.0 10520887.0 -2.0000452978654284 1.872111031568679 0.8209937794776401 0.6347677865124084 0.8097307648880199
18100.0 10520887.0 -1.9959612411626948 1.9171616449166626 0.8260686949083327 0.6347677865124084 0.8097307648880199
18101.0 10520887.0 -2.0008425626949524 1.9538120915727673 0.8303498424913669 0.6347677865124084 0.8097307648880199
18102.0 10520887.0 -2.0000418462232856 2.004026680518507 0.8339613755066508 0.6347677865124084 0.8097307648880199
18103.0 10520887.0 -2.000266775794845 2.0201663417710893 0.8370080284116276 0.6347677865124084 0.8097307648880199
18104.0 10520887.0 -2.0004917053664046 2.0363060030236713 0.8395781541405416 0.6347677865124084 0.8097307648880199
18105.0 10520887.0 -1.9986810649838718 2.0784784602378448 0.8417462863395313 0.6347677865124084 0.8097307648880199
18106.0 10520887.0 -1.9976065579522782 2.110259000148308 0.8435753008423674 0.6347677865124084 0.8097307648880199
18107.0 10520887.0 -1.9951096254872465 2.1680977411982423 0.8451182390696321 0.6347677865124084 0.8097307648880199
18108.0 10520887.0 -1.9956862700928564 2.2165431528028865 0.8511872249827331 0.6347677865124084 0.8097307648880199
18109.0 10520887.0 -1.9972887434593065 2.2523545555552107 0.8563069604203334 0.6347677865124084 0.8097307648880199
18110.0 10520887.0 -1.9973134716427936 2.2848454155460303 0.8606259177101232 0.6347677865124084 0.8097307648880199
18111.0 10520887.0 -1.9997758513538686 2.3288836917195526 0.8642693466135066 0.6347677865124084 0.8097307648880199
18112.0 10520887.0 -1.995528819005025 2.3662863055393735 0.8673429065686817 0.6347677865124084 0.8097307648880199
18113.0 10520887.0 -2.0004231186066255 2.3838956499009702 0.8699357308143486 0.6347677865124084 0.8097307648880199
18114.0 10520887.0 -2.0022677708571415 2.443389065463078 0.8721230112536317 0.6347677865124084 0.8097307648880199
18115.0 10520887.0 -2.0048676730756076 2.4870050993802253 0.87396817901927 0.6347677865124084 0.8097307648880199
18116.0 10520887.0 -2.009808275908541 2.5207542740847293 0.8755247439764672 0.6347677865124084 0.8097307648880199
18117.0 10520887.0 -2.0175338278509933 2.5633603345805938 0.8768378465089819 0.6347677865124084 0.8097307648880199
18118.0 10520887.0 -2.024968308853804 2.6090260238960328 0.8779455665902571 0.6347677865124084 0.8097307648880199
18119.0 10520887.0 -2.0268098696638335 2.6533288226813583 0.8788800281026498 0.6347677865124084 0.8097307648880199
18120.0 10520887.0 -2.037261141473916 2.6892321321567856 0.8796683304300192 0.6347677865124084 0.8097307648880199
18121.0 10520887.0 -2.0395682059861935 2.7283124660764915 0.8803333343398593 0.6347677865124084 0.8097307648880199
18122.0 10520887.0 -2.049320621277949 2.7636366351333215 0.8808943249455552 0.6347677865124084 0.8097307648880199
18123.0 10520887.0 -2.0604506739438033 2.8056045494909188 0.8813675709746722 0.6347677865124084 0.8097307648880199
18124.0 10520887.0 -2.066483805805654 2.8441517651614583 0.8817667965620548 0.6347677865124084 0.8097307648880199
18125.0 10520887.0 -2.0750247643297866 2.8763922020378203 0.8844872686261455 0.6347677865124084 0.8097307648880199
18126.0 10520887.0 -2.083565722853919 2.908632638914182 0.8891659208568028 0.6347677865124084 0.8097307648880199
18127.0 10520887.0 -2.09694548113141 2.948065419541086 0.8931127847923074 0.6347677865124084 0.8097307648880199
18128.0 10520887.0 -2.107128902640868 2.9858679406377813 0.8964423194867889 0.6347677865124084 0.8097307648880199
18129.0 10520887.0 -2.1203799844062843 3.0267777789321175 0.8992510814463872 0.7657325092434724 0.6872028657446764
18130.0 10520887.0 -2.1291022308245067 3.0679581495370103 0.9016205247679308 0.7657325092434724 0.6872028657446764
18131.0 10520887.0 -2.1421110207764986 3.10960678447603 0.9036193633077443 0.7657325092434724 0.6872028657446764
18132.0 10520887.0 -2.158769356506512 3.1482435271728773 0.9053055633834824 0.7657325092434724 0.6872028657446764
18133.0 10520887.0 -2.179220295966629 3.20377922449776 0.9067280247973416 0.7657325092434724 0.6872028657446764
18134.0 10520887.0 -2.1826255818559552 3.2191491414190576 0.9079279989303236 0.7657325092434724 0.6872028657446764
18135.0 10520887.0 -2.206850380720722 3.2726485888689734 0.9137076637851019 0.7657325092434724 0.6872028657446764
18136.0 10520887.0 -2.2253686201677247 3.3164516146184817 0.9185833308896482 0.7657325092434724 0.6872028657446764
18137.0 10520887.0 -2.240557260124305 3.3557763457419814 0.9226963945899942 0.7657325092434724 0.6872028657446764
18138.0 10520887.0 -2.250962284905188 3.3739049618631154 0.9261661337334501 0.7657325092434724 0.6872028657446764
18139.0 10520887.0 -2.277238819889943 3.4265576302974163 0.9290931707551761 0.7657325092434724 0.6872028657446764
18140.0 10520887.0 -2.2866023384821625 3.4511226373440955 0.9315623897288021 0.7657325092434724 0.6872028657446764
18141.0 10520887.0 -2.319055041434007 3.5049794213858507 0.9336453980045635 0.7657325092434724 0.6872028657446764
18142.0 10520887.0 -2.335903121182093 3.5376033288794413 0.9354026028224571 0.7657325092434724 0.6872028657446764
18143.0 10520887.0 -2.349888357591446 3.568121702585993 0.936884963122202 0.7657325092434724 0.6872028657446764
18144.0 10520887.0 -2.365687153056094 3.593099305961836 0.9381354673524908 0.7657325092434724 0.6872028657446764
18145.0 10520887.0 -2.3814859485207416 3.618076909337679 0.9391903801360018 0.7657325092434724 0.6872028657446764
18146.0 10520887.0 -2.397905146315683 3.653365147602489 0.9400802939434568 0.7657325092434724 0.6872028657446764
18147.0 10520887.0 -2.420725501101682 3.6853739343157597 0.9408310162752721 0.7657325092434724 0.6872028657446764
18148.0 10520887.0 -2.4410642532427937 3.7208938882323994 0.9414643180790703 0.7657325092434724 0.6872028657446764
18149.0 10520887.0 -2.463221421493528 3.7589957146035546 0.9419985651071615 0.7657325092434724 0.6872028657446764
18150.0 10520887.0 -2.482197494051819 3.793251886971935 0.9424492505233605 0.7657325092434724 0.6872028657446764
18151.0 10520887.0 -2.4759900162771573 3.79674639648501 0.9428139152837179 0.7657325092434724 0.6872028657446764
18152.0 10520887.0 -2.469782538502495 3.8002409059980846 0.9431060138845253 0.7657325092434724 0.6872028657446764
18153.0 10520887.0 -2.463575060727833 3.8037354155111593 0.943336896403447 0.7657325092434724 0.6872028657446764
18154.0 10520887.0 -2.4573675829531707 3.807229925024234 0.9435161376517728 0.7657325092434724 0.6872028657446764
18155.0 10520887.0 -2.451160105178509 3.810724434537309 0.9436518148439452 0.7657325092434724 0.6872028657446764
18156.0 10520887.0 -2.444952627403847 3.8142189440503835 0.9437507418367784 0.7657325092434724 0.6872028657446764
18157.0 10520887.0 -2.4387451496291845 3.8177134535634583 0.9438186667313054 0.7657325092434724 0.6872028657446764
18158.0 10520887.0 -2.4325376718545226 3.8212079630765325 0.9438604385677087 0.7657325092434724 0.6872028657446764
18159.0 10520887.0 -2.4263301940798603 3.8247024725896073 0.943880147947485 0.7657325092434724 0.6872028657446764
18160.0 10520887.0 -2.4201227163051984 3.828196982102682 0.9438812456608887 0.7657325092434724 0.6872028657446764
18161.0 10520887.0 -2.4139152385305365 3.8316914916157567 0.9438666427598497 0.7657325092434724 0.6872028657446764
18162.0 10520887.0 -2.407707760755874 3.8351860011288315 0.9438387949784788 0.7657325092434724 0.6872028657446764
18163.0 10520887.0 -2.401500282981212 3.838680510641906 0.9437997739493573 0.7657325092434724 0.6872028657446764
18164.0 10520887.0 -2.39529280520655 3.842175020154981 0.9437513272808818 0.7657325092434724 0.6872028657446764
18165.0 10520887.0 -2.389085327431888 3.8456695296680556 0.9436949292379075 0.7657325092434724 0.6872028657446764
18166.0 10520887.0 -2.382877849657226 3.8491640391811304 0.9436318234954293 0.7657325092434724 0.6872028657446764
18167.0 10520887.0 -2.3766703718825637 3.852658548694205 0.9435630592051563 0.7657325092434724 0.6872028657446764
18168.0 10520887.0 -2.370462894107902 3.85615305820728 0.9434895214209115 0.7657325092434724 0.6872028657446764
18169.0 10520887.0 -2.3642554163332394 3.8596475677203546 0.943411956765193 0.7657325092434724 0.6872028657446764
18170.0 10520887.0 -2.3580479385585775 3.8631420772334293 0.943330995081226 0.7657325092434724 0.6872028657446764
18171.0 10520887.0 -2.3518404607839156 3.866636586746504 0.9432471676984164 0.7657325092434724 0.6872028657446764
18172.0 10520887.0 -2.3456329830092533 3.8701310962595787 0.9431609228409039 0.7657325092434724 0.6872028657446764
18173.0 10520887.0 -2.3394255052345914 3.873625605772653 0.9430726386260615 0.7657325092434724 0.6872028657446764
18174.0 10520887.0 -2.333218027459929 3.8771201152857278 0.9429826340298999 0.7657325092434724 0.6872028657446764
18175.0 10520887.0 -2.327010549685267 3.8806146247988025 0.9428911781373716 0.7657325092434724 0.6872028657446764
18176.0 10520887.0 -2.320803071910605 3.884109134311877 0.942798497945834 0.7657325092434724 0.6872028657446764
18177.0 10520887.0 -2.314595594135943 3.887603643824952 0.9427047849479738 0.7657325092434724 0.6872028657446764
18178.0 10520887.0 -2.308388116361281 3.8910981533380267 0.9426102006850942 0.7657325092434724 0.6872028657446764
18179.0 10520887.0 -2.302180638586619 3.8945926628511014 0.9425148814318124 0.7657325092434724 0.6872028657446764
18180.0 10520887.0 -2.2959731608119567 3.898087172364176 0.9424189421480245 0.7657325092434724 0.6872028657446764
18181.0 10520887.0 -2.2897656830372948 3.901581681877251 0.9423224798127416 0.7657325092434724 0.6872028657446764
18182.0 10520887.0 -2.2835582052626324 3.9050761913903256 0.9422255762364816 0.7657325092434724 0.6872028657446764
18183.0 10520887.0 -2.2773507274879705 3.9085707009034003 0.9421283004337739 0.7657325092434724 0.6872028657446764
18184.0 10520887.0 -2.271143249713308 3.912065210416475 0.9420307106245812 0.7657325092434724 0.6872028657446764
18185.0 10520887.0 -2.2649357719386463 3.9155597199295498 0.9419328559226778 0.7657325092434724 0.6872028657446764
18186.0 10520887.0 -2.2587282941639844 3.9190542294426245 0.9418347777599496 0.7657325092434724 0.6872028657446764
18187.0 10520887.0 -2.252520816389322 3.922548738955699 0.9417365110879186 0.7657325092434724 0.6872028657446764
18188.0 10520887.0 -2.24631333861466 3.9260432484687735 0.9416380853913368 0.7657325092434724 0.6872028657446764
18189.0 10520887.0 -2.240105860839998 3.9295377579818482 0.9415395255432444 0.7657325092434724 0.6872028657446764
18190.0 10520887.0 -2.233898383065336 3.933032267494923 0.9414408525262878 0.7657325092434724 0.6872028657446764
18191.0 10520887.0 -2.227690905290674 3.9365267770079977 0.9413420840412163 0.7657325092434724 0.6872028657446764
18192.0 10520887.0 -2.2214834275160116 3.9400212865210724 0.9412432350202039 0.7657325092434724 0.6872028657446764
18193.0 10520887.0 -2.2152759497413497 3.943515796034147 0.9411443180598822 0.7657325092434724 0.6872028657446764
18194.0 10520887.0 -2.2090684719666873 3.947010305547222 0.941045343786643 0.7657325092434724 0.6872028657446764
18195.0 10520887.0 -2.2028609941920254 3.9505048150602966 0.9409463211648033 0.7657325092434724 0.6872028657446764
18196.0 10520887.0 -2.1966535164173635 3.9539993245733713 0.9408472577565709 0.7657325092434724 0.6872028657446764
18197.0 10520887.0 -2.190446038642701 3.957493834086446 0.940748159941348 0.7657325092434724 0.6872028657446764
18198.0 10520887.0 -2.1842385608680392 3.960988343599521 0.9406490331007342 0.7657325092434724 0.6872028657446764
18199.0 10520887.0 -2.1780310830933773 3.9644828531125955 0.9405498817745929 0.7657325092434724 0.6872028657446764
18200.0 10520887.0 -2.171823605318715 3.9679773626256702 0.9404507097927068 0.7657325092434724 0.6872028657446764
18201.0 10520887.0 -2.165616127544053 3.971471872138745 0.9403515203858425 0.7657325092434724 0.6872028657446764
18202.0 10520887.0 -2.1594086497693907 3.9749663816518197 0.9402523162794418 0.7657325092434724 0.6872028657446764
18203.0 10520887.0 -2.153201171994729 3.9784608911648944 0.9401530997726603 0.7657325092434724 0.6872028657446764
18204.0 10520887.0 -2.146993694220067 3.9819554006779687 0.940053872805042 0.7657325092434724 0.6872028657446764
18205.0 10520887.0 -2.1407862164454046 3.9854499101910434 0.9399546370127675 0.7657325092434724 0.6872028657446764
18206.0 10520887.0 -2.1345787386707427 3.988944419704118 0.9398553937761015 0.7657325092434724 0.6872028657446764
18207.0 10520887.0 -2.1283712608960803 3.992438929217193 0.9397561442594219 0.7657325092434724 0.6872028657446764
18208.0 10520887.0 -2.1221637831214184 3.9959334387302676 0.939656889444986 0.7657325092434724 0.6872028657446764
18209.0 10520887.0 -2.1159563053467565 3.9994279482433424 0.9395576301614162 0.7657325092434724 0.6872028657446764
18210.0 10520887.0 -2.109748827572094 4.0029224577564175 0.9394583671077301 0.7657325092434724 0.6872028657446764
