18515.0 11080625.0 1.2216954377916176 0.004086513225114857 0.34290000000000004 1.5869194662810213 2.024326912220049
18516.0 11080625.0 1.2055393054992283 0.004107230621480988 0.33912771194409524 1.5869194662810213 2.024326912220049
18517.0 11080625.0 1.189383173206839 0.004127948017847119 0.33718565520030186 1.5869194662810213 2.024326912220049
18518.0 11080625.0 1.148047767627163 0.005364861520300412 0.3391742179261516 1.5869194662810213 2.024326912220049
18519.0 11080625.0 1.1055862330023078 0.003698787143681062 0.34019426584566326 1.5869194662810213 2.024326912220049
18520.0 11080625.0 1.0736366505887904 0.0031671809508098626 0.3415314981818872 1.5869194662810213 2.024326912220049
18521.0 11080625.0 1.041687068175273 0.0026355747579386636 0.3430784199602886 1.5869194662810213 2.024326912220049
18522.0 11080625.0 1.0097374857617556 0.0021039685650674645 0.3447916857206498 1.5869194662810213 2.024326912220049
18523.0 11080625.0 0.9777879033482382 0.001572362372196265 0.3466497677554885 1.5869194662810213 2.024326912220049
18524.0 11080625.0 0.9458383209347208 0.0010407561793250655 0.3486391569716981 1.5869194662810213 2.024326912220049
18525.0 11080625.0 0.9138887385212032 0.0005091499864538665 0.35074922422118676 1.5869194662810213 2.024326912220049
18526.0 11080625.0 0.8819391561076858 -2.245620641733257e-05 0.35297024853408576 1.5869194662810213 2.024326912220049
18527.0 11080625.0 0.8499895736941684 -0.0005540623992885321 0.3552927361467058 1.5869194662810213 2.024326912220049
18528.0 11080625.0 0.818039991280651 -0.0010856685921597315 0.3577072847633206 1.5869194662810213 2.024326912220049
18529.0 11080625.0 0.7860904088671335 -0.001617274785030931 0.36020466496754927 1.5869194662810213 2.024326912220049
18530.0 11080625.0 0.7741066816670727 -0.002958958349059765 0.36229287717660824 1.5869194662810213 2.024326912220049
18531.0 11080625.0 0.7367025162583882 -0.003004068417402077 0.36434421017147417 1.5869194662810213 2.024326912220049
18532.0 11080625.0 0.6992983508497036 -0.0030491784857443888 0.3663669378556199 1.5869194662810213 2.024326912220049
18533.0 11080625.0 0.661894185441019 -0.0030942885540867007 0.3683672574633067 1.5869194662810213 2.024326912220049
18534.0 11080625.0 0.6244900200323344 -0.0031393986224290127 0.37034986723571633 1.5869194662810213 2.024326912220049
18535.0 11080625.0 0.5911450911759287 -0.002991710739992423 0.37321441485712326 1.5869194662810213 2.024326912220049
18536.0 11080625.0 0.5565914414825959 -0.00817348214392663 0.3756281515418419 1.5869194662810213 2.024326912220049
18537.0 11080625.0 0.5091805053083193 -0.003779580362991003 0.3788560007855149 1.5869194662810213 2.024326912220049
18538.0 11080625.0 0.4783320397280365 -0.007134190669565277 0.38217384453260855 1.5869194662810213 2.024326912220049
18539.0 11080625.0 0.4474835741477538 -0.01048880097613955 0.38556788091790395 1.5869194662810213 2.024326912220049
18540.0 11080625.0 0.42587036586354843 -0.008683201012334024 0.3884302149446558 1.5869194662810213 2.024326912220049
18541.0 11080625.0 0.36219470062486736 -0.009487849453264002 0.39203656537613796 1.5869194662810213 2.024326912220049
18542.0 11080625.0 0.3286769417481903 -0.009866709551578368 0.39627050479886 1.5869194662810213 2.024326912220049
18543.0 11080625.0 0.2957785855099003 -0.009980533425775873 0.3998418354107618 1.5869194662810213 2.024326912220049
18544.0 11080625.0 0.2680742822277694 -0.010506563087805426 0.4040463265813022 1.5869194662810213 2.024326912220049
18545.0 11080625.0 0.22439543138994278 -0.012354237513049482 0.40878494354321543 1.5869194662810213 2.024326912220049
18546.0 11080625.0 0.18900787018062792 -0.013289718457701327 0.4127822406201082 1.5869194662810213 2.024326912220049
18547.0 11080625.0 0.16975006159233041 -0.012428404724495967 0.41675017530266395 1.5869194662810213 2.024326912220049
18548.0 11080625.0 0.1504922530040329 -0.011567090991290607 0.4206933600342106 1.5869194662810213 2.024326912220049
18549.0 11080625.0 0.10275371727370586 -0.013606066503525818 0.42401974525285485 1.5869194662810213 2.024326912220049
18550.0 11080625.0 0.07372476507254822 -0.01410732837196469 0.4274217539922781 1.5869194662810213 2.024326912220049
18551.0 11080625.0 0.04469581287139057 -0.014608590240403563 0.43088756292023705 1.5869194662810213 2.024326912220049
18552.0 11080625.0 0.004489501597218504 -0.01805734747668114 0.4338112699637251 1.5869194662810213 2.024326912220049
18553.0 11080625.0 -0.027528926167485146 -0.020910867530878424 0.4362776711036013 1.5869194662810213 2.024326912220049
18554.0 11080625.0 -0.07157509890487168 -0.02252003107889558 0.4395501462427035 1.5869194662810213 2.024326912220049
18555.0 11080625.0 -0.12528514352510622 -0.02108700786432746 0.44231076840538824 1.5869194662810213 2.024326912220049
18556.0 11080625.0 -0.14238571715000625 -0.024493424543551773 0.4446395985189396 1.5869194662810213 2.024326912220049
18557.0 11080625.0 -0.20336912589230494 -0.026290349826448428 0.447796020695777 1.5869194662810213 2.024326912220049
18558.0 11080625.0 -0.22976290997485638 -0.02280340437125225 0.45045874496384525 1.5869194662810213 2.024326912220049
18559.0 11080625.0 -0.2682790978199796 -0.02107850330707714 0.45270499132965564 1.5869194662810213 2.024326912220049
18560.0 11080625.0 -0.31113488994700034 -0.024477432671519334 0.45459990153979507 1.5869194662810213 2.024326912220049
18561.0 11080625.0 -0.35656260204660906 -0.019441274453656426 0.4573902734552454 1.5869194662810213 2.024326912220049
18562.0 11080625.0 -0.41689970940933785 -0.016540829243445326 0.4609360477157784 1.5869194662810213 2.024326912220049
18563.0 11080625.0 -0.4525449091730862 -0.01037922385659587 0.46511907174416955 1.5869194662810213 2.024326912220049
18564.0 11080625.0 -0.4796670085733763 -0.006945312603467896 0.46864782842126124 1.5869194662810213 2.024326912220049
18565.0 11080625.0 -0.5067891079736664 -0.003511401350339921 0.4716246518632963 1.5869194662810213 2.024326912220049
18566.0 11080625.0 -0.5503551515095007 0.00559068951947958 0.47532771481772035 1.5869194662810213 2.024326912220049
18567.0 11080625.0 -0.5861263127931453 0.011910989526129762 0.4796434261062137 1.5869194662810213 2.024326912220049
18568.0 11080625.0 -0.6254456458743767 0.024765860932109446 0.48447596136409776 1.5869194662810213 2.024326912220049
18569.0 11080625.0 -0.6647649071547077 0.0376209519538189 0.48855263941047344 1.5869194662810213 2.024326912220049
18570.0 11080625.0 -0.6972808323589192 0.05362630985100483 0.49318352865272735 1.5869194662810213 2.024326912220049
18571.0 11080625.0 -0.7370875421102634 0.07178194534089413 0.4982819448837543 1.5869194662810213 2.024326912220049
18572.0 11080625.0 -0.7756042831479364 0.09524097760641478 0.5025829174817835 1.5869194662810213 2.024326912220049
18573.0 11080625.0 -0.8084865490259496 0.11148358056837718 0.5074030193612076 1.5869194662810213 2.024326912220049
18574.0 11080625.0 -0.8420331330602491 0.13927658864050826 0.5126610534787182 1.5869194662810213 2.024326912220049
18575.0 11080625.0 -0.8726459103885511 0.16517585157956757 0.5170966781342413 1.5869194662810213 2.024326912220049
18576.0 11080625.0 -0.9018607342394889 0.1899171878268673 0.5220303711386605 1.5869194662810213 2.024326912220049
18577.0 11080625.0 -0.9267181707964405 0.2144022368204199 0.5261923848999849 1.5869194662810213 2.024326912220049
18578.0 11080625.0 -0.9550093308670335 0.24468366751425827 0.5308952625092204 1.5869194662810213 2.024326912220049
18579.0 11080625.0 -0.9790841761597617 0.2766535806283184 0.535458485072828 1.5869194662810213 2.024326912220049
18580.0 11080625.0 -1.00315902145249 0.3086234937423786 0.5399038960459349 1.5869194662810213 2.024326912220049
18581.0 11080625.0 -1.0323828894502807 0.3557427887232645 0.5448458446916257 1.5869194662810213 2.024326912220049
18582.0 11080625.0 -1.04516454142686 0.37505289608762904 0.5490148228322554 1.5869194662810213 2.024326912220049
18583.0 11080625.0 -1.0579461934034395 0.3943630034519936 0.5525317308343494 1.5869194662810213 2.024326912220049
18584.0 11080625.0 -1.0752181621675756 0.4230280833197618 0.5566904037186068 1.5869194662810213 2.024326912220049
18585.0 11080625.0 -1.1019878686888351 0.4796855222244213 0.5601986183103647 1.5869194662810213 2.024326912220049
18586.0 11080625.0 -1.1248995948052165 0.5198927099055396 0.5643499575212079 1.5869194662810213 2.024326912220049
18587.0 11080625.0 -1.1420508148403996 0.5635906841152926 0.5678519854999947 1.5869194662810213 2.024326912220049
18588.0 11080625.0 -1.160554545536913 0.6074974391954862 0.5719981057464253 1.5869194662810213 2.024326912220049
18589.0 11080625.0 -1.168434728134561 0.6254971555142637 0.5754957310594155 1.5869194662810213 2.024326912220049
18590.0 11080625.0 -1.176314910732209 0.643496871833041 0.5784462925730768 1.5869194662810213 2.024326912220049
18591.0 11080625.0 -1.2013825000953953 0.7026364350146692 0.5821272012595455 1.5869194662810213 2.024326912220049
18592.0 11080625.0 -1.2101002168460429 0.7400716072739155 0.5852323787825134 1.5869194662810213 2.024326912220049
18593.0 11080625.0 -1.227304007738488 0.776543458368095 0.5890437199783696 1.5869194662810213 2.024326912220049
18594.0 11080625.0 -1.2436734068708895 0.820453845703099 0.5922589290535838 1.5869194662810213 2.024326912220049
18595.0 11080625.0 -1.2582492861809673 0.8682176143218837 0.5949712470713433 1.5869194662810213 2.024326912220049
18596.0 11080625.0 -1.2720058216355141 0.9103389451307777 0.5972593312541664 1.5869194662810213 2.024326912220049
18597.0 11080625.0 -1.2905288231201044 0.9748166649985188 0.6003813807315634 1.5869194662810213 2.024326912220049
18598.0 11080625.0 -1.3038032943210804 1.0167805646294046 0.6030151102501728 1.5869194662810213 2.024326912220049
18599.0 11080625.0 -1.3159708407283193 1.0637570976004453 0.6052368979660354 1.5869194662810213 2.024326912220049
18600.0 11080625.0 -1.3328221288561377 1.1154203891731156 0.6071111757229118 1.5869194662810213 2.024326912220049
18601.0 11080625.0 -1.3404148710547217 1.1424401646436304 0.6092882199198545 1.5869194662810213 2.024326912220049
18602.0 11080625.0 -1.3480076132533056 1.1694599401141452 0.6117206748385746 1.5869194662810213 2.024326912220049
18603.0 11080625.0 -1.3619796052341273 1.212002945789127 0.613772669327613 1.5869194662810213 2.024326912220049
18604.0 11080625.0 -1.374609160414357 1.2646225101756876 0.6166955559153563 1.5869194662810213 2.024326912220049
18605.0 11080625.0 -1.3831371603070217 1.3048007670401476 0.6191612736246447 1.5869194662810213 2.024326912220049
18606.0 11080625.0 -1.3916612653221903 1.357479683308523 0.6212413282690475 1.5869194662810213 2.024326912220049
18607.0 11080625.0 -1.3989662455265355 1.4035673747296902 0.624187886121457 1.5869194662810213 2.024326912220049
18608.0 11080625.0 -1.4097404491930512 1.472171727308784 0.6266735726713887 1.5869194662810213 2.024326912220049
18609.0 11080625.0 -1.412984906145694 1.5284985003252378 0.6299623175169947 1.5869194662810213 2.024326912220049
18610.0 11080625.0 -1.413613038018121 1.5770758929860837 0.6327366695705936 1.5869194662810213 2.024326912220049
18611.0 11080625.0 -1.413897728579992 1.6250736140135096 0.6362689297299439 1.5869194662810213 2.024326912220049
18612.0 11080625.0 -1.4140928748166604 1.6804030370335676 0.6404405535396668 1.5869194662810213 2.024326912220049
18613.0 11080625.0 -1.409539342748425 1.7279865190654335 0.64395969340204 1.5869194662810213 2.024326912220049
18614.0 11080625.0 -1.404199713552196 1.7714571200335876 0.6481202490612765 1.5869194662810213 2.024326912220049
18615.0 11080625.0 -1.3995078654653887 1.81023233642526 0.6522259742873923 1.5869194662810213 2.024326912220049
18616.0 11080625.0 -1.3948160173785815 1.8490075528169323 0.6562854451119444 1.5869194662810213 2.024326912220049
18617.0 11080625.0 -1.3854730971828262 1.8938559205068919 0.6609018185329472 1.5869194662810213 2.024326912220049
18618.0 11080625.0 -1.376061060434273 1.9389153666780181 0.6647961446914055 1.5869194662810213 2.024326912220049
18619.0 11080625.0 -1.3621016151537424 1.9897313429114392 0.6692732037341187 1.5869194662810213 2.024326912220049
18620.0 11080625.0 -1.3510422687259387 2.0409118432359916 0.6742418503733256 1.5869194662810213 2.024326912220049
18621.0 11080625.0 -1.332294539479885 2.1066359911557275 0.678433350673359 1.5869194662810213 2.024326912220049
18622.0 11080625.0 -1.3157549487857436 2.1487795834579404 0.683161102831124 1.5869194662810213 2.024326912220049
18623.0 11080625.0 -1.3012533084784168 2.1931087972731027 0.6871493869709915 1.5869194662810213 2.024326912220049
18624.0 11080625.0 -1.2867861947395125 2.237332468536735 0.691705708021222 1.5869194662810213 2.024326912220049
18625.0 11080625.0 -1.2707653323644903 2.286305702492122 0.695549374604068 1.5869194662810213 2.024326912220049
18626.0 11080625.0 -1.2528457506397215 2.331853619681089 0.6999836977386361 1.5869194662810213 2.024326912220049
18627.0 11080625.0 -1.2393903990240132 2.3648410279143284 0.7037244481076248 1.5869194662810213 2.024326912220049
18628.0 11080625.0 -1.2259350474083048 2.397828436147568 0.7068801074717346 1.5869194662810213 2.024326912220049
18629.0 11080625.0 -1.2116751414150737 2.4414188628742393 0.7107340346407288 1.5869194662810213 2.024326912220049
18630.0 11080625.0 -1.1917631786388163 2.4941433677882383 0.7139851688143042 1.5869194662810213 2.024326912220049
18631.0 11080625.0 -1.1837182509302553 2.5187355518437706 0.7167277928834944 1.5869194662810213 2.024326912220049
18632.0 11080625.0 -1.1626804438183262 2.5911884156248806 0.7202332876345102 1.5869194662810213 2.024326912220049
18633.0 11080625.0 -1.146866789499797 2.63952842002737 0.7231904877269267 1.5869194662810213 2.024326912220049
18634.0 11080625.0 -1.1274728022562843 2.690669776106304 0.7256851519634242 1.5869194662810213 2.024326912220049
18635.0 11080625.0 -1.117736019328735 2.7204337166979125 0.7277896256068609 1.5869194662810213 2.024326912220049
18636.0 11080625.0 -1.1041906325900548 2.7699831234351513 0.7307567830811008 1.5869194662810213 2.024326912220049
18637.0 11080625.0 -1.0931896696058243 2.819897539740238 0.7332598472646926 1.5869194662810213 2.024326912220049
18638.0 11080625.0 -1.0714366836824285 2.8956217186360518 0.7365632517071649 1.5869194662810213 2.024326912220049
18639.0 11080625.0 -1.0569350239854134 2.9399509864851727 0.7393499704491449 1.5869194662810213 2.024326912220049
18640.0 11080625.0 -1.0461043955054794 2.9909727162425823 0.74170081833415 1.5869194662810213 2.024326912220049
18641.0 11080625.0 -1.030083474708723 3.0399459982423274 0.7448758146390497 1.5869194662810213 2.024326912220049
18642.0 11080625.0 -1.0199347285717197 3.0953970937848094 0.7487460542566862 1.5869194662810213 2.024326912220049
18643.0 11080625.0 -1.0056746806748673 3.1389875290431224 0.7520109494477665 1.5869194662810213 2.024326912220049
18644.0 11080625.0 -0.9947078452013367 3.1887963156928105 0.7559570268610363 1.5869194662810213 2.024326912220049
18645.0 11080625.0 -0.9858788409787083 3.2429265583009195 0.7592858980532761 1.5869194662810213 2.024326912220049
18646.0 11080625.0 -0.9802572293275283 3.268253117560981 0.762690022633163 1.5869194662810213 2.024326912220049
18647.0 11080625.0 -0.9746356176763484 3.2935796768210426 0.7661576302135137 1.5869194662810213 2.024326912220049
18648.0 11080625.0 -0.9632916434268786 3.3336841197129474 0.7690828690700563 1.5869194662810213 2.024326912220049
18649.0 11080625.0 -0.9508181479374354 3.404382026555462 0.7727424158178348 1.5869194662810213 2.024326912220049
18650.0 11080625.0 -0.9384273694278367 3.4558281720933537 0.7758295726243305 1.5869194662810213 2.024326912220049
18651.0 11080625.0 -0.9270802689548023 3.50679786613481 0.7796257117251361 1.5869194662810213 2.024326912220049
18652.0 11080625.0 -0.9103868494016194 3.578452128983899 0.7840199411541747 1.5869194662810213 2.024326912220049
18653.0 11080625.0 -0.9041026357546327 3.597661448544032 0.7877268688766845 1.5869194662810213 2.024326912220049
18654.0 11080625.0 -0.8903264872394152 3.6734248231828213 0.7920458404848224 1.5869194662810213 2.024326912220049
18655.0 11080625.0 -0.8793243740787118 3.723338996818982 0.7956892814670201 1.5869194662810213 2.024326912220049
18656.0 11080625.0 -0.8700407975801905 3.7652859492532005 0.7987628516117614 1.5869194662810213 2.024326912220049
18657.0 11080625.0 -0.8587623262907236 3.816044461283273 0.802547529141448 1.5869194662810213 2.024326912220049
18658.0 11080625.0 -0.8463051822053378 3.8568363578443576 0.8057402450162365 1.5869194662810213 2.024326912220049
18659.0 11080625.0 -0.8302749440798427 3.9207624115366464 0.808433587996496 1.5869194662810213 2.024326912220049
18660.0 11080625.0 -0.8179470586613202 3.9760849856075016 0.811897509716858 1.5869194662810213 2.024326912220049
18661.0 11080625.0 -0.8072998852928619 4.025998480259638 0.8148196392190089 1.5869194662810213 2.024326912220049
18662.0 11080625.0 -0.7914854834641416 4.074338363772597 0.8172847182585111 1.5869194662810213 2.024326912220049
18663.0 11080625.0 -0.7822489051077506 4.102571813434359 0.8199601564716122 1.5869194662810213 2.024326912220049
18664.0 11080625.0 -0.7730123267513596 4.130805263096121 0.8228130515664922 1.5869194662810213 2.024326912220049
18665.0 11080625.0 -0.7616064725289906 4.182223200779482 0.8252197251568004 1.5869194662810213 2.024326912220049
18666.0 11080625.0 -0.7457920326798855 4.230563085493309 0.8284418154648601 1.5869194662810213 2.024326912220049
18667.0 11080625.0 -0.7281820652942921 4.284391345881773 0.8311599384214007 1.5869194662810213 2.024326912220049
18668.0 11080625.0 -0.7088456285558205 4.343496892144913 0.833452919592162 1.5869194662810213 2.024326912220049
18669.0 11080625.0 -0.6904760117539364 4.399647166376407 0.8365791001193001 1.5869194662810213 2.024326912220049
18670.0 11080625.0 -0.6746615657294157 4.447987068236172 0.839216314549898 1.5869194662810213 2.024326912220049
18671.0 11080625.0 -0.6556127823683167 4.489660445806061 0.8426328867906471 1.5869194662810213 2.024326912220049
18672.0 11080625.0 -0.6397293087893074 4.538211457249608 0.8455150727483249 1.5869194662810213 2.024326912220049
18673.0 11080625.0 -0.6170780918971492 4.607449428050232 0.8491383005039085 1.5869194662810213 2.024326912220049
18674.0 11080625.0 -0.6091190887779593 4.6317777112881355 0.8527907413182074 1.5869194662810213 2.024326912220049
18675.0 11080625.0 -0.6011600856587693 4.6561059945260395 0.8564678259748365 1.5869194662810213 2.024326912220049
18676.0 11080625.0 -0.5849313143096508 4.7057124762555915 0.8595697775847359 1.5869194662810213 2.024326912220049
18677.0 11080625.0 -0.5565718778553449 4.783715646120253 0.8633783974327968 1.5869194662810213 2.024326912220049
18678.0 11080625.0 -0.5315963430023207 4.851375353590067 0.867783155494613 1.5869194662810213 2.024326912220049
18679.0 11080625.0 -0.5230158278559073 4.87760347623307 0.8714989650657731 1.5869194662810213 2.024326912220049
18680.0 11080625.0 -0.5144353127094938 4.903831598876072 0.8746335846238406 1.5869194662810213 2.024326912220049
18681.0 11080625.0 -0.5143583990474115 4.903757436994019 0.8772760546576449 1.5869194662810213 2.024326912220049
18682.0 11080625.0 -0.5142814853853291 4.903683275111968 0.8795033523058076 1.5869194662810213 2.024326912220049
18683.0 11080625.0 -0.5142045717232469 4.9036091132299156 0.8813804147077663 1.5869194662810213 2.024326912220049
18684.0 11080625.0 -0.5141276580611644 4.903534951347863 0.8829620221808191 1.5869194662810213 2.024326912220049
18685.0 11080625.0 -0.5140507443990822 4.903460789465811 0.8842943868493255 1.5869194662810213 2.024326912220049
18686.0 11080625.0 -0.5139738307369999 4.903386627583759 0.8854164927963133 1.5869194662810213 2.024326912220049
18687.0 11080625.0 -0.5138969170749175 4.903312465701707 0.8863612266018863 1.5869194662810213 2.024326912220049
18688.0 11080625.0 -0.5138200034128352 4.903238303819655 0.8871563310540472 1.5869194662810213 2.024326912220049
18689.0 11080625.0 -0.5137430897507528 4.903164141937603 0.8878252096895498 1.5869194662810213 2.024326912220049
18690.0 11080625.0 -0.5136661760886705 4.903089980055551 0.8883876054964647 1.5869194662810213 2.024326912220049
18691.0 11080625.0 -0.5135892624265882 4.903015818173499 0.8888601734608335 1.5869194662810213 2.024326912220049
18692.0 11080625.0 -0.5135123487645058 4.902941656291446 0.8892569635612639 1.5869194662810213 2.024326912220049
18693.0 11080625.0 -0.5134354351024235 4.902867494409395 0.8895898282183098 1.5869194662810213 2.024326912220049
18694.0 11080625.0 -0.5133585214403411 4.9027933325273425 0.8898687660146664 1.5869194662810213 2.024326912220049
18695.0 11080625.0 -0.5132816077782588 4.90271917064529 0.8901022116540691 1.5869194662810213 2.024326912220049
18696.0 11080625.0 -0.5132046941161765 4.902645008763239 0.8902972805677019 1.5869194662810213 2.024326912220049
18697.0 11080625.0 -0.5131277804540941 4.902570846881186 0.890459975261701 1.5869194662810213 2.024326912220049
18698.0 11080625.0 -0.5130508667920118 4.902496684999134 0.8905953593898335 1.5869194662810213 2.024326912220049
18699.0 11080625.0 -0.5129739531299294 4.902422523117082 0.8907077045994565 1.5869194662810213 2.024326912220049
18700.0 11080625.0 -0.5128970394678471 4.90234836123503 0.89080061440929 1.5869194662810213 2.024326912220049
18701.0 11080625.0 -0.5128201258057647 4.902274199352978 0.8908771287114604 1.5869194662810213 2.024326912220049
18702.0 11080625.0 -0.5127432121436825 4.902200037470926 0.8909398119283717 1.5869194662810213 2.024326912220049
18703.0 11080625.0 -0.5126662984816002 4.902125875588874 0.8909908273809554 1.5869194662810213 2.024326912220049
18704.0 11080625.0 -0.5125893848195178 4.902051713706822 0.8910320000249774 1.5869194662810213 2.024326912220049
18705.0 11080625.0 -0.5125124711574355 4.9019775518247695 0.8910648693747556 1.5869194662810213 2.024326912220049
18706.0 11080625.0 -0.5124355574953531 4.901903389942717 0.8910907341490746 1.5869194662810213 2.024326912220049
18707.0 11080625.0 -0.5123586438332708 4.901829228060666 0.8911106899340308 1.5869194662810213 2.024326912220049
18708.0 11080625.0 -0.5122817301711885 4.901755066178613 0.8911256609550289 1.5869194662810213 2.024326912220049
18709.0 11080625.0 -0.5122048165091061 4.901680904296561 0.891136426879319 1.5869194662810213 2.024326912220049
18710.0 11080625.0 -0.5121279028470238 4.9016067424145096 0.8911436454263467 1.5869194662810213 2.024326912220049
18711.0 11080625.0 -0.5120509891849414 4.901532580532457 0.8911478714416169 1.5869194662810213 2.024326912220049
18712.0 11080625.0 -0.5119740755228591 4.901458418650405 0.8911495729872133 1.5869194662810213 2.024326912220049
18713.0 11080625.0 -0.5118971618607768 4.9013842567683525 0.8911491449155996 1.5869194662810213 2.024326912220049
18714.0 11080625.0 -0.5118202481986944 4.901310094886301 0.8911469203203399 1.5869194662810213 2.024326912220049
18715.0 11080625.0 -0.5117433345366121 4.901235933004249 0.8911431801958128 1.5869194662810213 2.024326912220049
18716.0 11080625.0 -0.5116664208745297 4.901161771122196 0.8911381615860482 1.5869194662810213 2.024326912220049
18717.0 11080625.0 -0.5115895072124474 4.901087609240145 0.8911320644590038 1.5869194662810213 2.024326912220049
18718.0 11080625.0 -0.5115125935503652 4.901013447358093 0.8911250575056366 1.5869194662810213 2.024326912220049
18719.0 11080625.0 -0.5114356798882828 4.90093928547604 0.89111728303194 1.5869194662810213 2.024326912220049
18720.0 11080625.0 -0.5113587662262005 4.900865123593988 0.891108861085818 1.5869194662810213 2.024326912220049
18721.0 11080625.0 -0.5112818525641181 4.9007909617119365 0.891099892938474 1.5869194662810213 2.024326912220049
18722.0 11080625.0 -0.5112049389020358 4.900716799829884 0.8910904640212761 1.5869194662810213 2.024326912220049
18723.0 11080625.0 -0.5111280252399535 4.900642637947832 0.8910806464032668 1.5869194662810213 2.024326912220049
18724.0 11080625.0 -0.5110511115778711 4.90056847606578 0.8910705008811648 1.5869194662810213 2.024326912220049
18725.0 11080625.0 -0.5109741979157888 4.900494314183728 0.8910600787424703 1.5869194662810213 2.024326912220049
18726.0 11080625.0 -0.5108972842537064 4.900420152301676 0.8910494232528023 1.5869194662810213 2.024326912220049
18727.0 11080625.0 -0.5108203705916241 4.900345990419624 0.8910385709106016 1.5869194662810213 2.024326912220049
18728.0 11080625.0 -0.5107434569295418 4.900271828537572 0.8910275525055852 1.5869194662810213 2.024326912220049
18729.0 11080625.0 -0.5106665432674594 4.90019766665552 0.8910163940116489 0.6347677865124084 0.8097307648880199
18730.0 11080625.0 -0.5105896296053771 4.900123504773467 0.8910051173401096 0.6347677865124084 0.8097307648880199
18731.0 11080625.0 -0.5105127159432947 4.900049342891416 0.8909937409751337 0.6347677865124084 0.8097307648880199
18732.0 11080625.0 -0.5104358022812124 4.8999751810093635 0.8909822805097781 0.6347677865124084 0.8097307648880199
18733.0 11080625.0 -0.51035888861913 4.899901019127311 0.8909707490981885 0.6347677865124084 0.8097307648880199
18734.0 11080625.0 -0.5102819749570477 4.89982685724526 0.89095915783707 0.6347677865124084 0.8097307648880199
18735.0 11080625.0 -0.5102050612949655 4.899752695363207 0.8909475160874912 0.6347677865124084 0.8097307648880199
18736.0 11080625.0 -0.5101281476328831 4.899678533481155 0.8909358317463555 0.6347677865124084 0.8097307648880199
18737.0 11080625.0 -0.5100512339708008 4.899604371599103 0.8909241114754108 0.6347677865124084 0.8097307648880199
18738.0 11080625.0 -0.5099743203087184 4.899530209717051 0.890912360894441 0.6347677865124084 0.8097307648880199
18739.0 11080625.0 -0.5098974066466361 4.899456047834999 0.8909005847442392 0.6347677865124084 0.8097307648880199
18740.0 11080625.0 -0.5098204929845538 4.8993818859529465 0.8908887870240904 0.6347677865124084 0.8097307648880199
