29202.0 11217673.0 -0.3668269920606859 0.060556317404554943 0.42672000000000004 1.9091808221355453 0.7677270387252512
29203.0 11217673.0 -0.4042299844178041 0.06296962430550637 0.42672000000000004 1.9091808221355453 0.7677270387252512
29204.0 11217673.0 -0.44051126270582597 0.06338083757396937 0.42672000000000004 1.9091808221355453 0.7677270387252512
29205.0 11217673.0 -0.4767925409938478 0.06379205084243236 0.42672000000000004 1.9091808221355453 0.7677270387252512
29206.0 11217673.0 -0.5146270100077753 0.06488663909356951 0.42672000000000004 1.9091808221355453 0.7677270387252512
29207.0 11217673.0 -0.5524614790217028 0.06598122734470666 0.42672000000000004 1.9091808221355453 0.7677270387252512
29208.0 11217673.0 -0.587832622685701 0.065102491155032 0.42672000000000004 1.9091808221355453 0.7677270387252512
29209.0 11217673.0 -0.6232037663496992 0.06422375496535734 0.42672000000000004 1.9091808221355453 0.7677270387252512
29210.0 11217673.0 -0.6423022592598744 0.064217244394732 0.4294691559425242 1.9091808221355453 0.7677270387252512
29211.0 11217673.0 -0.6614007521700496 0.06421073382410666 0.4342704028581976 1.9091808221355453 0.7677270387252512
29212.0 11217673.0 -0.6954201113147982 0.06773906260520632 0.43812597678352017 1.9091808221355453 0.7677270387252512
29213.0 11217673.0 -0.7703750299750702 0.06233635975144439 0.44126711815069203 1.9091808221355453 0.7677270387252512
29214.0 11217673.0 -0.8065402765188145 0.0590310450601883 0.44385231887996807 1.9091808221355453 0.7677270387252512
29215.0 11217673.0 -0.8427055230625589 0.05572573036893222 0.4459952844730831 1.9091808221355453 0.7677270387252512
29216.0 11217673.0 -0.8676326034999031 0.05464630631351076 0.44778070801510267 1.9091808221355453 0.7677270387252512
29217.0 11217673.0 -0.8925596839372474 0.0535668822580893 0.4492736097496778 1.9091808221355453 0.7677270387252512
29218.0 11217673.0 -0.9174867643745916 0.05248745820266784 0.4505251116075108 1.9091808221355453 0.7677270387252512
29219.0 11217673.0 -0.9539585776542461 0.04688782926924703 0.45157615492367104 1.9091808221355453 0.7677270387252512
29220.0 11217673.0 -0.9920870910821 0.047087685191481515 0.4524599884129458 1.9091808221355453 0.7677270387252512
29221.0 11217673.0 -1.0639913403413344 0.04314369288727235 0.45798749274971606 1.9091808221355453 0.7677270387252512
29222.0 11217673.0 -1.1011171327838571 0.03758338438298328 0.46264293790245653 1.9091808221355453 0.7677270387252512
29223.0 11217673.0 -1.1382429252263797 0.03202307587869421 0.4665657278972503 1.9091808221355453 0.7677270387252512
29224.0 11217673.0 -1.1751337871337462 0.026503097593267827 0.46987225750695116 1.9091808221355453 0.7677270387252512
29225.0 11217673.0 -1.2120246490411126 0.02098311930784144 0.47265999503975414 1.9091808221355453 0.7677270387252512
29226.0 11217673.0 -1.2500589938891273 0.013325335498574481 0.4750107318229081 1.9091808221355453 0.7677270387252512
29227.0 11217673.0 -1.2858605194526465 0.002717609384510239 0.47699320729415234 1.9091808221355453 0.7677270387252512
29228.0 11217673.0 -1.322089849348002 -0.0005061702168396576 0.4786652541003744 1.9091808221355453 0.7677270387252512
29229.0 11217673.0 -1.3570958815651137 -0.007050792466540973 0.48484401019615014 2.3864760276694317 0.9596587984065638
29230.0 11217673.0 -1.3925983442928913 -0.016470627314263325 0.4900557949160486 2.3864760276694317 0.9596587984065638
29231.0 11217673.0 -1.4281008070206689 -0.025890462161985678 0.49445207285899423 2.3864760276694317 0.9596587984065638
29232.0 11217673.0 -1.4594701282724307 -0.030819965814196465 0.4981605298734161 2.3864760276694317 0.9596587984065638
29233.0 11217673.0 -1.4923238927086502 -0.040287886931934774 0.5012888275397347 2.3864760276694317 0.9596587984065638
29234.0 11217673.0 -1.5246814464844245 -0.046880195901632754 0.5086953294956661 2.3864760276694317 0.9596587984065638
29235.0 11217673.0 -1.5421114842377845 -0.05128594235720382 0.5149432592901163 2.3864760276694317 0.9596587984065638
29236.0 11217673.0 -1.5595415219911446 -0.05569168881277489 0.5202138775163221 2.3864760276694317 0.9596587984065638
29237.0 11217673.0 -1.593719725894139 -0.059702020406101314 0.5246600745030531 2.3864760276694317 0.9596587984065638
29238.0 11217673.0 -1.6585305828891854 -0.075892269348002 0.5284108154168486 2.3864760276694317 0.9596587984065638
29239.0 11217673.0 -1.6751411169786246 -0.08050738730556059 0.5315748870249222 2.3864760276694317 0.9596587984065638
29240.0 11217673.0 -1.6917516510680637 -0.08512250526311918 0.5342440565773862 2.3864760276694317 0.9596587984065638
29241.0 11217673.0 -1.7591430549785068 -0.10105218208509517 0.5364957354983945 2.3864760276694317 0.9596587984065638
29242.0 11217673.0 -1.7914673358828102 -0.11297054775277013 0.5383952257827702 2.3864760276694317 0.9596587984065638
29243.0 11217673.0 -1.8237916167871135 -0.12488891342044509 0.5399976146335322 2.3864760276694317 0.9596587984065638
29244.0 11217673.0 -1.8516168213341315 -0.14341970030651016 0.5437330651337239 2.3864760276694317 0.9596587984065638
29245.0 11217673.0 -1.8794420258811495 -0.16195048719257524 0.5492679432346159 2.3864760276694317 0.9596587984065638
29246.0 11217673.0 -1.9007787388240331 -0.18236993971414758 0.5539371085584262 2.3864760276694317 0.9596587984065638
29247.0 11217673.0 -1.9221154517669168 -0.20278939223571993 0.5578759681508489 2.3864760276694317 0.9596587984065638
29248.0 11217673.0 -1.9315030035377998 -0.2185882254835206 0.5611987496912667 2.3864760276694317 0.9596587984065638
29249.0 11217673.0 -1.9408905553086828 -0.2343870587313213 0.5640018142953247 2.3864760276694317 0.9596587984065638
29250.0 11217673.0 -1.9518486185645725 -0.2596035316708642 0.5663664511072759 2.3864760276694317 0.9596587984065638
29251.0 11217673.0 -1.9628066818204621 -0.28482000461040713 0.5683612347571988 2.3864760276694317 0.9596587984065638
29252.0 11217673.0 -1.9739929587976877 -0.3190169049929493 0.570044014068515 2.3864760276694317 0.9596587984065638
29253.0 11217673.0 -1.979386458235289 -0.35207086501446605 0.5714635896998297 2.3864760276694317 0.9596587984065638
29254.0 11217673.0 -1.9818942006346365 -0.3889313506573111 0.5726611293796168 2.3864760276694317 0.9596587984065638
29255.0 11217673.0 -1.984401943033984 -0.42579183630015616 0.5736713617797015 2.3864760276694317 0.9596587984065638
29256.0 11217673.0 -1.962696887170688 -0.500658628124339 0.57452358365236 2.3864760276694317 0.9596587984065638
29257.0 11217673.0 -1.9459886408706806 -0.5324127256795 0.5776261988547989 2.3864760276694317 0.9596587984065638
29258.0 11217673.0 -1.9292803945706731 -0.564166823234661 0.5826272231984956 2.3864760276694317 0.9596587984065638
29259.0 11217673.0 -1.8992519582214449 -0.5882431012869156 0.5868460369809834 2.3864760276694317 0.9596587984065638
29260.0 11217673.0 -1.8692235218722169 -0.6123193793391701 0.5904049858155291 2.3864760276694317 0.9596587984065638
29261.0 11217673.0 -1.8391950855229886 -0.6363956573914247 0.5934072792264842 2.3864760276694317 0.9596587984065638
29262.0 11217673.0 -1.822269063701597 -0.6430417383511994 0.5959399837276584 2.3864760276694317 0.9596587984065638
29263.0 11217673.0 -1.8053430418802054 -0.6496878193109741 0.5980765477525231 2.3864760276694317 0.9596587984065638
29264.0 11217673.0 -1.7282932586820723 -0.6775756426976541 0.5998789316595623 2.3864760276694317 0.9596587984065638
29265.0 11217673.0 -1.6851126148298248 -0.686791070307689 0.6013994045831388 2.3864760276694317 0.9596587984065638
29266.0 11217673.0 -1.6443523578977706 -0.6911836300549188 0.6026820602386718 2.3864760276694317 0.9596587984065638
29267.0 11217673.0 -1.6035921009657164 -0.6955761898021486 0.6037640956405532 2.3864760276694317 0.9596587984065638
29268.0 11217673.0 -1.5619969819109665 -0.6967362120291358 0.6046768898156667 2.3864760276694317 0.9596587984065638
29269.0 11217673.0 -1.5204018628562166 -0.6978962342561229 0.605446913795228 2.3864760276694317 0.9596587984065638
29270.0 11217673.0 -1.4974934190927953 -0.6977935576995724 0.6060964982747268 2.3864760276694317 0.9596587984065638
29271.0 11217673.0 -1.474584975329374 -0.6976908811430218 0.6066444812041183 2.3864760276694317 0.9596587984065638
29272.0 11217673.0 -1.3805352407689095 -0.700756649163736 0.6071067540883845 2.3864760276694317 0.9596587984065638
29273.0 11217673.0 -1.3336960520741858 -0.698781718654475 0.6074967228411872 2.3864760276694317 0.9596587984065638
29274.0 11217673.0 -1.2866238316113632 -0.7042433676937504 0.6078256965563681 2.3864760276694317 0.9596587984065638
29275.0 11217673.0 -1.2404060626772127 -0.7041677135183171 0.608103215471674 2.3864760276694317 0.9596587984065638
29276.0 11217673.0 -1.1935671365087475 -0.7021918589648319 0.6083373276356526 2.3864760276694317 0.9596587984065638
29277.0 11217673.0 -1.1451197897819771 -0.7029029456598488 0.6085348223010617 2.3864760276694317 0.9596587984065638
29278.0 11217673.0 -1.0966724430552068 -0.7036140323548655 0.6087014268131995 2.3864760276694317 0.9596587984065638
29279.0 11217673.0 -1.0493315275321455 -0.7039043369208438 0.6088419727029187 2.3864760276694317 0.9596587984065638
29280.0 11217673.0 -1.0019906120090845 -0.704194641486822 0.6089605358010219 2.3864760276694317 0.9596587984065638
29281.0 11217673.0 -0.9767212030014845 -0.7051544407688017 0.6090605544373543 2.3864760276694317 0.9596587984065638
29282.0 11217673.0 -0.9514517939938845 -0.7061142400507815 0.6091449291523696 2.3864760276694317 0.9596587984065638
29283.0 11217673.0 -0.859776688472234 -0.7082803995189614 0.6092161068128035 2.3864760276694317 0.9596587984065638
29284.0 11217673.0 -0.8111520937724561 -0.7089890698737393 0.6092761515708086 2.3864760276694317 0.9596587984065638
29285.0 11217673.0 -0.7643485089022732 -0.70711593768792 0.6093268047243671 2.3864760276694317 0.9596587984065638
29286.0 11217673.0 -0.7157240886145846 -0.7078239544619079 0.6093695352149322 2.3864760276694317 0.9596587984065638
29287.0 11217673.0 -0.6670997497974112 -0.7085316379922096 0.6094055822267302 2.3864760276694317 0.9596587984065638
29288.0 11217673.0 -0.6192691180794372 -0.7116666971502469 0.6094359911231035 2.3864760276694317 0.9596587984065638
29289.0 11217673.0 -0.5700238405921245 -0.7104737692089719 0.6094616437620468 2.3864760276694317 0.9596587984065638
29290.0 11217673.0 -0.520391012853086 -0.7116268684378269 0.6094832840700894 2.3864760276694317 0.9596587984065638
29291.0 11217673.0 -0.47075818511404743 -0.7127799676666818 0.6095015396161646 2.3864760276694317 0.9596587984065638
29292.0 11217673.0 -0.4246910625935656 -0.7128838760592578 0.6095169398111085 2.3864760276694317 0.9596587984065638
29293.0 11217673.0 -0.3761819607926131 -0.713668886698396 0.6095299312605746 2.3864760276694317 0.9596587984065638
29294.0 11217673.0 -0.3402714172414336 -0.7153592293999087 0.6095408907165973 2.3864760276694317 0.9596587984065638
29295.0 11217673.0 -0.3043608736902541 -0.7170495721014213 0.6095501360034015 2.3864760276694317 0.9596587984065638
29296.0 11217673.0 -0.22984583769645117 -0.7214269924397542 0.6095579352343041 2.3864760276694317 0.9596587984065638
29297.0 11217673.0 -0.18042878763207537 -0.719703590611371 0.6095645145870017 2.3864760276694317 0.9596587984065638
29298.0 11217673.0 -0.13185711053277893 -0.7205657706425179 0.6095700648627222 2.3864760276694317 0.9596587984065638
29299.0 11217673.0 -0.08328543343348249 -0.7214279506736649 0.6095747470194618 2.3864760276694317 0.9596587984065638
29300.0 11217673.0 -0.034041174225887816 -0.7202313056054199 0.6095786968397657 2.3864760276694317 0.9596587984065638
29301.0 11217673.0 0.01336096808134668 -0.7205935256927225 0.6095820288684228 2.3864760276694317 0.9596587984065638
29302.0 11217673.0 0.060763110388581176 -0.7209557457800252 0.6095848397342642 2.3864760276694317 0.9596587984065638
29303.0 11217673.0 0.11019320654518944 -0.7232652211230406 0.6095872109523993 2.3864760276694317 0.9596587984065638
29304.0 11217673.0 0.1596233027017977 -0.7255746964660559 0.6095892112881539 2.3864760276694317 0.9596587984065638
29305.0 11217673.0 0.20548314029188974 -0.725490280499021 0.6095908987512649 2.3864760276694317 0.9596587984065638
29306.0 11217673.0 0.2539739274760774 -0.72632359414741 0.6095923222781627 2.3864760276694317 0.9596587984065638
29307.0 11217673.0 0.30246471466026503 -0.727156907795799 0.6095935231511272 2.3864760276694317 0.9596587984065638
29308.0 11217673.0 0.32587395596620633 -0.7297242868757328 0.6095945361954744 2.3864760276694317 0.9596587984065638
29309.0 11217673.0 0.3492831972721476 -0.7322916659556665 0.6095953907894903 2.3864760276694317 0.9596587984065638
29310.0 11217673.0 0.39467044010432956 -0.7347387298817396 0.6095961117164015 2.3864760276694317 0.9596587984065638
29311.0 11217673.0 0.44249968677470003 -0.7378666204484797 0.6095967198830883 2.3864760276694317 0.9596587984065638
29312.0 11217673.0 0.48953560495391824 -0.7434220118217977 0.6095972329263846 2.3864760276694317 0.9596587984065638
29313.0 11217673.0 0.5859526310336804 -0.7473539109832249 0.6095976657245461 2.3864760276694317 0.9596587984065638
29314.0 11217673.0 0.6103466827013637 -0.7515272371652708 0.6095980308287194 2.3864760276694317 0.9596587984065638
29315.0 11217673.0 0.6347407343690471 -0.7557005633473166 0.6095983388269256 2.3864760276694317 0.9596587984065638
29316.0 11217673.0 0.725618066004122 -0.7602740630731518 0.6095985986511127 2.3864760276694317 0.9596587984065638
29317.0 11217673.0 0.7749298962129313 -0.7588606857145938 0.604831439083365 2.3864760276694317 0.9596587984065638
29318.0 11217673.0 0.8206740983685105 -0.7588516307186496 0.6008099112490349 2.3864760276694317 0.9596587984065638
29319.0 11217673.0 0.8686752935317843 -0.7614488467403433 0.5974173908409268 2.3864760276694317 0.9596587984065638
29320.0 11217673.0 0.8928426427091992 -0.762100826502021 0.5945554947672056 2.3864760276694317 0.9596587984065638
29321.0 11217673.0 0.9170099918866141 -0.7627528062636988 0.5921412280417334 2.3864760276694317 0.9596587984065638
29322.0 11217673.0 0.9629031887117454 -0.7625579322822975 0.5901045769294715 2.3864760276694317 0.9596587984065638
29323.0 11217673.0 1.0569113487406931 -0.7656969262016393 0.5883864785481643 2.3864760276694317 0.9596587984065638
29324.0 11217673.0 1.1069811384024675 -0.761958920573548 0.5869371080447537 2.3864760276694317 0.9596587984065638
29325.0 11217673.0 1.1293639660808974 -0.7641300702047626 0.5857144336746412 2.3864760276694317 0.9596587984065638
29326.0 11217673.0 1.1517467937593273 -0.7663012198359772 0.5846829978810931 2.3864760276694317 0.9596587984065638
29327.0 11217673.0 1.248817086913188 -0.7682184502689121 0.5838128890260967 2.3864760276694317 0.9596587984065638
29328.0 11217673.0 1.2715274009277437 -0.7693863198244146 0.5830788739528572 2.3864760276694317 0.9596587984065638
29329.0 11217673.0 1.2942377149422994 -0.770554189379917 0.5824596662242505 2.3864760276694317 0.9596587984065638
29330.0 11217673.0 1.3892917205501263 -0.7691241427869393 0.581937308816147 2.3864760276694317 0.9596587984065638
29331.0 11217673.0 1.43510386792973 -0.7689000038422792 0.5814966533637119 2.3864760276694317 0.9596587984065638
29332.0 11217673.0 1.4829318062218215 -0.7720208685081403 0.5811249208588244 2.3864760276694317 0.9596587984065638
29333.0 11217673.0 1.5323455934911694 -0.7702855456526742 0.5808113310588428 2.3864760276694317 0.9596587984065638
29334.0 11217673.0 1.5753237703467982 -0.771938743873355 0.5805467898595676 2.3864760276694317 0.9596587984065638
29335.0 11217673.0 1.5979849792077456 -0.7691760822695413 0.58032362556622 2.3864760276694317 0.9596587984065638
29336.0 11217673.0 1.620646188068693 -0.7664134206657274 0.5801353664142926 2.3864760276694317 0.9596587984065638
29337.0 11217673.0 1.688621142054306 -0.770388342122899 0.5799765528883798 2.3864760276694317 0.9596587984065638
29338.0 11217673.0 1.731966140750156 -0.771868284266132 0.57984257939623 2.3864760276694317 0.9596587984065638
29339.0 11217673.0 1.7753111394460062 -0.773348226409365 0.5797295607065709 2.3864760276694317 0.9596587984065638
29340.0 11217673.0 1.829450270289081 -0.7779435976815416 0.5796342192774023 2.3864760276694317 0.9596587984065638
29341.0 11217673.0 1.883589401132156 -0.7825389689537184 0.5795537902072784 2.3864760276694317 0.9596587984065638
29342.0 11217673.0 1.9259466643364809 -0.7860901898628109 0.5794859410531655 2.3864760276694317 0.9596587984065638
29343.0 11217673.0 1.9682004852254977 -0.7899578498275924 0.5794287041895945 2.3864760276694317 0.9596587984065638
29344.0 11217673.0 2.0108776339051557 -0.7952483832603386 0.5793804197475216 2.3864760276694317 0.9596587984065638
29345.0 11217673.0 2.053554782584814 -0.8005389166930849 0.579339687478127 2.3864760276694317 0.9596587984065638
29346.0 11217673.0 2.0912294386076553 -0.8102702880787702 0.579305326145598 2.3864760276694317 0.9596587984065638
29347.0 11217673.0 2.1303862486830534 -0.8154621627794797 0.5792763392712914 2.3864760276694317 0.9596587984065638
29348.0 11217673.0 2.171393768220536 -0.822601378802869 0.5768681968594438 2.3864760276694317 0.9596587984065638
29349.0 11217673.0 2.212401287758019 -0.8297405948262583 0.5724530227801116 2.3864760276694317 0.9596587984065638
29350.0 11217673.0 2.251076568107597 -0.834774586086075 0.5687284263614026 2.3864760276694317 0.9596587984065638
29351.0 11217673.0 2.29264095624078 -0.8407514938664004 0.5655863943071744 2.3864760276694317 0.9596587984065638
29352.0 11217673.0 2.334205344373963 -0.8467284016467257 0.5629358076878541 2.3864760276694317 0.9596587984065638
29353.0 11217673.0 2.3701963013549996 -0.853455368732698 0.5606997994914816 2.3864760276694317 0.9596587984065638
29354.0 11217673.0 2.41208315810303 -0.857083804447347 0.5588135254803621 2.3864760276694317 0.9596587984065638
29355.0 11217673.0 2.45011492168876 -0.8643597979772903 0.5572222837081732 2.3864760276694317 0.9596587984065638
29356.0 11217673.0 2.4916103685251123 -0.8705467893874056 0.5558799281635213 2.3864760276694317 0.9596587984065638
29357.0 11217673.0 2.533829516296955 -0.8745166322157159 0.5547475305356114 2.3864760276694317 0.9596587984065638
29358.0 11217673.0 2.5729173322136942 -0.8799171860791664 0.5537922512932343 2.3864760276694317 0.9596587984065638
29359.0 11217673.0 2.614013790941446 -0.8818845278740872 0.5529863873383609 2.3864760276694317 0.9596587984065638
29360.0 11217673.0 2.655110249669198 -0.8838518696690082 0.5523065686163001 2.3864760276694317 0.9596587984065638
29361.0 11217673.0 2.6947539411120154 -0.8793870331379433 0.551733080384112 2.3864760276694317 0.9596587984065638
29362.0 11217673.0 2.729582311088963 -0.8733501936327096 0.5512492914830631 2.3864760276694317 0.9596587984065638
29363.0 11217673.0 2.7550213243645474 -0.8634306277691116 0.550841172035023 2.3864760276694317 0.9596587984065638
29364.0 11217673.0 2.7804603376401316 -0.8535110619055136 0.5504968865759986 2.3864760276694317 0.9596587984065638
29365.0 11217673.0 2.8178456242954906 -0.8260355447092128 0.5502064508276782 2.3864760276694317 0.9596587984065638
29366.0 11217673.0 2.85523091095085 -0.7985600275129119 0.5499614421533604 2.3864760276694317 0.9596587984065638
29367.0 11217673.0 2.892616197606209 -0.7710845103166111 0.5497547553014901 2.3864760276694317 0.9596587984065638
29368.0 11217673.0 2.907531827831816 -0.7546341726492887 0.549580396353363 2.3864760276694317 0.9596587984065638
29369.0 11217673.0 2.922447458057423 -0.7381838349819663 0.5494333088994834 2.3864760276694317 0.9596587984065638
29370.0 11217673.0 2.9595534643667323 -0.6748324790432024 0.544541848650872 2.3864760276694317 0.9596587984065638
29371.0 11217673.0 2.976910946916089 -0.6379771482774192 0.5404154620131358 2.3864760276694317 0.9596587984065638
29372.0 11217673.0 2.988232363069309 -0.5992100725728118 0.5369344837737806 2.3864760276694317 0.9596587984065638
29373.0 11217673.0 2.999553779222529 -0.5604429968682043 0.533997965563865 2.3864760276694317 0.9596587984065638
29374.0 11217673.0 3.007350123507721 -0.5202333071050222 0.5315207483553015 2.3864760276694317 0.9596587984065638
29375.0 11217673.0 3.0133631647933417 -0.4807265091477362 0.5294309928490417 2.3864760276694317 0.9596587984065638
29376.0 11217673.0 3.019376206078962 -0.4412197111904501 0.5276680961354042 2.3864760276694317 0.9596587984065638
29377.0 11217673.0 3.0245472009039895 -0.4006203485074683 0.5261809342096934 2.3864760276694317 0.9596587984065638
29378.0 11217673.0 3.025978637882648 -0.38344843889717833 0.5225426899996551 2.3864760276694317 0.9596587984065638
29379.0 11217673.0 3.027410074861306 -0.36627652928688836 0.5170898144231985 2.3864760276694317 0.9596587984065638
29380.0 11217673.0 3.020356411544544 -0.2888617908902569 0.5124898234650146 2.3864760276694317 0.9596587984065638
29381.0 11217673.0 3.0094714582302347 -0.25528722990214947 0.5086093173873162 2.3864760276694317 0.9596587984065638
29382.0 11217673.0 2.9959371317379517 -0.22330095195846492 0.5053357615138498 2.3864760276694317 0.9596587984065638
29383.0 11217673.0 2.9784350435859412 -0.1925894104807759 0.5025742227242852 2.3864760276694317 0.9596587984065638
29384.0 11217673.0 2.9559142819553825 -0.16637235957779462 0.5002446163937249 2.3864760276694317 0.9596587984065638
29385.0 11217673.0 2.933393520324824 -0.14015530867481332 0.4982793839385825 2.3864760276694317 0.9596587984065638
29386.0 11217673.0 2.904281223505403 -0.12189094483120738 0.49662153361765904 2.3864760276694317 0.9596587984065638
29387.0 11217673.0 2.8751689266859826 -0.10362658098760144 0.4952229877716477 2.3864760276694317 0.9596587984065638
29388.0 11217673.0 2.84610358110399 -0.08385868793435372 0.49404318857101415 2.3864760276694317 0.9596587984065638
29389.0 11217673.0 2.818181436666554 -0.0698374072980433 0.49304792183894 2.3864760276694317 0.9596587984065638
29390.0 11217673.0 2.78431339438755 -0.057437786316830386 0.48982463546378663 2.3864760276694317 0.9596587984065638
29391.0 11217673.0 2.750445352108547 -0.04503816533561747 0.48472181414067467 2.3864760276694317 0.9596587984065638
29392.0 11217673.0 2.717555015633656 -0.036987655501475286 0.48041712542764226 2.3864760276694317 0.9596587984065638
29393.0 11217673.0 2.6826586029965487 -0.028282068709817504 0.47678573335201146 2.3864760276694317 0.9596587984065638
29394.0 11217673.0 2.6484378684849634 -0.020906572476191987 0.473722327543589 2.3864760276694317 0.9596587984065638
29395.0 11217673.0 2.614217133973378 -0.01353107624256647 0.47113806923393065 2.3864760276694317 0.9596587984065638
29396.0 11217673.0 2.579145838391641 -0.009440501182306299 0.46895801493205624 2.3864760276694317 0.9596587984065638
29397.0 11217673.0 2.5440745428099034 -0.005349926122046128 0.4671189430632115 2.3864760276694317 0.9596587984065638
29398.0 11217673.0 2.5078265013810404 -0.003503229525006396 0.46556752054319983 2.3864760276694317 0.9596587984065638
29399.0 11217673.0 2.471578459952177 -0.001656532927966664 0.46425875611894096 2.3864760276694317 0.9596587984065638
29400.0 11217673.0 2.43873238644447 0.003810844025743193 0.4583873168693145 2.3864760276694317 0.9596587984065638
29401.0 11217673.0 2.4012978586086273 0.006103772317612471 0.45343422980889814 2.3864760276694317 0.9596587984065638
29402.0 11217673.0 2.361352583625677 0.008866221484605225 0.44925585541293983 2.3864760276694317 0.9596587984065638
29403.0 11217673.0 2.3254883759000613 0.010530064562697283 0.44573102082395677 2.3864760276694317 0.9596587984065638
29404.0 11217673.0 2.2896241681744463 0.012193907640789342 0.44275750583886847 2.3864760276694317 0.9596587984065638
29405.0 11217673.0 2.2539074177813845 0.011590279488538052 0.44024907852310735 2.3864760276694317 0.9596587984065638
29406.0 11217673.0 2.2349196731116616 0.011365273674264681 0.43813299448451637 2.3864760276694317 0.9596587984065638
29407.0 11217673.0 2.2159319284419388 0.01114026785999131 0.43634788728597634 2.3864760276694317 0.9596587984065638
29408.0 11217673.0 2.178791705747328 0.008354037541177852 0.43325286256779066 2.3864760276694317 0.9596587984065638
29409.0 11217673.0 2.141651483052717 0.005567807222364394 0.42905280461313194 2.3864760276694317 0.9596587984065638
29410.0 11217673.0 2.104511260358106 0.0027815769035509363 0.4239205517413151 2.3864760276694317 0.9596587984065638
29411.0 11217673.0 2.0711421515055024 -0.001508370675922549 0.4195910348699964 2.3864760276694317 0.9596587984065638
29412.0 11217673.0 2.0353560891275992 -0.002322028762017675 0.41593869800990757 2.3864760276694317 0.9596587984065638
29413.0 11217673.0 1.9824400276999712 -0.0025645908575741977 0.4128576233921061 2.3864760276694317 0.9596587984065638
29414.0 11217673.0 1.9295239662723431 -0.0028071529531307204 0.41025845985267567 2.3864760276694317 0.9596587984065638
29415.0 11217673.0 1.9132137072987065 -0.00244552213855892 0.4056821422725644 2.3864760276694317 0.9596587984065638
29416.0 11217673.0 1.8969034483250702 -0.0020838913239871193 0.399437917441949 2.3864760276694317 0.9596587984065638
29417.0 11217673.0 1.8254092105434252 -0.006188153140254671 0.39417035221715013 2.3864760276694317 0.9596587984065638
29418.0 11217673.0 1.7922476354966081 -0.008208302734864142 0.3897266872066486 2.3864760276694317 0.9596587984065638
29419.0 11217673.0 1.7584595690889677 -0.0045330604622330906 0.3859780561251399 2.3864760276694317 0.9596587984065638
29420.0 11217673.0 1.723362580301535 -0.0032339006511559742 0.3828157486712603 2.3864760276694317 0.9596587984065638
29421.0 11217673.0 1.691062798647647 -0.002614524048171696 0.38014805792884715 2.3864760276694317 0.9596587984065638
29422.0 11217673.0 1.673737760936043 -0.0020961841065166714 0.37551393148996215 2.3864760276694317 0.9596587984065638
29423.0 11217673.0 1.6564127232244394 -0.001577844164861647 0.3692209396878776 2.3864760276694317 0.9596587984065638
29424.0 11217673.0 1.6206260599608 -0.0023894124524415222 0.36391223513674154 2.3864760276694317 0.9596587984065638
29425.0 11217673.0 1.5908481989526457 -0.002476498074245631 0.35943386540457095 2.3864760276694317 0.9596587984065638
29426.0 11217673.0 1.5440498320577223 -0.0009759497037428524 0.35565595776913295 2.3864760276694317 0.9596587984065638
29427.0 11217673.0 1.4972514651627988 0.0005245986667599262 0.35246895290899977 2.3864760276694317 0.9596587984065638
29428.0 11217673.0 1.4614645799978176 -0.0002861673291685296 0.3497804276832276 2.3864760276694317 0.9596587984065638
29429.0 11217673.0 1.4308934846346402 -0.0028004840385694174 0.347512414860269 2.3864760276694317 0.9596587984065638
29430.0 11217673.0 1.4012992769376995 -0.00232365993703861 0.34401001581731927 2.3864760276694317 0.9596587984065638
29431.0 11217673.0 1.371705069240759 -0.001846835835507802 0.3394663009821328 2.3864760276694317 0.9596587984065638
29432.0 11217673.0 1.3421108615438184 -0.0013700117339769946 0.3340441426244892 2.3864760276694317 0.9596587984065638
29433.0 11217673.0 1.3135456845797664 -0.004539129731027436 0.32947006440295584 2.3864760276694317 0.9596587984065638
29434.0 11217673.0 1.2848928264551884 -0.002539228250683284 0.3256114180491082 2.3864760276694317 0.9596587984065638
29435.0 11217673.0 1.257418428947906 -0.0037279287690551374 0.3223563028186847 2.3864760276694317 0.9596587984065638
29436.0 11217673.0 1.2299440314406234 -0.004916629287426991 0.31961032037000303 2.3864760276694317 0.9596587984065638
29437.0 11217673.0 1.2108553344269757 -0.004901689000477678 0.31729383721205145 2.3864760276694317 0.9596587984065638
29438.0 11217673.0 1.1917666374133282 -0.004886748713528365 0.31533967533324936 2.3864760276694317 0.9596587984065638
29439.0 11217673.0 1.1726779403996805 -0.004871808426579052 0.3136911640391115 2.3864760276694317 0.9596587984065638
29440.0 11217673.0 1.1535892433860329 -0.004856868139629739 0.3123004965021079 2.3864760276694317 0.9596587984065638
29441.0 11217673.0 1.1318447098440967 -0.0052689367781524514 0.31112734336366543 2.3864760276694317 0.9596587984065638
29442.0 11217673.0 1.1101001763021607 -0.005681005416675165 0.31013768318276924 2.3864760276694317 0.9596587984065638
29443.0 11217673.0 1.0883556427602246 -0.006093074055197878 0.30930281581417335 2.3864760276694317 0.9596587984065638
29444.0 11217673.0 1.0695430878934769 -0.0055454731688058066 0.30859853010418853 2.3864760276694317 0.9596587984065638
29445.0 11217673.0 1.0507305330267291 -0.004997872282413735 0.30800440176722516 2.3864760276694317 0.9596587984065638
29446.0 11217673.0 1.0319179781599814 -0.004450271396021664 0.3075032010815113 2.3864760276694317 0.9596587984065638
29447.0 11217673.0 1.0131054232932337 -0.003902670509629592 0.3070803932271613 2.3864760276694317 0.9596587984065638
29448.0 11217673.0 0.9942928684264861 -0.0033550696232375206 0.3067237167763989 2.3864760276694317 0.9596587984065638
29449.0 11217673.0 0.9754803135597384 -0.002807468736845449 0.30642282811215216 2.3864760276694317 0.9596587984065638
29450.0 11217673.0 0.9566677586929907 -0.0022598678504533775 0.3061690014631578 2.3864760276694317 0.9596587984065638
29451.0 11217673.0 0.937855203826243 -0.001712266964061306 0.305954875856595 2.3864760276694317 0.9596587984065638
29452.0 11217673.0 0.9190426489594954 -0.0011646660776692347 0.30577424164987344 2.3864760276694317 0.9596587984065638
29453.0 11217673.0 0.9002300940927477 -0.0006170651912771634 0.30562186045099826 2.3864760276694317 0.9596587984065638
29454.0 11217673.0 0.881417539226 -6.946430488509198e-05 0.305493313205202 2.3864760276694317 0.9596587984065638
29455.0 11217673.0 0.8626049843592523 0.00047813658150698025 0.30538487204235665 2.3864760276694317 0.9596587984065638
29456.0 11217673.0 0.8437924294925045 0.0010257374678990516 0.3052933921687396 2.3864760276694317 0.9596587984065638
29457.0 11217673.0 0.833369936423934 0.0017440556841972071 0.30521622066801596 2.3864760276694317 0.9596587984065638
29458.0 11217673.0 0.826148002286201 0.0041036817919031104 0.30515111956666485 2.3864760276694317 0.9596587984065638
29459.0 11217673.0 0.8261383953922203 0.004229086022850141 0.30509881176448456 2.3864760276694317 0.9596587984065638
29460.0 11217673.0 0.8261287884982397 0.004354490253797172 0.3050572962607322 2.3864760276694317 0.9596587984065638
29461.0 11217673.0 0.8261191816042589 0.004479894484744202 0.30502488503131914 2.3864760276694317 0.9596587984065638
29462.0 11217673.0 0.8261095747102782 0.004605298715691233 0.3050001540761127 2.3864760276694317 0.9596587984065638
29463.0 11217673.0 0.8260999678162976 0.004730702946638263 0.3049819021229322 2.3864760276694317 0.9596587984065638
29464.0 11217673.0 0.8260903609223169 0.004856107177585294 0.3049691157906556 2.3864760276694317 0.9596587984065638
29465.0 11217673.0 0.8260807540283363 0.0049815114085323235 0.30496094020116715 2.3864760276694317 0.9596587984065638
29466.0 11217673.0 0.8260711471343555 0.005106915639479355 0.304956654187892 2.3864760276694317 0.9596587984065638
29467.0 11217673.0 0.8260615402403748 0.005232319870426385 0.30495564938196534 2.3864760276694317 0.9596587984065638
29468.0 11217673.0 0.8260519333463942 0.005357724101373416 0.3049574125695357 2.3864760276694317 0.9596587984065638
29469.0 11217673.0 0.8260423264524135 0.005483128332320446 0.3049615108085627 2.3864760276694317 0.9596587984065638
29470.0 11217673.0 0.8260327195584328 0.005608532563267476 0.30496757887349857 2.3864760276694317 0.9596587984065638
29471.0 11217673.0 0.826023112664452 0.005733936794214507 0.3049753086637466 2.3864760276694317 0.9596587984065638
29472.0 11217673.0 0.8260135057704714 0.0058593410251615375 0.3049844402687443 2.3864760276694317 0.9596587984065638
29473.0 11217673.0 0.8260038988764907 0.005984745256108568 0.3049947544305568 2.3864760276694317 0.9596587984065638
29474.0 11217673.0 0.8259942919825101 0.006110149487055599 0.30500606618539694 2.3864760276694317 0.9596587984065638
29475.0 11217673.0 0.8259846850885293 0.006235553718002629 0.30501821949967545 2.3864760276694317 0.9596587984065638
29476.0 11217673.0 0.8259750781945486 0.00636095794894966 0.30503108274502655 2.3864760276694317 0.9596587984065638
29477.0 11217673.0 0.825965471300568 0.00648636217989669 0.30504454488108573 2.3864760276694317 0.9596587984065638
29478.0 11217673.0 0.8259558644065873 0.006611766410843721 0.305058512235319 2.3864760276694317 0.9596587984065638
29479.0 11217673.0 0.8259462575126066 0.006737170641790751 0.3050729057865193 2.3864760276694317 0.9596587984065638
29480.0 11217673.0 0.8259366506186259 0.006862574872737781 0.3050876588731918 2.3864760276694317 0.9596587984065638
29481.0 11217673.0 0.8259270437246452 0.0069879791036848125 0.3051027152603702 2.3864760276694317 0.9596587984065638
29482.0 11217673.0 0.8259174368306645 0.007113383334631842 0.30511802750880296 2.3864760276694317 0.9596587984065638
29483.0 11217673.0 0.8259078299366839 0.007238787565578874 0.3051335555992149 2.3864760276694317 0.9596587984065638
29484.0 11217673.0 0.8258982230427032 0.007364191796525903 0.3051492657717482 2.3864760276694317 0.9596587984065638
29485.0 11217673.0 0.8258886161487224 0.007489596027472935 0.30516512954692665 2.3864760276694317 0.9596587984065638
29486.0 11217673.0 0.8258790092547418 0.0076150002584199645 0.30518112289975063 2.3864760276694317 0.9596587984065638
29487.0 11217673.0 0.8258694023607611 0.007740404489366995 0.3051972255629723 2.3864760276694317 0.9596587984065638
29488.0 11217673.0 0.8258597954667805 0.007865808720314026 0.30521342043934535 2.3864760276694317 0.9596587984065638
29489.0 11217673.0 0.8258501885727998 0.007991212951261057 0.3052296931058049 2.3864760276694317 0.9596587984065638
29490.0 11217673.0 0.825840581678819 0.008116617182208087 0.3052460313951985 2.3864760276694317 0.9596587984065638
29491.0 11217673.0 0.8258309747848384 0.008242021413155116 0.30526242504343887 2.3864760276694317 0.9596587984065638
29492.0 11217673.0 0.8258213678908577 0.008367425644102148 0.30527886539184523 2.3864760276694317 0.9596587984065638
29493.0 11217673.0 0.825811760996877 0.00849282987504918 0.3052953451360416 2.3864760276694317 0.9596587984065638
29494.0 11217673.0 0.8258021541028964 0.008618234105996209 0.30531185811413 2.3864760276694317 0.9596587984065638
29495.0 11217673.0 0.8257925472089156 0.008743638336943239 0.30532839912799514 2.3864760276694317 0.9596587984065638
29496.0 11217673.0 0.8257829403149349 0.00886904256789027 0.3053449637925595 2.3864760276694317 0.9596587984065638
29497.0 11217673.0 0.8257733334209543 0.008994446798837302 0.3053615484086156 2.3864760276694317 0.9596587984065638
29498.0 11217673.0 0.8257637265269736 0.009119851029784331 0.30537814985554945 2.3864760276694317 0.9596587984065638
29499.0 11217673.0 0.8257541196329928 0.009245255260731361 0.30539476550084227 2.3864760276694317 0.9596587984065638
29500.0 11217673.0 0.8257445127390122 0.009370659491678392 0.3054113931237279 2.3864760276694317 0.9596587984065638
29501.0 11217673.0 0.8257349058450315 0.009496063722625422 0.30542803085079023 2.3864760276694317 0.9596587984065638
29502.0 11217673.0 0.8257252989510508 0.009621467953572452 0.30544467710163437 2.3864760276694317 0.9596587984065638
29503.0 11217673.0 0.8257156920570702 0.009746872184519483 0.305461330543055 2.3864760276694317 0.9596587984065638
29504.0 11217673.0 0.8257060851630894 0.009872276415466515 0.3054779900503737 2.3864760276694317 0.9596587984065638
29505.0 11217673.0 0.8256964782691087 0.009997680646413544 0.3054946546748229 2.3864760276694317 0.9596587984065638
29506.0 11217673.0 0.8256868713751281 0.010123084877360574 0.3055113236160319 2.3864760276694317 0.9596587984065638
29507.0 11217673.0 0.8256772644811474 0.010248489108307605 0.305527996198816 2.3864760276694317 0.9596587984065638
29508.0 11217673.0 0.8256676575871668 0.010373893339254637 0.30554467185359624 2.3864760276694317 0.9596587984065638
29509.0 11217673.0 0.825658050693186 0.010499297570201667 0.3055613500998815 2.3864760276694317 0.9596587984065638
29510.0 11217673.0 0.8256484437992053 0.010624701801148696 0.3055780305323343 2.3864760276694317 0.9596587984065638
29511.0 11217673.0 0.8256388369052247 0.010750106032095728 0.305594712809016 2.3864760276694317 0.9596587984065638
29512.0 11217673.0 0.825629230011244 0.01087551026304276 0.30561139664147075 2.3864760276694317 0.9596587984065638
29513.0 11217673.0 0.8256196231172633 0.011000914493989789 0.30562808178635986 2.3864760276694317 0.9596587984065638
29514.0 11217673.0 0.8256100162232826 0.011126318724936819 0.30564476803840546 2.3864760276694317 0.9596587984065638
29515.0 11217673.0 0.8256004093293019 0.01125172295588385 0.3056614552244371 2.3864760276694317 0.9596587984065638
29516.0 11217673.0 0.8255908024353212 0.01137712718683088 0.30567814319837 2.3864760276694317 0.9596587984065638
29517.0 11217673.0 0.8255811955413406 0.01150253141777791 0.30569483183696844 2.3864760276694317 0.9596587984065638
29518.0 11217673.0 0.8255715886473599 0.01162793564872494 0.3057115210362721 2.3864760276694317 0.9596587984065638
