29479.0 10862580.0 5.822766843448768 0.005110815747123215 0.65532 2.3864760276694317 0.9596587984065638
29480.0 10862580.0 5.76270436267695 0.0033178099151381646 0.6477754238881905 2.3864760276694317 0.9596587984065638
29481.0 10862580.0 5.704098196456147 0.0032697056222604493 0.6438913104006038 2.3864760276694317 0.9596587984065638
29482.0 10862580.0 5.620545130300741 0.002946078549958958 0.6399132729235059 2.3864760276694317 0.9596587984065638
29483.0 10862580.0 5.59369431301082 -0.00044674594805785284 0.6378727092543265 2.3864760276694317 0.9596587984065638
29484.0 10862580.0 5.550839493816005 -0.002008443314605396 0.6348437614830161 2.3864760276694317 0.9596587984065638
29485.0 10862580.0 5.50798467462119 -0.003570140681152939 0.6311914641000513 2.3864760276694317 0.9596587984065638
29486.0 10862580.0 5.429669798993416 -0.005249326785590119 0.6270654715825749 2.3864760276694317 0.9596587984065638
29487.0 10862580.0 5.380681485837558 -0.005744663580936754 0.6239148610189119 2.3864760276694317 0.9596587984065638
29488.0 10862580.0 5.3302603405362134 -0.005188435826601584 0.6201171156782185 2.3864760276694317 0.9596587984065638
29489.0 10862580.0 5.263536060770075 -0.005622925691056629 0.6145048087495109 2.3864760276694317 0.9596587984065638
29490.0 10862580.0 5.208483328875597 -0.004022761394151614 0.6099324545940775 2.3864760276694317 0.9596587984065638
29491.0 10862580.0 5.175373453483633 -0.0037377927148118106 0.6049329585304791 2.3864760276694317 0.9596587984065638
29492.0 10862580.0 5.126763402743949 -0.003070023014916018 0.5995653085871991 2.3864760276694317 0.9596587984065638
29493.0 10862580.0 5.01454826449243 0.0012879352057776072 0.5926647927052683 2.3864760276694317 0.9596587984065638
29494.0 10862580.0 4.9869061057803625 -0.00044306904956695203 0.5862909873405407 2.3864760276694317 0.9596587984065638
29495.0 10862580.0 4.959263947068295 -0.0021740733049115113 0.5803462534682691 2.3864760276694317 0.9596587984065638
29496.0 10862580.0 4.866078577781166 -0.0009833919503429434 0.5741538509250361 2.3864760276694317 0.9596587984065638
29497.0 10862580.0 4.812743732495059 -0.0022768404289656152 0.5677490482009948 2.3864760276694317 0.9596587984065638
29498.0 10862580.0 4.752644262220954 -0.0041668809000469376 0.5623582347304871 2.3864760276694317 0.9596587984065638
29499.0 10862580.0 4.692579066046914 -0.005950837799348824 0.5566231863515658 2.3864760276694317 0.9596587984065638
29500.0 10862580.0 4.634097835439471 -0.002877829379080238 0.551790696726541 2.3864760276694317 0.9596587984065638
29501.0 10862580.0 4.573596696953859 -0.004635481300076544 0.5465240745110067 2.3864760276694317 0.9596587984065638
29502.0 10862580.0 4.510195595976515 -0.00439540281440301 0.5420837814683362 2.3864760276694317 0.9596587984065638
29503.0 10862580.0 4.443434772227887 -0.004927757113218162 0.5383395408213723 2.3864760276694317 0.9596587984065638
29504.0 10862580.0 4.388598497302773 -0.0029251068640792355 0.5339894941557033 2.3864760276694317 0.9596587984065638
29505.0 10862580.0 4.336031680983604 -0.0021296707438771822 0.53032060556679 2.3864760276694317 0.9596587984065638
29506.0 10862580.0 4.2718843923038685 -0.0028123104087344475 0.5260339174310055 2.3864760276694317 0.9596587984065638
29507.0 10862580.0 4.217483477221442 -0.0008336569222816836 0.5224180932458873 2.3864760276694317 0.9596587984065638
29508.0 10862580.0 4.135806049940161 -0.0008188069921800933 0.5181760705722158 2.3864760276694317 0.9596587984065638
29509.0 10862580.0 4.085751333173269 0.003597550934008459 0.5145977347745995 2.3864760276694317 0.9596587984065638
29510.0 10862580.0 4.022002730109248 -0.0013014940149610743 0.5103872888805339 2.3864760276694317 0.9596587984065638
29511.0 10862580.0 3.9684038054340984 0.0004172540952039616 0.5068354955295096 2.3864760276694317 0.9596587984065638
29512.0 10862580.0 3.926348903557309 -0.0005789168205256601 0.5032433566546235 2.3864760276694317 0.9596587984065638
29513.0 10862580.0 3.8842940016805194 -0.0015750877362552818 0.4996171714641773 2.3864760276694317 0.9596587984065638
29514.0 10862580.0 3.833057563363475 0.0019435989135480891 0.49655818806315466 2.3864760276694317 0.9596587984065638
29515.0 10862580.0 3.7632331880086207 0.00019729917727881463 0.49278582126632675 2.3864760276694317 0.9596587984065638
29516.0 10862580.0 3.7340980550160543 -0.003378465676527026 0.48841165281175924 2.3864760276694317 0.9596587984065638
29517.0 10862580.0 3.6688144937293057 -0.003451739004227933 0.4847216613379606 2.3864760276694317 0.9596587984065638
29518.0 10862580.0 3.615111555840822 -0.002047033431855666 0.48160882947885925 2.3864760276694317 0.9596587984065638
29519.0 10862580.0 3.5517082028455667 -0.0017983903812116842 0.4789828805400068 2.3864760276694317 0.9596587984065638
29520.0 10862580.0 3.4965602297936007 -0.0007389734205497656 0.4755758122948049 2.3864760276694317 0.9596587984065638
29521.0 10862580.0 3.4470414426610834 -0.00011452661888569637 0.4727016464116752 2.3864760276694317 0.9596587984065638
29522.0 10862580.0 3.382823033172528 -0.001000271447043094 0.4690851847185628 2.3864760276694317 0.9596587984065638
29523.0 10862580.0 3.3257720060185907 0.0010319066547951061 0.4660343754279938 2.3864760276694317 0.9596587984065638
29524.0 10862580.0 3.268729909317596 -0.0012605549277857897 0.462268898981171 2.3864760276694317 0.9596587984065638
29525.0 10862580.0 3.2094544966396956 0.0010312300687140563 0.4590923816835122 2.3864760276694317 0.9596587984065638
29526.0 10862580.0 3.161242231237634 0.0015815143029853374 0.45522085911851706 2.3864760276694317 0.9596587984065638
29527.0 10862580.0 3.106091131326516 -0.001443805534886683 0.45195488202964307 2.3864760276694317 0.9596587984065638
29528.0 10862580.0 3.0265787849640597 0.0011468428254895746 0.44919973685682774 2.3864760276694317 0.9596587984065638
29529.0 10862580.0 2.9695812584317895 -0.002092532867051494 0.4456836794605746 0.9690319315923277 1.8153108089675558
29530.0 10862580.0 2.9221833008036677 -0.0004047802873133055 0.4427175689525243 0.9690319315923277 1.8153108089675558
29531.0 10862580.0 2.8877571819713443 -0.0011405094507255797 0.44021538805446664 0.9690319315923277 1.8153108089675558
29532.0 10862580.0 2.853331063139021 -0.001876238614137854 0.4381045734762472 0.9690319315923277 1.8153108089675558
29533.0 10862580.0 2.803594533391257 0.0008092916137902029 0.43632391156861644 0.9690319315923277 1.8153108089675558
29534.0 10862580.0 2.7436747336575134 0.0008618686876090964 0.43362991841271004 0.9690319315923277 1.8153108089675558
29535.0 10862580.0 2.694348005164588 -0.0009079239253357019 0.4313572929164826 0.9690319315923277 1.8153108089675558
29536.0 10862580.0 2.626953442368049 0.0010017201154492172 0.42824828423221817 0.9690319315923277 1.8153108089675558
29537.0 10862580.0 2.56409658107267 -0.0011395337976753128 0.4256255558057146 0.9690319315923277 1.8153108089675558
29538.0 10862580.0 2.5103915940499246 0.0002735370870820264 0.4234130485065977 0.9690319315923277 1.8153108089675558
29539.0 10862580.0 2.445506247563999 8.05226100895895e-05 0.4203547549278352 0.9690319315923277 1.8153108089675558
29540.0 10862580.0 2.422220474624698 0.002192894072157031 0.41777480924730714 0.9690319315923277 1.8153108089675558
29541.0 10862580.0 2.3381646918748022 0.0031199973635684664 0.41559839303814916 0.9690319315923277 1.8153108089675558
29542.0 10862580.0 2.2892739320140842 0.002962692264145389 0.41257054553953443 0.9690319315923277 1.8153108089675558
29543.0 10862580.0 2.2393393529607746 0.002328792733689272 0.410016283863467 0.9690319315923277 1.8153108089675558
29544.0 10862580.0 2.158734055743018 0.002948893489092358 0.4066696897317294 0.9690319315923277 1.8153108089675558
29545.0 10862580.0 2.104959393838037 0.004153906757337039 0.40384653660327596 0.9690319315923277 1.8153108089675558
29546.0 10862580.0 2.071383457176223 -0.0007694248389705505 0.4014649530369563 0.9690319315923277 1.8153108089675558
29547.0 10862580.0 2.0416524479039166 -0.00017254903361121898 0.39885995076487296 0.9690319315923277 1.8153108089675558
29548.0 10862580.0 2.0119214386316107 0.0004243267717481125 0.3960664747210843 0.9690319315923277 1.8153108089675558
29549.0 10862580.0 1.9360622973647585 0.0008986709397656167 0.39370992644443487 0.9690319315923277 1.8153108089675558
29550.0 10862580.0 1.882287200555796 0.0021053718459851656 0.3917219660348108 0.9690319315923277 1.8153108089675558
29551.0 10862580.0 1.8341385718048508 -0.001211991545288782 0.3888530979520142 0.9690319315923277 1.8153108089675558
29552.0 10862580.0 1.7733576730784604 0.0002975030453141181 0.38643294970991043 0.9690319315923277 1.8153108089675558
29553.0 10862580.0 1.698440035462561 0.0033872395080783158 0.3831994923212101 0.9690319315923277 1.8153108089675558
29554.0 10862580.0 1.6756428745734322 0.00020213291829079827 0.38047178020987293 0.9690319315923277 1.8153108089675558
29555.0 10862580.0 1.5958038376434058 0.00046098103185120143 0.37697886503643147 0.9690319315923277 1.8153108089675558
29556.0 10862580.0 1.5408933963512847 0.0022745331867582846 0.3740322769490728 0.9690319315923277 1.8153108089675558
29557.0 10862580.0 1.4753630827709825 0.0014825079395038854 0.37035472020504107 0.9690319315923277 1.8153108089675558
29558.0 10862580.0 1.4433031308130406 0.0012068215844097119 0.36725237034696956 0.9690319315923277 1.8153108089675558
29559.0 10862580.0 1.3896305467489447 0.002733939865230711 0.3634434145407604 0.9690319315923277 1.8153108089675558
29560.0 10862580.0 1.342871540862106 0.0036778247482627674 0.3602302177562407 0.9690319315923277 1.8153108089675558
29561.0 10862580.0 1.2961125349752673 0.004621709631294824 0.3575195972866564 0.9690319315923277 1.8153108089675558
29562.0 10862580.0 1.2493535290884286 0.00556559451432688 0.35523294513838777 0.9690319315923277 1.8153108089675558
29563.0 10862580.0 1.2053443390207295 0.004054079997176524 0.353303948399134 0.9690319315923277 1.8153108089675558
29564.0 10862580.0 1.1664361744394312 0.0007595656321853633 0.351676666163456 0.9690319315923277 1.8153108089675558
