45061.0 11017321.0 2.99070922478558 -1.9317570779171358 0.5715 2.0372626117500676 -0.2897192923595061
45062.0 11017321.0 3.0128917726424884 -1.9247447984882238 0.5715 2.0372626117500676 -0.2897192923595061
45063.0 11017321.0 3.0739313462431426 -1.910787994740384 0.5715 2.0372626117500676 -0.2897192923595061
45064.0 11017321.0 3.1119561249106082 -1.892240974539214 0.5715 2.0372626117500676 -0.2897192923595061
45065.0 11017321.0 3.150518088669557 -1.8774902907598763 0.5694137896439955 2.0372626117500676 -0.2897192923595061
45066.0 11017321.0 3.169054931382246 -1.866951769545472 0.5681276748782943 2.0372626117500676 -0.2897192923595061
45067.0 11017321.0 3.216108182592375 -1.8397860799661743 0.5672473990156965 2.0372626117500676 -0.2897192923595061
45068.0 11017321.0 3.2545828164847252 -1.8133253402312275 0.5651477764095026 2.0372626117500676 -0.2897192923595061
45069.0 11017321.0 3.29253152304371 -1.7824876548194155 0.5635445032249875 2.0372626117500676 -0.2897192923595061
45070.0 11017321.0 3.318208954091408 -1.7527855228466758 0.5609639759251225 2.0372626117500676 -0.2897192923595061
45071.0 11017321.0 3.3495046919698197 -1.7249165696426687 0.5588917197080004 2.0372626117500676 -0.2897192923595061
45072.0 11017321.0 3.3677316568107525 -1.6996752032069598 0.5572034497245798 2.0372626117500676 -0.2897192923595061
45073.0 11017321.0 3.3859586216516857 -1.674433836771251 0.5558139812855062 2.0372626117500676 -0.2897192923595061
45074.0 11017321.0 3.40745450636396 -1.647338768073725 0.5540505068843284 2.0372626117500676 -0.2897192923595061
45075.0 11017321.0 3.428950391076234 -1.6202436993761988 0.5519741512910215 2.0372626117500676 -0.2897192923595061
45076.0 11017321.0 3.4498114116717513 -1.5889698658486486 0.5502379834888782 2.0372626117500676 -0.2897192923595061
45077.0 11017321.0 3.4658566534391415 -1.556124706904569 0.5487825513063237 2.0372626117500676 -0.2897192923595061
45078.0 11017321.0 3.4876820124040853 -1.521894780243039 0.5475602420799938 2.0372626117500676 -0.2897192923595061
45079.0 11017321.0 3.511556768200708 -1.4677747513646813 0.5465323892675839 2.0372626117500676 -0.2897192923595061
45080.0 11017321.0 3.5209157924881493 -1.43636912933424 0.5456672630450321 2.0372626117500676 -0.2897192923595061
45081.0 11017321.0 3.527219447349908 -1.4170494481820513 0.5449386254114992 2.0372626117500676 -0.2897192923595061
45082.0 11017321.0 3.545245141974415 -1.3645253021309134 0.5431307613681239 2.0372626117500676 -0.2897192923595061
45083.0 11017321.0 3.555534227161089 -1.3302692333826078 0.5416069081927902 2.0372626117500676 -0.2897192923595061
45084.0 11017321.0 3.562881593294108 -1.3104724136589676 0.5403221464659043 2.0372626117500676 -0.2897192923595061
45085.0 11017321.0 3.568527419872284 -1.2741172743066265 0.5392387816894713 2.0372626117500676 -0.2897192923595061
45086.0 11017321.0 3.5732880107418676 -1.243197042917607 0.5383251344827402 2.0372626117500676 -0.2897192923595061
45087.0 11017321.0 3.579674685680698 -1.1909636550011398 0.535170114109747 2.0372626117500676 -0.2897192923595061
45088.0 11017321.0 3.5796888704254313 -1.1582611015235995 0.5325089665608413 2.0372626117500676 -0.2897192923595061
45089.0 11017321.0 3.5851971794919137 -1.1223283025919664 0.5302642869007616 2.0372626117500676 -0.2897192923595061
45090.0 11017321.0 3.586830526401055 -1.0846638966017126 0.5283708403735268 2.0372626117500676 -0.2897192923595061
45091.0 11017321.0 3.5869827505045784 -1.0515390948965786 0.5267736335666587 2.0372626117500676 -0.2897192923595061
45092.0 11017321.0 3.587171329914085 -1.014220921563363 0.5254262973815224 2.0372626117500676 -0.2897192923595061
45093.0 11017321.0 3.5884381468590156 -0.9763200559957995 0.5230978356994945 2.0372626117500676 -0.2897192923595061
45094.0 11017321.0 3.58758881112566 -0.9272156246870625 0.5211336068091306 2.0372626117500676 -0.2897192923595061
45095.0 11017321.0 3.587603656587432 -0.8945131670606529 0.5182847565645432 2.0372626117500676 -0.2897192923595061
45096.0 11017321.0 3.585097403346296 -0.858651823831707 0.5158815186843732 2.0372626117500676 -0.2897192923595061
45097.0 11017321.0 3.5801594561583476 -0.8248004754416544 0.5138541855118579 2.0372626117500676 -0.2897192923595061
45098.0 11017321.0 3.579047837502132 -0.8110627767423692 0.5121439561255339 2.0372626117500676 -0.2897192923595061
45099.0 11017321.0 3.5779362188459167 -0.797325078043084 0.5107012289147914 2.0372626117500676 -0.2897192923595061
45100.0 11017321.0 3.573341990752754 -0.7401065824211713 0.5082923126328209 2.0372626117500676 -0.2897192923595061
45101.0 11017321.0 3.5693701175943673 -0.7132286525446894 0.5056642547873361 2.0372626117500676 -0.2897192923595061
45102.0 11017321.0 3.56539824443598 -0.6863507226682075 0.5028513309737469 2.0372626117500676 -0.2897192923595061
45103.0 11017321.0 3.55790738086308 -0.6453582928389796 0.50047837890029 2.0372626117500676 -0.2897192923595061
45104.0 11017321.0 3.5422821068965513 -0.5911982816938585 0.49847658170113096 2.0372626117500676 -0.2897192923595061
45105.0 11017321.0 3.5369783977186637 -0.5571104863052188 0.4955960409954148 2.0372626117500676 -0.2897192923595061
45106.0 11017321.0 3.529757767713619 -0.5275368816427705 0.49316604663813307 2.0372626117500676 -0.2897192923595061
45107.0 11017321.0 3.523305299210622 -0.4983307222434701 0.49111612832948665 2.0372626117500676 -0.2897192923595061
45108.0 11017321.0 3.514173936414707 -0.46100793116202043 0.48938683816030665 2.0372626117500676 -0.2897192923595061
45109.0 11017321.0 3.505198742253535 -0.4327306470282989 0.4879280265486626 2.0372626117500676 -0.2897192923595061
45110.0 11017321.0 3.4889508022028854 -0.3886464639217887 0.48550554301966853 2.0372626117500676 -0.2897192923595061
45111.0 11017321.0 3.4839803067953126 -0.35490077438631296 0.48346196041623535 2.0372626117500676 -0.2897192923595061
45112.0 11017321.0 3.473934608652283 -0.3356190568215772 0.481738014771727 2.0372626117500676 -0.2897192923595061
45113.0 11017321.0 3.462083234984677 -0.3050011991462901 0.48028371161974703 2.0372626117500676 -0.2897192923595061
45114.0 11017321.0 3.445434946989808 -0.26078602390444605 0.477865031416658 2.0372626117500676 -0.2897192923595061
45115.0 11017321.0 3.430496689946416 -0.2358189946207849 0.4758246571702311 2.0372626117500676 -0.2897192923595061
45116.0 11017321.0 3.407511702345931 -0.20694086168950518 0.4729115733014583 2.0372626117500676 -0.2897192923595061
45117.0 11017321.0 3.389366091282424 -0.17683842919990264 0.4704541250862291 2.0372626117500676 -0.2897192923595061
45118.0 11017321.0 3.359556212729772 -0.15390964397980547 0.4683810465151907 2.0372626117500676 -0.2897192923595061
45119.0 11017321.0 3.3353881252341946 -0.1300184385509127 0.46544037360790164 2.0372626117500676 -0.2897192923595061
45120.0 11017321.0 3.3131776658263714 -0.11713325899745372 0.4626616903720587 2.0372626117500676 -0.2897192923595061
45121.0 11017321.0 3.2909672064185487 -0.10424807944399475 0.46001965999086875 2.0372626117500676 -0.2897192923595061
45122.0 11017321.0 3.2621822409821064 -0.08974257964779622 0.4574929085813338 2.0372626117500676 -0.2897192923595061
45123.0 11017321.0 3.2333972755456637 -0.0752370798515977 0.4550634053512894 2.0372626117500676 -0.2897192923595061
45124.0 11017321.0 3.2198491179278603 -0.06777795301758074 0.4530139008785757 2.0372626117500676 -0.2897192923595061
45125.0 11017321.0 3.1700041317955403 -0.05454616723711472 0.4512849595326273 2.0372626117500676 -0.2897192923595061
45126.0 11017321.0 3.1306844274052548 -0.04171227634267863 0.4474427526361938 2.0372626117500676 -0.2897192923595061
45127.0 11017321.0 3.11317844605563 -0.038217769831014464 0.4442015055674315 2.0372626117500676 -0.2897192923595061
45128.0 11017321.0 3.0682417511284914 -0.023550085257583092 0.44146722216085804 2.0372626117500676 -0.2897192923595061
45129.0 11017321.0 3.031383750905472 -0.01677583517852768 0.4391606081973897 1.3744057314893527 -1.5314650184869447
45130.0 11017321.0 3.004888546081496 -0.013617661196431624 0.43721477187191 1.3744057314893527 -1.5314650184869447
45131.0 11017321.0 2.9736131635095244 -0.008782203968193653 0.4343814392425519 1.3744057314893527 -1.5314650184869447
45132.0 11017321.0 2.938177903578122 -0.00036918347212003266 0.43199126835139223 1.3744057314893527 -1.5314650184869447
45133.0 11017321.0 2.8981396866747806 -0.000616459021396315 0.43116678893078575 1.3744057314893527 -1.5314650184869447
45134.0 11017321.0 2.853331063139021 -0.001876238614137854 0.4304712663891963 1.3744057314893527 -1.5314650184869447
45135.0 11017321.0 2.8244382929279923 -0.0006215332496332937 0.4298845305729081 1.3744057314893527 -1.5314650184869447
45136.0 11017321.0 2.8020781906803425 -0.0038356549401969697 0.4281977214550171 1.3744057314893527 -1.5314650184869447
45137.0 11017321.0 2.772066578244826 -0.003967710547017944 0.4267747462593395 1.3744057314893527 -1.5314650184869447
45138.0 11017321.0 2.7420549658093094 -0.0040997661538389185 0.42557433870519346 1.3744057314893527 -1.5314650184869447
45139.0 11017321.0 2.709991545713623 -0.0062095493167232865 0.42456168697350444 1.3744057314893527 -1.5314650184869447
45140.0 11017321.0 2.677928125617937 -0.008319332479607654 0.42370742416405094 1.3744057314893527 -1.5314650184869447
45141.0 11017321.0 2.645864705522251 -0.01042911564249202 0.4229867766553572 1.3744057314893527 -1.5314650184869447
45142.0 11017321.0 2.609816079367865 -0.010692417668021897 0.4211870009814632 1.3744057314893527 -1.5314650184869447
45143.0 11017321.0 2.5740210250911115 -0.008818792634579548 0.4208605730242404 1.3744057314893527 -1.5314650184869447
45144.0 11017321.0 2.5406208820327647 -0.009128726434404683 0.4193933569965152 1.3744057314893527 -1.5314650184869447
45145.0 11017321.0 2.507393025882516 -0.008910674861212081 0.41815562832168995 1.3744057314893527 -1.5314650184869447
45146.0 11017321.0 2.4744974153853567 -0.009034595289551 0.4171114928681943 1.3744057314893527 -1.5314650184869447
45147.0 11017321.0 2.4487009188198883 -0.006453027939866268 0.4162306707078767 1.3744057314893527 -1.5314650184869447
45148.0 11017321.0 2.409508507281352 -0.009543979481528936 0.41548761799808775 1.3744057314893527 -1.5314650184869447
45149.0 11017321.0 2.3815114585944466 -0.0055427738214266775 0.41486078621024347 1.3744057314893527 -1.5314650184869447
45150.0 11017321.0 2.3397737377906416 -0.008269589363071567 0.4143319972224963 1.3744057314893527 -1.5314650184869447
45151.0 11017321.0 2.306981325778959 -0.008076038641095656 0.41388591615420156 1.3744057314893527 -1.5314650184869447
45152.0 11017321.0 2.279862469372613 -0.010903100329568122 0.4135096066543787 1.3744057314893527 -1.5314650184869447
45153.0 11017321.0 2.242060942902828 -0.008372760111042793 0.41200031105932855 1.3744057314893527 -1.5314650184869447
45154.0 11017321.0 2.2095549164909514 -0.008389131558320023 0.410727084484999 1.3744057314893527 -1.5314650184869447
45155.0 11017321.0 2.173203935194472 -0.01392541311063425 0.40965300336073446 1.3744057314893527 -1.5314650184869447
45156.0 11017321.0 2.139803251670502 -0.014233461778508344 0.4087469193339312 1.3744057314893527 -1.5314650184869447
45157.0 11017321.0 2.107010573307303 -0.014038987701706834 0.40679071127960775 1.3744057314893527 -1.5314650184869447
45158.0 11017321.0 2.0768789118671074 -0.012493683836265382 0.40573639619649504 1.3744057314893527 -1.5314650184869447
45159.0 11017321.0 2.046747250426912 -0.01094837997082393 0.4054429089471828 1.3744057314893527 -1.5314650184869447
45160.0 11017321.0 2.0139199982707066 -0.010859038958331707 0.40400348136913466 1.3744057314893527 -1.5314650184869447
45161.0 11017321.0 1.9871451889033473 -0.007644791509618026 0.4027891947507914 1.3744057314893527 -1.5314650184869447
45162.0 11017321.0 1.9603703795359884 -0.004430544060904346 0.40176483478022107 1.3744057314893527 -1.5314650184869447
45163.0 11017321.0 1.9335955701686292 -0.0012162966121906649 0.4009006950182772 1.3744057314893527 -1.5314650184869447
45164.0 11017321.0 1.9018725826522584 0.0038866986479411947 0.40017171541186336 1.3744057314893527 -1.5314650184869447
45165.0 11017321.0 1.8604466260293373 0.0053831189918371325 0.3983649108641893 1.3744057314893527 -1.5314650184869447
45166.0 11017321.0 1.8190206694064162 0.00687953933573307 0.3956488640433725 1.3744057314893527 -1.5314650184869447
45167.0 11017321.0 1.802025597119765 0.003785153023298543 0.3933576342798135 1.3744057314893527 -1.5314650184869447
45168.0 11017321.0 1.7608556461622924 0.002803638306413364 0.3914247759103691 1.3744057314893527 -1.5314650184869447
45169.0 11017321.0 1.71968569520482 0.001822123589528185 0.38979423604232544 1.3744057314893527 -1.5314650184869447
45170.0 11017321.0 1.6919247330958553 2.452571581468277e-05 0.3884187290195092 1.3744057314893527 -1.5314650184869447
45171.0 11017321.0 1.6490801297795041 -0.0014608495674433078 0.3866624427941566 1.3744057314893527 -1.5314650184869447
45172.0 11017321.0 1.6062355264631527 -0.0029462248507012984 0.3845849350657325 1.3744057314893527 -1.5314650184869447
45173.0 11017321.0 1.5763072033502117 -0.004853281605619375 0.3828323704542146 1.3744057314893527 -1.5314650184869447
45174.0 11017321.0 1.5576865949033387 -0.004086748953437004 0.38135392458586886 1.3744057314893527 -1.5314650184869447
45175.0 11017321.0 1.5390659864564658 -0.003320216301254633 0.38010672253051336 1.3744057314893527 -1.5314650184869447
45176.0 11017321.0 1.501125732716662 -0.0012081676886690068 0.37905459542854275 1.3744057314893527 -1.5314650184869447
45177.0 11017321.0 1.4682978456861968 -0.0011163018619900489 0.3781670315939999 1.3744057314893527 -1.5314650184869447
45178.0 11017321.0 1.4203451578469823 -0.0019250274142338722 0.3762264469874788 1.3744057314893527 -1.5314650184869447
45179.0 11017321.0 1.3883365087487385 -0.0024508417584951057 0.3745893893435946 1.3744057314893527 -1.5314650184869447
45180.0 11017321.0 1.3563278596504948 -0.0029766561027563393 0.37320838399067463 1.3744057314893527 -1.5314650184869447
45181.0 11017321.0 1.3242884632931444 -0.0017895196605178124 0.3717028547197116 1.3744057314893527 -1.5314650184869447
45182.0 11017321.0 1.292249066935794 -0.0006023832182792854 0.3700922783247047 1.3744057314893527 -1.5314650184869447
45183.0 11017321.0 1.2602096705784436 0.0005847532239592413 0.36839308523305586 1.3744057314893527 -1.5314650184869447
45184.0 11017321.0 1.2281702742210932 0.0017718896661977684 0.3666191359879645 1.3744057314893527 -1.5314650184869447
45185.0 11017321.0 1.1961308778637427 0.0029590261084362956 0.36478212320417996 1.3744057314893527 -1.5314650184869447
45186.0 11017321.0 1.1640914815063923 0.004146162550674822 0.36289191065382975 1.3744057314893527 -1.5314650184869447
45187.0 11017321.0 1.1320520851490419 0.005333298992913349 0.3609568193158108 1.3744057314893527 -1.5314650184869447
45188.0 11017321.0 1.1038659633564514 0.0033261777575938345 0.3593243957379504 1.3744057314893527 -1.5314650184869447
45189.0 11017321.0 1.078655818993574 0.0033611789054161624 0.3579472996364905 1.3744057314893527 -1.5314650184869447
45190.0 11017321.0 1.0534456746306966 0.00339618005323849 0.3567855952244889 1.3744057314893527 -1.5314650184869447
45191.0 11017321.0 1.0282355302678192 0.003431181201060818 0.35580559307399745 1.3744057314893527 -1.5314650184869447
45192.0 11017321.0 1.0030253859049418 0.0034661823488831454 0.3549788731226519 1.3744057314893527 -1.5314650184869447
45193.0 11017321.0 0.9778152415420646 0.0035011834967054734 0.3542814604918633 1.3744057314893527 -1.5314650184869447
45194.0 11017321.0 0.9592415213667567 0.0031908021087892037 0.3539314991529796 1.3744057314893527 -1.5314650184869447
45195.0 11017321.0 0.9406678011914488 0.0028804207208729337 0.35387464422717313 1.3744057314893527 -1.5314650184869447
45196.0 11017321.0 0.9220940810161409 0.002570039332956664 0.3540650509215955 1.3744057314893527 -1.5314650184869447
45197.0 11017321.0 0.903520360840833 0.002259657945040394 0.354464045030385 1.3744057314893527 -1.5314650184869447
45198.0 11017321.0 0.8849466406655251 0.0019492765571241244 0.3550390013826965 1.3744057314893527 -1.5314650184869447
45199.0 11017321.0 0.8857260856309821 0.001950439499998643 0.3555240287751062 1.3744057314893527 -1.5314650184869447
45200.0 11017321.0 0.886505530596439 0.0019516024428731613 0.355933193001994 1.3744057314893527 -1.5314650184869447
45201.0 11017321.0 0.887284975561896 0.0019527653857476799 0.3562783598259396 1.3744057314893527 -1.5314650184869447
45202.0 11017321.0 0.8880644205273529 0.001953928328622198 0.3565695390848374 1.3744057314893527 -1.5314650184869447
45203.0 11017321.0 0.8888438654928099 0.001955091271496717 0.35681517497719556 1.3744057314893527 -1.5314650184869447
45204.0 11017321.0 0.8896233104582669 0.0019562542143712353 0.3570223909438924 1.3744057314893527 -1.5314650184869447
45205.0 11017321.0 0.8904027554237238 0.0019574171572457537 0.35719719624796203 1.3744057314893527 -1.5314650184869447
45206.0 11017321.0 0.8911822003891808 0.001958580100120272 0.3573446602432226 1.3744057314893527 -1.5314650184869447
45207.0 11017321.0 0.8919616453546377 0.001959743042994791 0.35746905938553664 1.3744057314893527 -1.5314650184869447
45208.0 11017321.0 0.8927410903200947 0.001960905985869309 0.3575740012500312 1.3744057314893527 -1.5314650184869447
45209.0 11017321.0 0.8935205352855516 0.0019620689287438275 0.3576625291507767 1.3744057314893527 -1.5314650184869447
45210.0 11017321.0 0.8942999802510087 0.0019632318716183463 0.3577372103968947 1.3744057314893527 -1.5314650184869447
45211.0 11017321.0 0.8950794252164657 0.0019643948144928646 0.3578002107445227 1.3744057314893527 -1.5314650184869447
45212.0 11017321.0 0.8958588701819226 0.001965557757367383 0.3578533572037418 1.3744057314893527 -1.5314650184869447
45213.0 11017321.0 0.8966383151473796 0.0019667207002419017 0.3578981910218694 1.3744057314893527 -1.5314650184869447
45214.0 11017321.0 0.8974177601128365 0.00196788364311642 0.35793601237963124 1.3744057314893527 -1.5314650184869447
45215.0 11017321.0 0.8981972050782935 0.0019690465859909384 0.3579679180964024 1.3744057314893527 -1.5314650184869447
45216.0 11017321.0 0.8989766500437505 0.0019702095288654567 0.3579948334379692 1.3744057314893527 -1.5314650184869447
45217.0 11017321.0 0.8997560950092074 0.0019713724717399755 0.35801753894923705 1.3744057314893527 -1.5314650184869447
45218.0 11017321.0 0.9005355399746644 0.001972535414614494 0.35803669309003283 1.3744057314893527 -1.5314650184869447
45219.0 11017321.0 0.9013149849401213 0.001973698357489012 0.35805285133043957 1.3744057314893527 -1.5314650184869447
45220.0 11017321.0 0.9020944299055783 0.001974861300363531 0.35806648225942905 1.3744057314893527 -1.5314650184869447
45221.0 11017321.0 0.9028738748710352 0.0019760242432380493 0.35807798117394196 1.3744057314893527 -1.5314650184869447
45222.0 11017321.0 0.9036533198364922 0.0019771871861125677 0.3580876815424992 1.3744057314893527 -1.5314650184869447
45223.0 11017321.0 0.9044327648019492 0.0019783501289870865 0.3580958646757889 1.3744057314893527 -1.5314650184869447
45224.0 11017321.0 0.9052122097674061 0.001979513071861605 0.3581027678846765 1.3744057314893527 -1.5314650184869447
45225.0 11017321.0 0.9059916547328631 0.001980676014736123 0.3581085913622197 1.3744057314893527 -1.5314650184869447
45226.0 11017321.0 0.90677109969832 0.001981838957610642 0.3581135039892672 1.3744057314893527 -1.5314650184869447
45227.0 11017321.0 0.907550544663777 0.0019830019004851603 0.35811764823200354 1.3744057314893527 -1.5314650184869447
45228.0 11017321.0 0.9083299896292341 0.0019841648433596786 0.3581211442734679 1.3744057314893527 -1.5314650184869447
45229.0 11017321.0 0.909109434594691 0.001985327786234197 0.35812409349886287 1.3744057314893527 -1.5314650184869447
45230.0 11017321.0 0.909888879560148 0.0019864907291087157 0.35812658143572484 1.3744057314893527 -1.5314650184869447
45231.0 11017321.0 0.9106683245256049 0.001987653671983234 0.35812868023422284 1.3744057314893527 -1.5314650184869447
45232.0 11017321.0 0.9114477694910619 0.0019888166148577524 0.3581304507595133 1.3744057314893527 -1.5314650184869447
45233.0 11017321.0 0.9122272144565188 0.001989979557732271 0.3581319443568296 1.3744057314893527 -1.5314650184869447
45234.0 11017321.0 0.9130066594219758 0.0019911425006067895 0.358133204340494 1.3744057314893527 -1.5314650184869447
45235.0 11017321.0 0.9137861043874328 0.001992305443481308 0.3581342672500327 1.3744057314893527 -1.5314650184869447
45236.0 11017321.0 0.9145655493528897 0.0019934683863558266 0.3581351639098224 1.3744057314893527 -1.5314650184869447
45237.0 11017321.0 0.9153449943183467 0.001994631329230345 0.35813592032299696 1.3744057314893527 -1.5314650184869447
45238.0 11017321.0 0.9161244392838036 0.0019957942721048633 0.3581365584255384 1.3744057314893527 -1.5314650184869447
45239.0 11017321.0 0.9169038842492606 0.001996957214979382 0.35813709672242044 1.3744057314893527 -1.5314650184869447
45240.0 11017321.0 0.9176833292147176 0.0019981201578539005 0.3581375508242527 1.3744057314893527 -1.5314650184869447
45241.0 11017321.0 0.9184627741801745 0.001999283100728419 0.35813793389998827 1.3744057314893527 -1.5314650184869447
45242.0 11017321.0 0.9192422191456315 0.002000446043602937 0.35813825705882346 1.3744057314893527 -1.5314650184869447
45243.0 11017321.0 0.9200216641110884 0.002001608986477456 0.35813852967236454 1.3744057314893527 -1.5314650184869447
45244.0 11017321.0 0.9208011090765454 0.0020027719293519743 0.35813875964640424 1.3744057314893527 -1.5314650184869447
45245.0 11017321.0 0.9215805540420023 0.0020039348722264926 0.3581389536501896 1.3744057314893527 -1.5314650184869447
45246.0 11017321.0 0.9223599990074594 0.0020050978151010114 0.3581391173098305 1.3744057314893527 -1.5314650184869447
45247.0 11017321.0 0.9231394439729164 0.0020062607579755297 0.35813925537145647 1.3744057314893527 -1.5314650184869447
45248.0 11017321.0 0.9239188889383733 0.002007423700850048 0.3581393718388547 1.3744057314893527 -1.5314650184869447
45249.0 11017321.0 0.9246983339038303 0.002008586643724567 0.3581394700895797 1.3744057314893527 -1.5314650184869447
45250.0 11017321.0 0.9254777788692872 0.002009749586599085 0.3581395529729025 1.3744057314893527 -1.5314650184869447
45251.0 11017321.0 0.9262572238347442 0.0020109125294736035 0.3581396228924395 1.3744057314893527 -1.5314650184869447
45252.0 11017321.0 0.9270366688002012 0.002012075472348122 0.3581396818758572 1.3744057314893527 -1.5314650184869447
45253.0 11017321.0 0.9278161137656581 0.0020132384152226407 0.3581397316336748 1.3744057314893527 -1.5314650184869447
45254.0 11017321.0 0.9285955587311151 0.002014401358097159 0.35813977360886895 1.3744057314893527 -1.5314650184869447
45255.0 11017321.0 0.929375003696572 0.0020155643009716773 0.3581398090187203 1.3744057314893527 -1.5314650184869447
45256.0 11017321.0 0.930154448662029 0.002016727243846196 0.35813983889011447 1.3744057314893527 -1.5314650184869447
45257.0 11017321.0 0.930933893627486 0.0020178901867207145 0.358139864089322 1.3744057314893527 -1.5314650184869447
45258.0 11017321.0 0.9317133385929429 0.002019053129595233 0.3581398853471199 1.3744057314893527 -1.5314650184869447
45699.0 11017321.0 1.275448568359464 0.0025319109372578807 0.35813990327998424 0.0 0.0
45700.0 11017321.0 1.249658045352116 0.002148465121485671 0.3581399184079681 0.0 0.0
45701.0 11017321.0 1.223867522344768 0.001765019305713461 0.35813993116978304 0.0 0.0
45702.0 11017321.0 1.1980769993374198 0.0013815734899412513 0.3581399419355217 0.0 0.0
45703.0 11017321.0 1.1722864763300718 0.0009981276741690415 0.3581399510173905 0.0 0.0
45704.0 11017321.0 1.1464959533227237 0.0006146818583968316 0.3581399586787636 0.0 0.0
45705.0 11017321.0 1.111789778386454 0.000398454323325195 0.3582483146589303 0.0 0.0
45706.0 11017321.0 1.0770836034501845 0.00018222678825355836 0.35844807219040636 0.0 0.0
45707.0 11017321.0 1.042377428513915 -3.400074681807826e-05 0.35872493515069553 0.0 0.0
45708.0 11017321.0 1.0076712535776453 -0.00025022828188971493 0.35906684347473705 0.0 0.0
45709.0 11017321.0 0.9729650786413756 -0.0004664558169613516 0.3594636234130191 0.0 0.0
45710.0 11017321.0 0.938258903705106 -0.0006826833520329882 0.35990669249284263 0.0 0.0
45711.0 11017321.0 0.9035527287688364 -0.0008989108871046249 0.3603888106266136 0.0 0.0
45712.0 11017321.0 0.8688465538325667 -0.0011151384221762615 0.3609038701493022 0.0 0.0
45713.0 11017321.0 0.8341403788962971 -0.001331365957247898 0.3614467186961573 0.0 0.0
45714.0 11017321.0 0.7994342039600275 -0.0015475934923195349 0.3620130097841286 0.0 0.0
45715.0 11017321.0 0.7647280290237579 -0.0017638210273911714 0.36259907676385816 0.0 0.0
45716.0 11017321.0 0.7151525368421692 -0.0012784603878107023 0.36368939931384175 0.0 0.0
45717.0 11017321.0 0.6655770446605804 -0.0007930997482302332 0.36520510678802887 0.0 0.0
45718.0 11017321.0 0.6362556054159418 -0.002193904580079717 0.36648374235906883 0.0 0.0
45719.0 11017321.0 0.6069341661713032 -0.0035947094119292006 0.3675623864585218 0.0 0.0
45720.0 11017321.0 0.5601324172659414 -0.004131573931913261 0.369068242109374 0.0 0.0
45721.0 11017321.0 0.5133306683605797 -0.004668438451897322 0.3709344891255002 0.0 0.0
45722.0 11017321.0 0.4715802996632416 -0.004694141846771797 0.37310475867036796 0.0 0.0
45723.0 11017321.0 0.4298299309659035 -0.004719845241646273 0.37553149856077855 0.0 0.0
45724.0 11017321.0 0.3850909475468496 -0.006280249521360588 0.3781745942535538 0.0 0.0
45725.0 11017321.0 0.34035196412779567 -0.007840653801074904 0.3810002055237843 0.0 0.0
45726.0 11017321.0 0.3067809271870402 -0.010012790564784713 0.38338386275420444 0.0 0.0
45727.0 11017321.0 0.2732098902462847 -0.012184927328494521 0.38539469200449655 0.0 0.0
45728.0 11017321.0 0.21079372166257482 -0.014568263995510894 0.3882828520111233 0.0 0.0
45729.0 11017321.0 0.18745547565703768 -0.018039705939046413 0.3919111194142768 0.0 0.0
45730.0 11017321.0 0.12886371518841955 -0.02611185035684463 0.3949718892804444 0.0 0.0
45731.0 11017321.0 0.09430013361208944 -0.028601357706813296 0.3987457686239491 0.0 0.0
45732.0 11017321.0 0.04543950357775384 -0.028637658975071256 0.40312121994575256 0.0 0.0
45733.0 11017321.0 0.010056721437382121 -0.036350097055666275 0.40681230664598284 0.0 0.0
45734.0 11017321.0 -0.02186817973376398 -0.03721883330891157 0.4105219925830487 0.0 0.0
45735.0 11017321.0 -0.053793080904910084 -0.038087569562156864 0.41424736864912515 0.0 0.0
45736.0 11017321.0 -0.08941086118151376 -0.03938462455848819 0.4179859807501283 0.0 0.0
45737.0 11017321.0 -0.12502864145811743 -0.04068167955481952 0.4217357586369873 0.0 0.0
45738.0 11017321.0 -0.15961438027158725 -0.04187771718895525 0.42609087821252317 0.0 0.0
45739.0 11017321.0 -0.20460529113309556 -0.0477338037262626 0.4309566579444264 0.0 0.0
45740.0 11017321.0 -0.26000649981785906 -0.0514716749735763 0.4356573031008201 0.0 0.0
