56349.0 6056556.0 3.237786048672879 -0.951490939769217 0.54102 0.0 0.0
56350.0 6056556.0 3.2339130774700084 -0.9225422278709919 0.54102 0.0 0.0
56351.0 6056556.0 3.227419804684156 -0.882575580538126 0.5371739552329493 0.0 0.0
56352.0 6056556.0 3.2239412561986454 -0.8565006409771826 0.5358606381391567 0.0 0.0
56353.0 6056556.0 3.2204627077131347 -0.8304257014162392 0.5351869624477803 0.0 0.0
56354.0 6056556.0 3.2082286054816613 -0.7835623935988363 0.5330006788911557 0.0 0.0
56355.0 6056556.0 3.201022558745988 -0.7485027545678381 0.5315042862712935 0.0 0.0
56356.0 6056556.0 3.1929331295406977 -0.7147901398515927 0.529682344339401 0.0 0.0
56357.0 6056556.0 3.1848437003354073 -0.6810775251353473 0.5276038193123358 0.0 0.0
56358.0 6056556.0 3.1766623372127367 -0.6483277314718918 0.5259687407603973 0.0 0.0
56359.0 6056556.0 3.168480974090066 -0.6155779378084363 0.5246557138860393 0.0 0.0
56360.0 6056556.0 3.1601853405530598 -0.5824987428028171 0.5235859890899028 0.0 0.0
56361.0 6056556.0 3.153079215714973 -0.5552980081870875 0.5227055914892096 0.0 0.0
56362.0 6056556.0 3.1431667206890754 -0.5230927658457865 0.5219757983458063 0.0 0.0
56363.0 6056556.0 3.133254225663178 -0.4908875235044855 0.5213677671841195 0.0 0.0
56364.0 6056556.0 3.124957004345502 -0.46189611733143887 0.520255492841333 0.0 0.0
56365.0 6056556.0 3.116659783027826 -0.43290471115839224 0.5187215086497021 0.0 0.0
56366.0 6056556.0 3.1028532348960445 -0.39358756442123344 0.5174332294341196 0.0 0.0
56367.0 6056556.0 3.0912439874102215 -0.362230048385359 0.5151523561103871 0.0 0.0
56368.0 6056556.0 3.0807900786374702 -0.3360389929134183 0.5132325838444991 0.0 0.0
56369.0 6056556.0 3.0676787120366025 -0.3054760057429702 0.5116156887784671 0.0 0.0
56370.0 6056556.0 3.0545673454357347 -0.27491301857252204 0.5102532541283825 0.0 0.0
56371.0 6056556.0 3.0334551645049563 -0.24057026119557565 0.5079115500290762 0.0 0.0
56372.0 6056556.0 3.0098787302373617 -0.20507256188798204 0.5059372575898969 0.0 0.0
56373.0 6056556.0 2.9918945049302827 -0.18535955727756342 0.5036761598124888 0.0 0.0
56374.0 6056556.0 2.9739102796232038 -0.16564655266714481 0.5011730953876862 0.0 0.0
56375.0 6056556.0 2.9385874043942812 -0.14056561937979353 0.49846586729998255 0.0 0.0
56376.0 6056556.0 2.9032645291653587 -0.11548468609244225 0.49558636112296256 0.0 0.0
56377.0 6056556.0 2.880776221868935 -0.10277021314828547 0.4931574958203645 0.0 0.0
56378.0 6056556.0 2.8570252425695735 -0.09256383709803984 0.4905126940647739 0.0 0.0
56379.0 6056556.0 2.8332742632702126 -0.0823574610477942 0.48768571519498954 0.0 0.0
56380.0 6056556.0 2.7819177261247674 -0.06559232731969958 0.4853009952517122 0.0 0.0
56381.0 6056556.0 2.7686069508093194 -0.06393380775004873 0.482097430830609 0.0 0.0
56382.0 6056556.0 2.732018884857375 -0.05578592485906064 0.4787990487007408 0.0 0.0
56383.0 6056556.0 2.6954308189054306 -0.04763804196807256 0.47542067033676333 0.0 0.0
56384.0 6056556.0 2.661278930956881 -0.04005147601359063 0.47257073223514384 0.0 0.0
56385.0 6056556.0 2.6271270430083318 -0.032464910059108704 0.4701665698753946 0.0 0.0
56386.0 6056556.0 2.598048324472321 -0.02565816657551956 0.4675425259745935 0.0 0.0
56387.0 6056556.0 2.56896960593631 -0.018851423091930414 0.4647329912538596 0.0 0.0
56388.0 6056556.0 2.5357034530041624 -0.012857799380671376 0.4619656189263663 0.0 0.0
56389.0 6056556.0 2.5024373000720144 -0.00686417566941234 0.4592338130226941 0.0 0.0
56390.0 6056556.0 2.4691711471398667 -0.0008705519581533039 0.4565320096631666 0.0 0.0
56391.0 6056556.0 2.4356357290435904 0.002485529869119124 0.45306095129422636 0.0 0.0
56392.0 6056556.0 2.3957593971797833 0.005459027698915875 0.45013280327186034 0.0 0.0
56393.0 6056556.0 2.3558830653159766 0.008432525528712626 0.4476626482007286 0.0 0.0
56394.0 6056556.0 2.3316558471589746 0.00874982876600014 0.4443870056500088 0.0 0.0
56395.0 6056556.0 2.300750874355343 0.00801574851309834 0.4412264255003585 0.0 0.0
56396.0 6056556.0 2.269845901551711 0.00728166826019654 0.4381629106733088 0.0 0.0
56397.0 6056556.0 2.2389409287480797 0.006547588007294741 0.43518127906740106 0.0 0.0
56398.0 6056556.0 2.2130332805515742 0.006070584594343842 0.4320700824433506 0.0 0.0
56399.0 6056556.0 2.1871256323550683 0.005593581181392943 0.42884958604139134 0.0 0.0
56400.0 6056556.0 2.1470049041210837 0.003741634365123314 0.4261328078030244 0.0 0.0
56401.0 6056556.0 2.0964964732516402 0.0027119315050281034 0.42384096109203695 0.0 0.0
56402.0 6056556.0 2.0578312622801866 0.00015148800376121874 0.4207157375868153 0.0 0.0
56403.0 6056556.0 2.0313343375240756 0.0016781930608671114 0.4180793305305049 0.0 0.0
56404.0 6056556.0 1.998770670122301 0.0016233326345854796 0.4155573229180237 0.0 0.0
56405.0 6056556.0 1.9662070027205263 0.0015684722083038477 0.41313182151872446 0.0 0.0
56406.0 6056556.0 1.9336433353187519 0.0015136117820222159 0.4107877317854289 0.0 0.0
56407.0 6056556.0 1.9010796679169772 0.001458751355740584 0.40851232011143757 0.0 0.0
56408.0 6056556.0 1.881019938914097 0.0017599207674501016 0.4059968833819091 0.0 0.0
56409.0 6056556.0 1.8609602099112168 0.0020610901791596192 0.40327896393073676 0.0 0.0
56410.0 6056556.0 1.815544612052163 0.004393304765716033 0.39979430974756075 0.0 0.0
56411.0 6056556.0 1.7810349275692694 0.0038650476383624197 0.39685469055138367 0.0 0.0
56412.0 6056556.0 1.7465252430863756 0.0033367905110088065 0.3943748573837899 0.0 0.0
56413.0 6056556.0 1.712015558603482 0.002808533383655193 0.3922828950818829 0.0 0.0
56414.0 6056556.0 1.6873752507175945 0.003496408352176461 0.3893262920494332 0.0 0.0
56415.0 6056556.0 1.6547984018537942 0.0016363374940595588 0.38683213148735707 0.0 0.0
56416.0 6056556.0 1.6190117218018472 0.0008248678923510055 0.3847280827389786 0.0 0.0
56417.0 6056556.0 1.5832250417499003 1.3398290642452348e-05 0.3829531283903694 0.0 0.0
56418.0 6056556.0 1.5458678833089787 -0.00016804173274032053 0.3802639500769139 0.0 0.0
56419.0 6056556.0 1.5178891604187095 -0.0015434366063924315 0.3779953863159082 0.0 0.0
56420.0 6056556.0 1.4741562717338335 -0.0022121277197957034 0.37608164875819544 0.0 0.0
56421.0 6056556.0 1.4502492228054078 -0.0019966586520272916 0.3732753943262853 0.0 0.0
56422.0 6056556.0 1.4175240552891206 -0.0024053593733073877 0.3703121439857965 0.0 0.0
56423.0 6056556.0 1.3847988877728337 -0.002814060094587484 0.36721645347684045 0.0 0.0
56424.0 6056556.0 1.3627486456276254 -0.003438499139881257 0.36460496011875887 0.0 0.0
56425.0 6056556.0 1.3445181745259067 -0.002156378145231841 0.362401930604149 0.0 0.0
56426.0 6056556.0 1.313794948680039 -0.001057348438778409 0.360543477077076 0.0 0.0
56427.0 6056556.0 1.2830717228341715 4.168126767502278e-05 0.35897570438524823 0.0 0.0
56428.0 6056556.0 1.2578730747518416 0.0008355169341458246 0.35765314712059865 0.0 0.0
56429.0 6056556.0 1.232674426669512 0.0016293526006166265 0.35653745112245 0.0 0.0
56430.0 6056556.0 1.2074757785871821 0.0024231882670874283 0.35559626120685456 0.0 0.0
56431.0 6056556.0 1.1865222524960377 0.0017136238012698765 0.35480228286625914 0.0 0.0
56432.0 6056556.0 1.165568726404893 0.0010040593354523248 0.35413249072878605 0.0 0.0
56433.0 6056556.0 1.1446152003137486 0.0002944948696347732 0.3535674608224482 0.0 0.0
56434.0 6056556.0 1.1203066497922574 0.0006421481052345662 0.35309080727996167 0.0 0.0
56435.0 6056556.0 1.1081724201694703 0.0008094833760229937 0.35298666832064535 0.0 0.0
56436.0 6056556.0 1.096038190546683 0.0009768186468114212 0.35319677891467893 0.0 0.0
56437.0 6056556.0 1.0839039609238958 0.0011441539175998487 0.3536719872692893 0.0 0.0
56438.0 6056556.0 1.0717697313011088 0.0013114891883882762 0.35437082942676007 0.0 0.0
56439.0 6056556.0 1.062379205073549 0.0019260115813533804 0.3549603656376068 0.0 0.0
56440.0 6056556.0 1.0529886788459892 0.0025405339743184846 0.35545769245194414 0.0 0.0
56441.0 6056556.0 1.0430725352783146 0.0025432328411772735 0.35587723234738783 0.0 0.0
56442.0 6056556.0 1.03315639171064 0.002545931708036063 0.3562311519809057 0.0 0.0
56443.0 6056556.0 1.0232402481429654 0.002548630574894852 0.35652971502186986 0.0 0.0
56444.0 6056556.0 1.013324104575291 0.002551329441753641 0.35678157979846825 0.0 0.0
56445.0 6056556.0 1.0034079610076163 0.00255402830861243 0.3569940503892222 0.0 0.0
56446.0 6056556.0 0.9934918174399419 0.002556727175471219 0.3571732884412636 0.0 0.0
56447.0 6056556.0 0.9835756738722672 0.002559426042330008 0.3573244918581016 0.0 0.0
56448.0 6056556.0 0.9736595303045926 0.0025621249091887974 0.3574520455388246 0.0 0.0
56449.0 6056556.0 0.9637433867369181 0.0025648237760475864 0.35755964854017347 0.0 0.0
56450.0 6056556.0 0.9538272431692435 0.0025675226429063753 0.35765042134918734 0.0 0.0
56451.0 6056556.0 0.9439110996015689 0.0025702215097651647 0.3577269963773277 0.0 0.0
56452.0 6056556.0 0.9339949560338944 0.0025729203766239536 0.3577915943004105 0.0 0.0
56453.0 6056556.0 0.9240788124662198 0.0025756192434827426 0.35784608845820526 0.0 0.0
56454.0 6056556.0 0.9141626688985452 0.002578318110341532 0.35789205918128797 0.0 0.0
56455.0 6056556.0 0.9042465253308707 0.002581016977200321 0.357930839620628 0.0 0.0
56456.0 6056556.0 0.8943303817631961 0.00258371584405911 0.3579635544089662 0.0 0.0
56457.0 6056556.0 0.8844142381955216 0.002586414710917899 0.3579911522751645 0.0 0.0
56458.0 6056556.0 0.8744980946278469 0.002589113577776688 0.3580144335573425 0.0 0.0
56459.0 6056556.0 0.8645819510601724 0.002591812444635477 0.3580340734126835 0.0 0.0
56460.0 6056556.0 0.8546658074924978 0.0025945113114942664 0.3580506413969923 0.0 0.0
56461.0 6056556.0 0.8447496639248232 0.0025972101783530554 0.3580646179818138 0.0 0.0
56462.0 6056556.0 0.8348335203571486 0.0025999090452118443 0.35807640848810796 0.0 0.0
56463.0 6056556.0 0.8249173767894741 0.0026026079120706337 0.35808635484055723 0.0 0.0
56464.0 6056556.0 0.8150012332217995 0.0026053067789294226 0.35809474548338266 0.0 0.0
56465.0 6056556.0 0.7823449642894534 0.0032281361106271805 0.356909979057022 0.0 0.0
56466.0 6056556.0 0.7500898604165915 0.0037200942708372833 0.3559105220233149 0.0 0.0
56467.0 6056556.0 0.7178347565437297 0.004212052431047386 0.355067390128284 0.0 0.0
56468.0 6056556.0 0.6960021248841187 0.003985728479504763 0.3543561325469733 0.0 0.0
56469.0 6056556.0 0.6741694932245077 0.00375940452796214 0.3537561228095248 0.0 0.0
56470.0 6056556.0 0.6390930495788716 0.0037717872455758153 0.3532499606335525 0.0 0.0
56471.0 6056556.0 0.6040166059332356 0.0037841699631894904 0.3528229673159533 0.0 0.0
56472.0 6056556.0 0.5622791222567411 0.005155723302922577 0.35305868239461885 0.0 0.0
56473.0 6056556.0 0.5205416385802468 0.006527276642655663 0.3538534516068304 0.0 0.0
56474.0 6056556.0 0.5069873798741067 0.005816032022543036 0.35452391091564006 0.0 0.0
56475.0 6056556.0 0.4675535945834839 0.006084807523266664 0.3556854259851054 0.0 0.0
56476.0 6056556.0 0.42811980929286114 0.006353583023990292 0.3572611907522409 0.0 0.0
56477.0 6056556.0 0.3958470573244848 0.006794373745382075 0.35859049005119137 0.0 0.0
56478.0 6056556.0 0.36357430535610835 0.007235164466773858 0.35971187356162637 0.0 0.0
56479.0 6056556.0 0.3231890160662509 0.007990874156511521 0.36125378374945066 0.0 0.0
56480.0 6056556.0 0.2828037267763934 0.008746583846249184 0.36315044601011115 0.0 0.0
56481.0 6056556.0 0.23177782839717553 0.010234626005170833 0.3659422958932691 0.0 0.0
56482.0 6056556.0 0.19732350005734997 0.00988999170086303 0.36829747235733185 0.0 0.0
56483.0 6056556.0 0.1628691717175244 0.009545357396555229 0.37028427551975723 0.0 0.0
56484.0 6056556.0 0.12841484337769882 0.009200723092247426 0.3719603226722556 0.0 0.0
56485.0 6056556.0 0.08504632097651799 0.00830390364964978 0.37456606387045355 0.0 0.0
56486.0 6056556.0 0.07090684569432726 0.007434185687412304 0.37676424092089467 0.0 0.0
56487.0 6056556.0 0.03537587718049634 0.006604792453776945 0.3792145233021439 0.0 0.0
56488.0 6056556.0 -0.00015509133333457825 0.005775399220141586 0.3818774792032574 0.0 0.0
56489.0 6056556.0 -0.03514616780297031 0.006054999566562899 0.38471984434536743 0.0 0.0
56490.0 6056556.0 -0.07013724427260604 0.006334599912984212 0.38771355731759527 0.0 0.0
56491.0 6056556.0 -0.11070649373976682 0.007211012065355321 0.3914308681402376 0.0 0.0
56492.0 6056556.0 -0.14085400988555702 0.006346008318539667 0.3954606376550999 0.0 0.0
56493.0 6056556.0 -0.17100152603134722 0.005481004571724013 0.39975399417811336 0.0 0.0
56494.0 6056556.0 -0.20254895209145457 0.0037302508944864338 0.40426971004844525 0.0 0.0
56495.0 6056556.0 -0.23409637815156192 0.0019794972172488545 0.40897300602633524 0.0 0.0
56496.0 6056556.0 -0.25877285127439054 0.002568579417496192 0.41413250386719314 0.0 0.0
56497.0 6056556.0 -0.2858133094076063 0.0013601939066911484 0.41848500432019964 0.0 0.0
56498.0 6056556.0 -0.31365624009785953 0.00041422211361782924 0.42334857458669617 0.0 0.0
56499.0 6056556.0 -0.3458131453832808 -0.002860002618865237 0.428047355860309 0.0 0.0
56500.0 6056556.0 -0.37797005066870204 -0.006134227351348304 0.4326071227979729 0.0 0.0
56501.0 6056556.0 -0.39455327837476517 -0.00795674709956537 0.436453696296778 0.0 0.0
56502.0 6056556.0 -0.4307225365899211 -0.00991896749325863 0.4396986269881897 0.0 0.0
56503.0 6056556.0 -0.46689179480507703 -0.011881187886951888 0.44243601786225883 0.0 0.0
56504.0 6056556.0 -0.49400155271838275 -0.01329988760558179 0.4447452532543335 0.0 0.0
56505.0 6056556.0 -0.5166355087912506 -0.013932656950830735 0.4469912621628349 0.0 0.0
56506.0 6056556.0 -0.5392694648641184 -0.014565426296079681 0.44918393384610955 0.0 0.0
56507.0 6056556.0 -0.5826543794675583 -0.016183326247208252 0.45133161078297246 0.0 0.0
56508.0 6056556.0 -0.626039294070998 -0.017801226198336823 0.45344133060459263 0.0 0.0
56509.0 6056556.0 -0.6506039043234195 -0.01958416227911028 0.4564129137019502 0.0 0.0
56510.0 6056556.0 -0.6792152731709185 -0.020160745259757917 0.4589197112966643 0.0 0.0
56511.0 6056556.0 -0.7078266420184174 -0.020737328240405556 0.4610344205189817 0.0 0.0
56512.0 6056556.0 -0.7352861861662281 -0.021865550881598805 0.4634142902804516 0.0 0.0
56513.0 6056556.0 -0.7627457303140388 -0.022993773522792055 0.46601784680415675 0.0 0.0
56514.0 6056556.0 -0.7908827067555729 -0.02302400097130426 0.4686114624479172 0.0 0.0
56515.0 6056556.0 -0.8190196831971069 -0.02305422841981646 0.47119669206540193 0.0 0.0
56516.0 6056556.0 -0.8471566596386411 -0.023084455868328663 0.4737748473155181 0.0 0.0
56517.0 6056556.0 -0.89337009718484 -0.0231625549901098 0.4759497531377843 0.0 0.0
56518.0 6056556.0 -0.9254434505260674 -0.022372643007722598 0.47778448180104627 0.0 0.0
56519.0 6056556.0 -0.961949256296165 -0.0218272842767486 0.47992816278064065 0.0 0.0
56520.0 6056556.0 -0.9984550620662627 -0.0212819255457746 0.48233247282497577 0.0 0.0
56521.0 6056556.0 -1.0283050108788938 -0.021569063613891687 0.4849566469253373 0.0 0.0
56522.0 6056556.0 -1.0581549596915252 -0.021856201682008775 0.4877662961306357 0.0 0.0
56523.0 6056556.0 -1.1035403989537313 -0.019399739207116934 0.49013648792372255 0.0 0.0
56524.0 6056556.0 -1.1298053683844511 -0.02004090643785734 0.4929305209920668 0.0 0.0
56525.0 6056556.0 -1.1560703378151707 -0.020682073668597745 0.4960821022946505 0.0 0.0
56526.0 6056556.0 -1.1823353072458904 -0.021323240899338153 0.49953530768924853 0.0 0.0
56527.0 6056556.0 -1.2130936782589972 -0.02370775379221232 0.5030443193509369 0.0 0.0
56528.0 6056556.0 -1.243852049272104 -0.02609226668508649 0.5066004086179046 0.0 0.0
56529.0 6056556.0 -1.2812891384188576 -0.03260158885028061 0.5101962120788935 0.0 0.0
56530.0 6056556.0 -1.3187262275656113 -0.03911091101547473 0.5138255180342726 0.0 0.0
56531.0 6056556.0 -1.3338004473441416 -0.04446278497593106 0.5168871640126455 0.0 0.0
56532.0 6056556.0 -1.3582583714903977 -0.05270447544461024 0.5200658600914873 0.0 0.0
56533.0 6056556.0 -1.3827162956366539 -0.06094616591328941 0.5233432984570843 0.0 0.0
56534.0 6056556.0 -1.4144976728509133 -0.07555547466493398 0.527299957166141 0.0 0.0
56535.0 6056556.0 -1.4393139311402787 -0.091274172091142 0.5306377546330158 0.0 0.0
56536.0 6056556.0 -1.4641301894296441 -0.10699286951735001 0.533453486984248 0.0 0.0
56537.0 6056556.0 -1.4889464477190095 -0.12271156694355803 0.5358288104580233 0.0 0.0
56538.0 6056556.0 -1.513762706008375 -0.13843026436976605 0.5378326094350814 0.0 0.0
56539.0 6056556.0 -1.5339722145586883 -0.15857643887522016 0.5395229940857568 0.0 0.0
56540.0 6056556.0 -1.5541817231090016 -0.1787226133806743 0.5409489855649191 0.0 0.0
56541.0 6056556.0 -1.574391231659315 -0.1988687878861284 0.5421519376254641 0.0 0.0
56542.0 6056556.0 -1.6051638922230167 -0.24406857702181287 0.5431667358771476 0.0 0.0
56543.0 6056556.0 -1.6212579756447718 -0.2688321576020042 0.5452146541574726 0.0 0.0
56544.0 6056556.0 -1.6374692850317356 -0.3061759079164189 0.5475381797524664 0.0 0.0
56545.0 6056556.0 -1.6536805944186994 -0.34351965823083364 0.5500942049043839 0.0 0.0
56546.0 6056556.0 -1.6647273471211992 -0.3772948419510531 0.5522504419985285 0.0 0.0
56547.0 6056556.0 -1.6727797880177204 -0.4100631155109351 0.5540694219106305 0.0 0.0
56548.0 6056556.0 -1.6804614805837625 -0.4498460945783519 0.5579875844345491 0.0 0.0
56549.0 6056556.0 -1.6815841451736697 -0.4695750622842577 0.5612929069070697 0.0 0.0
56550.0 6056556.0 -1.682012536118346 -0.49940390611845 0.5646771660239974 0.0 0.0
56551.0 6056556.0 -1.6824409270630223 -0.5292327499526422 0.5681280152997232 0.0 0.0
56552.0 6056556.0 -1.6788093281884613 -0.5643034935345808 0.5716350393632431 0.0 0.0
56553.0 6056556.0 -1.6751777293139003 -0.5993742371165192 0.5751894519123991 0.0 0.0
56554.0 6056556.0 -1.6673002996328508 -0.6323284263925344 0.5781879185670147 0.0 0.0
56555.0 6056556.0 -1.65766249853395 -0.670765483924102 0.5819092395482779 0.0 0.0
56556.0 6056556.0 -1.6505238209027306 -0.7014527408738047 0.585445790039176 0.0 0.0
56557.0 6056556.0 -1.6433851432715112 -0.7321399978235076 0.5888264700039448 0.0 0.0
56558.0 6056556.0 -1.6362464656402917 -0.7628272547732103 0.5920756591615629 0.0 0.0
56559.0 6056556.0 -1.6307052718470347 -0.7897984085937804 0.5948166424348663 0.0 0.0
56560.0 6056556.0 -1.6251640780537777 -0.8167695624143504 0.5971289083387809 0.0 0.0
56561.0 6056556.0 -1.6196228842605207 -0.8437407162349204 0.59907951258452 0.0 0.0
56562.0 6056556.0 -1.614372060002635 -0.8779386412601055 0.6007250226952102 0.0 0.0
56563.0 6056556.0 -1.6050005091249202 -0.9307760102422847 0.6033050031522658 0.0 0.0
56564.0 6056556.0 -1.599089090034987 -0.980612331032587 0.605481448700737 0.0 0.0
56565.0 6056556.0 -1.594571314377733 -1.0034708887584267 0.6079133986056316 0.0 0.0
56566.0 6056556.0 -1.5900535387204788 -1.0263294464842663 0.6105608894141918 0.0 0.0
56567.0 6056556.0 -1.5816693866715512 -1.0590982560396458 0.6133902083598657 0.0 0.0
56568.0 6056556.0 -1.5732852346226236 -1.0918670655950253 0.6163729156920776 0.0 0.0
56569.0 6056556.0 -1.5608577429126016 -1.1226865641277008 0.6192863791420946 0.0 0.0
56570.0 6056556.0 -1.5484302512025794 -1.1535060626603766 0.6221414291499672 0.0 0.0
56571.0 6056556.0 -1.5360027594925574 -1.184325561193052 0.6249472021659235 0.0 0.0
56572.0 6056556.0 -1.5157103447701623 -1.2110181135716365 0.6277114056074263 0.0 0.0
56573.0 6056556.0 -1.4954179300477672 -1.2377106659502206 0.6304405413742792 0.0 0.0
56574.0 6056556.0 -1.4751255153253722 -1.264403218328805 0.6331400944037209 0.0 0.0
56575.0 6056556.0 -1.4369198739924764 -1.2969920069464858 0.6366092548590747 0.0 0.0
56576.0 6056556.0 -1.4085136948549206 -1.3174382273874703 0.6395358037053418 0.0 0.0
56577.0 6056556.0 -1.3801075157173648 -1.3378844478284548 0.6420046108590638 0.0 0.0
56578.0 6056556.0 -1.3406160987955988 -1.3583915777248852 0.6440872717276985 0.0 0.0
56579.0 6056556.0 -1.3116794250169617 -1.3704234598944034 0.6458441834764366 0.0 0.0
56580.0 6056556.0 -1.283588610403924 -1.3796082142595292 0.6473262965459913 0.0 0.0
56581.0 6056556.0 -1.2554977957908864 -1.388792968624655 0.6485765922153798 0.0 0.0
56582.0 6056556.0 -1.2105957561357676 -1.4009037219703757 0.6496313290590142 0.0 0.0
56583.0 6056556.0 -1.1672150362765263 -1.4088363721222117 0.6505210944453601 0.0 0.0
56584.0 6056556.0 -1.123834316417285 -1.4167690222740477 0.6512716915706215 0.0 0.0
56585.0 6056556.0 -1.0906477629781575 -1.4225951742899257 0.6519048877514309 0.0 0.0
56586.0 6056556.0 -1.049591076047223 -1.4260870490708886 0.6524390456770317 0.0 0.0
56587.0 6056556.0 -1.0085343891162883 -1.4295789238518513 0.6528896559272664 0.0 0.0
56588.0 6056556.0 -0.9762140782528252 -1.4296301968199763 0.6532697861993919 0.0 0.0
56589.0 6056556.0 -0.9349729483221599 -1.4320134096940822 0.6535904602712997 0.0 0.0
56590.0 6056556.0 -0.8937318183914946 -1.434396622568188 0.6538609776910753 0.0 0.0
56591.0 6056556.0 -0.8347127078849363 -1.4359316999372909 0.654089183463892 0.0 0.0
56592.0 6056556.0 -0.801045808986834 -1.4368896900614985 0.6542816955571615 0.0 0.0
56593.0 6056556.0 -0.7673789100887316 -1.4378476801857059 0.6544440968215888 0.0 0.0
56594.0 6056556.0 -0.7056889432513882 -1.4407221638900276 0.6545810968938421 0.0 0.0
56595.0 6056556.0 -0.6713512005557438 -1.441665278565607 0.654696668776017 0.0 0.0
56596.0 6056556.0 -0.6144882658063273 -1.4427275146296268 0.6547941640526962 0.0 0.0
56597.0 6056556.0 -0.5700634573908833 -1.4435206655533204 0.6548764100869037 0.0 0.0
56598.0 6056556.0 -0.5256386489754392 -1.444313816477014 0.6549457920136313 0.0 0.0
56599.0 6056556.0 -0.5177252129403682 -1.4445637500705681 0.6550043219087544 0.0 0.0
56600.0 6056556.0 -0.46672372642369075 -1.4461624931062602 0.6550536971392312 0.0 0.0
56601.0 6056556.0 -0.42291124076506814 -1.445294407443818 0.6550953495867458 0.0 0.0
56602.0 6056556.0 -0.36158871103017876 -1.4479291807062251 0.655130487172276 0.0 0.0
56603.0 6056556.0 -0.3221298503760026 -1.4481493632383344 0.6551601288858021 0.0 0.0
56604.0 6056556.0 -0.28267098972182647 -1.4483695457704437 0.6551851343370165 0.0 0.0
56605.0 6056556.0 -0.2436652889662846 -1.4486164734299978 0.6552062286840045 0.0 0.0
56606.0 6056556.0 -0.2046595882107427 -1.4488634010895518 0.6552240236628285 0.0 0.0
56607.0 6056556.0 -0.15125081343454694 -1.4512467709429164 0.6552390353278746 0.0 0.0
56608.0 6056556.0 -0.10754234266840834 -1.450693406369633 0.6552516990174291 0.0 0.0
56609.0 6056556.0 -0.054099231159783434 -1.4529704885693453 0.655262381978489 0.0 0.0
56610.0 6056556.0 -0.008707480781577015 -1.4554200361078224 0.655271394016925 0.0 0.0
56611.0 6056556.0 0.03510424593466621 -1.4545491243758024 0.655278996481852 0.0 0.0
56612.0 6056556.0 0.0737645926022849 -1.4558498732904297 0.6552854098447526 0.0 0.0
56613.0 6056556.0 0.1124249392699036 -1.457150622205057 0.655290820093151 0.0 0.0
56614.0 6056556.0 0.177681210622744 -1.4586130871371485 0.6552953841242508 0.0 0.0
56615.0 6056556.0 0.21036896306712283 -1.4564429122785005 0.6552992342949538 0.0 0.0
56616.0 6056556.0 0.25397336781779467 -1.4562039939294515 0.6553024822602106 0.0 0.0
56617.0 6056556.0 0.28921672878318944 -1.4562703692962007 0.6553052222110134 0.0 0.0
56618.0 6056556.0 0.3244600897485842 -1.4563367446629496 0.6553075336059356 0.0 0.0
56619.0 6056556.0 0.3709788014277753 -1.4542455412761215 0.6553094834754299 0.0 0.0
56620.0 6056556.0 0.44187778355684976 -1.4547455824342848 0.6553111283657117 0.0 0.0
56621.0 6056556.0 0.48645679046648704 -1.454239530555294 0.6553125159785992 0.0 0.0
56622.0 6056556.0 0.5310357973761244 -1.4537334786763032 0.655313686554866 0.0 0.0
56623.0 6056556.0 0.5502104718983466 -1.4548575953952696 0.6553146740412239 0.0 0.0
56624.0 6056556.0 0.6201684439837503 -1.4555158782046276 0.6553155070747773 0.0 0.0
56625.0 6056556.0 0.6524981413608335 -1.4557969997125404 0.6553162098134993 0.0 0.0
56626.0 6056556.0 0.6848278387379167 -1.4560781212204532 0.6553168026368127 0.0 0.0
56627.0 6056556.0 0.7285693419624676 -1.4554139168691274 0.6553173027365937 0.0 0.0
56628.0 6056556.0 0.7723108451870184 -1.4547497125178015 0.6553177246157359 0.0 0.0
56629.0 6056556.0 0.8343896497469299 -1.4550518300718531 0.6553180805087344 0.0 0.0
56630.0 6056556.0 0.8806077019308427 -1.454962244122019 0.6553183807364863 0.0 0.0
56631.0 6056556.0 0.9210391948259287 -1.4557274585133255 0.6553186340055962 0.0 0.0
56632.0 6056556.0 0.9614706877210146 -1.456492672904632 0.6553188476608685 0.0 0.0
56633.0 6056556.0 1.0043271495872386 -1.4579912439892126 0.6553190278983059 0.0 0.0
56634.0 6056556.0 1.0553605409877322 -1.4594734828555145 0.6553191799447942 0.0 0.0
56635.0 6056556.0 1.0936561172640087 -1.4611560948743079 0.6549220266469467 0.0 0.0
56636.0 6056556.0 1.1319516935402854 -1.4628387068931015 0.6541897105591259 0.0 0.0
56637.0 6056556.0 1.1702472698165618 -1.4645213189118949 0.6531746545147851 0.0 0.0
56638.0 6056556.0 1.2100405874392322 -1.4672378889843203 0.6523183634513731 0.0 0.0
56639.0 6056556.0 1.252500241095141 -1.4699487916099745 0.6515960049280508 0.0 0.0
56640.0 6056556.0 1.2949598947510497 -1.4726596942356285 0.650986630547642 0.0 0.0
56641.0 6056556.0 1.3508084969439167 -1.4757125695190692 0.6492807237649106 0.0 0.0
56642.0 6056556.0 1.3763077040628846 -1.4765052226596973 0.6478416379713617 0.0 0.0
56643.0 6056556.0 1.4018069111818527 -1.4772978758003255 0.6466276396789823 0.0 0.0
56644.0 6056556.0 1.4675042543837828 -1.4839167432952716 0.6456035229372933 0.0 0.0
56645.0 6056556.0 1.5124231917816955 -1.4872540508304424 0.6441436660166837 0.0 0.0
56646.0 6056556.0 1.5573421291796081 -1.4905913583656132 0.6423162230664557 0.0 0.0
56647.0 6056556.0 1.5890212808170194 -1.4934013703973492 0.640178688241053 0.0 0.0
56648.0 6056556.0 1.6207004324544307 -1.4962113824290852 0.6377795630305386 0.0 0.0
56649.0 6056556.0 1.6626027859277517 -1.500081515477183 0.6357556851479098 0.0 0.0
56650.0 6056556.0 1.7013005752016546 -1.5026128517799933 0.6340483621345704 0.0 0.0
56651.0 6056556.0 1.7399983644755577 -1.5051441880828038 0.6326080816231335 0.0 0.0
56652.0 6056556.0 1.7926113118532976 -1.509940885586518 0.6313930754787676 0.0 0.0
56653.0 6056556.0 1.8269414014970047 -1.5127002919818093 0.6299708269605512 0.0 0.0
56654.0 6056556.0 1.861271491140712 -1.515459698377101 0.628373750861456 0.0 0.0
56655.0 6056556.0 1.895601580784419 -1.5182191047723923 0.6266291919746082 0.0 0.0
56656.0 6056556.0 1.9326078092501155 -1.5204890755980527 0.6251574996550241 0.0 0.0
56657.0 6056556.0 1.9711047253302891 -1.5229534239911384 0.6239159948254357 0.0 0.0
56658.0 6056556.0 2.0096016414104625 -1.5254177723842244 0.6228686738457849 0.0 0.0
56659.0 6056556.0 2.0471124755019687 -1.5275014716449202 0.6207933197194577 0.0 0.0
56660.0 6056556.0 2.075080683242323 -1.5316094810409344 0.6190425718649948 0.0 0.0
56661.0 6056556.0 2.1005966593164285 -1.5323467433618534 0.6169697362505147 0.0 0.0
56662.0 6056556.0 2.1261126353905335 -1.5330840056827724 0.6146251906431973 0.0 0.0
56663.0 6056556.0 2.1786907461583804 -1.5379833976336301 0.6126473555645326 0.0 0.0
56664.0 6056556.0 2.2137246721861823 -1.539491265137361 0.6109788737972395 0.0 0.0
56665.0 6056556.0 2.2493770588174513 -1.5423689569491779 0.6089754370259641 0.0 0.0
56666.0 6056556.0 2.2850294454487208 -1.545246648760995 0.6066894355843396 0.0 0.0
56667.0 6056556.0 2.3377797178450357 -1.5496170250215926 0.6035691430864567 0.0 0.0
56668.0 6056556.0 2.363186463918058 -1.55055137273109 0.6009368957380811 0.0 0.0
56669.0 6056556.0 2.3885932099910803 -1.5514857204405876 0.5987163583661098 0.0 0.0
56670.0 6056556.0 2.4494279715546377 -1.556391684504573 0.5956512906985515 0.0 0.0
56671.0 6056556.0 2.4864223989819303 -1.5584214257222697 0.5930656304612512 0.0 0.0
56672.0 6056556.0 2.5185430827140878 -1.5601450133848893 0.590288471163225 0.0 0.0
56673.0 6056556.0 2.5506637664462453 -1.561868601047509 0.5873497651848303 0.0 0.0
56674.0 6056556.0 2.582118781658501 -1.5645428577243519 0.5848707023967956 0.0 0.0
56675.0 6056556.0 2.619663576198362 -1.5665179553558661 0.5815875452900637 0.0 0.0
56676.0 6056556.0 2.6566519532349964 -1.568836828599046 0.5788179069967437 0.0 0.0
56677.0 6056556.0 2.6936403302716307 -1.5711557018422255 0.5764814680063294 0.0 0.0
56678.0 6056556.0 2.73152956153909 -1.5720744202776333 0.5739145492439964 0.0 0.0
56679.0 6056556.0 2.7694187928065492 -1.5729931387130411 0.5711532000656372 0.0 0.0
56680.0 6056556.0 2.824270280231776 -1.570920190548984 0.5676319090009773 0.0 0.0
56681.0 6056556.0 2.854036869109961 -1.5667926373076004 0.5646613832973457 0.0 0.0
56682.0 6056556.0 2.8838034579881464 -1.5626650840662168 0.5621554777093372 0.0 0.0
56683.0 6056556.0 2.9336705661821254 -1.5513717684622994 0.5588496762866951 0.0 0.0
56684.0 6056556.0 2.9592605582212688 -1.5396312690994565 0.5560609354763673 0.0 0.0
56685.0 6056556.0 2.984850550260412 -1.5278907697366135 0.553708381794854 0.0 0.0
56686.0 6056556.0 3.0225644571656485 -1.51029447995156 0.5517237911853916 0.0 0.0
56687.0 6056556.0 3.047951273031468 -1.4910114131372447 0.5494536881762033 0.0 0.0
56688.0 6056556.0 3.0733380888972874 -1.4717283463229294 0.5469427297800229 0.0 0.0
56689.0 6056556.0 3.0990813819410397 -1.4499916502608639 0.5448245105474632 0.0 0.0
56690.0 6056556.0 3.1308637995300765 -1.4124701112836104 0.5418457574325756 0.0 0.0
56691.0 6056556.0 3.150711704520681 -1.380223676938113 0.5387369889391306 0.0 0.0
56692.0 6056556.0 3.170559609511286 -1.3479772425926158 0.5355185407808183 0.0 0.0
56693.0 6056556.0 3.180669158072682 -1.3210801747530734 0.5328034903051497 0.0 0.0
56694.0 6056556.0 3.1907787066340783 -1.294183106913531 0.5305131010483305 0.0 0.0
56695.0 6056556.0 3.1971579849724816 -1.262389105592303 0.5279850293778107 0.0 0.0
56696.0 6056556.0 3.203537263310885 -1.2305951042710752 0.5252564512151453 0.0 0.0
56697.0 6056556.0 3.20456189704909 -1.1859564159426461 0.522358727793617 0.0 0.0
56698.0 6056556.0 3.2055865307872953 -1.1413177276142168 0.5193183151340015 0.0 0.0
56699.0 6056556.0 3.2046113574175257 -1.1184545311310192 0.5167534536132721 0.0 0.0
56700.0 6056556.0 3.202564046734403 -1.0839105349660914 0.5139938399032253 0.0 0.0
56701.0 6056556.0 3.2005167360512807 -1.0493665388011635 0.5110699352062701 0.0 0.0
56702.0 6056556.0 3.198810856530073 -1.012870200233153 0.5086033586302966 0.0 0.0
56703.0 6056556.0 3.1971049770088658 -0.9763738616651425 0.5065225794546018 0.0 0.0
56704.0 6056556.0 3.195399097487658 -0.939877523097132 0.5047672550830904 0.0 0.0
56705.0 6056556.0 3.1950688561374707 -0.9123185317984815 0.5026905587648864 0.0 0.0
56706.0 6056556.0 3.1947386147872834 -0.8847595404998311 0.5003427563067622 0.0 0.0
56707.0 6056556.0 3.1940709453284635 -0.8443577052880621 0.49836217378153397 0.0 0.0
56708.0 6056556.0 3.193495011843325 -0.8042194095365233 0.4966913742959702 0.0 0.0
56709.0 6056556.0 3.194420546256441 -0.7768949711919504 0.4952819046649896 0.0 0.0
56710.0 6056556.0 3.195346080669557 -0.7495705328473774 0.4940928902692937 0.0 0.0
56711.0 6056556.0 3.1945566033687838 -0.7016527592995375 0.49308984969140734 0.0 0.0
56712.0 6056556.0 3.1956262614937487 -0.6732071788132181 0.49164777241046964 0.0 0.0
56713.0 6056556.0 3.1966959196187137 -0.6447615983268987 0.48983532818533343 0.0 0.0
56714.0 6056556.0 3.197436526148258 -0.6098422377910827 0.4883063684775719 0.0 0.0
56715.0 6056556.0 3.1973847727757025 -0.5773509887049558 0.48701655345566 0.0 0.0
56716.0 6056556.0 3.1970465591615698 -0.5446494174764879 0.4859284784839622 0.0 0.0
56717.0 6056556.0 3.196970923657607 -0.5144087385834367 0.48501058938829933 0.0 0.0
56718.0 6056556.0 3.196895288153645 -0.4841680596903856 0.4842362673848971 0.0 0.0
56719.0 6056556.0 3.1968196526496824 -0.4539273807973345 0.4835830571356569 0.0 0.0
56720.0 6056556.0 3.196918981362753 -0.4291367109231514 0.4824360931992487 0.0 0.0
56721.0 6056556.0 3.1970183100758236 -0.4043460410489683 0.4808726036215165 0.0 0.0
56722.0 6056556.0 3.194404128303556 -0.3620236249437819 0.47955365954880835 0.0 0.0
56723.0 6056556.0 3.191789946531288 -0.31970120883859543 0.4784410116030156 0.0 0.0
56724.0 6056556.0 3.1895682569620556 -0.2938609145717125 0.47750239299371033 0.0 0.0
56725.0 6056556.0 3.182651953692174 -0.25655909455373016 0.47671058378122266 0.0 0.0
56726.0 6056556.0 3.1780099366126517 -0.2122897327228838 0.4748507768101862 0.0 0.0
56727.0 6056556.0 3.171503314762089 -0.19141722439266073 0.4732818623666452 0.0 0.0
56728.0 6056556.0 3.164996692911526 -0.17054471606243768 0.4719583419317369 0.0 0.0
56729.0 6056556.0 3.149044919171687 -0.1350830336130124 0.46964998872464475 0.0 0.0
56730.0 6056556.0 3.135311556299754 -0.1105082476426962 0.4677026851905673 0.0 0.0
56731.0 6056556.0 3.121578193427821 -0.08593346167238 0.4660599595270163 0.0 0.0
56732.0 6056556.0 3.0916139302845496 -0.05395805143078383 0.4634823280015445 0.0 0.0
56733.0 6056556.0 3.0688968657061766 -0.040585310845181126 0.4613078639881175 0.0 0.0
56734.0 6056556.0 3.0461798011278036 -0.027212570259578416 0.4594735080303459 0.0 0.0
56735.0 6056556.0 3.0234627365494307 -0.013839829673975707 0.45792606380545436 0.0 0.0
56736.0 6056556.0 2.990139427135526 -0.008024291539677274 0.45622337386818623 0.0 0.0
56737.0 6056556.0 2.9568161177216217 -0.0022087534053788407 0.4543897202103608 0.0 0.0
56738.0 6056556.0 2.923492808307717 0.003606784728919593 0.45244558687590103 0.0 0.0
56739.0 6056556.0 2.891730018648123 -0.0012108919331691725 0.4508055355608424 0.0 0.0
56740.0 6056556.0 2.855334658041695 -0.006618890199886512 0.44823016008884403 0.0 0.0
56741.0 6056556.0 2.843753403889612 -0.008095033076304409 0.4460575992594221 0.0 0.0
56742.0 6056556.0 2.808235405513965 -0.012854629766690051 0.4436289264644213 0.0 0.0
56743.0 6056556.0 2.772717407138318 -0.017614226457075693 0.4409842001927866 0.0 0.0
56744.0 6056556.0 2.743309986598616 -0.01861512826363318 0.43875313572674274 0.0 0.0
56745.0 6056556.0 2.7139025660589144 -0.019616030070190665 0.43687103219677437 0.0 0.0
56746.0 6056556.0 2.68227896688166 -0.018111666096493312 0.4352833086005125 0.0 0.0
56747.0 6056556.0 2.6506553677044047 -0.01660730212279596 0.43394392095366546 0.0 0.0
56748.0 6056556.0 2.61903176852715 -0.015102938149098605 0.43281402701447474 0.0 0.0
56749.0 6056556.0 2.5879037396803906 -0.012533508583682323 0.43186085985870376 0.0 0.0
56750.0 6056556.0 2.5424891150982853 -0.01020595352086287 0.429864932950631 0.0 0.0
56751.0 6056556.0 2.516188037531612 -0.007810287946516975 0.4281811890981265 0.0 0.0
56752.0 6056556.0 2.489886959964939 -0.0054146223721710796 0.42676079972946773 0.0 0.0
56753.0 6056556.0 2.4452649773153143 -0.0006584349454636096 0.42556257355296345 0.0 0.0
56754.0 6056556.0 2.418149037243185 0.0006017603335783106 0.4245517620094951 0.0 0.0
56755.0 6056556.0 2.380437636162072 0.0004151630799942019 0.42250720687609794 0.0 0.0
56756.0 6056556.0 2.34794365047292 0.0009784595272286645 0.4207824407421076 0.0 0.0
56757.0 6056556.0 2.3154496647837677 0.001541755974463127 0.41932744538963834 0.0 0.0
56758.0 6056556.0 2.278093563430027 0.0013564628288103286 0.4181000259534686 0.0 0.0
56759.0 6056556.0 2.2521859403901328 0.0008793160585907345 0.4170645872699495 0.0 0.0
56760.0 6056556.0 2.226278317350239 0.0004021692883711403 0.4161911016172589 0.0 0.0
56761.0 6056556.0 2.192899800099301 -0.0011983465431039397 0.41545423791146885 0.0 0.0
56762.0 6056556.0 2.1631225938069694 -0.0012878327309630844 0.4148326271051114 0.0 0.0
56763.0 6056556.0 2.1342966756965818 -0.0018630215228875313 0.41371232014070003 0.0 0.0
56764.0 6056556.0 2.105470757586194 -0.0024382103148119783 0.41217131811626684 0.0 0.0
56765.0 6056556.0 2.0742876512679995 -0.0014840312859586147 0.4104740627544707 0.0 0.0
56766.0 6056556.0 2.0431045449498053 -0.0005298522571052511 0.4086449936498194 0.0 0.0
56767.0 6056556.0 2.0119214386316107 0.0004243267717481125 0.4067047277982781 0.0 0.0
56768.0 6056556.0 1.9803114725884552 0.0031536555632726004 0.4050679390528869 0.0 0.0
56769.0 6056556.0 1.9560726129880606 0.0037095723463695662 0.40368716054002945 0.0 0.0
56770.0 6056556.0 1.899144296967643 0.004777697955148652 0.40252234968283285 0.0 0.0
56771.0 6056556.0 1.8749969001074445 0.00507039540511571 0.40153972696643836 0.0 0.0
56772.0 6056556.0 1.8508495032472456 0.005363092855082768 0.40071079633207063 0.0 0.0
56773.0 6056556.0 1.810729990835914 0.005965716243979291 0.3988196741031287 0.0 0.0
56774.0 6056556.0 1.7860255529424351 0.005097163148646194 0.3972243424231775 0.0 0.0
56775.0 6056556.0 1.7613211150489563 0.004228610053313098 0.3958785366734984 0.0 0.0
56776.0 6056556.0 1.7391915944418406 0.004446768964002423 0.3935513837991466 0.0 0.0
56777.0 6056556.0 1.6957913829882385 0.003434550857128904 0.39158822105497004 0.0 0.0
56778.0 6056556.0 1.6627787946723371 0.0016000754792548366 0.38953483515865284 0.0 0.0
56779.0 6056556.0 1.6297662063564358 -0.00023439989861923083 0.38740533791920184 0.0 0.0
56780.0 6056556.0 1.5967536180405344 -0.0020688752764932983 0.38521163391667296 0.0 0.0
56781.0 6056556.0 1.5776518812712461 -0.0007363838970275843 0.3833610472977276 0.0 0.0
56782.0 6056556.0 1.5426628172043115 -0.0004645634514032909 0.3812039887063142 0.0 0.0
56783.0 6056556.0 1.507673753137377 -0.0001927430057789975 0.37878839344328186 0.0 0.0
56784.0 6056556.0 1.4889155119782504 0.0005604809767063706 0.37675062159010464 0.0 0.0
56785.0 6056556.0 1.4524819514068843 0.0013045437168244314 0.37443565541893836 0.0 0.0
56786.0 6056556.0 1.4160483908355181 0.002048606456942492 0.3718868509108192 0.0 0.0
56787.0 6056556.0 1.3847155707174266 0.0030934288744125793 0.36933942351637905 0.0 0.0
56788.0 6056556.0 1.3533827505993352 0.004138251291882666 0.36679315784117916 0.0 0.0
56789.0 6056556.0 1.3220499304812436 0.0051830737093527535 0.3642478721806387 0.0 0.0
56790.0 6056556.0 1.3029573899626756 0.003826293755910065 0.3621006948133368 0.0 0.0
56791.0 6056556.0 1.2759140757790075 0.0039570241229500425 0.36028935759562164 0.0 0.0
56792.0 6056556.0 1.2488707615953394 0.00408775448999002 0.3587613317481795 0.0 0.0
56793.0 6056556.0 1.2245278298448876 0.004329490983266418 0.3574723045214345 0.0 0.0
56794.0 6056556.0 1.194680573434558 0.004032948183083251 0.3563848941258112 0.0 0.0
56795.0 6056556.0 1.1749440745233872 0.0034243354759335904 0.3554675656598364 0.0 0.0
56796.0 6056556.0 1.1552075756122164 0.0028157227687839294 0.3546937165979968 0.0 0.0
56797.0 6056556.0 1.1354710767010459 0.002207110061634268 0.35404090531749915 0.0 0.0
56798.0 6056556.0 1.115734577789875 0.001598497354484607 0.353490200291209 0.0 0.0
56799.0 6056556.0 1.0959980788787043 0.000989884647334946 0.3530256310733638 0.0 0.0
56800.0 6056556.0 1.0638010492296013 0.0019287955112410604 0.3526337251566462 0.0 0.0
56801.0 6056556.0 1.0503930067175893 0.0020255942720172706 0.3527003988322061 0.0 0.0
56802.0 6056556.0 1.0369849642055773 0.0021223930327934812 0.3531539256366347 0.0 0.0
56803.0 6056556.0 1.0235769216935653 0.0022191917935696914 0.3539337978472605 0.0 0.0
56804.0 6056556.0 0.9992682599845968 0.0025673015050345915 0.35399576785135467 0.0 0.0
56805.0 6056556.0 0.9749595982756283 0.0029154112164994916 0.35345212277903604 0.0 0.0
56806.0 6056556.0 0.9635496467522353 0.0019701208703268996 0.35299350926730944 0.0 0.0
56807.0 6056556.0 0.9551332851272343 0.002032846711551961 0.3526066275243348 0.0 0.0
56808.0 6056556.0 0.9443831941755683 0.0017482022254128524 0.3522802579795659 0.0 0.0
56809.0 6056556.0 0.9336331032239021 0.0014635577392737437 0.3520049359162044 0.0 0.0
56810.0 6056556.0 0.9233485898347603 0.002603978006359031 0.35177267699441284 0.0 0.0
56811.0 6056556.0 0.9125249049851384 0.0034532648623111645 0.3515767457054592 0.0 0.0
56812.0 6056556.0 0.8992939071186244 0.005089086125406303 0.35260330473016815 0.0 0.0
56813.0 6056556.0 0.8925513777374632 0.0048386610273956285 0.353469299592052 0.0 0.0
56814.0 6056556.0 0.8858088483563019 0.004588235929384954 0.3541998441421053 0.0 0.0
56815.0 6056556.0 0.8779316372335209 0.004942199787431059 0.3548161241722797 0.0 0.0
56816.0 6056556.0 0.8697559816618325 0.004926379120795993 0.35533601180345015 0.0 0.0
56817.0 6056556.0 0.8615803260901442 0.0049105584541609265 0.35577458377692067 0.0 0.0
56818.0 6056556.0 0.8548039876062279 0.005372172215296702 0.3561445586799219 0.0 0.0
56819.0 6056556.0 0.8480276491223115 0.005833785976432478 0.35645666578464086 0.0 0.0
