26115.0 10801356.0 0.11764335091076661 0.004776729083717651 0.18288 -2.516863095951969 -0.5306722116665519
26116.0 10801356.0 0.13734512959603074 0.006632554004162419 0.18288 -2.516863095951969 -0.5306722116665519
26117.0 10801356.0 0.15704690828129486 0.008488378924607187 0.18288 -2.516863095951969 -0.5306722116665519
26118.0 10801356.0 0.20508817484888342 0.003302089599273972 0.18288 -2.516863095951969 -0.5306722116665519
26119.0 10801356.0 0.2280607351229664 0.003373080687629168 0.1834363227616012 -2.516863095951969 -0.5306722116665519
26120.0 10801356.0 0.2510332953970494 0.0034440717759843644 0.18425154628469156 -2.516863095951969 -0.5306722116665519
26121.0 10801356.0 0.27400585567113234 0.00351506286433956 0.18523062841519972 -2.516863095951969 -0.5306722116665519
26122.0 10801356.0 0.29697841594521535 0.0035860539526947565 0.1863346476618385 -2.516863095951969 -0.5306722116665519
26123.0 10801356.0 0.3199509762192983 0.0036570450410499528 0.18754423160062952 -2.516863095951969 -0.5306722116665519
26124.0 10801356.0 0.34292353649338125 0.003728036129405149 0.18884757003253844 -2.516863095951969 -0.5306722116665519
26125.0 10801356.0 0.36589609676746426 0.0037990272177603453 0.1902358751083726 -2.516863095951969 -0.5306722116665519
26126.0 10801356.0 0.38886865704154727 0.003870018306115541 0.19170156224489301 -2.516863095951969 -0.5306722116665519
26127.0 10801356.0 0.4118412173156302 0.003941009394470738 0.19323754562941875 -2.516863095951969 -0.5306722116665519
26128.0 10801356.0 0.4348137775897132 0.004012000482825934 0.1948370142372726 -2.516863095951969 -0.5306722116665519
26129.0 10801356.0 0.4577863378637962 0.0040829915711811295 0.19649341080130375 -2.516863095951969 -0.5306722116665519
26130.0 10801356.0 0.48075889813787914 0.004153982659536326 0.1982004851040126 -2.516863095951969 -0.5306722116665519
26131.0 10801356.0 0.5037314584119621 0.004224973747891522 0.19995236169189293 -2.516863095951969 -0.5306722116665519
26132.0 10801356.0 0.5267040186860451 0.004295964836246719 0.20174359592799576 -2.516863095951969 -0.5306722116665519
26133.0 10801356.0 0.5496765789601281 0.004366955924601915 0.2035692093302922 -2.516863095951969 -0.5306722116665519
26134.0 10801356.0 0.5820586065811597 0.004533722979320004 0.20510579706688206 -2.516863095951969 -0.5306722116665519
26135.0 10801356.0 0.6159659361106368 0.0050200096398344135 0.20639996157481033 -2.516863095951969 -0.5306722116665519
26136.0 10801356.0 0.6685615730571984 0.0029047763557681072 0.20749045569873525 -2.516863095951969 -0.5306722116665519
26137.0 10801356.0 0.7039307004582493 0.003381348751398342 0.2084096359543054 -2.516863095951969 -0.5306722116665519
26138.0 10801356.0 0.7392998278593004 0.003857921147028577 0.20918459750019522 -2.516863095951969 -0.5306722116665519
26139.0 10801356.0 0.7746689552603513 0.004334493542658812 0.20983807746020472 -2.516863095951969 -0.5306722116665519
26140.0 10801356.0 0.8100380826614022 0.004811065938289047 0.21038918467091097 -2.516863095951969 -0.5306722116665519
26141.0 10801356.0 0.8448190932882926 0.004983910274409798 0.21085399599640445 -2.516863095951969 -0.5306722116665519
26142.0 10801356.0 0.8796001039151831 0.005156754610530549 0.211246047829137 -2.516863095951969 -0.5306722116665519
26143.0 10801356.0 0.9143811145420734 0.0053295989466513 0.2115767438008781 -2.516863095951969 -0.5306722116665519
26144.0 10801356.0 0.9491621251689638 0.0055024432827720515 0.21185569457964598 -2.516863095951969 -0.5306722116665519
26145.0 10801356.0 0.9873617989509377 0.005539835028657165 0.2127721109857984 -2.516863095951969 -0.5306722116665519
26146.0 10801356.0 1.0255614727329114 0.005577226774542278 0.2142262542867998 -2.516863095951969 -0.5306722116665519
26147.0 10801356.0 1.0637611465148853 0.005614618520427391 0.2161340035190899 -2.516863095951969 -0.5306722116665519
26148.0 10801356.0 1.1019608202968592 0.005652010266312505 0.21842440435102517 -2.516863095951969 -0.5306722116665519
26149.0 10801356.0 1.140160494078833 0.0056894020121976184 0.221037605049569 -2.516863095951969 -0.5306722116665519
26150.0 10801356.0 1.1783601678608069 0.005726793758082731 0.223923117406864 -2.516863095951969 -0.5306722116665519
26151.0 10801356.0 1.2165598416427807 0.005764185503967845 0.22703835087274146 -2.516863095951969 -0.5306722116665519
26152.0 10801356.0 1.253091967603735 0.006135838714357513 0.22966631745013136 -2.516863095951969 -0.5306722116665519
26153.0 10801356.0 1.2896240935646897 0.006507491924747181 0.23188323578894632 -2.516863095951969 -0.5306722116665519
26154.0 10801356.0 1.326156219525644 0.006879145135136849 0.23375340109504256 -2.516863095951969 -0.5306722116665519
26155.0 10801356.0 1.3859663761021883 0.009187928752942207 0.23533105090823864 -2.516863095951969 -0.5306722116665519
26156.0 10801356.0 1.421007302926545 0.009073761963024049 0.23666193872159902 -2.516863095951969 -0.5306722116665519
26157.0 10801356.0 1.4598190029311133 0.006910296303684463 0.2425520465010405 -2.516863095951969 -0.5306722116665519
26158.0 10801356.0 1.504962405310978 0.007819108770027228 0.24752087894713964 -2.516863095951969 -0.5306722116665519
26159.0 10801356.0 1.5375845872437819 0.008729161785946432 0.25171253407201216 -2.516863095951969 -0.5306722116665519
26160.0 10801356.0 1.581065294495363 0.009714202720269433 0.255248570997614 -2.516863095951969 -0.5306722116665519
26161.0 10801356.0 1.618707620091243 0.00805031109860263 0.258231535469165 -2.516863095951969 -0.5306722116665519
26162.0 10801356.0 1.6713265154671038 0.008738084967687881 0.2607479338611929 -2.516863095951969 -0.5306722116665519
26163.0 10801356.0 1.7138523089564202 0.005713315764368371 0.26287074197011395 -2.516863095951969 -0.5306722116665519
26164.0 10801356.0 1.7309365710929856 0.005273717926706167 0.26466152137699694 -2.516863095951969 -0.5306722116665519
26165.0 10801356.0 1.7701289611334514 0.006725810648039926 0.27093958395110995 -2.516863095951969 -0.5306722116665519
26166.0 10801356.0 1.8286499116651536 0.003734731013308179 0.27623569413154037 -2.516863095951969 -0.5306722116665519
26167.0 10801356.0 1.8513666320125521 0.006946533291127932 0.28070343924471636 -2.516863095951969 -0.5306722116665519
26168.0 10801356.0 1.9083188006328975 0.007038476482512351 0.2844723839776815 -2.516863095951969 -0.5306722116665519
26169.0 10801356.0 1.9303322829391476 0.005106371434683982 0.2876518277749751 -2.516863095951969 -0.5306722116665519
26170.0 10801356.0 1.9737981007191217 0.002243359952705054 0.2903339745351046 -2.516863095951969 -0.5306722116665519
26171.0 10801356.0 2.023595309817355 0.002453138025560242 0.2925966065311548 -2.516863095951969 -0.5306722116665519
26172.0 10801356.0 2.056137149162919 0.0042093353442833326 0.29450534010124146 -2.516863095951969 -0.5306722116665519
26173.0 10801356.0 2.093813386330984 0.0026535304537262105 0.29611552852503875 -2.516863095951969 -0.5306722116665519
26174.0 10801356.0 2.1286686140659556 0.0006172558815864815 0.29747386727052383 -2.516863095951969 -0.5306722116665519
26175.0 10801356.0 2.1663447770445554 -0.0009381631644943267 0.3033871269305399 -2.516863095951969 -0.5306722116665519
26176.0 10801356.0 2.222481454481999 -0.001979452592460268 0.3083754932612412 -2.516863095951969 -0.5306722116665519
26177.0 10801356.0 2.2441539766661354 0.0007566744153794935 0.3125836288903348 -4.113242484253095 -0.1368982692930365
26178.0 10801356.0 2.274652155886138 -0.001024362380916355 0.31613356975353585 -4.113242484253095 -0.1368982692930365
26179.0 10801356.0 2.3051503351061404 -0.0028053991772122033 0.3191282641373608 -4.113242484253095 -0.1368982692930365
26180.0 10801356.0 2.3260288829290774 -0.0041321253881902165 0.3216545581798313 -4.113242484253095 -0.1368982692930365
26181.0 10801356.0 2.3738882980689864 -0.003053733718276025 0.3237857144087137 -4.113242484253095 -0.1368982692930365
26182.0 10801356.0 2.415908646434101 -0.0062599803534399145 0.32558353635496656 -4.113242484253095 -0.1368982692930365
26183.0 10801356.0 2.458330179317355 -0.009596974882344095 0.3318675396089746 -4.113242484253095 -0.1368982692930365
26184.0 10801356.0 2.474795234415838 -0.009482288397500566 0.33716866151092284 -4.113242484253095 -0.1368982692930365
26185.0 10801356.0 2.5338885315809296 -0.012070711969645348 0.3416406345962556 -4.113242484253095 -0.1368982692930365
26186.0 10801356.0 2.584452727664596 -0.012224548839189858 0.34541314608462026 -4.113242484253095 -0.1368982692930365
26187.0 10801356.0 2.6310612080931817 -0.012254799622190532 0.3485955988092831 -4.113242484253095 -0.1368982692930365
26188.0 10801356.0 2.672692419599258 -0.01393075226830523 0.3560476626523089 -4.113242484253095 -0.1368982692930365
26189.0 10801356.0 2.708782648345826 -0.020339340975014525 0.36233414871209585 -4.113242484253095 -0.1368982692930365
26190.0 10801356.0 2.731990612225532 -0.01833679301421834 0.36763736508444 -4.113242484253095 -0.1368982692930365
26191.0 10801356.0 2.770595587849786 -0.01867381057079545 0.37211110504417677 -4.113242484253095 -0.1368982692930365
26192.0 10801356.0 2.8116973812615713 -0.023330230354846687 0.3758851070501609 -4.113242484253095 -0.1368982692930365
26193.0 10801356.0 2.830364289947074 -0.02218131750126176 0.3790688171605795 -4.113242484253095 -0.1368982692930365
26194.0 10801356.0 2.8901102625902126 -0.0252136610220767 0.38175456296864274 -4.113242484253095 -0.1368982692930365
26195.0 10801356.0 2.933574979847278 -0.028070781217547996 0.3840202311027893 -4.113242484253095 -0.1368982692930365
26196.0 10801356.0 2.9671691454756797 -0.02852337124111462 0.38593152593891245 -4.113242484253095 -0.1368982692930365
26197.0 10801356.0 3.0089009341596213 -0.03396842036711581 0.39231125378008624 -4.113242484253095 -0.1368982692930365
26198.0 10801356.0 3.041805852330107 -0.036532014690139475 0.3976931279808763 -4.113242484253095 -0.1368982692930365
26199.0 10801356.0 3.0949955817458523 -0.035436805190995596 0.40223322289310803 -4.113242484253095 -0.1368982692930365
26200.0 10801356.0 3.132269482365899 -0.03685612592977941 0.4060632012692377 -4.113242484253095 -0.1368982692930365
26201.0 10801356.0 3.155110724154511 -0.033798113334232244 0.40929413248217383 -4.113242484253095 -0.1368982692930365
26202.0 10801356.0 3.1939582302439797 -0.030123626878822335 0.4120197135370922 -4.113242484253095 -0.1368982692930365
26203.0 10801356.0 3.2360436231484204 -0.018160558783432285 0.4143189862845858 -4.113242484253095 -0.1368982692930365
26204.0 10801356.0 3.2653763049537643 -0.011263364934023051 0.4162586296343321 -4.113242484253095 -0.1368982692930365
26205.0 10801356.0 3.294708986759108 -0.004366171084613818 0.4178948932434738 -4.113242484253095 -0.1368982692930365
26206.0 10801356.0 3.327322493014667 0.005782525413499856 0.4240426075094934 -4.113242484253095 -0.1368982692930365
26207.0 10801356.0 3.357853188857214 0.023152718171209202 0.4292287573932881 -4.113242484253095 -0.1368982692930365
26208.0 10801356.0 3.3906187765689815 0.039209520827516914 0.4336037412414879 -4.113242484253095 -0.1368982692930365
26209.0 10801356.0 3.424132230228895 0.06027898832199738 0.4372944335856908 -4.113242484253095 -0.1368982692930365
26210.0 10801356.0 3.45739434678654 0.08329960190910488 0.44040786450387864 -4.113242484253095 -0.1368982692930365
26211.0 10801356.0 3.488583552621936 0.1108516766410855 0.44303432349267896 -4.113242484253095 -0.1368982692930365
26212.0 10801356.0 3.4999198030422525 0.1265431429078808 0.44524997786276693 -4.113242484253095 -0.1368982692930365
26213.0 10801356.0 3.5337265569757417 0.17163927884252542 0.4471190815908751 -4.113242484253095 -0.1368982692930365
26214.0 10801356.0 3.567533310909231 0.21673541477717004 0.44869583868511864 -4.113242484253095 -0.1368982692930365
26215.0 10801356.0 3.584175120686906 0.2486847820772383 0.4500259751012306 -4.113242484253095 -0.1368982692930365
26216.0 10801356.0 3.6119506320804797 0.3038678598543745 0.45114806479527825 -4.113242484253095 -0.1368982692930365
26217.0 10801356.0 3.624560337418723 0.3425065532946302 0.452094648368389 -4.113242484253095 -0.1368982692930365
26218.0 10801356.0 3.6322278479499346 0.37960415837214245 0.4576605554969999 -4.113242484253095 -0.1368982692930365
26219.0 10801356.0 3.6387140289933386 0.4158023430042269 0.4623558987350238 -4.113242484253095 -0.1368982692930365
26220.0 10801356.0 3.6433176118181443 0.44759192613664944 0.4663168430363634 -4.113242484253095 -0.1368982692930365
26221.0 10801356.0 3.64792119464295 0.47938150926907197 0.46965825578575754 -4.113242484253095 -0.1368982692930365
26222.0 10801356.0 3.6519940999797056 0.5255955986199059 0.47247703795293866 -4.113242484253095 -0.1368982692930365
26223.0 10801356.0 3.656675500228954 0.5731297044067308 0.474854934220755 -4.113242484253095 -0.1368982692930365
26224.0 10801356.0 3.6607831139443974 0.6194493182550935 0.4768609035809732 -4.113242484253095 -0.1368982692930365
26225.0 10801356.0 3.66385878060007 0.6451959949229182 0.4785531191450397 -4.113242484253095 -0.1368982692930365
26226.0 10801356.0 3.669950692373689 0.7128291219058376 0.47998065516431226 -4.113242484253095 -0.1368982692930365
26227.0 10801356.0 3.672577165658822 0.7546091626548869 0.4811849101833499 -4.113242484253095 -0.1368982692930365
26228.0 10801356.0 3.6702292044339213 0.7980126951169689 0.48696818635052164 -4.113242484253095 -0.1368982692930365
26229.0 10801356.0 3.6683085879782444 0.8465334471984642 0.4918468999218585 -4.113242484253095 -0.1368982692930365
26230.0 10801356.0 3.6645546167300296 0.8962366663995917 0.49596253359092923 -4.113242484253095 -0.1368982692930365
26231.0 10801356.0 3.653791652263477 0.9380645999172937 0.49943444073413695 -4.113242484253095 -0.1368982692930365
26232.0 10801356.0 3.647727217052269 0.9766069035424874 0.5023633066586346 -4.113242484253095 -0.1368982692930365
26233.0 10801356.0 3.6294548657150782 1.0169141749001767 0.5048340684762327 -4.113242484253095 -0.1368982692930365
26234.0 10801356.0 3.6073603028630385 1.0678143006072898 0.5116857570324584 -4.113242484253095 -0.1368982692930365
26235.0 10801356.0 3.582956579804966 1.1100062631628393 0.5174657725426255 -4.113242484253095 -0.1368982692930365
26236.0 10801356.0 3.556347950928444 1.1454418899489296 0.5223417354565286 -4.113242484253095 -0.1368982692930365
26237.0 10801356.0 3.5297396145852042 1.1808776094210651 0.5264550486986711 -4.113242484253095 -0.1368982692930365
26238.0 10801356.0 3.498317778543635 1.2178846786285538 0.529924998353075 -4.113242484253095 -0.1368982692930365
26239.0 10801356.0 3.4604824192346726 1.2461215484530566 0.5328522129597182 -4.113242484253095 -0.1368982692930365
26240.0 10801356.0 3.4304069325785616 1.2722929873467799 0.5305542029893763 -4.113242484253095 -0.1368982692930365
26241.0 10801356.0 3.387812317916377 1.296827358182629 0.5286156249057263 -4.113242484253095 -0.1368982692930365
26242.0 10801356.0 3.3452177032541925 1.3213617290184783 0.5269802599443424 -4.113242484253095 -0.1368982692930365
26243.0 10801356.0 3.2773514498292187 1.3541462964907598 0.5256006825213444 -4.113242484253095 -0.1368982692930365
26244.0 10801356.0 3.2552886876919294 1.3613486607460445 0.5244368848914653 -4.113242484253095 -0.1368982692930365
26245.0 10801356.0 3.23322592555464 1.3685510250013295 0.5234551169234388 -4.113242484253095 -0.1368982692930365
26246.0 10801356.0 3.1842868133608784 1.3845275020427312 0.522626907346192 -4.113242484253095 -0.1368982692930365
26247.0 10801356.0 3.122633962340567 1.3996318143470265 0.5219282380819847 -4.113242484253095 -0.1368982692930365
26248.0 10801356.0 3.067246247105788 1.4067335247322945 0.521338847722155 -4.113242484253095 -0.1368982692930365
26249.0 10801356.0 3.0167219741742892 1.4178551155370513 0.5208416439462678 -4.113242484253095 -0.1368982692930365
26250.0 10801356.0 2.969494868864639 1.4227605490010686 0.5204222078448223 -4.113242484253095 -0.1368982692930365
26251.0 10801356.0 2.9209609213734886 1.427742514524617 0.5200683757708767 -4.113242484253095 -0.1368982692930365
26252.0 10801356.0 2.868277701058907 1.4336122920066885 0.5197698865942866 -4.113242484253095 -0.1368982692930365
26253.0 10801356.0 2.821276314017245 1.4337722027195963 0.5195180841289307 -4.113242484253095 -0.1368982692930365
26254.0 10801356.0 2.777032376583274 1.4423776242000996 0.5193056661033139 -4.113242484253095 -0.1368982692930365
26255.0 10801356.0 2.726649435849029 1.4430581739141426 0.5191264723946931 -4.113242484253095 -0.1368982692930365
26256.0 10801356.0 2.6537338367334655 1.4508631533242478 0.5189753063855185 -4.113242484253095 -0.1368982692930365
26257.0 10801356.0 2.608465168119404 1.4536127442012086 0.5188477842615239 -4.113242484253095 -0.1368982692930365
26258.0 10801356.0 2.568802937188969 1.4572187009310917 0.5187402078811134 -4.113242484253095 -0.1368982692930365
26259.0 10801356.0 2.5233774954136914 1.4649264914258613 0.5186494575292553 -4.113242484253095 -0.1368982692930365
26260.0 10801356.0 2.4584499412320366 1.4700080512088993 0.5138055226929286 -4.113242484253095 -0.1368982692930365
26261.0 10801356.0 2.4125073700803377 1.4761331024894293 0.5097192280146968 -4.113242484253095 -0.1368982692930365
26262.0 10801356.0 2.388893620200061 1.4785878387411313 0.5062720709488913 -4.113242484253095 -0.1368982692930365
26263.0 10801356.0 2.3652798703197844 1.4810425749928335 0.5033640839406036 -4.113242484253095 -0.1368982692930365
26264.0 10801356.0 2.31210907020881 1.4797158121645153 0.5009109353665935 -4.113242484253095 -0.1368982692930365
26265.0 10801356.0 2.2434470218323384 1.488588995902855 0.4988414839182145 -4.113242484253095 -0.1368982692930365
26266.0 10801356.0 2.2202184646757503 1.4854277674551657 0.4970957155034637 -4.113242484253095 -0.1368982692930365
26267.0 10801356.0 2.1457508052388317 1.4884876780066942 0.4956230028383134 -4.113242484253095 -0.1368982692930365
26268.0 10801356.0 2.1032676996756394 1.4916155937721338 0.49438063725547415 -4.113242484253095 -0.1368982692930365
26269.0 10801356.0 2.0572559303896747 1.4975318313336676 0.4933325901530437 -4.113242484253095 -0.1368982692930365
26270.0 10801356.0 2.012315467613143 1.495855372691686 0.4924484681650515 -4.113242484253095 -0.1368982692930365
26271.0 10801356.0 1.9646393506740891 1.4993952215355801 0.49170263175384576 -4.113242484253095 -0.1368982692930365
26272.0 10801356.0 1.9374336192679482 1.4976507359594609 0.4910734516635016 -4.113242484253095 -0.1368982692930365
26273.0 10801356.0 1.8737775922970952 1.5025557030459702 0.4905426816713989 -4.113242484253095 -0.1368982692930365
26274.0 10801356.0 1.8316608714062925 1.5054486579783188 0.49009492944776684 -4.113242484253095 -0.1368982692930365
26275.0 10801356.0 1.7712778262688262 1.503794590014667 0.48971721017812 -4.113242484253095 -0.1368982692930365
26276.0 10801356.0 1.7275107083956545 1.5073440790593347 0.4893985700036386 -4.113242484253095 -0.1368982692930365
26277.0 10801356.0 1.6914453024473934 1.5083778433643955 0.4891297683592628 -4.113242484253095 -0.1368982692930365
26278.0 10801356.0 1.6474099211657376 1.506758293358511 0.48890300999730557 -4.113242484253095 -0.1368982692930365
26279.0 10801356.0 1.6000782125359305 1.5113561964106372 0.4887117189252702 -4.113242484253095 -0.1368982692930365
26280.0 10801356.0 1.5336845529860634 1.5065272481695615 0.48855034770206773 -4.113242484253095 -0.1368982692930365
26281.0 10801356.0 1.5076290775786156 1.509665629690402 0.48841421656222517 -4.113242484253095 -0.1368982692930365
26282.0 10801356.0 1.4451466513547206 1.5072980426879021 0.4930667564555041 -4.113242484253095 -0.1368982692930365
26283.0 10801356.0 1.403530328786109 1.506291436053829 0.4922242135331757 -4.113242484253095 -0.1368982692930365
26284.0 10801356.0 1.359895536057356 1.5045426106097153 0.4915134528033094 -4.113242484253095 -0.1368982692930365
26285.0 10801356.0 1.3107572722193683 1.5022556389028596 0.49091386220473904 -4.113242484253095 -0.1368982692930365
26286.0 10801356.0 1.2864595022145053 1.5033017719628035 0.49040805361010614 -4.113242484253095 -0.1368982692930365
26287.0 10801356.0 1.2621617322096426 1.5043479050227475 0.48998135857016634 -4.113242484253095 -0.1368982692930365
26288.0 10801356.0 1.210879631635629 1.5022947204082202 0.48962140292876133 -4.113242484253095 -0.1368982692930365
26289.0 10801356.0 1.1610894996578458 1.5020909161004559 0.49408512672510735 -4.113242484253095 -0.1368982692930365
26290.0 10801356.0 1.1174475738646785 1.5054861893189642 0.49785067919648146 -4.113242484253095 -0.1368982692930365
26291.0 10801356.0 1.0778723799659318 1.5055667727524347 0.5010272613645536 -4.113242484253095 -0.1368982692930365
26292.0 10801356.0 1.0296086337246793 1.5073184428703532 0.5037069941121977 -4.113242484253095 -0.1368982692930365
26293.0 10801356.0 0.9854669866374413 1.5037512311920822 0.5059675896890955 -4.113242484253095 -0.1368982692930365
26294.0 10801356.0 0.9369720769148999 1.5037097560007124 0.5078746053669771 -4.113242484253095 -0.1368982692930365
26295.0 10801356.0 0.8963335401153159 1.5070594732396327 0.5094833446005012 -4.113242484253095 -0.1368982692930365
26296.0 10801356.0 0.8456025871451676 1.506697830377731 0.5108404608274396 -4.113242484253095 -0.1368982692930365
26297.0 10801356.0 0.7968900189118673 1.5070788533897987 0.5119853104183738 -4.113242484253095 -0.1368982692930365
26298.0 10801356.0 0.7527149846772918 1.5050426259467173 0.5129510940114409 -4.113242484253095 -0.1368982692930365
26299.0 10801356.0 0.7054166369811048 1.5097520670699656 0.5137658193308398 -4.113242484253095 -0.1368982692930365
26300.0 10801356.0 0.6584335120500844 1.508634109047238 0.514453113410833 -4.113242484253095 -0.1368982692930365
26301.0 10801356.0 0.6128494532265141 1.5079938156985513 0.5150329077797404 -4.113242484253095 -0.1368982692930365
26302.0 10801356.0 0.5640442028565593 1.5078224409271008 0.5155220164742602 -4.113242484253095 -0.1368982692930365
26303.0 10801356.0 0.5204078606963687 1.5060787726079519 0.5159346236465336 -4.113242484253095 -0.1368982692930365
26304.0 10801356.0 0.45660006186697266 1.51081159141835 0.5162826949045565 -4.113242484253095 -0.1368982692930365
26305.0 10801356.0 0.4127228555200056 1.5091472520967968 0.5165763243148115 -4.113242484253095 -0.1368982692930365
26306.0 10801356.0 0.36041389287887404 1.5137441641463982 0.516824027130196 -4.113242484253095 -0.1368982692930365
26307.0 10801356.0 0.3354533922761876 1.5120891494090154 0.5170329867323563 -4.113242484253095 -0.1368982692930365
26308.0 10801356.0 0.31049289167350114 1.5104341346716326 0.5172092629497549 -4.113242484253095 -0.1368982692930365
26309.0 10801356.0 0.2713978780357287 1.5103618727844383 0.5221253465455132 -4.113242484253095 -0.1368982692930365
26310.0 10801356.0 0.21915602827605385 1.5135358376080896 0.5262725051910915 -4.113242484253095 -0.1368982692930365
26311.0 10801356.0 0.17263348118687616 1.5151910563334106 0.5297710064872113 -4.113242484253095 -0.1368982692930365
26312.0 10801356.0 0.12138357409951661 1.513251292670608 0.5327223069714603 -4.113242484253095 -0.1368982692930365
26313.0 10801356.0 0.06830473020336125 1.5165830786754397 0.5352119943578816 -4.113242484253095 -0.1368982692930365
26314.0 10801356.0 0.024765026126877032 1.520301745368742 0.5373122695806815 -4.113242484253095 -0.1368982692930365
26315.0 10801356.0 -0.019961789593852308 1.5182165829493905 0.5390840406213211 -4.113242484253095 -0.1368982692930365
26316.0 10801356.0 -0.06838419174503907 1.523298384984569 0.5405786888399791 -4.113242484253095 -0.1368982692930365
26317.0 10801356.0 -0.11814893537433035 1.5275341942444294 0.5418395590349965 -4.113242484253095 -0.1368982692930365
26318.0 10801356.0 -0.1664041776217866 1.5282391268789388 0.5429032164420288 -4.113242484253095 -0.1368982692930365
26319.0 10801356.0 -0.2154523396485295 1.527334254164921 0.5438005071258799 -4.113242484253095 -0.1368982692930365
26320.0 10801356.0 -0.2377606111133137 1.5297209229921551 0.5445574525163815 -4.113242484253095 -0.1368982692930365
26321.0 10801356.0 -0.3111860915538063 1.5265054753598093 0.5451960040298582 -4.113242484253095 -0.1368982692930365
26322.0 10801356.0 -0.35531109853654796 1.5300672134862803 0.5457346796602008 -4.113242484253095 -0.1368982692930365
26323.0 10801356.0 -0.40564778837915294 1.5254956062695422 0.5461891010006892 -4.113242484253095 -0.1368982692930365
26324.0 10801356.0 -0.44921224896106127 1.528056753316142 0.5465724462701975 -4.113242484253095 -0.1368982692930365
26325.0 10801356.0 -0.5153313730501974 1.528179105219426 0.5468958324815416 -4.113242484253095 -0.1368982692930365
26326.0 10801356.0 -0.5670789473132838 1.5233688402049108 0.5471686378348504 -4.113242484253095 -0.1368982692930365
26327.0 10801356.0 -0.6044865282249352 1.5237132173791639 0.5473987736853698 -4.113242484253095 -0.1368982692930365
26328.0 10801356.0 -0.6418941091365867 1.5240575945534167 0.547592913972765 -4.113242484253095 -0.1368982692930365
26329.0 10801356.0 -0.6767830552434466 1.5212419116020386 0.5477566887653703 -4.113242484253095 -0.1368982692930365
26330.0 10801356.0 -0.7116720013503064 1.5184262286506607 0.5478948475321714 -4.113242484253095 -0.1368982692930365
26331.0 10801356.0 -0.7733532417658742 1.5199035625093253 0.5480113968774055 -4.113242484253095 -0.1368982692930365
26332.0 10801356.0 -0.8247348977794908 1.5148584389603859 0.5481097167320844 -4.113242484253095 -0.1368982692930365
26333.0 10801356.0 -0.8822503531945574 1.5100670858203225 0.5481926583719937 -4.113242484253095 -0.1368982692930365
26334.0 10801356.0 -0.9377900593534383 1.5086024551795696 0.5434952483518739 -4.113242484253095 -0.1368982692930365
26335.0 10801356.0 -0.9588292370211864 1.508356261525041 0.5395325605339585 -4.113242484253095 -0.1368982692930365
26336.0 10801356.0 -1.037378548389092 1.508225346704448 0.5361896769715279 -4.113242484253095 -0.1368982692930365
26337.0 10801356.0 -1.0825484850499725 1.5113151724314238 0.5333696540412715 -4.113242484253095 -0.1368982692930365
26338.0 10801356.0 -1.1101590667499301 1.509713552845586 0.5309907110782119 -4.113242484253095 -0.1368982692930365
26339.0 10801356.0 -1.1636887298733287 1.5116824500399948 0.5289838587364206 -4.113242484253095 -0.1368982692930365
26340.0 10801356.0 -1.222674863348958 1.5146186159462574 0.5272908982979855 -4.113242484253095 -0.1368982692930365
26341.0 10801356.0 -1.2647954206558338 1.5175299826773583 0.5258627339101919 -4.113242484253095 -0.1368982692930365
26342.0 10801356.0 -1.3135695993729468 1.5174770681883294 0.5246579488057939 -4.113242484253095 -0.1368982692930365
26343.0 10801356.0 -1.3982232579032934 1.5236696870654571 0.5236416042167639 -4.113242484253095 -0.1368982692930365
26344.0 10801356.0 -1.452183967217333 1.5297542048191377 0.5227842261500201 -4.113242484253095 -0.1368982692930365
26345.0 10801356.0 -1.4976041712574337 1.5347978555823047 0.5220609506416268 -4.113242484253095 -0.1368982692930365
26346.0 10801356.0 -1.5291549197004493 1.5367651473896902 0.5214508027018407 -4.113242484253095 -0.1368982692930365
26347.0 10801356.0 -1.5607056681434646 1.5387324391970756 0.520936088040408 -4.113242484253095 -0.1368982692930365
26348.0 10801356.0 -1.6185285168634762 1.5463153336850615 0.5205018799321472 -4.113242484253095 -0.1368982692930365
26349.0 10801356.0 -1.6558957277464557 1.550186052155347 0.5201355863419187 -4.113242484253095 -0.1368982692930365
26350.0 10801356.0 -1.693262938629435 1.5540567706256325 0.5198265847556057 -4.113242484253095 -0.1368982692930365
26351.0 10801356.0 -1.7369650401511751 1.5578387674857421 0.5195659141272053 -4.113242484253095 -0.1368982692930365
26352.0 10801356.0 -1.7760922127599856 1.5617600187163145 0.5193460150084939 -4.113242484253095 -0.1368982692930365
26353.0 10801356.0 -1.8168908972186413 1.5676304716112328 0.5191605103250287 -4.113242484253095 -0.1368982692930365
26354.0 10801356.0 -1.8661705436854221 1.5673959719409674 0.5190040204409895 -4.113242484253095 -0.1368982692930365
