36708.0 11120911.0 2.1464016321973975 4.873367361692584 0.62865 -1.6194615297760395 1.269535573024817
36709.0 11120911.0 2.1306210585014185 4.8250746949823276 0.6248777119440954 -1.6194615297760395 1.269535573024817
36710.0 11120911.0 2.115659543750356 4.7711402665230445 0.6238971663920646 -1.6194615297760395 1.269535573024817
36711.0 11120911.0 2.100698028999293 4.717205838063762 0.6228994071710302 -1.6194615297760395 1.269535573024817
36712.0 11120911.0 2.0857365142482305 4.66327140960448 0.6218660466293005 -1.6194615297760395 1.269535573024817
36713.0 11120911.0 2.070774999497168 4.609336981145197 0.6207862532948062 -1.6194615297760395 1.269535573024817
36714.0 11120911.0 2.0676016529476144 4.599625668914191 0.6200471932713167 -1.6194615297760395 1.269535573024817
36715.0 11120911.0 2.064428306398061 4.589914356683186 0.6195069344806734 -1.6194615297760395 1.269535573024817
36716.0 11120911.0 2.0370754412002583 4.506207074669178 0.6177198145463072 -1.6194615297760395 1.269535573024817
36717.0 11120911.0 2.022622920014527 4.461978389333681 0.6163139707694104 -1.6194615297760395 1.269535573024817
36718.0 11120911.0 2.0124301178160717 4.414488507246986 0.6139037372357335 -1.6194615297760395 1.269535573024817
36719.0 11120911.0 1.9981845859330942 4.370893164938755 0.6131949907426014 -1.6194615297760395 1.269535573024817
36720.0 11120911.0 1.988854198151126 4.326042206166154 0.6126116830411188 -1.6194615297760395 1.269535573024817
36721.0 11120911.0 1.9736860112087753 4.276906923360092 0.6109047700013827 -1.6194615297760395 1.269535573024817
36722.0 11120911.0 1.9588455189761256 4.234206977691621 0.6094826460367626 -1.6194615297760395 1.269535573024817
36723.0 11120911.0 1.949411779547542 4.189039318722812 0.6082935212808739 -1.6194615297760395 1.269535573024817
36724.0 11120911.0 1.9352008052428686 4.145549530604019 0.6072966761391448 -1.6194615297760395 1.269535573024817
36725.0 11120911.0 1.9206535445936306 4.098314284283816 0.6064595000559425 -1.6194615297760395 1.269535573024817
36726.0 11120911.0 1.9115562158826966 4.05689206034569 0.6045579641480749 -1.6194615297760395 1.269535573024817
36727.0 11120911.0 1.8965950889544614 4.0083901146982015 0.6029574737304219 -1.6194615297760395 1.269535573024817
36728.0 11120911.0 1.8725192815816465 3.934710817764084 0.60041475954224 -1.6194615297760395 1.269535573024817
36729.0 11120911.0 1.8615008626403475 3.8863224899366986 0.5982722074446929 -1.6194615297760395 1.269535573024817
36730.0 11120911.0 1.8548421152614387 3.8643148001258356 0.5964662448618708 -1.6194615297760395 1.269535573024817
36731.0 11120911.0 1.8448027998474048 3.8261211232786607 0.5943471947987099 -1.6194615297760395 1.269535573024817
36732.0 11120911.0 1.8347634844333711 3.7879274464314863 0.59196403134355 -1.6194615297760395 1.269535573024817
36733.0 11120911.0 1.8205181188234494 3.744332098959038 0.5899542090922126 -1.6194615297760395 1.269535573024817
36734.0 11120911.0 1.8063762314649492 3.7010534278081693 0.5870668787000825 -1.6194615297760395 1.269535573024817
36735.0 11120911.0 1.7953947472268885 3.6660883423546955 0.5846315181357992 -1.6194615297760395 1.269535573024817
36736.0 11120911.0 1.7784077152680542 3.5978034260136313 0.5825772899417049 -1.6194615297760395 1.269535573024817
36737.0 11120911.0 1.767378880265248 3.5613350489051188 0.5808444942517766 -1.6194615297760395 1.269535573024817
36738.0 11120911.0 1.7563892983762708 3.5127621009787733 0.5793828036093127 -1.6194615297760395 1.269535573024817
36739.0 11120911.0 1.7453997164872934 3.4641891530524274 0.5781497831353212 -1.6194615297760395 1.269535573024817
36740.0 11120911.0 1.7365126843037775 3.4261252479879216 0.5771096477122838 -1.6194615297760395 1.269535573024817
36741.0 11120911.0 1.7276256521202613 3.388061342923416 0.5762322168902134 -1.6194615297760395 1.269535573024817
36742.0 11120911.0 1.7187386199367454 3.34999743785891 0.575492035256427 -1.6194615297760395 1.269535573024817
36743.0 11120911.0 1.7044934161208625 3.3064020716923674 0.5760594937946115 -1.6194615297760395 1.269535573024817
36744.0 11120911.0 1.6961577582608054 3.2580718308757057 0.5765381927731774 -1.6194615297760395 1.269535573024817
36745.0 11120911.0 1.6830286628990379 3.213001906931173 0.5769420164127478 -1.6194615297760395 1.269535573024817
36746.0 11120911.0 1.6698995675372703 3.1679319829866404 0.5772826767696613 -1.6194615297760395 1.269535573024817
36747.0 11120911.0 1.664528764242582 3.1270446113349566 0.5763782045161236 -1.6194615297760395 1.269535573024817
36748.0 11120911.0 1.6452823659178049 3.0681433417421 0.5756152021883705 -1.6194615297760395 1.269535573024817
36749.0 11120911.0 1.6372639880628461 3.0273032985290067 0.574971541921638 -1.6194615297760395 1.269535573024817
36750.0 11120911.0 1.627590068930838 2.9813964663668577 0.574428557089569 -1.6194615297760395 1.269535573024817
36751.0 11120911.0 1.6148281764703407 2.942340060032044 0.5739705008447 -1.6194615297760395 1.269535573024817
36752.0 11120911.0 1.6067490588058453 2.909464194983241 0.5735840893834337 -1.6194615297760395 1.269535573024817
36753.0 11120911.0 1.59866994114135 2.8765883299344375 0.5732581166698377 -1.6194615297760395 1.269535573024817
36754.0 11120911.0 1.5891253685758058 2.8337936139671047 0.5729831294330495 -1.6194615297760395 1.269535573024817
36755.0 11120911.0 1.5795807960102615 2.7909988979997724 0.5727511530058808 -1.6194615297760395 1.269535573024817
36756.0 11120911.0 1.5669569443302525 2.75236471187967 0.5713636151510131 -1.6194615297760395 1.269535573024817
36757.0 11120911.0 1.54971925783126 2.707761119600758 0.5701931022787824 -1.6194615297760395 1.269535573024817
36758.0 11120911.0 1.536949431282932 2.6605293612953416 0.5692056694586392 -1.6194615297760395 1.269535573024817
36759.0 11120911.0 1.52118686591275 2.6122894183342766 0.568372681104427 -1.6194615297760395 1.269535573024817
36760.0 11120911.0 1.5062600602523193 2.5747582273777967 0.5676699805332387 -1.6194615297760395 1.269535573024817
36761.0 11120911.0 1.4943525671482991 2.5301654104602327 0.5670771894161222 -1.6194615297760395 1.269535573024817
36762.0 11120911.0 1.4832808331171838 2.4962813436095295 0.5665771168032442 -1.6194615297760395 1.269535573024817
36763.0 11120911.0 1.474236165231559 2.460449820479764 0.5661552605843665 -1.6194615297760395 1.269535573024817
36764.0 11120911.0 1.4564465395070596 2.4141573514226917 0.5657993869264615 -1.6194615297760395 1.269535573024817
36765.0 11120911.0 1.443822695702377 2.375523189271286 0.5654991754918408 -1.6194615297760395 1.269535573024817
36766.0 11120911.0 1.4296122495443504 2.332033370336719 0.5652459201479345 -1.6194615297760395 1.269535573024817
36767.0 11120911.0 1.4115466358255628 2.2848964695068625 0.5650322764891894 -1.6194615297760395 1.269535573024817
36768.0 11120911.0 1.397964878041079 2.251482094106693 0.5636602041574011 -1.6194615297760395 1.269535573024817
36769.0 11120911.0 1.3837544050852042 2.2079922938879286 0.5625027377485675 -1.6194615297760395 1.269535573024817
36770.0 11120911.0 1.3647307895331586 2.1660752132692935 0.5627181554258784 -1.6194615297760395 1.269535573024817
36771.0 11120911.0 1.34180850313278 2.123095492950813 0.5617080349208666 -1.6194615297760395 1.269535573024817
36772.0 11120911.0 1.3163081275588122 2.0695090454774494 0.5608559074291941 -1.6194615297760395 1.269535573024817
36773.0 11120911.0 1.2924710594269753 2.0291648278054333 0.560137061253349 -1.6194615297760395 1.269535573024817
36774.0 11120911.0 1.2686338776146742 1.9888206653002862 0.5595306498540795 -1.6194615297760395 1.269535573024817
36775.0 11120911.0 1.250805116591431 1.9621097713043407 0.5590190873007156 -1.6194615297760395 1.269535573024817
36776.0 11120911.0 1.2329763555681874 1.9353988773083954 0.5585875382791547 -1.6194615297760395 1.269535573024817
36777.0 11120911.0 1.2023307671753825 1.8966369755133021 0.5582234878677388 -1.6194615297760395 1.269535573024817
36778.0 11120911.0 1.1716851787825775 1.8578750737182088 0.557916378604517 -1.6194615297760395 1.269535573024817
36779.0 11120911.0 1.1449206814972224 1.8259645944046925 0.557657304320844 -1.6194615297760395 1.269535573024817
36780.0 11120911.0 1.1110436156254262 1.7891349776216872 0.5574387518624863 -1.6194615297760395 1.269535573024817
36781.0 11120911.0 1.0791308909077562 1.7566871573028862 0.557254383208147 -1.6194615297760395 1.269535573024817
36782.0 11120911.0 1.0399978053955183 1.7265988681057611 0.5570988516668478 -1.6194615297760395 1.269535573024817
36783.0 11120911.0 0.9985099723226171 1.6920228857734319 0.5581594915121154 -1.6194615297760395 1.269535573024817
36784.0 11120911.0 0.9614371654635585 1.6709583625635092 0.5590542366112231 -1.6194615297760395 1.269535573024817
36785.0 11120911.0 0.9195683845914622 1.6460871079752797 0.5598090345720494 -1.6194615297760395 1.269535573024817
36786.0 11120911.0 0.8771129194927132 1.6194216297701611 0.5604457745354612 -1.6194615297760395 1.269535573024817
36787.0 11120911.0 0.831577298583406 1.5969173054011887 0.5609829219603989 -1.6194615297760395 1.269535573024817
36788.0 11120911.0 0.7699794090353346 1.5741714928832884 0.5626278988103949 -1.6194615297760395 1.269535573024817
36789.0 11120911.0 0.7440913350918971 1.5612521956363519 0.5640155847258891 -1.6194615297760395 1.269535573024817
36790.0 11120911.0 0.6707974100354128 1.5369552637619468 0.5651862225984322 -1.6194615297760395 1.269535573024817
36791.0 11120911.0 0.6299700107673463 1.5234277789084134 0.5661737609263288 -1.6194615297760395 1.269535573024817
36792.0 11120911.0 0.5970071068119528 1.5156251099177571 0.5676027606651908 -1.6194615297760395 1.269535573024817
36793.0 11120911.0 0.5640442028565593 1.5078224409271008 0.569404172807445 -1.6194615297760395 1.269535573024817
36794.0 11120911.0 0.5224181945721531 1.4986455144313438 0.5709238259611146 -1.6194615297760395 1.269535573024817
36795.0 11120911.0 0.4700221915319757 1.4850444352645953 0.572205790067656 -1.6194615297760395 1.269535573024817
36796.0 11120911.0 0.42917648854929746 1.4768980369547426 0.5732872420861593 -1.6194615297760395 1.269535573024817
36797.0 11120911.0 0.381998957440422 1.4656808719722714 0.5730076994369566 -1.6194615297760395 1.269535573024817
36798.0 11120911.0 0.3417033234193607 1.4575887394245386 0.5739637247596301 -1.6194615297760395 1.269535573024817
36799.0 11120911.0 0.30183364895153286 1.4513436969635884 0.5735783734121285 -1.6194615297760395 1.269535573024817
36800.0 11120911.0 0.2523607138443147 1.4494062630875315 0.5732532948935786 -1.6194615297760395 1.269535573024817
36801.0 11120911.0 0.21636579614006796 1.4430634405245595 0.5723831395828403 -1.6194615297760395 1.269535573024817
36802.0 11120911.0 0.18037087843582122 1.4367206179615877 0.5710531629759023 -1.6194615297760395 1.269535573024817
36803.0 11120911.0 0.13574745944965816 1.4349511200587843 0.5699312080952654 -1.6194615297760395 1.269535573024817
36804.0 11120911.0 0.09429254995324654 1.4263044382646484 0.5689847382493913 -1.6194615297760395 1.269535573024817
36805.0 11120911.0 0.04413321825813343 1.4263451416566937 0.5681863058127496 -1.6194615297760395 1.269535573024817
36806.0 11120911.0 -0.0007079010599806423 1.424998065508611 0.5663209115564733 -1.6194615297760395 1.269535573024817
36807.0 11120911.0 -0.05034554744708353 1.4198449864350169 0.5635554390471306 -1.6194615297760395 1.269535573024817
36808.0 11120911.0 -0.09236158999871036 1.4230660282175054 0.5612225142701547 -1.6194615297760395 1.269535573024817
36809.0 11120911.0 -0.15634987481961393 1.421553735655116 0.558062637718809 -1.6194615297760395 1.269535573024817
36810.0 11120911.0 -0.20181079306055794 1.419943096668832 0.5542051529731046 -1.6194615297760395 1.269535573024817
36811.0 11120911.0 -0.24617103553130826 1.4184401901710981 0.549759172975416 -1.6194615297760395 1.269535573024817
36812.0 11120911.0 -0.2866235192521467 1.415309365727742 0.5460085889940144 -1.6194615297760395 1.269535573024817
36813.0 11120911.0 -0.31065680633277737 1.413236284901298 0.5422487117493372 -1.6194615297760395 1.269535573024817
36814.0 11120911.0 -0.33469009341340805 1.4111632040748538 0.5384809948012886 -1.6194615297760395 1.269535573024817
36815.0 11120911.0 -0.380317254555812 1.404700857215413 0.5353025867024774 -1.6194615297760395 1.269535573024817
36816.0 11120911.0 -0.44511377512986905 1.3885002086488916 0.5314294689298338 -1.6194615297760395 1.269535573024817
36817.0 11120911.0 -0.4875152374239682 1.3756092572126317 0.5269703010679512 -1.6194615297760395 1.269535573024817
36818.0 11120911.0 -0.5207121284038114 1.360993919933555 0.5232085919370391 -1.6194615297760395 1.269535573024817
36819.0 11120911.0 -0.5506739738627784 1.3481249221848042 0.518843407284097 -1.6194615297760395 1.269535573024817
36820.0 11120911.0 -0.5894030040670184 1.3285422707430647 0.5151609814423935 -1.6194615297760395 1.269535573024817
36821.0 11120911.0 -0.6233754199244976 1.3077548603674736 0.5108626793743154 -1.6194615297760395 1.269535573024817
36822.0 11120911.0 -0.6723877524482709 1.269219395327122 0.5072366750080923 -1.6194615297760395 1.269535573024817
36823.0 11120911.0 -0.6854120919014313 1.254375666715415 0.5035818918730018 -1.6194615297760395 1.269535573024817
36824.0 11120911.0 -0.6984364313545917 1.2395319381037078 0.49990283125812635 -1.6194615297760395 1.269535573024817
36825.0 11120911.0 -0.7262763760197837 1.2076262001777234 0.4967992127497365 -1.6194615297760395 1.269535573024817
36826.0 11120911.0 -0.7509689391200614 1.181000450242175 0.4929891867228848 -1.6194615297760395 1.269535573024817
36827.0 11120911.0 -0.7839884045550878 1.1316273587058465 0.4885832424227925 -1.6194615297760395 1.269535573024817
36828.0 11120911.0 -0.8066631885788644 1.0948780712962305 0.48367458746475694 -1.6194615297760395 1.269535573024817
36829.0 11120911.0 -0.820969009888675 1.067426201984804 0.47834185085499514 -1.6194615297760395 1.269535573024817
36830.0 11120911.0 -0.8399183841902793 1.009479606873063 0.4738432079200282 -1.6194615297760395 1.269535573024817
36831.0 11120911.0 -0.8526203316463692 0.9706374478343144 0.47004819801474207 -1.6194615297760395 1.269535573024817
36832.0 11120911.0 -0.8666423520168236 0.9304744252517864 0.46565492116367924 -1.6194615297760395 1.269535573024817
36833.0 11120911.0 -0.8739350471732432 0.8891623502873701 0.4607569523381589 -1.6194615297760395 1.269535573024817
36834.0 11120911.0 -0.8824442098715182 0.8468460451057022 0.45662507513044515 -1.6194615297760395 1.269535573024817
36835.0 11120911.0 -0.8915746016225021 0.8026298387910665 0.4531394651015143 -1.6194615297760395 1.269535573024817
36836.0 11120911.0 -0.8979091483101542 0.7669631211923436 0.44900719487232316 -1.6194615297760395 1.269535573024817
36837.0 11120911.0 -0.8991655659851369 0.7454671486697573 0.4449253309503272 -1.6194615297760395 1.269535573024817
36838.0 11120911.0 -0.9004219836601195 0.7239711761471711 0.4408859892817887 -1.6194615297760395 1.269535573024817
36839.0 11120911.0 -0.9016841347399973 0.671223360179115 0.437478441302422 -1.6194615297760395 1.269535573024817
36840.0 11120911.0 -0.8976930375991299 0.630193909766021 0.43341202343262136 -1.6194615297760395 1.269535573024817
36841.0 11120911.0 -0.8997029687100866 0.5958003023230474 0.42998163424236674 -1.6194615297760395 1.269535573024817
36842.0 11120911.0 -0.8906372503054791 0.5393248560223538 0.4258959477569365 -1.6194615297760395 1.269535573024817
36843.0 11120911.0 -0.8900689860946178 0.5030367075770432 0.42244930375645745 -1.6194615297760395 1.269535573024817
36844.0 11120911.0 -0.8786943778841367 0.46041089560629245 0.4183499048767114 -1.6194615297760395 1.269535573024817
36845.0 11120911.0 -0.8684582397002689 0.4251675810568323 0.41489169323839 -1.6194615297760395 1.269535573024817
36846.0 11120911.0 -0.8586921459183945 0.3898443565864095 0.4119743807039819 -1.6194615297760395 1.269535573024817
36847.0 11120911.0 -0.8432745822803349 0.3527900824598802 0.40832152052178505 -1.6194615297760395 1.269535573024817
36848.0 11120911.0 -0.8320161620921083 0.3293636048390935 0.40524000443471997 -1.6194615297760395 1.269535573024817
36849.0 11120911.0 -0.8207577419038816 0.3059371272183068 0.4026404684762617 -1.6194615297760395 1.269535573024817
36850.0 11120911.0 -0.8035001310879086 0.2734221844352257 0.4004475261036151 -1.6194615297760395 1.269535573024817
36851.0 11120911.0 -0.793888514312916 0.2539225213852421 0.3985975819879733 -1.6194615297760395 1.269535573024817
36852.0 11120911.0 -0.7641388108322831 0.21451918817592316 0.3958451430617785 -1.6194615297760395 1.269535573024817
36853.0 11120911.0 -0.740929068596712 0.19314392056337384 0.392331368596171 -1.6194615297760395 1.269535573024817
36854.0 11120911.0 -0.716105687876841 0.16855398381099582 0.3881753391316483 -1.6194615297760395 1.269535573024817
36855.0 11120911.0 -0.6852768932945583 0.14059868808058487 0.3846693545019434 -1.6194615297760395 1.269535573024817
36856.0 11120911.0 -0.6587276651571545 0.12128650670154015 0.3805198964645906 -1.6194615297760395 1.269535573024817
36857.0 11120911.0 -0.6129891043302522 0.09546701169557906 0.3758276107365067 -1.6194615297760395 1.269535573024817
36858.0 11120911.0 -0.5740065150426807 0.07886666173306409 0.3706774010315773 -1.6194615297760395 1.269535573024817
36859.0 11120911.0 -0.5427529007461156 0.06198937691820808 0.3663327359565637 -1.6194615297760395 1.269535573024817
36860.0 11120911.0 -0.5099326502936812 0.05207742927073997 0.3614757755360862 -1.6194615297760395 1.269535573024817
36861.0 11120911.0 -0.4802426634677077 0.04237115649507686 0.3573784926061551 -1.6194615297760395 1.269535573024817
36862.0 11120911.0 -0.43474549892675896 0.026679627801658584 0.3527302212735984 -1.6194615297760395 1.269535573024817
36863.0 11120911.0 -0.41410242570576394 0.02326097449862699 0.34821306401387386 -1.6194615297760395 1.269535573024817
36864.0 11120911.0 -0.39345935248476893 0.019842321195595397 0.34380651326644956 -1.6194615297760395 1.269535573024817
36865.0 11120911.0 -0.3538037599927515 0.01073430409775436 0.33889734671554805 -1.6194615297760395 1.269535573024817
36866.0 11120911.0 -0.31767725844222094 0.004415808521783998 0.33356417853119325 -1.6194615297760395 1.269535573024817
36867.0 11120911.0 -0.2832118032832216 -0.00019120185716273164 0.329065171524243 -1.6194615297760395 1.269535573024817
36868.0 11120911.0 -0.23381149246042754 0.00013389481104050804 0.3228861651150874 -1.6194615297760395 1.269535573024817
36869.0 11120911.0 -0.19374281465571186 0.0031590878108827825 0.3176736174942693 -1.6194615297760395 1.269535573024817
36870.0 11120911.0 -0.155157827297294 0.0016456961379283375 0.3120845200925808 -1.6194615297760395 1.269535573024817
36871.0 11120911.0 -0.11560526700237128 0.00472315111624752 0.30736961377357713 -1.6194615297760395 1.269535573024817
36872.0 11120911.0 -0.06690190478103752 0.0080810490473128 0.30220032156580295 -1.6194615297760395 1.269535573024817
36873.0 11120911.0 -0.03554795012019063 0.011618883891837767 0.2966477139952328 -1.6194615297760395 1.269535573024817
36874.0 11120911.0 0.009240353244289179 0.010064855247731652 0.2919635901305245 -1.6194615297760395 1.269535573024817
36875.0 11120911.0 0.030970037076656354 0.009972470202420397 0.28741618803549923 -1.6194615297760395 1.269535573024817
36876.0 11120911.0 0.05269972090902353 0.009880085157109142 0.28298412304940135 -1.6194615297760395 1.269535573024817
36877.0 11120911.0 0.111741338532105 0.008458150385183355 0.27805343294353185 -1.6194615297760395 1.269535573024817
36878.0 11120911.0 0.15223228986712112 0.010061924738504258 0.27389395239302483 -1.6194615297760395 1.269535573024817
36879.0 11120911.0 0.20681305050634013 0.008579856042309653 0.26919321177371125 -1.6194615297760395 1.269535573024817
36880.0 11120911.0 0.25198947675719163 0.005498445377978695 0.2652277142958353 -1.6194615297760395 1.269535573024817
36881.0 11120911.0 0.2837404279005381 0.004818750517724124 0.2618824605325386 -1.6194615297760395 1.269535573024817
36882.0 11120911.0 0.32153958305708663 0.0036230738769606197 0.25906043812468554 -1.6194615297760395 1.269535573024817
36883.0 11120911.0 0.35933873821363516 0.0024273972361971152 0.2566798084224483 -1.6194615297760395 1.269535573024817
36884.0 11120911.0 0.3817625801233867 0.003102199556320774 0.25407561082036 -1.6194615297760395 1.269535573024817
36885.0 11120911.0 0.4041864220331382 0.003777001876444433 0.25128281358796 -1.6194615297760395 1.269535573024817
36886.0 11120911.0 0.44749813692062856 0.005862443509154228 0.25011868263781506 -1.6194615297760395 1.269535573024817
36887.0 11120911.0 0.4731031099272256 0.0056732961360695736 0.24913663348416676 -1.6194615297760395 1.269535573024817
36888.0 11120911.0 0.4987080829338227 0.0054841487629849195 0.2483081867015593 -1.6194615297760395 1.269535573024817
36889.0 11120911.0 0.5243130559404198 0.005295001389900265 0.24760931733329705 -1.6194615297760395 1.269535573024817
36890.0 11120911.0 0.5499180289470168 0.005105854016815611 0.24701975816770044 -1.6194615297760395 1.269535573024817
36891.0 11120911.0 0.5879171122475603 0.0034371621176483014 0.24652241198896713 -1.6194615297760395 1.269535573024817
36892.0 11120911.0 0.6110714806241825 0.00272513825493668 0.24610285575791388 -1.6194615297760395 1.269535573024817
36893.0 11120911.0 0.6342258490008048 0.0020131143922250587 0.24574892234384013 -1.6194615297760395 1.269535573024817
36894.0 11120911.0 0.657380217377427 0.0013010905295134378 0.24545034767773774 -1.6194615297760395 1.269535573024817
36895.0 11120911.0 0.67920195961508 0.0021734784208967683 0.24519847309428974 -1.6194615297760395 1.269535573024817
36896.0 11120911.0 0.701023701852733 0.003045866312280099 0.24498599423057615 -1.6194615297760395 1.269535573024817
36897.0 11120911.0 0.7159666266255409 0.005289766763848097 0.24480674919954926 -1.6194615297760395 1.269535573024817
36898.0 11120911.0 0.7355555827798783 0.003270189737080334 0.2446555398953093 -1.6194615297760395 1.269535573024817
