43049.0 10520887.0 -1.193861651637824 1.4194341615209927 0.48768 0.0 0.0
43050.0 10520887.0 -1.2549018519271307 1.4215232876607076 0.48768 0.0 0.0
43051.0 10520887.0 -1.2848030252989384 1.4224240050084194 0.48768 0.0 0.0
43052.0 10520887.0 -1.3246159323925795 1.4283195825938557 0.48768 0.0 0.0
43053.0 10520887.0 -1.3576144777976313 1.4278969542209399 0.48768 0.0 0.0
43054.0 10520887.0 -1.4177014046615166 1.4315450125625835 0.48768 0.0 0.0
43055.0 10520887.0 -1.434662741263151 1.428564022806507 0.48768 0.0 0.0
43056.0 10520887.0 -1.4791136143957446 1.4297850620993187 0.4818554643710158 0.0 0.0
43057.0 10520887.0 -1.5073957150863972 1.4281707731709339 0.4774078451852368 0.0 0.0
43058.0 10520887.0 -1.5356778157770499 1.426556484242549 0.47390911091782933 0.0 0.0
43059.0 10520887.0 -1.5687157749224707 1.4246580029456948 0.47109950148720153 0.0 0.0
43060.0 10520887.0 -1.6017537340678916 1.4227595216488407 0.46881050882901953 0.0 0.0
43061.0 10520887.0 -1.6482955521347482 1.4094470821326315 0.46692663771418097 0.0 0.0
43062.0 10520887.0 -1.6948373702016049 1.3961346426164225 0.4653650293890538 0.0 0.0
43063.0 10520887.0 -1.7305542386459123 1.3863207933316337 0.4640639668446744 0.0 0.0
43064.0 10520887.0 -1.7697048710790406 1.372255759760413 0.46297606894057386 0.0 0.0
43065.0 10520887.0 -1.8019967528014222 1.350922715948324 0.46206408242693914 0.0 0.0
43066.0 10520887.0 -1.8374582486465647 1.3348330748942494 0.4612981727931782 0.0 0.0
43067.0 10520887.0 -1.861499090227403 1.3102164756746748 0.46065411124626765 0.0 0.0
43068.0 10520887.0 -1.8983605708003106 1.2844197831626245 0.45532841887349357 0.0 0.0
43069.0 10520887.0 -1.9193571047593758 1.2555356582645327 0.45084294636524314 0.0 0.0
43070.0 10520887.0 -1.9442270882013049 1.2283862417104325 0.44706337940655405 0.0 0.0
43071.0 10520887.0 -1.9529055975713911 1.2113624871063098 0.4438775728562828 0.0 0.0
43072.0 10520887.0 -1.9615841069414774 1.1943387325021868 0.4411916170231989 0.0 0.0
43073.0 10520887.0 -1.9869584542424736 1.1493606465349564 0.4389267068225572 0.0 0.0
43074.0 10520887.0 -2.0028571864487335 1.1170560340300155 0.4370166125280701 0.0 0.0
43075.0 10520887.0 -2.013907547493508 1.083281955151822 0.43540561299188135 0.0 0.0
43076.0 10520887.0 -2.028597711056322 1.0546714111414626 0.4340467921412415 0.0 0.0
43077.0 10520887.0 -2.0333492748188853 1.0238606896395124 0.43290062588436556 0.0 0.0
43078.0 10520887.0 -2.039847973973294 0.9714215513178475 0.4319338044009659 0.0 0.0
43079.0 10520887.0 -2.0405591576131004 0.9529594591405689 0.43111824725049946 0.0 0.0
43080.0 10520887.0 -2.045475135677905 0.9189309656771035 0.43043027769317904 0.0 0.0
43081.0 10520887.0 -2.0458127732573246 0.8690329403585427 0.42984992925482435 0.0 0.0
43082.0 10520887.0 -2.049085763731687 0.8420616645252266 0.42936036261179455 0.0 0.0
43083.0 10520887.0 -2.0523587542060495 0.8150903886919103 0.4289473747971768 0.0 0.0
43084.0 10520887.0 -2.0536257929092727 0.7874628242493267 0.42859898584201017 0.0 0.0
43085.0 10520887.0 -2.054892831612496 0.7598352598067429 0.4283050904721114 0.0 0.0
43086.0 10520887.0 -2.054494613101035 0.7203292037427107 0.4232897502859519 0.0 0.0
43087.0 10520887.0 -2.0557355762169642 0.6904731391553157 0.41905887469957526 0.0 0.0
43088.0 10520887.0 -2.0608744524129667 0.6519608073371982 0.4154897595916725 0.0 0.0
43089.0 10520887.0 -2.056669359142621 0.6213745556860787 0.4124788953836246 0.0 0.0
43090.0 10520887.0 -2.0584260593560266 0.5915704195983909 0.4099389638673548 0.0 0.0
43091.0 10520887.0 -2.057671834352429 0.5520648300754536 0.4077963051402133 0.0 0.0
43092.0 10520887.0 -2.058967133212257 0.5149824230810627 0.4059887809652741 0.0 0.0
43093.0 10520887.0 -2.0536301074142687 0.4813385803551353 0.40446397246078064 0.0 0.0
43094.0 10520887.0 -2.0535318128511744 0.4490581543462484 0.4031776597714645 0.0 0.0
43095.0 10520887.0 -2.0545811230472513 0.4159847794646463 0.40209253958401564 0.0 0.0
43096.0 10520887.0 -2.0502790547547596 0.39383797463099013 0.40117714326572373 0.0 0.0
43097.0 10520887.0 -2.045976986462268 0.37169116979733396 0.40040492423494434 0.0 0.0
43098.0 10520887.0 -2.041072206861463 0.3405256956431234 0.39975348808670685 0.0 0.0
43099.0 10520887.0 -2.033386799944493 0.294780149507037 0.39920394314084773 0.0 0.0
43100.0 10520887.0 -2.022256511653622 0.2622791344112576 0.39874035257480756 0.0 0.0
43101.0 10520887.0 -2.0096889986542745 0.232813228845252 0.3983492722506871 0.0 0.0
43102.0 10520887.0 -1.997198657892955 0.20582629083955514 0.3980193608321925 0.0 0.0
43103.0 10520887.0 -1.9837491664428815 0.1752540974003237 0.39297367202195727 0.0 0.0
43104.0 10520887.0 -1.9656683987404306 0.15286469187868199 0.3887171797680247 0.0 0.0
43105.0 10520887.0 -1.949519105831633 0.12619991632957214 0.3851264457679872 0.0 0.0
43106.0 10520887.0 -1.9196938910337458 0.09517830586163997 0.3820973387196083 0.0 0.0
43107.0 10520887.0 -1.8942591372186535 0.07517399487252727 0.3795420145087385 0.0 0.0
43108.0 10520887.0 -1.8674694141256019 0.05659602168715702 0.3773863687274112 0.0 0.0
43109.0 10520887.0 -1.8489170085829647 0.044743719169566626 0.3755678876444553 0.0 0.0
43110.0 10520887.0 -1.8303646030403276 0.03289141665197623 0.37403383530635625 0.0 0.0
43111.0 10520887.0 -1.8013561269661635 0.023811484906008068 0.37273972419404316 0.0 0.0
43112.0 10520887.0 -1.7707233741531963 0.01358702105468157 0.37164802508449896 0.0 0.0
43113.0 10520887.0 -1.7400906213402292 0.003362557203355071 0.3707270787030906 0.0 0.0
43114.0 10520887.0 -1.702151188451056 -0.0028546823475912586 0.36995017760448323 0.0 0.0
43115.0 10520887.0 -1.6764899868612424 -0.005873561620810791 0.3692947916566529 0.0 0.0
43116.0 10520887.0 -1.6404661336835218 -0.012515458725047363 0.3639745359128849 0.0 0.0
43117.0 10520887.0 -1.6076688976606166 -0.012727248688004594 0.35948642171144723 0.0 0.0
43118.0 10520887.0 -1.575501532015166 -0.012148695402337123 0.35570029374015577 0.0 0.0
43119.0 10520887.0 -1.5459831739800045 -0.011521475097952455 0.3525063542876376 0.0 0.0
43120.0 10520887.0 -1.5138328159339725 -0.005562555292648513 0.34981197910964623 0.0 0.0
43121.0 10520887.0 -1.4773902685259814 -0.006849210592620808 0.3475390313259459 0.0 0.0
43122.0 10520887.0 -1.4420536215160797 -0.002282629599721392 0.34562159545076476 0.0 0.0
43123.0 10520887.0 -1.404888982545449 -0.003805108398032414 0.3440040658436959 0.0 0.0
43124.0 10520887.0 -1.3709789593471446 -0.0033283080291424405 0.34263953414611836 0.0 0.0
43125.0 10520887.0 -1.3395126096675811 -0.0038047454454188945 0.34148842893879267 0.0 0.0
43126.0 10520887.0 -1.3163183629886153 -0.0026857108154554055 0.34051736817070066 0.0 0.0
43127.0 10520887.0 -1.2931241163096494 -0.0015666761854919165 0.33969819107956417 0.0 0.0
43128.0 10520887.0 -1.2582652045582259 -0.0036196067589011893 0.33900714152973815 0.0 0.0
43129.0 10520887.0 -1.2149140425945368 0.00019639187956674298 0.3384241790842764 0.0 0.0
43130.0 10520887.0 -1.1816721918964654 -0.0019115621572900754 0.3331650190794317 0.0 0.0
43131.0 10520887.0 -1.1541026112459505 -0.00017825202225299486 0.32872844462789774 0.0 0.0
43132.0 10520887.0 -1.1202144869106565 0.0015919901482530363 0.3249857950705772 0.0 0.0
43133.0 10520887.0 -1.0850947560924227 0.0023755343539086093 0.32182853357030594 0.0 0.0
43134.0 10520887.0 -1.0499750252741888 0.0031590785595641824 0.31916509954357514 0.0 0.0
43135.0 10520887.0 -1.0011125447774745 0.0031878347111994054 0.31691825340360896 0.0 0.0
43136.0 10520887.0 -0.9914358380114845 0.0015425192165045287 0.315022836612348 0.0 0.0
43137.0 10520887.0 -0.9817591312454945 -0.00010279627819034798 0.31342388208284544 0.0 0.0
43138.0 10520887.0 -0.9362186866124727 0.0033493434412504575 0.31207502013374566 0.0 0.0
43139.0 10520887.0 -0.8873219057212789 0.003484432942901655 0.3109371337685246 0.0 0.0
43140.0 10520887.0 -0.8542408880545305 0.0014304895398239148 0.30997722428259084 0.0 0.0
43141.0 10520887.0 -0.8236948815647769 -0.0013132993643613367 0.30916745430085224 0.0 0.0
43142.0 10520887.0 -0.7939720804689387 -0.0016847824674920686 0.3084843404938384 0.0 0.0
43143.0 10520887.0 -0.7659215205370369 -0.0001073867492547842 0.30790807256114583 0.0 0.0
43144.0 10520887.0 -0.7321158979515872 5.581064765067256e-05 0.30742193873272655 0.0 0.0
43145.0 10520887.0 -0.7041344400503133 0.0014223476950995517 0.30224446237473934 0.0 0.0
43146.0 10520887.0 -0.6709933034952398 0.00227039643409202 0.2978767954256196 0.0 0.0
43147.0 10520887.0 -0.6374638847070042 0.0015896330643724033 0.2941922755438429 0.0 0.0
43148.0 10520887.0 -0.6056187933851105 0.0022775162201468524 0.2910840516528377 0.0 0.0
43149.0 10520887.0 -0.5812280842738377 0.0023065404976984616 0.28846198525976474 0.0 0.0
43150.0 10520887.0 -0.5568373751625648 0.0023355647752500708 0.286250036439225 0.0 0.0
43151.0 10520887.0 -0.5243222378557981 0.008062220472616927 0.2843840586754227 0.0 0.0
43152.0 10520887.0 -0.489102030217142 0.008932489009387248 0.28280993861320775 0.0 0.0
43153.0 10520887.0 -0.4538818225784858 0.009802757546157568 0.2814820267707758 0.0 0.0
43154.0 10520887.0 -0.4186616149398297 0.010673026082927889 0.2803618137046963 0.0 0.0
43155.0 10520887.0 -0.38677594703503515 0.006324717484193082 0.27941681323605305 0.0 0.0
43156.0 10520887.0 -0.3533375552259881 0.006726429923336302 0.2786196203512553 0.0 0.0
43157.0 10520887.0 -0.3309130621665437 0.007398980561135499 0.277947116456644 0.0 0.0
43158.0 10520887.0 -0.3084885691070993 0.008071531198934695 0.27737979893927533 0.0 0.0
43159.0 10520887.0 -0.2814865980773116 0.005086455472478685 0.27213383683832876 0.0 0.0
43160.0 10520887.0 -0.24270535230948787 0.004852131055406439 0.2677083960056937 0.0 0.0
43161.0 10520887.0 -0.20392410654166415 0.004617806638334193 0.2639751386572237 0.0 0.0
43162.0 10520887.0 -0.17377659033697096 0.005482808157579025 0.2608258003298133 0.0 0.0
43163.0 10520887.0 -0.14362907413227777 0.006347809676823857 0.2581690502119674 0.0 0.0
43164.0 10520887.0 -0.11348155792758458 0.007212811196068689 0.25592784255026857 0.0 0.0
43165.0 10520887.0 -0.08333404172289138 0.00807781271531352 0.25403718232252753 0.0 0.0
43166.0 10520887.0 -0.052458042248034076 0.003359971867903294 0.2524422403821398 0.0 0.0
43167.0 10520887.0 -0.024477422245580138 0.004729184095805222 0.25109676341283416 0.0 0.0
43168.0 10520887.0 0.0027697231791985466 0.0065718900600242325 0.24996173258250068 0.0 0.0
43169.0 10520887.0 0.038990573860074096 0.0032619075888862814 0.2490042319970597 0.0 0.0
43170.0 10520887.0 0.07235942004794149 0.00345451584676823 0.24819649413953346 0.0 0.0
43171.0 10520887.0 0.09626339152754652 0.0027685549552353508 0.24592596836111472 0.0 0.0
43172.0 10520887.0 0.12016736300715156 0.0020825940637024714 0.24242144941422936 0.0 0.0
43173.0 10520887.0 0.14407133448675657 0.0013966331721695924 0.23787594624941766 0.0 0.0
43174.0 10520887.0 0.17407352336730833 0.002612222048209896 0.23404140552583907 0.0 0.0
43175.0 10520887.0 0.2040757122478601 0.0038278109242502003 0.23080662556250983 0.0 0.0
43176.0 10520887.0 0.23407790112841187 0.0050433998002905045 0.2280777977404934 0.0 0.0
43177.0 10520887.0 0.26217888510271586 0.0067832397916589154 0.2281594754293597 0.0 0.0
43178.0 10520887.0 0.29027986907701986 0.008523079783027326 0.23061206728208586 0.0 0.0
43179.0 10520887.0 0.30233286863618813 0.010075059720727253 0.23268104908599255 0.0 0.0
43180.0 10520887.0 0.32556246654301574 0.007779866863878243 0.234426421313393 0.0 0.0
43181.0 10520887.0 0.3487920644498434 0.005484674007029233 0.23589879975888187 0.0 0.0
43182.0 10520887.0 0.372021662356671 0.0031894811501802234 0.2371408833973783 0.0 0.0
43183.0 10520887.0 0.3954418743742491 0.004648621795143855 0.23818869265439868 0.0 0.0
43184.0 10520887.0 0.41886208639182715 0.006107762440107486 0.23907261399839663 0.0 0.0
43185.0 10520887.0 0.44228229840940525 0.007566903085071117 0.2398182811483481 0.0 0.0
43186.0 10520887.0 0.4765292537893706 0.007279719538220796 0.24044731845160167 0.0 0.0
43187.0 10520887.0 0.510776209169336 0.0069925359913704755 0.24097796798995166 0.0 0.0
43188.0 10520887.0 0.5450231645493013 0.0067053524445201546 0.24142561860001027 0.0 0.0
43189.0 10520887.0 0.5846891410509101 0.009866036138175133 0.24180325214946918 0.0 0.0
43190.0 10520887.0 0.5979202281866904 0.008229638859959663 0.2421218200112627 0.0 0.0
43191.0 10520887.0 0.6111513153224708 0.006593241581744194 0.24239056065338282 0.0 0.0
43192.0 10520887.0 0.6576814728022902 0.004941278957870464 0.24261726755445104 0.0 0.0
43193.0 10520887.0 0.7042116302821094 0.0032893163339967335 0.24280851521459834 0.0 0.0
43194.0 10520887.0 0.74293967590649 0.0029022525071178695 0.24416169450417324 0.0 0.0
43195.0 10520887.0 0.7816677215308705 0.0025151886802390055 0.24649506762257337 0.0 0.0
43196.0 10520887.0 0.8203957671552511 0.0021281248533601416 0.24965532239023236 0.0 0.0
43197.0 10520887.0 0.8591238127796317 0.0017410610264812776 0.25351312619541233 0.0 0.0
43198.0 10520887.0 0.8891975031705622 0.0004633683123855374 0.25756209378572875 0.0 0.0
43199.0 10520887.0 0.9192711935614929 -0.0008143244017102028 0.2617723252213008 0.0 0.0
43200.0 10520887.0 0.9493448839524234 -0.002092017115805943 0.26611859721376 0.0 0.0
43201.0 10520887.0 0.979418574343354 -0.003369709829901683 0.2705796316508878 0.0 0.0
43202.0 10520887.0 1.0094922647342846 -0.004647402543997424 0.2751374785313607 0.0 0.0
43203.0 10520887.0 1.0395659551252152 -0.005925095258093163 0.2797769954147126 0.0 0.0
43204.0 10520887.0 1.077770041137387 -0.008592824037170495 0.2836908451650912 0.0 0.0
43205.0 10520887.0 1.1159741271495585 -0.011260552816247826 0.28699252942525744 0.0 0.0
43206.0 10520887.0 1.1445137399709568 -0.011705303675959088 0.2897777970387561 0.0 0.0
43207.0 10520887.0 1.1730533527923552 -0.012150054535670349 0.2921274207663787 0.0 0.0
43208.0 10520887.0 1.2066212991569494 -0.014509725440859036 0.29569866594716526 0.0 0.0
43209.0 10520887.0 1.2401892455215435 -0.016869396346047724 0.3003004586913586 0.0 0.0
43210.0 10520887.0 1.2737571918861377 -0.01922906725123641 0.3057716109885403 0.0 0.0
43211.0 10520887.0 1.306414266346773 -0.018214512356141743 0.31038702000438967 0.0 0.0
43212.0 10520887.0 1.3398034830567787 -0.019308170563166943 0.31428053260036637 0.0 0.0
43213.0 10520887.0 1.3783866021953182 -0.020813215451109562 0.31756506064175366 0.0 0.0
43214.0 10520887.0 1.4122082717374072 -0.026019829274081058 0.3203358554417518 0.0 0.0
43215.0 10520887.0 1.449850965894099 -0.027684613216772597 0.32744064880237767 0.0 0.0
43216.0 10520887.0 1.481911016364799 -0.0274088938712517 0.3334341809782725 0.0 0.0
43217.0 10520887.0 1.524723731989545 -0.0306451975281761 0.3384902644025372 0.0 0.0
43218.0 10520887.0 1.5566194855142135 -0.035222076183787115 0.3427555254944755 0.0 0.0
43219.0 10520887.0 1.5749705864278112 -0.0361341606655244 0.3463536568257536 0.0 0.0
43220.0 10520887.0 1.5933216873414089 -0.03704624514726168 0.34938900420497854 0.0 0.0
43221.0 10520887.0 1.6189464696286004 -0.04015873593003902 0.35194959270614784 0.0 0.0
43222.0 10520887.0 1.6478844494657596 -0.04400279863810999 0.3588770581486123 0.0 0.0
43223.0 10520887.0 1.6878997851001558 -0.046558140215500615 0.3647209982773866 0.0 0.0
43224.0 10520887.0 1.7384002915356649 -0.05779472199538907 0.36965088735620505 0.0 0.0
43225.0 10520887.0 1.7715383462911418 -0.05693527010052493 0.37380969216835347 0.0 0.0
43226.0 10520887.0 1.8065510890760574 -0.06393089068214658 0.3773180180533841 0.0 0.0
43227.0 10520887.0 1.8349968651905852 -0.06656205394523387 0.3802776064619629 0.0 0.0
43228.0 10520887.0 1.868266829510735 -0.07345548655730827 0.3827742854579386 0.0 0.0
43229.0 10520887.0 1.8979620310177026 -0.07661125858586917 0.3896478374850115 0.0 0.0
43230.0 10520887.0 1.929593807970065 -0.08145072937050152 0.39544629679914967 0.0 0.0
43231.0 10520887.0 1.9532153121538718 -0.07981907534455035 0.4003378187204632 0.0 0.0
43232.0 10520887.0 1.9884363407425862 -0.08413642658683645 0.4044642573846702 0.0 0.0
43233.0 10520887.0 2.0236573693313007 -0.08845377782912257 0.40794527951303255 0.0 0.0
43234.0 10520887.0 2.0594171911764625 -0.09288805156132442 0.4118353104978363 0.0 0.0
43235.0 10520887.0 2.0951770130216243 -0.09732232529352626 0.4160703772376406 0.0 0.0
43236.0 10520887.0 2.1309368348667865 -0.10175659902572812 0.42059651266789994 0.0 0.0
43237.0 10520887.0 2.1666966567119483 -0.10619087275792996 0.4253681907160917 0.0 0.0
43238.0 10520887.0 2.20245647855711 -0.1106251464901318 0.43034700604561354 0.0 0.0
43239.0 10520887.0 2.229307966070533 -0.1137855631932965 0.43454708455045815 0.0 0.0
43240.0 10520887.0 2.2827125550620835 -0.12047594651756666 0.43809022850726603 0.0 0.0
43241.0 10520887.0 2.3132111546466345 -0.12225687220036285 0.44107918909078464 0.0 0.0
43242.0 10520887.0 2.336492503017822 -0.12302455400897923 0.443600646157936 0.0 0.0
43243.0 10520887.0 2.359773851389009 -0.1237922358175956 0.44572772196366744 0.0 0.0
43244.0 10520887.0 2.3996755991417213 -0.12397024013308613 0.44752210170634527 0.0 0.0
43245.0 10520887.0 2.4324823130844773 -0.12031289165248141 0.453803201151324 0.0 0.0
43246.0 10520887.0 2.4709621493926504 -0.12049356059593816 0.4591018734296911 0.0 0.0
43247.0 10520887.0 2.5069822153514867 -0.11216094121730333 0.4635717800375193 0.0 0.0
43248.0 10520887.0 2.537340815614365 -0.09940980611318398 0.46734254826643556 0.0 0.0
43249.0 10520887.0 2.5748894717977766 -0.0850341665444321 0.47052353039507844 0.0 0.0
43250.0 10520887.0 2.6068897776253768 -0.06861335764989077 0.4732069749051786 0.0 0.0
43251.0 10520887.0 2.6412432821661618 -0.04770390199696398 0.4754707016875289 0.0 0.0
43252.0 10520887.0 2.6759561758569 -0.020253063237072017 0.4773803588188176 0.0 0.0
43253.0 10520887.0 2.7010689377053083 0.002271541239856373 0.48375870510866886 0.0 0.0
43254.0 10520887.0 2.7201412086269263 0.028053175957196114 0.48913941384667153 0.0 0.0
43255.0 10520887.0 2.7408331869707925 0.05879648181859651 0.49367852558622766 0.0 0.0
43256.0 10520887.0 2.753896332838088 0.08303536604609793 0.4975076745677844 0.0 0.0
43257.0 10520887.0 2.7669594787053837 0.10727425027359935 0.5007379061118069 0.0 0.0
43258.0 10520887.0 2.783685445762382 0.1400132351193489 0.5034628969330718 0.0 0.0
43259.0 10520887.0 2.8062425843037113 0.19251824179805618 0.5057616717653958 0.0 0.0
43260.0 10520887.0 2.8167107684345556 0.22458413840946595 0.5077008950789162 0.0 0.0
43261.0 10520887.0 2.8271789525653994 0.2566500350208757 0.5093368043497253 0.0 0.0
43262.0 10520887.0 2.8429622038460387 0.32158798518624265 0.5107168409466762 0.0 0.0
43263.0 10520887.0 2.8488787743880124 0.3582062687368538 0.5118810259310809 0.0 0.0
43264.0 10520887.0 2.858458781257197 0.40414217843522415 0.5176304994203037 0.0 0.0
43265.0 10520887.0 2.8670383546322507 0.44538153844330697 0.5224806973927154 0.0 0.0
43266.0 10520887.0 2.8756550944992023 0.49081420856302727 0.5265722755895158 0.0 0.0
43267.0 10520887.0 2.879408144407644 0.5322274522487899 0.5300238897784122 0.0 0.0
43268.0 10520887.0 2.8813400648081986 0.5762211498629778 0.5329356367708825 0.0 0.0
43269.0 10520887.0 2.8813475173549907 0.6224785974251538 0.5353919572297084 0.0 0.0
43270.0 10520887.0 2.877248485266062 0.6479981193059307 0.5374640844481959 0.0 0.0
43271.0 10520887.0 2.87100436758928 0.7061093100004352 0.543979488868498 0.0 0.0
43272.0 10520887.0 2.8608568210213914 0.7383931609053064 0.5494758184659865 0.0 0.0
43273.0 10520887.0 2.850709274453503 0.7706770118101776 0.5541124667989885 0.0 0.0
43274.0 10520887.0 2.83717969605088 0.8026632987081416 0.5580238966691613 0.0 0.0
43275.0 10520887.0 2.814682633491798 0.847974281516365 0.5613235395427397 0.0 0.0
43276.0 10520887.0 2.776070312810151 0.8983133464124751 0.5641070850630576 0.0 0.0
43277.0 10520887.0 2.747247442855257 0.9296859393476223 0.5664552560502042 0.0 0.0
43278.0 10520887.0 2.7143787230689522 0.9622629076331762 0.5684361494628066 0.0 0.0
43279.0 10520887.0 2.664824297518595 1.0035591984779777 0.5701072112098304 0.0 0.0
43280.0 10520887.0 2.6426973936832687 1.0187278211743904 0.5715169020819394 0.0 0.0
43281.0 10520887.0 2.6205704898479425 1.0338964438708032 0.5727061031144246 0.0 0.0
43282.0 10520887.0 2.5779846067641055 1.055745665247959 0.5737093011372281 0.0 0.0
43283.0 10520887.0 2.5418518975707496 1.0756048210930533 0.5745555888930112 0.0 0.0
43284.0 10520887.0 2.5024411442531393 1.0963009925004839 0.5752695087266916 0.0 0.0
43285.0 10520887.0 2.462726713091173 1.1092696090236012 0.5758717643134461 0.0 0.0
43286.0 10520887.0 2.3941448440139594 1.1371559718924387 0.5763798210652905 0.0 0.0
43287.0 10520887.0 2.3685149025065586 1.1429556901594273 0.5768084126280284 0.0 0.0
43288.0 10520887.0 2.32434417651739 1.1599505212051242 0.5771699681569791 0.0 0.0
