45043.0 11205799.0 1.6539281429371915 -3.4365509123781184 1.82118 0.0 0.0
45044.0 11205799.0 1.551246224305828 -3.4980015016514603 1.82118 0.0 0.0
45045.0 11205799.0 1.5126941019154063 -3.5181241997602912 1.8192569776164749 0.0 0.0
45046.0 11205799.0 1.4741419795249846 -3.5382468978691217 1.8172744585814458 0.0 0.0
45047.0 11205799.0 1.406212873771422 -3.5803191147318545 1.8162575108177237 0.0 0.0
45048.0 11205799.0 1.328200812993309 -3.620617587987852 1.815630579055495 0.0 0.0
45049.0 11205799.0 1.2999265653114604 -3.6391889140763416 1.8152014782376649 0.0 0.0
45050.0 11205799.0 1.191663902018145 -3.701384260357512 1.8134316681992022 0.0 0.0
45051.0 11205799.0 1.128129622937433 -3.7354275216686896 1.812080240105419 0.0 0.0
45052.0 11205799.0 1.095367725655526 -3.7568553733060317 1.811017134748563 0.0 0.0
45053.0 11205799.0 0.9890666450661059 -3.8130306399289546 1.8088821324909954 0.0 0.0
45054.0 11205799.0 0.9482954423093573 -3.837216481048681 1.8071427432223302 0.0 0.0
45055.0 11205799.0 0.8455828981145821 -3.8932771778968154 1.805711202938011 0.0 0.0
45056.0 11205799.0 0.7758004460487509 -3.9355582968564833 1.8045245478594656 0.0 0.0
45057.0 11205799.0 0.6755185293736683 -3.9896075263659374 1.8023216652296683 0.0 0.0
45058.0 11205799.0 0.6078018885679506 -4.027188526472174 1.8004797004399749 0.0 0.0
45059.0 11205799.0 0.531122047509881 -4.069902540058703 1.7989355784773726 0.0 0.0
45060.0 11205799.0 0.4784894385708982 -4.097747812775301 1.7970388539175775 0.0 0.0
45061.0 11205799.0 0.4258568296319154 -4.125593085491898 1.794845105263978 0.0 0.0
45062.0 11205799.0 0.35127254316095824 -4.171677194924767 1.792998664350452 0.0 0.0
45063.0 11205799.0 0.3185214513479071 -4.187615821666566 1.7914435313506436 0.0 0.0
45064.0 11205799.0 0.22496677996770087 -4.242806877913613 1.7901331389022155 0.0 0.0
45065.0 11205799.0 0.1466769103944976 -4.284992462185706 1.7878353013063313 0.0 0.0
45066.0 11205799.0 0.06063079774993452 -4.326980475286679 1.7858979927482772 0.0 0.0
45067.0 11205799.0 -0.0077458833733847765 -4.364926353602731 1.784264373214821 0.0 0.0
45068.0 11205799.0 -0.07641285600674186 -4.407566755644088 1.782886672964571 0.0 0.0
45069.0 11205799.0 -0.14898885335034273 -4.443672772705494 1.7805324828752551 0.0 0.0
45070.0 11205799.0 -0.2324956185713254 -4.492562878354219 1.7785468072075266 0.0 0.0
45071.0 11205799.0 -0.30932101200372175 -4.533237718456654 1.7768718885113803 0.0 0.0
45072.0 11205799.0 -0.37226026684319 -4.566766047763678 1.7742670708354384 0.0 0.0
45073.0 11205799.0 -0.4488482972676795 -4.610788574209712 1.7720697906572966 0.0 0.0
45074.0 11205799.0 -0.5216143235153661 -4.651269444683044 1.7702162579274314 0.0 0.0
