26918.0 10589805.0 0.22708245395182836 0.0042920505811725185 0.24384 -0.9780013939100929 0.31954237263611124
26919.0 10589805.0 0.26575086800663994 0.0068425373380213705 0.24384 -0.9780013939100929 0.31954237263611124
26920.0 10589805.0 0.286017975582457 0.006352629720207115 0.2515320895341012 -0.9780013939100929 0.31954237263611124
26921.0 10589805.0 0.3062850831582741 0.005862722102392859 0.25946216567421804 -0.9780013939100929 0.31954237263611124
26922.0 10589805.0 0.3468882366043893 0.005094250523351801 0.26352995672910606 -0.9780013939100929 0.31954237263611124
26923.0 10589805.0 0.4356627159257831 0.003888658323911026 0.26603768377802084 -0.9780013939100929 0.31954237263611124
26924.0 10589805.0 0.48155269655361566 0.0040802923891386095 0.26775408704934134 -0.9780013939100929 0.31954237263611124
26925.0 10589805.0 0.5285360287624167 0.0024547104775897582 0.2690087915742075 -0.9780013939100929 0.31954237263611124
26926.0 10589805.0 0.5755193609712177 0.000829128566040907 0.2699668847635613 -0.9780013939100929 0.31954237263611124
26927.0 10589805.0 0.6265447114028343 -0.0006564392855526457 0.2707205719235772 -0.9780013939100929 0.31954237263611124
26928.0 10589805.0 0.6767077036485407 -0.004780576105244211 0.2764509715232202 -0.9780013939100929 0.31954237263611124
26929.0 10589805.0 0.7276294387058995 -0.0065820881487742705 0.28111953593969885 -0.9780013939100929 0.31954237263611124
26930.0 10589805.0 0.77944782936752 -0.0056387285632570755 0.2849618259621372 -0.9780013939100929 0.31954237263611124
26931.0 10589805.0 0.8359772688668892 -0.006584746956897591 0.288146837951191 -0.9780013939100929 0.31954237263611124
26932.0 10589805.0 0.8906131394840484 -0.009248011937133066 0.29322887704576645 -0.9780013939100929 0.31954237263611124
26933.0 10589805.0 0.9452490101012075 -0.01191127691736854 0.2998937298287425 -0.9780013939100929 0.31954237263611124
26934.0 10589805.0 1.0016746946177824 -0.01317264988111208 0.3054808863353642 -0.9780013939100929 0.31954237263611124
26935.0 10589805.0 1.0578349908414437 -0.016332941596950756 0.3101731234789779 -0.9780013939100929 0.31954237263611124
26936.0 10589805.0 1.1168627722619218 -0.01832673272407062 0.3141188755363675 -0.9780013939100929 0.31954237263611124
26937.0 10589805.0 1.1762233587086905 -0.019844661889536985 0.3174399479032675 -0.9780013939100929 0.31954237263611124
26938.0 10589805.0 1.2359180427119372 -0.019251600740633812 0.320237063800497 -0.9780013939100929 0.31954237263611124
26939.0 10589805.0 1.2972095091660911 -0.02192482088183695 0.3249817738097454 -0.9780013939100929 0.31954237263611124
26940.0 10589805.0 1.3585009756202449 -0.024598041023040085 0.3313677108514299 -0.9780013939100929 0.31954237263611124
26941.0 10589805.0 1.3893847013456628 -0.02574916419455188 0.3367516990428531 -0.9780013939100929 0.31954237263611124
26942.0 10589805.0 1.4202684270710808 -0.026900287366063674 0.34129170287489236 -0.9780013939100929 0.31954237263611124
26943.0 10589805.0 1.5427460484234472 -0.03419534034148494 0.34988996204144296 -0.9780013939100929 0.31954237263611124
26944.0 10589805.0 1.6057375779723528 -0.03981646120765023 0.3571418508980942 -0.9780013939100929 0.31954237263611124
26945.0 10589805.0 1.6694530692133718 -0.043220219995687315 0.36802700544469596 -0.9780013939100929 0.31954237263611124
26946.0 10589805.0 1.7304728183579297 -0.04807945538815056 0.38197677710650685 -0.9780013939100929 0.31954237263611124
26947.0 10589805.0 1.7622035609732094 -0.050849134968302956 0.3913598185042526 -0.9780013939100929 0.31954237263611124
26948.0 10589805.0 1.7939343035884892 -0.05361881454845535 0.39689095213391207 -0.9780013939100929 0.31954237263611124
26949.0 10589805.0 1.8568565987334507 -0.059448823564969444 0.40632443474636387 -0.9780013939100929 0.31954237263611124
26950.0 10589805.0 1.98082148334799 -0.06979245280423133 0.4142822096858624 -0.9780013939100929 0.31954237263611124
26951.0 10589805.0 2.044259525176168 -0.07567246023958066 0.42099517883619175 -0.9780013939100929 0.31954237263611124
26952.0 10589805.0 2.107319450080629 -0.08107798550546691 0.4314255714033325 -0.9780013939100929 0.31954237263611124
26953.0 10589805.0 2.1703793058651195 -0.08648294839576581 0.4402244595056543 -0.9780013939100929 0.31954237263611124
26954.0 10589805.0 2.230997279181934 -0.09120685101545714 0.4476470612706634 -0.9780013939100929 0.31954237263611124
26955.0 10589805.0 2.296945810438715 -0.0975539599404428 0.4539086623896102 -0.9780013939100929 0.31954237263611124
26956.0 10589805.0 2.3432046218760565 -0.10328317575322188 0.4639582714549116 -0.9780013939100929 0.31954237263611124
26957.0 10589805.0 2.3894634333133977 -0.10901239156600095 0.47720339597103073 -0.9780013939100929 0.31954237263611124
26958.0 10589805.0 2.4668785052679096 -0.11872176586177073 0.48837682975813956 -0.9780013939100929 0.31954237263611124
26959.0 10589805.0 2.5442935772224216 -0.1284311401575405 0.497802614071153 -0.9780013939100929 0.31954237263611124
26960.0 10589805.0 2.6061688953761406 -0.13881924152584993 0.5057541036641054 -0.9780013939100929 0.31954237263611124
26961.0 10589805.0 2.669395556676763 -0.15186749229052496 0.5172292793049561 -0.9780013939100929 0.31954237263611124
26962.0 10589805.0 2.6990815154253336 -0.16021529205513 0.5269096175545476 -0.9780013939100929 0.31954237263611124
26963.0 10589805.0 2.728767474173904 -0.16856309181973503 0.5350758508163815 -0.9780013939100929 0.31954237263611124
26964.0 10589805.0 2.7855081096316656 -0.19467907759921546 0.5419648014124795 -0.9780013939100929 0.31954237263611124
26965.0 10589805.0 2.8934199855901586 -0.26261386313841273 0.552543629780092 -0.9780013939100929 0.31954237263611124
26966.0 10589805.0 2.9409148029752017 -0.3080802393118711 0.5614678218765409 -0.9780013939100929 0.31954237263611124
26967.0 10589805.0 2.988409620360245 -0.3535466154853295 0.5689961798860225 -0.9780013939100929 0.31954237263611124
26968.0 10589805.0 3.0289806712118583 -0.4082584267917703 0.5777307161484941 -0.9780013939100929 0.31954237263611124
26969.0 10589805.0 3.069551722063472 -0.46297023809821114 0.5874827722505729 -0.9780013939100929 0.31954237263611124
26970.0 10589805.0 3.102761748856083 -0.5190169499109395 0.5957095083850428 -0.9780013939100929 0.31954237263611124
26971.0 10589805.0 3.131073223096963 -0.5808238651067712 0.6026495000448318 -0.9780013939100929 0.31954237263611124
26972.0 10589805.0 3.1460681149552787 -0.623215163459261 0.6100931333625033 -0.9780013939100929 0.31954237263611124
26973.0 10589805.0 3.1610630068135945 -0.6656064618117506 0.6179616337247238 -0.9780013939100929 0.31954237263611124
26974.0 10589805.0 3.1760578986719104 -0.7079977601642404 0.6261885476592532 -0.9780013939100929 0.31954237263611124
26975.0 10589805.0 3.208795472107612 -0.8416870370417585 0.6331286894200268 -0.9780013939100929 0.31954237263611124
26976.0 10589805.0 3.2177041581801245 -0.9123463201186083 0.6389833231404377 -0.9780013939100929 0.31954237263611124
26977.0 10589805.0 3.225008288336644 -0.9824818273822872 0.6439222332117841 -0.9780013939100929 0.31954237263611124
26978.0 10589805.0 3.2263320048475945 -1.0192427632484653 0.6480886480341831 -0.9780013939100929 0.31954237263611124
26979.0 10589805.0 3.227655721358545 -1.0560036991146435 0.6516033936423158 -0.9780013939100929 0.31954237263611124
26980.0 10589805.0 3.216280410829178 -1.1997097273096082 0.6593357764217238 -0.9780013939100929 0.31954237263611124
26981.0 10589805.0 3.20549107358585 -1.2701898372089608 0.6658587367105406 -0.9780013939100929 0.31954237263611124
26982.0 10589805.0 3.1947017363425223 -1.3406699471083134 0.671361440359868 -0.9780013939100929 0.31954237263611124
26983.0 10589805.0 3.1766187416996585 -1.4126831008000247 0.6760034657771732 -0.9780013939100929 0.31954237263611124
26984.0 10589805.0 3.15126657982805 -1.4822072720181532 0.684686810455201 -0.9780013939100929 0.31954237263611124
26985.0 10589805.0 3.1227716979721984 -1.5529253068169087 0.692011992634465 -0.9780013939100929 0.31954237263611124
26986.0 10589805.0 3.0874242720782097 -1.6199663848666697 0.698191442598949 -0.9780013939100929 0.31954237263611124
26987.0 10589805.0 3.0520768461842205 -1.6870074629164307 0.7034043643980945 -0.9780013939100929 0.31954237263611124
26988.0 10589805.0 3.0167294202902317 -1.7540485409661917 0.7078019327643597 -0.9780013939100929 0.31954237263611124
26989.0 10589805.0 2.9737874305078824 -1.8175987564679685 0.7162790559336895 -0.9780013939100929 0.31954237263611124
26990.0 10589805.0 2.9251473464808964 -1.8768362753158543 0.7234302717247462 -0.9780013939100929 0.31954237263611124
26991.0 10589805.0 2.8889508540762883 -1.9208019739896045 0.7294629653956103 -0.9780013939100929 0.31954237263611124
26992.0 10589805.0 2.8527543616716806 -1.964767672663355 0.734552085062821 -0.9780013939100929 0.31954237263611124
26993.0 10589805.0 2.765544372269132 -2.0501994499774416 0.7388452151967777 -0.9780013939100929 0.31954237263611124
26994.0 10589805.0 2.707897010011739 -2.1016488857327205 0.7448505459478347 -0.9780013939100929 0.31954237263611124
26995.0 10589805.0 2.650249647754346 -2.1530983214879993 0.7523002719077639 -0.9780013939100929 0.31954237263611124
26996.0 10589805.0 2.5909341089234417 -2.2014914608338993 0.7585847857529784 -0.9780013939100929 0.31954237263611124
26997.0 10589805.0 2.529611225146133 -2.2492291839498257 0.7638863383850052 -0.9780013939100929 0.31954237263611124
26998.0 10589805.0 2.468759125911115 -2.2944335522482366 0.7731260535830154 -0.9780013939100929 0.31954237263611124
26999.0 10589805.0 2.4362118666141117 -2.315233495708754 0.7809205843349153 -0.9780013939100929 0.31954237263611124
27000.0 10589805.0 2.4036646073171086 -2.3360334391692716 0.787495972032517 -0.9780013939100929 0.31954237263611124
27001.0 10589805.0 2.2673365584861056 -2.421433674601425 0.7930429029190552 -0.9780013939100929 0.31954237263611124
27002.0 10589805.0 2.1997629663369427 -2.462456894490664 0.7977222379902421 -0.9780013939100929 0.31954237263611124
27003.0 10589805.0 2.1354928278095544 -2.5015208589301063 0.8064370567159636 -0.9780013939100929 0.31954237263611124
27004.0 10589805.0 2.0695720332103757 -2.5374756856906613 0.8137887900864449 -0.9780013939100929 0.31954237263611124
27005.0 10589805.0 2.0004040066262956 -2.574940053029197 0.8199906383694312 -0.9780013939100929 0.31954237263611124
27006.0 10589805.0 1.93092556604238 -2.6125362969798833 0.8252224551651299 -0.9780013939100929 0.31954237263611124
27007.0 10589805.0 1.8624568116455351 -2.6481253974366656 0.8344033419134345 -0.9780013939100929 0.31954237263611124
27008.0 10589805.0 1.7965335031997371 -2.684077817437101 0.8421482455772277 -0.9780013939100929 0.31954237263611124
27009.0 10589805.0 1.7281320949824255 -2.719454239741631 0.84868176836276 -0.9780013939100929 0.31954237263611124
27010.0 10589805.0 1.659730686765114 -2.7548306620461602 0.8541933824308121 -0.9780013939100929 0.31954237263611124
27011.0 10589805.0 1.5921035127935066 -2.7878306193588624 0.8612266139657662 -0.9780013939100929 0.31954237263611124
27012.0 10589805.0 1.524476338821899 -2.820830576671565 0.8695434666821358 -0.9780013939100929 0.31954237263611124
27013.0 10589805.0 1.4543882715091718 -2.8532016288903272 0.8765594799322872 -0.9780013939100929 0.31954237263611124
27014.0 10589805.0 1.3865068814009358 -2.8862925296449626 0.8824781181004748 -0.9780013939100929 0.31954237263611124
27015.0 10589805.0 1.3186254912926998 -2.919383430399598 0.8874710216935762 -0.9780013939100929 0.31954237263611124
27016.0 10589805.0 1.2485931664162928 -2.9513040664372587 0.8916829849157912 -0.9780013939100929 0.31954237263611124
27017.0 10589805.0 1.1813826674485324 -2.98192611201208 0.8952361547005642 -0.9780013939100929 0.31954237263611124
27018.0 10589805.0 1.1297362795604364 -3.0033779860155354 0.8982335729716534 -0.9780013939100929 0.31954237263611124
27019.0 10589805.0 1.0780898916723403 -3.024829860018991 0.9007621648589207 -0.9780013939100929 0.31954237263611124
27020.0 10589805.0 1.0105117174041744 -3.053578225001524 0.9028952595270966 -0.9780013939100929 0.31954237263611124
27021.0 10589805.0 0.9429335431360089 -3.0823265899840564 0.9046947167215583 -0.9780013939100929 0.31954237263611124
27022.0 10589805.0 0.8400171640840806 -3.12406596875044 0.9062127207009453 -0.9780013939100929 0.31954237263611124
27023.0 10589805.0 0.8043753900598385 -3.1373087161006796 0.9074932935806596 -0.9780013939100929 0.31954237263611124
27024.0 10589805.0 0.7687336160355964 -3.150551463450919 0.908573571974213 -0.9780013939100929 0.31954237263611124
27025.0 10589805.0 0.6757399694477801 -3.186377944430644 0.9094848839550186 -0.9780013939100929 0.31954237263611124
27026.0 10589805.0 0.5827463228599638 -3.2222044254103697 0.9102536575705197 -0.9780013939100929 0.31954237263611124
27027.0 10589805.0 0.48975267627214747 -3.2580309063900947 0.9109021872555659 -0.9780013939100929 0.31954237263611124
27028.0 10589805.0 0.4193396088052863 -3.282111323402767 0.9114492803710236 -0.9780013939100929 0.31954237263611124
27029.0 10589805.0 0.34812110973227417 -3.309199194751527 0.9119108026172409 -0.9780013939100929 0.31954237263611124
27030.0 10589805.0 0.27649060720464114 -3.333464777919942 0.9123001381393582 -0.9780013939100929 0.31954237263611124
27031.0 10589805.0 0.2048601046770081 -3.3577303610883567 0.9126285776675168 -0.9780013939100929 0.31954237263611124
27032.0 10589805.0 0.1345246108764785 -3.3826518499888416 0.9129056459480335 -0.9780013939100929 0.31954237263611124
27033.0 10589805.0 0.06170035589352352 -3.4059420368730127 0.9083719992082261 -0.9780013939100929 0.31954237263611124
27034.0 10589805.0 -0.011422954598200308 -3.4296012751970344 0.9045474604454573 -0.9780013939100929 0.31954237263611124
27035.0 10589805.0 -0.06462148933442521 -3.4455749428291256 0.9013211180356068 -0.9780013939100929 0.31954237263611124
27036.0 10589805.0 -0.11782002407065012 -3.4615486104612163 0.8985994080487888 -0.9780013939100929 0.31954237263611124
27037.0 10589805.0 -0.17172605489447654 -3.4796855208762185 0.8963034008953857 -0.9780013939100929 0.31954237263611124
27038.0 10589805.0 -0.22563208571830295 -3.4978224312912203 0.8943665123679488 -0.9780013939100929 0.31954237263611124
27039.0 10589805.0 -0.29875758034526734 -3.52147878451904 0.8927325726991825 -0.9780013939100929 0.31954237263611124
27040.0 10589805.0 -0.4093848523309125 -3.553033772243513 0.8913541976386924 -0.9780013939100929 0.31954237263611124
27041.0 10589805.0 -0.49454391627590266 -3.5811480752635343 0.8901914143097245 -0.9780013939100929 0.31954237263611124
27042.0 10589805.0 -0.5797029802208928 -3.609262378283556 0.8892105019957385 -0.9780013939100929 0.31954237263611124
27043.0 10589805.0 -0.664862044165883 -3.6373766813035773 0.888383014239629 -0.9780013939100929 0.31954237263611124
27044.0 10589805.0 -0.7375436524048393 -3.6612915953186804 0.8876849538964686 -0.9780013939100929 0.31954237263611124
27045.0 10589805.0 -0.8116745953164635 -3.689639117234146 0.8870960772163059 -0.9780013939100929 0.31954237263611124
27046.0 10589805.0 -0.8846759018334802 -3.7172451273802416 0.8865993067754161 -0.9780013939100929 0.31954237263611124
27047.0 10589805.0 -0.957677208350497 -3.7448511375263367 0.8861802362310133 -0.9780013939100929 0.31954237263611124
27048.0 10589805.0 -1.030263846708517 -3.7766224783685534 0.8858267125373099 -0.9780013939100929 0.31954237263611124
27049.0 10589805.0 -1.1019886835829076 -3.805754245675162 0.8807611047543716 -0.9780013939100929 0.31954237263611124
27050.0 10589805.0 -1.1750940892294357 -3.839107477575116 0.8764878090093101 -0.9780013939100929 0.31954237263611124
27051.0 10589805.0 -1.2480496141712496 -3.8706399172825514 0.8681155209727016 -0.9780013939100929 0.31954237263611124
27052.0 10589805.0 -1.3209712921802848 -3.9020660819200335 0.8610527430443015 -0.9780013939100929 0.31954237263611124
27053.0 10589805.0 -1.3937857734511931 -3.9345195864943885 0.8574783440405945 -0.9780013939100929 0.31954237263611124
27054.0 10589805.0 -1.4666002547221015 -3.9669730910687435 0.8568467063904733 -0.9780013939100929 0.31954237263611124
27055.0 10589805.0 -1.5412179275529507 -4.00017970957484 0.8539301738492674 -0.9780013939100929 0.31954237263611124
27056.0 10589805.0 -1.6158356003838 -4.033386328080937 0.8490861269732817 -0.9780013939100929 0.31954237263611124
27057.0 10589805.0 -1.6927565210602864 -4.068876851609236 0.8449997377795212 -0.9780013939100929 0.31954237263611124
27058.0 10589805.0 -1.7659363715830991 -4.1024353460495675 0.8415525009813668 -0.9780013939100929 0.31954237263611124
27059.0 10589805.0 -1.7700421410650404 -4.097613956292787 0.8386093924561366 -0.9780013939100929 0.31954237263611124
27060.0 10589805.0 -1.7741479105469815 -4.092792566536008 0.8360915614683637 0.0 0.0
27061.0 10589805.0 -1.7782536800289228 -4.087971176779227 0.8339324903311673 0.0 0.0
27062.0 10589805.0 -1.782359449510864 -4.083149787022447 0.8320760653933336 0.0 0.0
27063.0 10589805.0 -1.7864652189928052 -4.0783283972656665 0.8304749497434298 0.0 0.0
27064.0 10589805.0 -1.7905709884747463 -4.073507007508887 0.8290892104393737 0.0 0.0
27065.0 10589805.0 -1.7946767579566876 -4.068685617752107 0.8278851604531122 0.0 0.0
27066.0 10589805.0 -1.7987825274386287 -4.063864227995326 0.8268343817468085 0.0 0.0
27067.0 10589805.0 -1.80288829692057 -4.059042838238546 0.8259129011497444 0.0 0.0
27068.0 10589805.0 -1.806994066402511 -4.0542214484817665 0.8251004951363698 0.0 0.0
27069.0 10589805.0 -1.8110998358844523 -4.049400058724986 0.8243801033440616 0.0 0.0
27070.0 10589805.0 -1.8152056053663934 -4.044578668968206 0.8237373338226076 0.0 0.0
27071.0 10589805.0 -1.8193113748483347 -4.039757279211425 0.8231600456676502 0.0 0.0
27072.0 10589805.0 -1.8234171443302758 -4.034935889454646 0.8226379969344605 0.0 0.0
27073.0 10589805.0 -1.827522913812217 -4.0301144996978655 0.8221625476215406 0.0 0.0
27074.0 10589805.0 -1.8316286832941582 -4.025293109941085 0.8217264091105806 0.0 0.0
27075.0 10589805.0 -1.8357344527760995 -4.020471720184306 0.8213234327965273 0.0 0.0
27076.0 10589805.0 -1.8398402222580406 -4.015650330427525 0.8209484317780378 0.0 0.0
27077.0 10589805.0 -1.8439459917399819 -4.010828940670745 0.8205970304373407 0.0 0.0
27078.0 10589805.0 -1.848051761221923 -4.0060075509139645 0.8202655375473205 0.0 0.0
27079.0 10589805.0 -1.8521575307038642 -4.001186161157185 0.8199508392259313 0.0 0.0
27080.0 10589805.0 -1.8562633001858053 -3.9963647714004047 0.8196503086336174 0.0 0.0
27081.0 10589805.0 -1.8603690696677466 -3.9915433816436243 0.8193617297949667 0.0 0.0
27082.0 10589805.0 -1.8644748391496877 -3.9867219918868444 0.8190832333354228 0.0 0.0
27083.0 10589805.0 -1.868580608631629 -3.981900602130064 0.8188132422694236 0.0 0.0
27084.0 10589805.0 -1.87268637811357 -3.977079212373284 0.81855042626782 0.0 0.0
27085.0 10589805.0 -1.8767921475955114 -3.972257822616504 0.8182936630783301 0.0 0.0
27086.0 10589805.0 -1.8808979170774525 -3.967436432859724 0.8180420059802234 0.0 0.0
27087.0 10589805.0 -1.8850036865593938 -3.962615043102944 0.8177946563294195 0.0 0.0
27088.0 10589805.0 -1.8891094560413348 -3.9577936533461635 0.8175509403978098 0.0 0.0
27089.0 10589805.0 -1.8932152255232761 -3.9529722635893836 0.8173102898351424 0.0 0.0
27090.0 10589805.0 -1.8973209950052172 -3.948150873832603 0.8170722251868645 0.0 0.0
27091.0 10589805.0 -1.9014267644871585 -3.9433294840758233 0.8168363419899408 0.0 0.0
27092.0 10589805.0 -1.9055325339690996 -3.938508094319043 0.8166022990434254 0.0 0.0
27093.0 10589805.0 -1.909638303451041 -3.933686704562263 0.8163698085136338 0.0 0.0
27094.0 10589805.0 -1.913744072932982 -3.9288653148054826 0.816138627586967 0.0 0.0
27095.0 10589805.0 -1.9178498424149233 -3.9240439250487027 0.8159085514283161 0.0 0.0
27096.0 10589805.0 -1.9219556118968644 -3.9192225352919223 0.8156794072408451 0.0 0.0
27097.0 10589805.0 -1.9260613813788057 -3.9144011455351424 0.815451049254882 0.0 0.0
27098.0 10589805.0 -1.9301671508607467 -3.9095797557783625 0.8152233545005986 0.0 0.0
27099.0 10589805.0 -1.934272920342688 -3.904758366021582 0.8149962192418854 0.0 0.0
27100.0 10589805.0 -1.9383786898246291 -3.899936976264802 0.8147695559680044 0.0 0.0
27101.0 10589805.0 -1.9424844593065704 -3.895115586508022 0.8145432908557777 0.0 0.0
27102.0 10589805.0 -1.9465902287885115 -3.890294196751242 0.8143173616287155 0.0 0.0
27103.0 10589805.0 -1.9506959982704528 -3.8854728069944615 0.8140917157509977 0.0 0.0
27104.0 10589805.0 -1.954801767752394 -3.8806514172376816 0.8138663089039352 0.0 0.0
27105.0 10589805.0 -1.9589075372343352 -3.875830027480901 0.8136411037007278 0.0 0.0
27106.0 10589805.0 -1.9630133067162763 -3.8710086377241213 0.8134160686022474 0.0 0.0
27107.0 10589805.0 -1.9671190761982176 -3.866187247967341 0.8131911770024025 0.0 0.0
27108.0 10589805.0 -1.9712248456801587 -3.861365858210561 0.8129664064565626 0.0 0.0
27109.0 10589805.0 -1.9753306151621 -3.856544468453781 0.8127417380306629 0.0 0.0
27110.0 10589805.0 -1.979436384644041 -3.8517230786970007 0.8125171557521169 0.0 0.0
27111.0 10589805.0 -1.9835421541259823 -3.8469016889402208 0.8122926461466116 0.0 0.0
27112.0 10589805.0 -1.9876479236079234 -3.8420802991834404 0.812068197847352 0.0 0.0
27113.0 10589805.0 -1.9917536930898647 -3.8372589094266605 0.8118438012654243 0.0 0.0
27114.0 10589805.0 -1.9958594625718058 -3.83243751966988 0.8116194483117174 0.0 0.0
27115.0 10589805.0 -1.999965232053747 -3.8276161299131 0.8113951321623383 0.0 0.0
27116.0 10589805.0 -2.004071001535688 -3.82279474015632 0.8111708470607198 0.0 0.0
27117.0 10589805.0 -2.0081767710176295 -3.81797335039954 0.8109465881506798 0.0 0.0
27118.0 10589805.0 -2.012282540499571 -3.8131519606427595 0.8107223513355917 0.0 0.0
27466.0 10589805.0 -3.441090320215105 -2.1353083252832743 0.7983343064887924 -2.5465782646875845 0.3621491154493825
27467.0 10589805.0 -3.4049810051871106 -2.1322269306518526 0.7878838765301682 -2.5465782646875845 0.3621491154493825
27468.0 10589805.0 -3.368871690159116 -2.1291455360204314 0.7790679989909189 -2.5465782646875845 0.3621491154493825
27469.0 10589805.0 -3.22154478020016 -2.126994138988368 0.7716310134224063 -2.5465782646875845 0.3621491154493825
27470.0 10589805.0 -3.149983105796217 -2.122834443344568 0.7653572472431434 -2.5465782646875845 0.3621491154493825
27471.0 10589805.0 -3.0786997980816304 -2.121153558881527 0.7648321399867485 -2.5465782646875845 0.3621491154493825
27472.0 10589805.0 -3.006783022733308 -2.116991931604108 0.7643891647899693 -2.5465782646875845 0.3621491154493825
27473.0 10589805.0 -2.9701956505883214 -2.116518675731929 0.7640154753720994 -2.5465782646875845 0.3621491154493825
27474.0 10589805.0 -2.9336082784433346 -2.1160454198597507 0.7637002347400202 -2.5465782646875845 0.3621491154493825
27475.0 10589805.0 -2.7952602193558898 -2.108728537980531 0.7634343009154017 -2.5465782646875845 0.3621491154493825
27476.0 10589805.0 -2.759790883599565 -2.1075964533196934 0.7632099618173297 -2.5465782646875845 0.3621491154493825
27477.0 10589805.0 -2.72432154784324 -2.106464368658856 0.7630207116119604 -2.5465782646875845 0.3621491154493825
27478.0 10589805.0 -2.5819874669896317 -2.103251933502335 0.7628610620433379 -2.5465782646875845 0.3621491154493825
27479.0 10589805.0 -2.513665619275176 -2.101648489488735 0.7627263832739722 -2.5465782646875845 0.3621491154493825
27480.0 10589805.0 -2.4453437715607205 -2.100045045475134 0.7626127696195517 -2.5465782646875845 0.3621491154493825
27481.0 10589805.0 -2.3766657747345787 -2.0976224996987107 0.7625169262840982 -2.5465782646875845 0.3621491154493825
27482.0 10589805.0 -2.3236127690705732 -2.0967190963277833 0.7624360738108835 -2.5465782646875845 0.3621491154493825
27483.0 10589805.0 -2.2705597634065673 -2.095815692956856 0.7623678674781845 -2.5465782646875845 0.3621491154493825
27484.0 10589805.0 -2.1843495287050994 -2.0933710881057475 0.7623103293023529 -2.5465782646875845 0.3621491154493825
27485.0 10589805.0 -2.098139294003631 -2.090926483254639 0.7622617906762894 -2.5465782646875845 0.3621491154493825
27486.0 10589805.0 -2.0268705183637374 -2.0889977116488114 0.7622208439798384 -2.5465782646875845 0.3621491154493825
27487.0 10589805.0 -1.956216944087581 -2.088268830419832 0.7621863017588026 -2.5465782646875845 0.3621491154493825
27488.0 10589805.0 -1.8855633698114243 -2.087539949190852 0.7621571622887722 -2.5465782646875845 0.3621491154493825
27489.0 10589805.0 -1.815158128886141 -2.088247771582678 0.7621325805251161 -2.5465782646875845 0.3621491154493825
27490.0 10589805.0 -1.744108238566525 -2.0863029645335263 0.7644955329730969 -2.5465782646875845 0.3621491154493825
27491.0 10589805.0 -1.673058348246909 -2.0843581574843744 0.7688725852537059 -2.5465782646875845 0.3621491154493825
27492.0 10589805.0 -1.6017796246566862 -2.082662471011136 0.7725650225066725 -2.5465782646875845 0.3621491154493825
27493.0 10589805.0 -1.5306961676046533 -2.0810191304152705 0.7756799254123324 -2.5465782646875845 0.3621491154493825
27494.0 10589805.0 -1.4573879321951508 -2.079635224838888 0.7783076261549501 -2.5465782646875845 0.3621491154493825
27495.0 10589805.0 -1.3870146625873048 -2.0763560758174844 0.7805243280560613 -2.5465782646875845 0.3621491154493825
27496.0 10589805.0 -1.3166413929794587 -2.0730769267960802 0.7823943154707983 -2.5465782646875845 0.3621491154493825
27497.0 10589805.0 -1.245845396144478 -2.071220218365462 0.7839718180341884 -2.5465782646875845 0.3621491154493825
27498.0 10589805.0 -1.209666595224211 -2.0692616462555646 0.7876862726969784 -2.5465782646875845 0.3621491154493825
27499.0 10589805.0 -1.173487794303944 -2.0673030741456677 0.7932034386443892 -2.5465782646875845 0.3621491154493825
27500.0 10589805.0 -1.0694965391115887 -2.0639119309673295 0.7978576643124874 -2.5465782646875845 0.3621491154493825
27501.0 10589805.0 -0.9655052839192335 -2.0605207877889913 0.8017839222456477 -2.5465782646875845 0.3621491154493825
27502.0 10589805.0 -0.8965903322370938 -2.057345085602301 0.8050960739239317 -2.5465782646875845 0.3621491154493825
27503.0 10589805.0 -0.8612275069843888 -2.05652019477577 0.8078901717460097 -2.5465782646875845 0.3621491154493825
27504.0 10589805.0 -0.8258646817316837 -2.055695303949239 0.8102472445487221 -2.5465782646875845 0.3621491154493825
