44119.0 11390060.0 -0.6607280947491214 -0.03791754204886881 0.57912 1.0283106210632738 0.03422456732325968
44120.0 11390060.0 -0.696151002828528 -0.04126189820719245 0.57912 1.0283106210632738 0.03422456732325968
44121.0 11390060.0 -0.7214970187147136 -0.044483228537665495 0.5868120895341012 1.0283106210632738 0.03422456732325968
44122.0 11390060.0 -0.7468430346008992 -0.04770455886813854 0.594742165674218 1.0283106210632738 0.03422456732325968
44123.0 11390060.0 -0.8021420006585611 -0.051121768446629606 0.5988099567291061 1.0283106210632738 0.03422456732325968
44124.0 11390060.0 -0.8212710388810944 -0.05257840078633011 0.6013176837780209 1.0283106210632738 0.03422456732325968
44125.0 11390060.0 -0.8702455303655161 -0.06110072109405326 0.6030340870493414 1.0283106210632738 0.03422456732325968
44126.0 11390060.0 -0.9015663975299326 -0.07539504612623296 0.6042887915742076 1.0283106210632738 0.03422456732325968
44127.0 11390060.0 -0.9333447117222444 -0.08837135335550819 0.6052468847635614 1.0283106210632738 0.03422456732325968
44128.0 11390060.0 -0.9676529500441482 -0.10799778319411471 0.6112778006183264 1.0283106210632738 0.03422456732325968
44129.0 11390060.0 -0.9964615209109127 -0.13199279415530388 0.616120842920429 1.0283106210632738 0.03422456732325968
44130.0 11390060.0 -1.02875352310573 -0.16419554822231022 0.6200664761290635 1.0283106210632738 0.03422456732325968
44131.0 11390060.0 -1.043105211648925 -0.19151565007901475 0.6233137842429296 1.0283106210632738 0.03422456732325968
44132.0 11390060.0 -1.0677758276685194 -0.22784613808012724 0.6260055943911526 1.0283106210632738 0.03422456732325968
44133.0 11390060.0 -1.0847911787305011 -0.2690165123043198 0.6282482907856841 1.0283106210632738 0.03422456732325968
44134.0 11390060.0 -1.095835575741615 -0.3027924795420052 0.6301235462971772 1.0283106210632738 0.03422456732325968
44135.0 11390060.0 -1.1068799727527288 -0.33656844677969067 0.6316955759239048 1.0283106210632738 0.03422456732325968
44136.0 11390060.0 -1.1126606598502207 -0.3814124274553531 0.6330158066703767 1.0283106210632738 0.03422456732325968
44137.0 11390060.0 -1.120553548623594 -0.42836978180318375 0.6341260027292461 1.0283106210632738 0.03422456732325968
44138.0 11390060.0 -1.131219708831064 -0.47348561933684175 0.6350604358612133 1.0283106210632738 0.03422456732325968
44139.0 11390060.0 -1.1356538569263186 -0.5250789739384643 0.635847446043338 1.0283106210632738 0.03422456732325968
44140.0 11390060.0 -1.143383994878845 -0.5813194984375837 0.6365105997412013 1.0283106210632738 0.03422456732325968
44141.0 11390060.0 -1.1496563719958572 -0.6140854434933299 0.6370695736706438 1.0283106210632738 0.03422456732325968
44142.0 11390060.0 -1.1557376617265442 -0.6843011255763694 0.6375408449994695 1.0283106210632738 0.03422456732325968
44143.0 11390060.0 -1.1561585878908331 -0.7372066293467971 0.6379382406776783 1.0283106210632738 0.03422456732325968
44144.0 11390060.0 -1.1593490281244587 -0.7958661213213486 0.6382733812132216 1.0283106210632738 0.03422456732325968
44145.0 11390060.0 -1.160572042026182 -0.8485092834500074 0.6433249190611116 1.0283106210632738 0.03422456732325968
44146.0 11390060.0 -1.1545807533221752 -0.9008240755984734 0.6475857116940804 1.0283106210632738 0.03422456732325968
44147.0 11390060.0 -1.141573326096874 -0.9561338457139189 0.6511796930060059 1.0283106210632738 0.03422456732325968
44148.0 11390060.0 -1.1281601600936602 -1.0074869434487361 0.6542113110827564 1.0283106210632738 0.03422456732325968
44149.0 11390060.0 -1.1076927292048953 -1.0467756747228814 0.6567686164823874 1.0283106210632738 0.03422456732325968
44150.0 11390060.0 -1.0872252983161301 -1.0860644059970266 0.6589258512791285 1.0283106210632738 0.03422456732325968
44151.0 11390060.0 -1.0503384371129576 -1.1417035722314146 0.6607456234363869 1.0283106210632738 0.03422456732325968
44152.0 11390060.0 -1.0213405510835465 -1.1725647605627387 0.6622807352540973 1.0283106210632738 0.03422456732325968
44153.0 11390060.0 -0.9825379292156295 -1.2169125761300237 0.6635757223285159 1.0283106210632738 0.03422456732325968
44154.0 11390060.0 -0.9252220033647088 -1.2517340956044603 0.666257299309914 1.0283106210632738 0.03422456732325968
44155.0 11390060.0 -0.8679060775137882 -1.286555615078897 0.6701085777844116 1.0283106210632738 0.03422456732325968
44156.0 11390060.0 -0.8105901516628675 -1.3213771345533336 0.6749465995260884 1.0283106210632738 0.03422456732325968
44157.0 11390060.0 -0.7574197909821185 -1.3462356609086688 0.6790278915847421 1.0283106210632738 0.03422456732325968
44158.0 11390060.0 -0.7045957488094168 -1.3612834633108557 0.6824708198507513 1.0283106210632738 0.03422456732325968
44159.0 11390060.0 -0.6531315041234178 -1.3741044665295372 0.6853752342990416 1.0283106210632738 0.03422456732325968
44160.0 11390060.0 -0.6016672594374188 -1.3869254697482187 0.6878253659834275 1.0283106210632738 0.03422456732325968
44161.0 11390060.0 -0.5502658919334682 -1.399666722976906 0.6898922705446596 1.0283106210632738 0.03422456732325968
44162.0 11390060.0 -0.49886452442951756 -1.4124079762055932 0.6916358893087655 1.0283106210632738 0.03422456732325968
44163.0 11390060.0 -0.44275490997240863 -1.4217514136953848 0.6931067878765219 1.0283106210632738 0.03422456732325968
44164.0 11390060.0 -0.41098874075902336 -1.4251241379532371 0.6943476227005843 1.0283106210632738 0.03422456732325968
44165.0 11390060.0 -0.33358695495228385 -1.4410753151693494 0.6953943782274971 1.0283106210632738 0.03422456732325968
44166.0 11390060.0 -0.2722463153596857 -1.4490894623774964 0.696277410509608 1.0283106210632738 0.03422456732325968
44167.0 11390060.0 -0.21683578473449283 -1.4578521319561464 0.6970223275683864 1.0283106210632738 0.03422456732325968
44168.0 11390060.0 -0.13673263842641137 -1.4666227518684762 0.6976507320497384 1.0283106210632738 0.03422456732325968
44169.0 11390060.0 -0.09466723669738997 -1.4697381644079541 0.6981808477143611 1.0283106210632738 0.03422456732325968
44170.0 11390060.0 -0.02451314765223378 -1.4711672749942892 0.6986280479349818 1.0283106210632738 0.03422456732325968
44171.0 11390060.0 0.01256633361971754 -1.4739085567345982 0.6990053015290766 1.0283106210632738 0.03422456732325968
44172.0 11390060.0 0.04964581489166886 -1.4766498384749072 0.6993235488575248 1.0283106210632738 0.03422456732325968
44173.0 11390060.0 0.10964061935442676 -1.4785838292060467 0.6972083296657984 1.0283106210632738 0.03422456732325968
44174.0 11390060.0 0.16963542381718466 -1.4805178199371862 0.6930402626474559 1.0283106210632738 0.03422456732325968
44175.0 11390060.0 0.22628866409456738 -1.4838418072773274 0.6895241232856679 1.0283106210632738 0.03422456732325968
44176.0 11390060.0 0.2912596170384404 -1.4834576127874364 0.6865579435230448 1.0283106210632738 0.03422456732325968
44177.0 11390060.0 0.35266572774882143 -1.4803893968663633 0.6840557041369262 1.0283106210632738 0.03422456732325968
44178.0 11390060.0 0.40658167444660165 -1.478495126356134 0.681944840179385 1.0283106210632738 0.03422456732325968
44179.0 11390060.0 0.47151764893192705 -1.4782148421400614 0.6801641365922128 1.0283106210632738 0.03422456732325968
44180.0 11390060.0 0.4995712426156427 -1.4766322780464662 0.6786619529693165 1.0283106210632738 0.03422456732325968
44181.0 11390060.0 0.5872745369257464 -1.4732749790313746 0.6773947259843927 1.0283106210632738 0.03422456732325968
44182.0 11390060.0 0.6438955737238302 -1.4726133148536675 0.6763257060541341 1.0283106210632738 0.03422456732325968
44183.0 11390060.0 0.6884868696869892 -1.4707083207848262 0.6754238916001165 1.0283106210632738 0.03422456732325968
44184.0 11390060.0 0.7451296481418715 -1.4713381015671738 0.6746631300029052 1.0283106210632738 0.03422456732325968
44185.0 11390060.0 0.812017751412737 -1.4664356174414266 0.67402135917602 1.0283106210632738 0.03422456732325968
44186.0 11390060.0 0.867951568059124 -1.4637954957936892 0.6687125890112557 1.0283106210632738 0.03422456732325968
44187.0 11390060.0 0.9257853640290687 -1.466214910818575 0.6642341639286726 1.0283106210632738 0.03422456732325968
44188.0 11390060.0 0.979850315091207 -1.4624962426585233 0.6604562096005342 1.0283106210632738 0.03422456732325968
44189.0 11390060.0 1.0363574011973733 -1.4594580752975843 0.6572691653511193 1.0283106210632738 0.03422456732325968
44190.0 11390060.0 1.0909804299713952 -1.4608275150486454 0.6593479856502252 1.0283106210632738 0.03422456732325968
44191.0 11390060.0 1.157233213039807 -1.4608548446991865 0.6611016575331019 1.0283106210632738 0.03422456732325968
44192.0 11390060.0 1.1879576428798098 -1.4597916741737098 0.6601973481078933 1.0283106210632738 0.03422456732325968
44193.0 11390060.0 1.2186820727198127 -1.458728503648233 0.6570507924013634 1.0283106210632738 0.03422456732325968
44194.0 11390060.0 1.286092641689083 -1.4590160603530162 0.6591637684274231 1.0283106210632738 0.03422456732325968
44195.0 11390060.0 1.3408089531833434 -1.4573768355312517 0.6609462537378556 1.0283106210632738 0.03422456732325968
44196.0 11390060.0 1.383308265947624 -1.4605089756417788 0.6624499404066726 1.0283106210632738 0.03422456732325968
44197.0 11390060.0 1.4433915775103425 -1.458752664213492 0.658951056594427 1.0283106210632738 0.03422456732325968
44198.0 11390060.0 1.4954778333503376 -1.4624449623530074 0.6559994334234331 1.0283106210632738 0.03422456732325968
44199.0 11390060.0 1.5459738366991553 -1.4601270097712966 0.6582768525745595 1.0283106210632738 0.03422456732325968
44200.0 11390060.0 1.5996554053545662 -1.4616526872846884 0.6601980604503436 1.0283106210632738 0.03422456732325968
44201.0 11390060.0 1.6455963753360296 -1.462402628415736 0.661818772079185 1.0283106210632738 0.03422456732325968
44202.0 11390060.0 1.6907336400519823 -1.4645253332502197 0.6631859880983213 1.0283106210632738 0.03422456732325968
44203.0 11390060.0 1.7495171680894481 -1.467832766056746 0.6643393577723079 1.0283106210632738 0.03422456732325968
44204.0 11390060.0 1.7929245627630872 -1.4668199737903265 0.6605449500688712 1.0283106210632738 0.03422456732325968
44205.0 11390060.0 1.8526252531865723 -1.47030926484663 0.6573440259174329 1.0283106210632738 0.03422456732325968
44206.0 11390060.0 1.8695981743876395 -1.4700102320837878 0.654643758517601 1.0283106210632738 0.03422456732325968
44207.0 11390060.0 1.9474558166598337 -1.4682126428578852 0.65236584011478 1.0283106210632738 0.03422456732325968
44208.0 11390060.0 1.9983275751827037 -1.468818115579931 0.650444211075288 1.0283106210632738 0.03422456732325968
44209.0 11390060.0 2.0477318971428344 -1.4684768781315314 0.6488231441569795 1.0283106210632738 0.03422456732325968
44210.0 11390060.0 2.095690958327741 -1.4684812024151501 0.6474556284192236 1.0283106210632738 0.03422456732325968
44211.0 11390060.0 2.1190401642422176 -1.4676933420867246 0.6463020059056251 1.0283106210632738 0.03422456732325968
44212.0 11390060.0 2.1423893701566943 -1.4669054817582992 0.6453288215632899 1.0283106210632738 0.03422456732325968
44213.0 11390060.0 2.2163355645917164 -1.4651132337189348 0.6397404742934729 1.0283106210632738 0.03422456732325968
44214.0 11390060.0 2.2639482903500783 -1.4686247947720747 0.6350262007781668 1.0283106210632738 0.03422456732325968
44215.0 11390060.0 2.3205556055081735 -1.465259720309983 0.6310492870854276 1.0283106210632738 0.03422456732325968
44216.0 11390060.0 2.367699311869283 -1.4663980023861576 0.6276944027181659 1.0283106210632738 0.03422456732325968
44217.0 11390060.0 2.4282159894181716 -1.4646587974599734 0.624864256029731 1.0283106210632738 0.03422456732325968
44218.0 11390060.0 2.4650268330678213 -1.4661615924008318 0.6224767727661582 1.0283106210632738 0.03422456732325968
44219.0 11390060.0 2.514821520305288 -1.4632580602417733 0.6204627159128041 1.0283106210632738 0.03422456732325968
44220.0 11390060.0 2.5579741252866772 -1.464377371654302 0.6187636778209212 1.0283106210632738 0.03422456732325968
44221.0 11390060.0 2.595656331435756 -1.465930336733291 0.6173303863858451 1.0283106210632738 0.03422456732325968
44222.0 11390060.0 2.664796453255091 -1.4636164461259284 0.6161212761559586 1.0283106210632738 0.03422456732325968
44223.0 11390060.0 2.70941621549571 -1.4656810520238923 0.6151012829345948 1.0283106210632738 0.03422456732325968
44224.0 11390060.0 2.76309566283268 -1.4671979254532685 0.6142408269183343 1.0283106210632738 0.03422456732325968
44225.0 11390060.0 2.812922109171157 -1.468274579975559 0.6135149548827054 1.0283106210632738 0.03422456732325968
44226.0 11390060.0 2.8412078436662145 -1.4666426420902017 0.612902616538675 1.0283106210632738 0.03422456732325968
44227.0 11390060.0 2.869493578161272 -1.4650107042048444 0.6123860540742662 1.0283106210632738 0.03422456732325968
44228.0 11390060.0 2.9145366592663953 -1.4684972278127508 0.611950287178011 1.0283106210632738 0.03422456732325968
44229.0 11390060.0 2.9789847528876647 -1.4680368505277672 0.6115826786099182 1.0283106210632738 0.03422456732325968
44230.0 11390060.0 3.023514020727447 -1.4665656807111194 0.6065051889686962 1.0283106210632738 0.03422456732325968
44231.0 11390060.0 3.066917248118285 -1.469632943873857 0.6022218698075663 1.0283106210632738 0.03422456732325968
44232.0 11390060.0 3.114874467796751 -1.469630383185404 0.5986085048708558 1.0283106210632738 0.03422456732325968
44233.0 11390060.0 3.1603416504498982 -1.472903400932586 0.5955603065754002 1.0283106210632738 0.03422456732325968
44234.0 11390060.0 3.20583336228247 -1.47256295313103 0.5929888771706312 1.0283106210632738 0.03422456732325968
44235.0 11390060.0 3.264659970265349 -1.4759895832520609 0.5908196452038105 1.0283106210632738 0.03422456732325968
44236.0 11390060.0 3.3199919940477836 -1.4724348372466884 0.5889897029479003 1.0283106210632738 0.03422456732325968
44237.0 11390060.0 3.3784859856338185 -1.4755184320743104 0.5874459820774792 1.0283106210632738 0.03422456732325968
44238.0 11390060.0 3.421754513713384 -1.4708301366522065 0.5861437146873051 1.0283106210632738 0.03422456732325968
44239.0 11390060.0 3.4447760544617716 -1.4689969340697262 0.5850451350230628 1.0283106210632738 0.03422456732325968
44240.0 11390060.0 3.4677975952101594 -1.4671637314872457 0.5841183842744893 1.0283106210632738 0.03422456732325968
44241.0 11390060.0 3.541042919460655 -1.4590561331455032 0.5833365866698759 1.0283106210632738 0.03422456732325968
44242.0 11390060.0 3.584496965489336 -1.4483533585386346 0.582677070078689 1.0283106210632738 0.03422456732325968
44243.0 11390060.0 3.615853302909364 -1.4366235608047415 0.582120708519784 1.0283106210632738 0.03422456732325968
44244.0 11390060.0 3.665558920370805 -1.420367404396869 0.5816513675079529 1.0283106210632738 0.03422456732325968
44245.0 11390060.0 3.7065527067783037 -1.3954281877542047 0.5764880574010354 1.0283106210632738 0.03422456732325968
44246.0 11390060.0 3.7272889770040223 -1.3863073122981484 0.5721323409587479 1.0283106210632738 0.03422456732325968
44247.0 11390060.0 3.7762667186730416 -1.3532261099977247 0.5684579024042641 1.0283106210632738 0.03422456732325968
44248.0 11390060.0 3.79957560242467 -1.3334970302562401 0.565358183019504 1.0283106210632738 0.03422456732325968
44249.0 11390060.0 3.8158437238452247 -1.3135734800609502 0.5627432909423096 1.0283106210632738 0.03422456732325968
44250.0 11390060.0 3.852980821597722 -1.2667002122136441 0.5605373943024421 1.0283106210632738 0.03422456732325968
44251.0 11390060.0 3.874240323745024 -1.2380089354285781 0.5586765220973454 1.0283106210632738 0.03422456732325968
44252.0 11390060.0 3.878993361839398 -1.2234398125367767 0.5571067090330717 1.0283106210632738 0.03422456732325968
44253.0 11390060.0 3.8930789667932264 -1.1979565703556814 0.555782430530757 1.0283106210632738 0.03422456732325968
44254.0 11390060.0 3.907164571747055 -1.1724733281745863 0.5546652825138344 1.0283106210632738 0.03422456732325968
44255.0 11390060.0 3.9262526667538182 -1.124851292892853 0.5537228676898129 1.0283106210632738 0.03422456732325968
44256.0 11390060.0 3.9389552872794686 -1.1022459337352501 0.5529278560287961 1.0283106210632738 0.03422456732325968
44257.0 11390060.0 3.951595514517754 -1.063500469622668 0.5522571921926144 1.0283106210632738 0.03422456732325968
44258.0 11390060.0 3.9635163984851536 -1.0171613097641863 0.5469240481772015 1.0283106210632738 0.03422456732325968
44259.0 11390060.0 3.9719229041016986 -0.9848608945164613 0.5424250615589276 1.0283106210632738 0.03422456732325968
44260.0 11390060.0 3.975945559427795 -0.9616431790195129 0.5386297617258624 1.0283106210632738 0.03422456732325968
44261.0 11390060.0 3.9828543382617863 -0.9186916841456435 0.5354280849828473 1.0283106210632738 0.03422456732325968
44262.0 11390060.0 3.98807887289503 -0.8727377019090657 0.5327271827043347 1.0283106210632738 0.03422456732325968
44263.0 11390060.0 3.993648181417047 -0.8529448038452829 0.5304487287242479 1.0283106210632738 0.03422456732325968
44264.0 11390060.0 3.9944642132514794 -0.820504239476837 0.5285266478771642 1.0283106210632738 0.03422456732325968
44265.0 11390060.0 3.9976644898671854 -0.7900096069820647 0.5269051998185184 1.0283106210632738 0.03422456732325968
44266.0 11390060.0 4.000166343924319 -0.757301333260155 0.5255373625546095 1.0283106210632738 0.03422456732325968
44267.0 11390060.0 4.002668197981453 -0.7245930595382453 0.5243834688047843 1.0283106210632738 0.03422456732325968
44268.0 11390060.0 4.000828999217175 -0.6812405104419964 0.5234100556502979 1.0283106210632738 0.03422456732325968
44269.0 11390060.0 4.001502096081023 -0.6623032298703556 0.52258889410967 1.0283106210632738 0.03422456732325968
44270.0 11390060.0 4.002175192944869 -0.6433659492987148 0.5218961704982227 1.0283106210632738 0.03422456732325968
44271.0 11390060.0 4.005270723968795 -0.6172758829588137 0.5213117958312238 1.0283106210632738 0.03422456732325968
44272.0 11390060.0 4.00350580765714 -0.5886655993418862 0.5208188232433303 1.0283106210632738 0.03422456732325968
44273.0 11390060.0 3.9984709735921777 -0.5387802677503596 0.5156355777766765 1.0283106210632738 0.03422456732325968
44274.0 11390060.0 4.00147472786903 -0.5132442807355532 0.5112630440655462 1.0283106210632738 0.03422456732325968
44275.0 11390060.0 3.9934847248461587 -0.48330381792620825 0.5075744186323169 1.0283106210632738 0.03422456732325968
44276.0 11390060.0 3.993991685422974 -0.45181354251804307 0.5044627313394248 1.0283106210632738 0.03422456732325968
44277.0 11390060.0 3.9863807992010436 -0.42071178812646515 0.5018377432553759 1.0283106210632738 0.03422456732325968
44278.0 11390060.0 3.9858450813646407 -0.3880636115473928 0.499623329725733 1.0283106210632738 0.03422456732325968
44279.0 11390060.0 3.976652938432122 -0.35527776833627445 0.4977552727581363 1.0283106210632738 0.03422456732325968
44280.0 11390060.0 3.9734681484638603 -0.3242182652979786 0.49617939870052563 1.0283106210632738 0.03422456732325968
44281.0 11390060.0 3.969939006097875 -0.2942144964337171 0.4948500072052302 1.0283106210632738 0.03422456732325968
44282.0 11390060.0 3.9589988757349976 -0.24882665932320605 0.49372854591888643 1.0283106210632738 0.03422456732325968
44283.0 11390060.0 3.9574634372860804 -0.2344835567067078 0.49278249246419037 1.0283106210632738 0.03422456732325968
44284.0 11390060.0 3.955927998837163 -0.22014045409020958 0.4919844112909558 1.0283106210632738 0.03422456732325968
44285.0 11390060.0 3.9428768902469375 -0.17850254901586174 0.49131115804515896 1.0283106210632738 0.03422456732325968
44286.0 11390060.0 3.9341061088632507 -0.15368026393332504 0.4907432083826717 1.0283106210632738 0.03422456732325968
44287.0 11390060.0 3.9228388157138845 -0.12290365909366266 0.49026409176328195 1.0283106210632738 0.03422456732325968
44288.0 11390060.0 3.903991059883259 -0.09631184169608611 0.48985991380502736 1.0283106210632738 0.03422456732325968
44289.0 11390060.0 3.886221487823156 -0.06913723553825105 0.4895189533471186 1.0283106210632738 0.03422456732325968
44290.0 11390060.0 3.8693295488847808 -0.052878794438987825 0.48923132253627627 1.0283106210632738 0.03422456732325968
44291.0 11390060.0 3.8449502619020093 -0.03779834443782318 0.48898868007898594 1.0283106210632738 0.03422456732325968
44292.0 11390060.0 3.8187351616644394 -0.02562311720296853 0.4887839893439862 1.0283106210632738 0.03422456732325968
44293.0 11390060.0 3.77995257650939 -0.016589251112311826 0.4886113142999621 1.0283106210632738 0.03422456732325968
44294.0 11390060.0 3.770323306440843 -0.013447112168420233 0.4884656473706368 1.0283106210632738 0.03422456732325968
44295.0 11390060.0 3.7314109769880135 -0.011613014480797351 0.48834276421506 1.0283106210632738 0.03422456732325968
44296.0 11390060.0 3.6905136906271907 -0.012460039511919124 0.48823910122172 1.0283106210632738 0.03422456732325968
44297.0 11390060.0 3.649616404266368 -0.013307064543040897 0.48815165216380985 1.0283106210632738 0.03422456732325968
44298.0 11390060.0 3.6311540607761796 -0.01376533952592815 0.4880778810186502 1.0283106210632738 0.03422456732325968
44299.0 11390060.0 3.6126917172859914 -0.014223614508815402 0.48801564842303136 1.0283106210632738 0.03422456732325968
44300.0 11390060.0 3.582300064007226 -0.013825942043363765 0.4879631496316804 1.0283106210632738 0.03422456732325968
44301.0 11390060.0 3.55190841072846 -0.013428269577912127 0.48791886217964825 1.0283106210632738 0.03422456732325968
44302.0 11390060.0 3.524229952228672 -0.015259211081760676 0.48788150173082584 1.0283106210632738 0.03422456732325968
44303.0 11390060.0 3.480763878253036 -0.0164934809915466 0.4878499848321974 1.0283106210632738 0.03422456732325968
44304.0 11390060.0 3.452580740635539 -0.018509914729768845 0.4878233974937027 1.0283106210632738 0.03422456732325968
44305.0 11390060.0 3.415307320292996 -0.01709227571091812 0.48303358992970846 1.0283106210632738 0.03422456732325968
44306.0 11390060.0 3.389282486903517 -0.013855344594932012 0.47899295647367574 1.0283106210632738 0.03422456732325968
44307.0 11390060.0 3.3587263756543013 -0.014980169157811779 0.47558431875537965 1.0283106210632738 0.03422456732325968
44308.0 11390060.0 3.3307987832474364 -0.010771583091983367 0.47270882628098954 1.0283106210632738 0.03422456732325968
44309.0 11390060.0 3.2819097991679707 -0.010935727827461467 0.47028308976874816 1.0283106210632738 0.03422456732325968
44310.0 11390060.0 3.2665528217613184 -0.009019055676016102 0.4682367628598005 1.0283106210632738 0.03422456732325968
44311.0 11390060.0 3.2511958443546662 -0.007102383524570738 0.46651050207378697 1.0283106210632738 0.03422456732325968
44312.0 11390060.0 3.240764149368821 -0.003697615437995988 0.4650542458479133 1.0283106210632738 0.03422456732325968
44313.0 11390060.0 3.1792734805698997 -0.005471999444196435 0.46382576275162907 1.0283106210632738 0.03422456732325968
44314.0 11390060.0 3.153246183133092 -0.006321972002174242 0.4627894267751421 1.0283106210632738 0.03422456732325968
44315.0 11390060.0 3.1320816387197707 -0.004787347540685355 0.46191518417513433 1.0283106210632738 0.03422456732325968
44316.0 11390060.0 3.0949678667182776 -0.0042378641027322195 0.4611776819162054 1.0283106210632738 0.03422456732325968
44317.0 11390060.0 3.0578540947167845 -0.003688380664779084 0.4605555324328464 1.0283106210632738 0.03422456732325968
44318.0 11390060.0 3.029557194270609 -0.0033298468254924496 0.46003069339004 1.0283106210632738 0.03422456732325968
44319.0 11390060.0 3.008058824245909 -0.0039054154750124692 0.45958794445554474 1.0283106210632738 0.03422456732325968
44320.0 11390060.0 2.963181466034717 -0.0053770244989886085 0.4592144459102603 1.0283106210632738 0.03422456732325968
44321.0 11390060.0 2.949904323394289 -0.005248374338687439 0.45889936629637335 1.0283106210632738 0.03422456732325968
44322.0 11390060.0 2.9366271807538613 -0.00511972417838627 0.45863356830508123 1.0283106210632738 0.03422456732325968
44323.0 11390060.0 2.8985630393849036 -0.002039542788396159 0.456025654418228 1.0283106210632738 0.03422456732325968
44324.0 11390060.0 2.860498898015946 0.0010406386015939517 0.451441955133095 1.0283106210632738 0.03422456732325968
44325.0 11390060.0 2.8340675454488435 -0.0037649661857797334 0.4475751925468217 1.0283106210632738 0.03422456732325968
44326.0 11390060.0 2.8079611408749696 -0.002134763488837843 0.44431323054440625 1.0283106210632738 0.03422456732325968
44327.0 11390060.0 2.7818547363010957 -0.0005045607918959527 0.4415614722277786 1.0283106210632738 0.03422456732325968
44328.0 11390060.0 2.7430888601794705 -0.000932765195560542 0.43924011660575646 1.0283106210632738 0.03422456732325968
44329.0 11390060.0 2.715227327306761 -0.0005983920192590142 0.4372818443653013 1.0283106210632738 0.03422456732325968
44330.0 11390060.0 2.6894531365826206 0.0006900833317561583 0.4356298656114399 1.0283106210632738 0.03422456732325968
44331.0 11390060.0 2.6692270521440395 -6.625057048981198e-05 0.43423627296031025 1.0283106210632738 0.03422456732325968
44332.0 11390060.0 2.6490009677054585 -0.0008225844727357823 0.4330606522250296 1.0283106210632738 0.03422456732325968
44333.0 11390060.0 2.6193179294471864 0.0020927123902862166 0.43206891040427475 1.0283106210632738 0.03422456732325968
44334.0 11390060.0 2.5989071098625747 -0.0005890628619621696 0.4312322869852439 1.0283106210632738 0.03422456732325968
44335.0 11390060.0 2.56409658107267 -0.0011395337976753128 0.4305265198887851 1.0283106210632738 0.03422456732325968
44336.0 11390060.0 2.538117059198389 0.001968765052920235 0.4299311418691011 1.0283106210632738 0.03422456732325968
44337.0 11390060.0 2.499383689241383 -0.0008052115057240739 0.42942888696362097 1.0283106210632738 0.03422456732325968
44338.0 11390060.0 2.472784798578344 0.0020382590264803324 0.4290051897800859 1.0283106210632738 0.03422456732325968
44339.0 11390060.0 2.435877000304347 0.0032244870943367865 0.42864776310017333 1.0283106210632738 0.03422456732325968
44340.0 11390060.0 2.407016469813793 0.0018613878379412734 0.42834624155016576 1.0283106210632738 0.03422456732325968
44341.0 11390060.0 2.378155939323239 0.0004982885815457603 0.42809188100511303 1.0283106210632738 0.03422456732325968
44342.0 11390060.0 2.349295408832685 -0.000864810674849753 0.42787730500920856 1.0283106210632738 0.03422456732325968
44343.0 11390060.0 2.3217340426490205 0.0031111933489598453 0.42769629085857114 1.0283106210632738 0.03422456732325968
44344.0 11390060.0 2.294718646492094 0.0006007709468317246 0.42754358914283225 1.0283106210632738 0.03422456732325968
44345.0 11390060.0 2.256171273578204 0.0022063970069299 0.4274147715122355 1.0283106210632738 0.03422456732325968
44346.0 11390060.0 2.2292026813952246 0.0011995711743819915 0.4273061022554936 1.0283106210632738 0.03422456732325968
44347.0 11390060.0 2.2183794000454293 0.0020468710206285323 0.42483074058775255 1.0283106210632738 0.03422456732325968
44348.0 11390060.0 2.207556118695634 0.002894170866875073 0.42035886102064784 1.0283106210632738 0.03422456732325968
44349.0 11390060.0 2.158734055743018 0.002948893489092358 0.4165864284231419 1.0283106210632738 0.03422456732325968
44350.0 11390060.0 2.1286686140659556 0.0006172558815864815 0.4134040422499071 1.0283106210632738 0.03422456732325968
44351.0 11390060.0 2.0986280098140897 0.0010813125979377836 0.41071941330191963 1.0283106210632738 0.03422456732325968
44352.0 11390060.0 2.073254533766178 0.002241010616000433 0.4084546873396878 1.0283106210632738 0.03422456732325968
44353.0 11390060.0 2.0355782691454385 0.0037969247026174713 0.40654418731030695 1.0283106210632738 0.03422456732325968
44354.0 11390060.0 2.0059810798011877 -0.0009067619309396646 0.40493250871292497 1.0283106210632738 0.03422456732325968
44355.0 11390060.0 1.9617461543152799 0.0006885507946259861 0.4035729128682178 1.0283106210632738 0.03422456732325968
44356.0 11390060.0 1.9489042258400193 0.0007936108671958014 0.40242597149668896 1.0283106210632738 0.03422456732325968
44357.0 11390060.0 1.9360622973647585 0.0008986709397656167 0.4014584232985641 1.0283106210632738 0.03422456732325968
44358.0 11390060.0 1.896734003570776 0.0014761935357353873 0.4006422093760976 1.0283106210632738 0.03422456732325968
44359.0 11390060.0 1.8574057097767938 0.0020537161317051578 0.39995365952553796 1.0283106210632738 0.03422456732325968
44360.0 11390060.0 1.8286499116651536 0.003734731013308179 0.39937280580121887 1.0283106210632738 0.03422456732325968
44361.0 11390060.0 1.7972109754867045 0.005357573748579814 0.39888280344513516 1.0283106210632738 0.03422456732325968
44362.0 11390060.0 1.768543049059542 0.0018699433788628428 0.3984694423889603 1.0283106210632738 0.03422456732325968
44363.0 11390060.0 1.7309353570868473 0.003638600920267021 0.39812073516206536 1.0283106210632738 0.03422456732325968
44364.0 11390060.0 1.7026026386092719 0.0038968655231163274 0.39305919050205335 1.0283106210632738 0.03422456732325968
44365.0 11390060.0 1.6708282504896497 0.0017746400860357558 0.3887893223666009 1.0283106210632738 0.03422456732325968
44366.0 11390060.0 1.6447679382705516 0.004912427511390399 0.3851873045797799 1.0283106210632738 0.03422456732325968
44367.0 11390060.0 1.6143256067638343 0.005509579163206824 0.3821486786257725 1.0283106210632738 0.03422456732325968
44368.0 11390060.0 1.5808725305013096 0.0050458988073984745 0.3795853243519125 1.0283106210632738 0.03422456732325968
44369.0 11390060.0 1.547419454238785 0.004582218451590125 0.37742290448425797 1.0283106210632738 0.03422456732325968
44370.0 11390060.0 1.5180978543602346 0.004533529724872526 0.3755987088466469 1.0283106210632738 0.03422456732325968
44371.0 11390060.0 1.4887762544816843 0.004484840998154926 0.37405983576558866 1.0283106210632738 0.03422456732325968
44372.0 11390060.0 1.459454654603134 0.004436152271437327 0.37276165792173244 1.0283106210632738 0.03422456732325968
44373.0 11390060.0 1.4301330547245836 0.004387463544719727 0.3716665281576065 1.0283106210632738 0.03422456732325968
44374.0 11390060.0 1.4008114548460333 0.004338774818002128 0.3707426877100511 1.0283106210632738 0.03422456732325968
44375.0 11390060.0 1.3735785586560172 0.0038886543475801713 0.3699633452060872 1.0283106210632738 0.03422456732325968
44376.0 11390060.0 1.346345662466001 0.0034385338771582147 0.36930589971309985 1.0283106210632738 0.03422456732325968
44377.0 11390060.0 1.3191127662759852 0.002988413406736258 0.36875128531179235 1.0283106210632738 0.03422456732325968
44378.0 11390060.0 1.291879870085969 0.0025382929363143014 0.36828341818452687 1.0283106210632738 0.03422456732325968
44379.0 11390060.0 1.2675162395650748 0.0027167130222353147 0.36788873018461266 1.0283106210632738 0.03422456732325968
44380.0 11390060.0 1.2431526090441807 0.002895133108156328 0.3675557753600522 1.0283106210632738 0.03422456732325968
44381.0 11390060.0 1.2187889785232864 0.0030735531940773416 0.36727489802093327 1.0283106210632738 0.03422456732325968
44382.0 11390060.0 1.1944253480023923 0.003251973279998355 0.3670379527244214 1.0283106210632738 0.03422456732325968
44383.0 11390060.0 1.170061717481498 0.003430393365919368 0.36683806805691777 1.0283106210632738 0.03422456732325968
44384.0 11390060.0 1.1478564348599587 0.002740418246061062 0.3666694473630647 1.0283106210632738 0.03422456732325968
44385.0 11390060.0 1.1256511522384196 0.0020504431262027556 0.3665272006427406 1.0283106210632738 0.03422456732325968
44386.0 11390060.0 1.1089564602047224 0.0025977971521647194 0.3664072027410559 1.0283106210632738 0.03422456732325968
44387.0 11390060.0 1.0922617681710254 0.0031451511781266832 0.36630597371886187 1.0283106210632738 0.03422456732325968
44388.0 11390060.0 1.0755670761373282 0.0036925052040886475 0.3662205779345148 1.0283106210632738 0.03422456732325968
44389.0 11390060.0 1.0571671084600693 0.0035509457578233594 0.36614853891026866 1.0283106210632738 0.03422456732325968
44390.0 11390060.0 1.0387671407828103 0.0034093863115580714 0.3660877675144203 1.0283106210632738 0.03422456732325968
44391.0 11390060.0 1.0203671731055515 0.0032678268652927833 0.36603650137649013 1.0283106210632738 0.03422456732325968
44392.0 11390060.0 0.9966838964108065 0.004170997408586216 0.3659932537784782 1.0283106210632738 0.03422456732325968
44393.0 11390060.0 0.9730006197160616 0.005074167951879649 0.3659567705400421 1.0283106210632738 0.03422456732325968
44394.0 11390060.0 0.9604299165661614 0.005559568714599543 0.36592599364726724 1.0283106210632738 0.03422456732325968
44395.0 11390060.0 0.9478592134162613 0.006044969477319436 0.36590003057026316 1.0283106210632738 0.03422456732325968
44396.0 11390060.0 0.9352885102663612 0.006530370240039329 0.3658781283797967 1.0283106210632738 0.03422456732325968
44397.0 11390060.0 0.9241418090258936 0.005031824563157122 0.3658596519123444 1.0283106210632738 0.03422456732325968
44398.0 11390060.0 0.9109108173993162 0.0066676241534625175 0.36584406535035 1.0283106210632738 0.03422456732325968
44399.0 11390060.0 0.9024944439942211 0.006730412559214832 0.3658309166835158 1.0283106210632738 0.03422456732325968
44400.0 11390060.0 0.886485965825724 0.005301633771172355 0.36581982460050355 1.0283106210632738 0.03422456732325968
44401.0 11390060.0 0.8704774876572271 0.003872854983129878 0.3658104674309059 1.0283106210632738 0.03422456732325968
44402.0 11390060.0 0.856448636076028 0.004425937750407685 0.36580257381680453 1.0283106210632738 0.03422456732325968
44403.0 11390060.0 0.8424197844948287 0.004979020517685492 0.36579591484339047 1.0283106210632738 0.03422456732325968
44404.0 11390060.0 0.8353062912904242 0.004499372186449256 0.3657902974004347 1.0283106210632738 0.03422456732325968
44405.0 11390060.0 0.8281927980860196 0.004019723855213019 0.3657855585820916 1.0283106210632738 0.03422456732325968
44406.0 11390060.0 0.8210793048816152 0.0035400755239767823 0.36578156096262915 1.0283106210632738 0.03422456732325968
44407.0 11390060.0 0.8167256960792078 0.007883209829853244 0.3657781886110829 1.0283106210632738 0.03422456732325968
44408.0 11390060.0 0.8120747947992681 0.010500992676331441 0.36577534372925813 1.0283106210632738 0.03422456732325968
44409.0 11390060.0 0.8074238935193285 0.013118775522809639 0.3657729438155818 1.0283106210632738 0.03422456732325968
44410.0 11390060.0 0.8027729922393889 0.015736558369287838 0.36577091927255734 1.0283106210632738 0.03422456732325968
44411.0 11390060.0 0.7981220909594493 0.018354341215766033 0.36576921138843704 1.0283106210632738 0.03422456732325968
44412.0 11390060.0 0.7934711896795097 0.020972124062244232 0.36576777063458144 1.0283106210632738 0.03422456732325968
44413.0 11390060.0 0.7978359162495727 0.02084269033566018 0.3653364157927843 1.0283106210632738 0.03422456732325968
44414.0 11390060.0 0.8022006428196358 0.020713256609076133 0.3645423897530847 1.0283106210632738 0.03422456732325968
44415.0 11390060.0 0.8065653693896988 0.02058382288249208 0.36344241794078236 1.0283106210632738 0.03422456732325968
44416.0 11390060.0 0.8109300959597617 0.020454389155908033 0.36208435335377176 1.0283106210632738 0.03422456732325968
44417.0 11390060.0 0.8152948225298248 0.02032495542932398 0.36050856429948064 1.0283106210632738 0.03422456732325968
44418.0 11390060.0 0.8196595490998878 0.02019552170273993 0.3587491050757857 1.0283106210632738 0.03422456732325968
44419.0 11390060.0 0.8240242756699508 0.02006608797615588 0.356834703545651 1.0283106210632738 0.03422456732325968
44420.0 11390060.0 0.8283890022400139 0.01993665424957183 0.35478959424515366 1.0283106210632738 0.03422456732325968
44421.0 11390060.0 0.8327537288100769 0.01980722052298778 0.3526342211850304 1.0283106210632738 0.03422456732325968
44422.0 11390060.0 0.83711845538014 0.01967778679640373 0.3503858307269888 1.0283106210632738 0.03422456732325968
44423.0 11390060.0 0.841483181950203 0.01954835306981968 0.3480589717281968 1.0283106210632738 0.03422456732325968
44424.0 11390060.0 0.8458479085202659 0.01941891934323563 0.3456659174581405 1.0283106210632738 0.03422456732325968
44425.0 11390060.0 0.850212635090329 0.01928948561665158 0.34321702152343947 1.0283106210632738 0.03422456732325968
44426.0 11390060.0 0.854577361660392 0.019160051890067527 0.34072101812243843 1.0283106210632738 0.03422456732325968
44427.0 11390060.0 0.858942088230455 0.01903061816348348 0.3381852753369595 1.0283106210632738 0.03422456732325968
44428.0 11390060.0 0.8633068148005181 0.018901184436899428 0.33561600880667497 1.0283106210632738 0.03422456732325968
44429.0 11390060.0 0.8676715413705811 0.01877175071031538 0.33301846198265767 1.0283106210632738 0.03422456732325968
44430.0 11390060.0 0.8720362679406441 0.018642316983731328 0.33039705818746223 1.0283106210632738 0.03422456732325968
44431.0 11390060.0 0.8764009945107072 0.018512883257147277 0.32775552889147913 1.0283106210632738 0.03422456732325968
44432.0 11390060.0 0.8807657210807701 0.01838344953056323 0.32509702192557594 1.0283106210632738 0.03422456732325968
44433.0 11390060.0 0.8851304476508332 0.018254015803979177 0.3224241927681926 1.0283106210632738 0.03422456732325968
44434.0 11390060.0 0.8894951742208962 0.018124582077395125 0.31973928155421616 1.0283106210632738 0.03422456732325968
44435.0 11390060.0 0.8938599007909592 0.017995148350811077 0.31704417803889245 1.0283106210632738 0.03422456732325968
44436.0 11390060.0 0.8982246273610223 0.017865714624227026 0.31434047640072815 1.0283106210632738 0.03422456732325968
44437.0 11390060.0 0.9025893539310853 0.017736280897642977 0.31162952147266765 1.0283106210632738 0.03422456732325968
44438.0 11390060.0 0.9069540805011482 0.017606847171058926 0.30891244774224835 1.0283106210632738 0.03422456732325968
44439.0 11390060.0 0.9113188070712113 0.017477413444474874 0.3061902122517392 1.0283106210632738 0.03422456732325968
44440.0 11390060.0 0.9156835336412743 0.017347979717890826 0.30346362235236657 1.0283106210632738 0.03422456732325968
44441.0 11390060.0 0.9200482602113373 0.017218545991306775 0.3007333591174997 1.0283106210632738 0.03422456732325968
44442.0 11390060.0 0.9244129867814004 0.017089112264722726 0.2979999970937787 1.0283106210632738 0.03422456732325968
44443.0 11390060.0 0.9287777133514634 0.016959678538138675 0.2952640209629667 1.0283106210632738 0.03422456732325968
44444.0 11390060.0 0.9331424399215265 0.016830244811554623 0.2925258395977214 1.0283106210632738 0.03422456732325968
44445.0 11390060.0 0.9375071664915895 0.016700811084970575 0.28978579791890163 1.0283106210632738 0.03422456732325968
44446.0 11390060.0 0.9418718930616525 0.016571377358386524 0.2870441868982729 1.0283106210632738 0.03422456732325968
44447.0 11390060.0 0.9462366196317155 0.016441943631802472 0.284301251996688 1.0283106210632738 0.03422456732325968
44448.0 11390060.0 0.9506013462017785 0.016312509905218424 0.2815572002824522 1.0283106210632738 0.03422456732325968
44449.0 11390060.0 0.9549660727718415 0.016183076178634372 0.27881220643630367 1.0283106210632738 0.03422456732325968
44450.0 11390060.0 0.9593307993419046 0.01605364245205032 0.27606641781715535 1.0283106210632738 0.03422456732325968
44451.0 11390060.0 0.9636955259119676 0.015924208725466273 0.27331995873550297 1.0283106210632738 0.03422456732325968
44452.0 11390060.0 0.9680602524820306 0.01579477499888222 0.2705729340584298 1.0283106210632738 0.03422456732325968
44453.0 11390060.0 0.9724249790520936 0.015665341272298173 0.26782543225075184 1.0283106210632738 0.03422456732325968
44454.0 11390060.0 0.9767897056221566 0.015535907545714121 0.26507752794049755 1.0283106210632738 0.03422456732325968
44455.0 11390060.0 0.9811544321922196 0.015406473819130071 0.2623292840831207 1.0283106210632738 0.03422456732325968
44456.0 11390060.0 0.9855191587622827 0.015277040092546022 0.2595807537872084 1.0283106210632738 0.03422456732325968
44457.0 11390060.0 0.9898838853323457 0.01514760636596197 0.2568319818546304 1.0283106210632738 0.03422456732325968
44458.0 11390060.0 0.9942486119024088 0.01501817263937792 0.25408300607979306 1.0283106210632738 0.03422456732325968
44459.0 11390060.0 0.9986133384724718 0.01488873891279387 0.25133385834567723 1.0283106210632738 0.03422456732325968
44460.0 11390060.0 1.0029780650425348 0.01475930518620982 0.24858456554844463 1.0283106210632738 0.03422456732325968
44461.0 11390060.0 1.0073427916125979 0.01462987145962577 0.24583515037742668 1.0283106210632738 0.03422456732325968
44462.0 11390060.0 1.011707518182661 0.014500437733041719 0.24308563197311497 1.0283106210632738 0.03422456732325968
44463.0 11390060.0 1.016072244752724 0.01437100400645767 0.24033602648223562 1.0283106210632738 0.03422456732325968
44464.0 11390060.0 1.0204369713227868 0.01424157027987362 0.23758634752600424 1.0283106210632738 0.03422456732325968
44465.0 11390060.0 1.0248016978928498 0.014112136553289568 0.23483660659514125 1.0283106210632738 0.03422456732325968
44466.0 11390060.0 1.0291664244629128 0.01398270282670552 0.23208681338310275 1.0283106210632738 0.03422456732325968
44467.0 11390060.0 1.0335311510329759 0.013853269100121468 0.22933697606719075 1.0283106210632738 0.03422456732325968
44468.0 11390060.0 1.037895877603039 0.013723835373537418 0.22658710154569492 1.0283106210632738 0.03422456732325968
44469.0 11390060.0 1.042260604173102 0.013594401646953368 0.22383719563794302 1.0283106210632738 0.03422456732325968
44470.0 11390060.0 1.046625330743165 0.013464967920369317 0.22108726325306138 1.0283106210632738 0.03422456732325968
44471.0 11390060.0 1.050990057313228 0.013335534193785267 0.21833730853233957 1.0283106210632738 0.03422456732325968
44472.0 11390060.0 1.055354783883291 0.013206100467201217 0.21558733496932775 1.0283106210632738 0.03422456732325968
