46804.0 10628960.0 2.3521018467411716 -4.6537151802480565 0.8534400000000001 0.0 0.0
46805.0 10628960.0 2.3620810002007406 -4.620409472817908 0.8534400000000001 0.0 0.0
46806.0 10628960.0 2.372060153660309 -4.58710376538776 0.8534400000000001 0.0 0.0
46807.0 10628960.0 2.391475509610495 -4.533047596227855 0.8534400000000001 0.0 0.0
46808.0 10628960.0 2.4105332245512616 -4.485532959984572 0.8534400000000001 0.0 0.0
46809.0 10628960.0 2.437285858581641 -4.4089901388144295 0.8534400000000001 0.0 0.0
46810.0 10628960.0 2.458754814634194 -4.354085489247291 0.8534400000000001 0.0 0.0
46811.0 10628960.0 2.4737901464217646 -4.3297886827534375 0.8534400000000001 0.0 0.0
46812.0 10628960.0 2.4939499908864162 -4.278895685043941 0.8534400000000001 0.0 0.0
46813.0 10628960.0 2.5347917491224123 -4.194568059478238 0.8534400000000001 0.0 0.0
46814.0 10628960.0 2.5541591379377304 -4.1461031223013025 0.8534400000000001 0.0 0.0
46815.0 10628960.0 2.576579070888286 -4.093728137577631 0.8534400000000001 0.0 0.0
46816.0 10628960.0 2.5981245435421405 -4.049478208844569 0.8534400000000001 0.0 0.0
46817.0 10628960.0 2.6168446029896617 -4.015929053223443 0.8534400000000001 0.0 0.0
46818.0 10628960.0 2.635564662437183 -3.9823798976023173 0.8534400000000001 0.0 0.0
46819.0 10628960.0 2.6587068911922938 -3.930240553603141 0.8534400000000001 0.0 0.0
46820.0 10628960.0 2.6792207481424404 -3.8826168966798655 0.8534400000000001 0.0 0.0
46821.0 10628960.0 2.705159119259555 -3.83851534175838 0.8534400000000001 0.0 0.0
46822.0 10628960.0 2.7336702300218327 -3.783805748887264 0.8534400000000001 0.0 0.0
46823.0 10628960.0 2.7555039140562494 -3.7332251851602702 0.8534400000000001 0.0 0.0
46824.0 10628960.0 2.787729631304977 -3.6834655123614315 0.8534400000000001 0.0 0.0
46825.0 10628960.0 2.807644724024793 -3.6414869725864913 0.8534400000000001 0.0 0.0
46826.0 10628960.0 2.8336174201255186 -3.5956443609040964 0.8534400000000001 0.0 0.0
46827.0 10628960.0 2.8646312535359097 -3.532172782652705 0.8534400000000001 0.0 0.0
46828.0 10628960.0 2.8947260095280427 -3.4726064916503288 0.8534400000000001 0.0 0.0
46829.0 10628960.0 2.9215005589576997 -3.4286607908713482 0.8534400000000001 0.0 0.0
46830.0 10628960.0 2.945947316376044 -3.3823202236161323 0.8534400000000001 0.0 0.0
46831.0 10628960.0 2.9703383590673136 -3.3307049905362196 0.8534400000000001 0.0 0.0
46832.0 10628960.0 3.0018870708233667 -3.2775703355878525 0.8534400000000001 0.0 0.0
46833.0 10628960.0 3.020895248621314 -3.235646229032939 0.8534400000000001 0.0 0.0
46834.0 10628960.0 3.0433451182123736 -3.1913407182394757 0.8534400000000001 0.0 0.0
46835.0 10628960.0 3.0578236598415547 -3.1632992843424006 0.8534400000000001 0.0 0.0
46836.0 10628960.0 3.0723022014707357 -3.1352578504453255 0.8534400000000001 0.0 0.0
46837.0 10628960.0 3.1101769546678852 -3.061642680584145 0.8534400000000001 0.0 0.0
46838.0 10628960.0 3.134416734464992 -3.0142999847162715 0.8534400000000001 0.0 0.0
46839.0 10628960.0 3.157304741100387 -2.9618438322829252 0.8534400000000001 0.0 0.0
46840.0 10628960.0 3.185076782294864 -2.9148358781491184 0.8534400000000001 0.0 0.0
46841.0 10628960.0 3.2063126728503164 -2.8633592147641713 0.8534400000000001 0.0 0.0
46842.0 10628960.0 3.2255957420998778 -2.8205902308292643 0.8534400000000001 0.0 0.0
46843.0 10628960.0 3.253654917505746 -2.771339704963411 0.8534400000000001 0.0 0.0
46844.0 10628960.0 3.27609470397595 -2.720255794072421 0.8534400000000001 0.0 0.0
46845.0 10628960.0 3.3145407914944656 -2.6486958018940596 0.8534400000000001 0.0 0.0
46846.0 10628960.0 3.3364172978795414 -2.600698771353364 0.8534400000000001 0.0 0.0
46847.0 10628960.0 3.3565271539056107 -2.5537606963311115 0.8534400000000001 0.0 0.0
46848.0 10628960.0 3.383966508007334 -2.5039574284146124 0.8534400000000001 0.0 0.0
46849.0 10628960.0 3.4065435846381904 -2.452451009810775 0.8534400000000001 0.0 0.0
46850.0 10628960.0 3.416773218388375 -2.421095881563755 0.8534400000000001 0.0 0.0
46851.0 10628960.0 3.429657766107297 -2.389906057445435 0.8534400000000001 0.0 0.0
46852.0 10628960.0 3.442542313826219 -2.358716233327115 0.8534400000000001 0.0 0.0
46853.0 10628960.0 3.473339719689572 -2.2817404769842806 0.8582073793515105 0.0 0.0
46854.0 10628960.0 3.487627729755891 -2.254279196989664 0.8622290923539344 0.0 0.0
46855.0 10628960.0 3.5112556278030977 -2.181856164034649 0.8656217688243367 0.0 0.0
46856.0 10628960.0 3.5302622327611433 -2.139931349734702 0.8684837964644029 0.0 0.0
46857.0 10628960.0 3.547110795700612 -2.0719547227136306 0.8708981741261491 0.0 0.0
46858.0 10628960.0 3.5681150181931667 -2.0239066423977783 0.8729349187920556 0.0 0.0
46859.0 10628960.0 3.5854398165997576 -1.9708034249220974 0.8746530960756177 0.0 0.0
46860.0 10628960.0 3.6012146839255186 -1.9224509882250203 0.876102533128975 0.0 0.0
46861.0 10628960.0 3.6185050419811544 -1.8694533347990003 0.8773252636332286 0.0 0.0
46862.0 10628960.0 3.634462583869568 -1.8232630654718196 0.8783567467769361 0.0 0.0
46863.0 10628960.0 3.647206470560138 -1.7842010425299404 0.8792268955736269 0.0 0.0
46864.0 10628960.0 3.6643141644833177 -1.7290412025156874 0.8799609443398229 0.0 0.0
46865.0 10628960.0 3.683257789344724 -1.6709760254373853 0.880580180490595 0.0 0.0
46866.0 10628960.0 3.691718752445129 -1.6464028564724962 0.8811025618748269 0.0 0.0
46867.0 10628960.0 3.7001797155455343 -1.621829687507607 0.8815432375529679 0.0 0.0
46868.0 10628960.0 3.7242208933349294 -1.5481396822558857 0.8819149871198684 0.0 0.0
46869.0 10628960.0 3.738652489853753 -1.503904560148073 0.882228591313079 0.0 0.0
46870.0 10628960.0 3.752557027217361 -1.4585630025509655 0.8824931446542691 0.0 0.0
46871.0 10628960.0 3.777159713817075 -1.3858738365281291 0.8827163191903732 0.0 0.0
46872.0 10628960.0 3.7935786042080615 -1.332825437206098 0.8829045869829621 0.0 0.0
46873.0 10628960.0 3.797167171600292 -1.305494543988324 0.8830634077980355 0.0 0.0
46874.0 10628960.0 3.814836455145068 -1.2513355439492744 0.8831973874392389 0.0 0.0
46875.0 10628960.0 3.832884613675043 -1.196015234774186 0.8833104113161725 0.0 0.0
46876.0 10628960.0 3.8454285067482328 -1.141235363097888 0.8834057571212703 0.0 0.0
46877.0 10628960.0 3.8624046130868814 -1.0717816872056012 0.8834861898828823 0.0 0.0
46878.0 10628960.0 3.8704987671230526 -1.0469720108475378 0.8811703527746271 0.0 0.0
46879.0 10628960.0 3.878592921159224 -1.0221623344894744 0.8768330465204188 0.0 0.0
46880.0 10628960.0 3.897807642100406 -0.9466639962023568 0.8731741386153486 0.0 0.0
46881.0 10628960.0 3.909020583678486 -0.8946037419957159 0.8700875207301512 0.0 0.0
46882.0 10628960.0 3.9198082264944816 -0.8452081715071544 0.8674836809461446 0.0 0.0
46883.0 10628960.0 3.930562185819733 -0.7942830694798287 0.8652871079095862 0.0 0.0
46884.0 10628960.0 3.9546037671863754 -0.7205930864329654 0.8634341010024118 0.0 0.0
46885.0 10628960.0 3.9670786358743477 -0.6676595936572957 0.8618709230243109 0.0 0.0
46886.0 10628960.0 3.9767195924043435 -0.6190579855583995 0.8605522418139171 0.0 0.0
46887.0 10628960.0 3.9812439694480006 -0.590221774249551 0.8594398156161283 0.0 0.0
46888.0 10628960.0 3.985768346491658 -0.5613855629407025 0.8585013840712079 0.0 0.0
46889.0 10628960.0 4.002783186567174 -0.4840597069969761 0.857709732664353 0.0 0.0
46890.0 10628960.0 4.0125920161262085 -0.4325633625058252 0.8570419035047646 0.0 0.0
46891.0 10628960.0 4.022400845685243 -0.38106701801467435 0.8564785295468146 0.0 0.0
46892.0 10628960.0 4.026321606672121 -0.33094951446443854 0.8560032729457223 0.0 0.0
46893.0 10628960.0 4.0317227929029675 -0.303509034817818 0.855602351260056 0.0 0.0
46894.0 10628960.0 4.0386142010361885 -0.22632612036243396 0.8552641377609314 0.0 0.0
46895.0 10628960.0 4.046617721393511 -0.17485396323106275 0.8549788242568738 0.0 0.0
46896.0 10628960.0 4.048026129290734 -0.15393708555089505 0.8547381366562655 0.0 0.0
46897.0 10628960.0 4.050376332897874 -0.10482560702744573 0.854535095018689 0.0 0.0
46898.0 10628960.0 4.059138113255264 -0.026267018961282612 0.8543638111366544 0.0 0.0
46899.0 10628960.0 4.060737513050822 0.0344201725079851 0.8542193177775829 0.0 0.0
46900.0 10628960.0 4.063620529829114 0.057542628102925736 0.8540974246340612 0.0 0.0
46901.0 10628960.0 4.0665035466074055 0.08066508369786637 0.8539945968049273 0.0 0.0
46902.0 10628960.0 4.072070596199454 0.16575629116080012 0.8539078522831363 0.0 0.0
46903.0 10628960.0 4.073302045710611 0.22259208201684563 0.8538346754775562 0.0 0.0
46904.0 10628960.0 4.07763811514925 0.2508474198924946 0.8537729442608253 0.0 0.0
46905.0 10628960.0 4.083171656955991 0.3358328976215498 0.8537208684276583 0.0 0.0
46906.0 10628960.0 4.092806738602446 0.4143404577547345 0.8536769377788933 0.0 0.0
46907.0 10628960.0 4.095315527448516 0.4560413406987046 0.8536398783257163 0.0 0.0
46908.0 10628960.0 4.099417309180444 0.5189494658947019 0.853608615343985 0.0 0.0
46909.0 10628960.0 4.102933391149422 0.5569341847911081 0.8535822422072293 0.0 0.0
46910.0 10628960.0 4.106449473118402 0.5949189036875143 0.8535599940944834 0.0 0.0
46911.0 10628960.0 4.104821320003707 0.6389042196761946 0.8535412258104773 0.0 0.0
46912.0 10628960.0 4.113735878233452 0.6961536522133557 0.8535253930749751 0.0 0.0
46913.0 10628960.0 4.1166207425300065 0.7539688328522636 0.8535120367386473 0.0 0.0
46914.0 10628960.0 4.112549415310936 0.8160396739293421 0.8535007694677401 0.0 0.0
46915.0 10628960.0 4.116843687475961 0.8716428664595585 0.8534912645113975 0.0 0.0
46916.0 10628960.0 4.119232581209507 0.9224944510184846 0.8534832462258853 0.0 0.0
46917.0 10628960.0 4.116743244957596 0.9828811269582398 0.8534764820809239 0.0 0.0
46918.0 10628960.0 4.118369176260995 1.0422754492246689 0.8487033971634923 0.0 0.0
46919.0 10628960.0 4.117519533528892 1.102244006574088 0.844676870763802 0.0 0.0
46920.0 10628960.0 4.117248162060528 1.1707848907795741 0.841280133616262 0.0 0.0
46921.0 10628960.0 4.10713367158404 1.2254831607740908 0.8384146803435936 0.0 0.0
46922.0 10628960.0 4.101999260205708 1.2678972371534911 0.8359974128008894 0.0 0.0
46923.0 10628960.0 4.096864848827376 1.3103113135328917 0.833958230229411 0.0 0.0
46924.0 10628960.0 4.0859018185680505 1.362746091535901 0.8322379963345854 0.0 0.0
46925.0 10628960.0 4.074938788308726 1.4151808695389108 0.8307868243334628 0.0 0.0
46926.0 10628960.0 4.067333666611702 1.4653226534319588 0.8295626302380107 0.0 0.0
46927.0 10628960.0 4.05251831575451 1.5151307988114866 0.8285299124194608 0.0 0.0
46928.0 10628960.0 4.035090815606234 1.566726051199024 0.8276587220610754 0.0 0.0
46929.0 10628960.0 4.015363216464895 1.6052880267179115 0.8269237946424611 0.0 0.0
46930.0 10628960.0 3.9950611947801224 1.6600411713527785 0.8263038172684782 0.0 0.0
46931.0 10628960.0 3.9699705300507517 1.7001201181433998 0.8257808105952812 0.0 0.0
46932.0 10628960.0 3.9448950956405398 1.7456845765526026 0.8253396074293473 0.0 0.0
46933.0 10628960.0 3.9129250052633093 1.8000411253238018 0.8249674128788645 0.0 0.0
46934.0 10628960.0 3.900522909026991 1.8191580285742617 0.8246534333018688 0.0 0.0
46935.0 10628960.0 3.856707573761753 1.8834555468998833 0.8243885632906273 0.0 0.0
46936.0 10628960.0 3.8150532312928966 1.9380534552110136 0.8241651216148139 0.0 0.0
46937.0 10628960.0 3.7757264468867504 1.975304222533981 0.8239766284658302 0.0 0.0
46938.0 10628960.0 3.7425227315265586 2.014995714998832 0.8238176175423555 0.0 0.0
46939.0 10628960.0 3.7047418614638365 2.048822105256197 0.8236834775276092 0.0 0.0
46940.0 10628960.0 3.6653072476253294 2.0775814218239397 0.8235703183611635 0.0 0.0
46941.0 10628960.0 3.638434992669973 2.0966915857240194 0.8234748584271915 0.0 0.0
46942.0 10628960.0 3.6115627377146167 2.1158017496240986 0.8233943293876081 0.0 0.0
46943.0 10628960.0 3.5625108703757684 2.1433790127293473 0.8233263959002654 0.0 0.0
46944.0 10628960.0 3.511934545638624 2.1706366445133956 0.8232690878940303 0.0 0.0
46945.0 10628960.0 3.4576489366934196 2.1878911389449587 0.8232207434367221 0.0 0.0
46946.0 10628960.0 3.394012940599315 2.209133240051216 0.8231799605390789 0.0 0.0
46947.0 10628960.0 3.3458319102680223 2.219255722744143 0.823145556497069 0.0 0.0
46948.0 10628960.0 3.2898392993741243 2.2217656655652163 0.823116533593474 0.0 0.0
46949.0 10628960.0 3.2374939457744993 2.2272907095211285 0.8230920501640898 0.0 0.0
46950.0 10628960.0 3.1970003607253723 2.2245951499901135 0.8230713961894642 0.0 0.0
46951.0 10628960.0 3.1565067756762453 2.221899590459099 0.8230539727043331 0.0 0.0
46952.0 10628960.0 3.076224359497039 2.2091530869527194 0.8230392744276277 0.0 0.0
46953.0 10628960.0 3.039351964850198 2.1981790722133168 0.8230268751093235 0.0 0.0
46954.0 10628960.0 3.0024795702033567 2.1872050574739146 0.8230164151691896 0.0 0.0
46955.0 10628960.0 2.953442466027549 2.1729605253896946 0.8230075912689622 0.0 0.0
46956.0 10628960.0 2.911339714793937 2.158204244839365 0.8230001475155346 0.0 0.0
46957.0 10628960.0 2.885778970096456 2.1451725942885966 0.8229938680400577 0.0 0.0
46958.0 10628960.0 2.8082595369497225 2.106234560414891 0.8229885707377423 0.0 0.0
46959.0 10628960.0 2.7416650448223443 2.0692200687841615 0.8229841019868216 0.0 0.0
46960.0 10628960.0 2.7012386973407416 2.0449219595299013 0.8229803321935186 0.0 0.0
46961.0 10628960.0 2.6513124396993573 2.010291850125399 0.8229771520338277 0.0 0.0
46962.0 10628960.0 2.6094582248499876 1.9786332901987074 0.8229744692831178 0.0 0.0
46963.0 10628960.0 2.5852654827336576 1.957562170101024 0.8229722061416184 0.0 0.0
46964.0 10628960.0 2.5610727406173277 1.9364910500033405 0.8229702969782258 0.0 0.0
46965.0 10628960.0 2.503297660708073 1.8791911907464283 0.8229686864272018 0.0 0.0
46966.0 10628960.0 2.464400079984654 1.833483404410465 0.8229673277825666 0.0 0.0
46967.0 10628960.0 2.4310899350575372 1.7940116474933947 0.8229661816436259 0.0 0.0
46968.0 10628960.0 2.3906463928748884 1.7367762072160147 0.8229652147723503 0.0 0.0
46969.0 10628960.0 2.3722188853801716 1.7156916739884966 0.8229643991294728 0.0 0.0
46970.0 10628960.0 2.3317272205190225 1.642000094709902 0.8229637110613501 0.0 0.0
46971.0 10628960.0 2.302198142649406 1.586924497963561 0.8229631306140066 0.0 0.0
46972.0 10628960.0 2.2634516430790224 1.5172191088314848 0.8229626409544692 0.0 0.0
46973.0 10628960.0 2.252259903327426 1.4992621383286784 0.8229622278826115 0.0 0.0
46974.0 10628960.0 2.2266351073813073 1.4422105427048253 0.8229618794193495 0.0 0.0
46975.0 10628960.0 2.201010311435188 1.385158947080972 0.8229615854592487 0.0 0.0
46976.0 10628960.0 2.182659934852966 1.3503811096572527 0.822961337477466 0.0 0.0
46977.0 10628960.0 2.164309558270744 1.3156032722335331 0.8229611282825299 0.0 0.0
46978.0 10628960.0 2.1428308936323184 1.2647910498505999 0.8229609518077871 0.0 0.0
46979.0 10628960.0 2.115826928810878 1.214732014486784 0.8229608029354701 0.0 0.0
46980.0 10628960.0 2.082513493249249 1.1453551498223702 0.8277280561010988 0.0 0.0
46981.0 10628960.0 2.0588908601249845 1.0947759036748834 0.8317496628936593 0.0 0.0
46982.0 10628960.0 2.0378004300367474 1.0424350509651867 0.8351422499101359 0.0 0.0
46983.0 10628960.0 2.0194523502296358 0.9930536840998029 0.8380042021740064 0.0 0.0
46984.0 10628960.0 1.9997389965261767 0.9424827129999634 0.840418516300923 0.0 0.0
46985.0 10628960.0 1.9761743909007043 0.893169600168339 0.8424552074005665 0.0 0.0
46986.0 10628960.0 1.945589854684324 0.8104015013349003 0.8441733395148263 0.0 0.0
46987.0 10628960.0 1.9313850955733132 0.7669099247970576 0.8456227384750161 0.0 0.0
46988.0 10628960.0 1.9224977502095273 0.7424176762097678 0.8468454368509813 0.0 0.0
46989.0 10628960.0 1.9136104048457414 0.7179254276224782 0.8478768928956251 0.0 0.0
46990.0 10628960.0 1.890231564843072 0.6572198648549346 0.848747018834242 0.0 0.0
46991.0 10628960.0 1.8650628924803014 0.5801595862551289 0.8494810483190518 0.0 0.0
46992.0 10628960.0 1.8462193229681303 0.5279027086020335 0.8501002682051142 0.0 0.0
46993.0 10628960.0 1.8303094431546698 0.4737530806926348 0.8506226358691249 0.0 0.0
46994.0 10628960.0 1.810810777043432 0.4194905425629293 0.8510632999733402 0.0 0.0
46995.0 10628960.0 1.7955904773824711 0.36745215581123447 0.8514350397767824 0.0 0.0
46996.0 10628960.0 1.7813856986545722 0.3239606209200464 0.8517486357337513 0.0 0.0
46997.0 10628960.0 1.76087151753267 0.26115124959031666 0.852013182126999 0.0 0.0
46998.0 10628960.0 1.743475944777433 0.21332802525440056 0.8522363508019296 0.0 0.0
46999.0 10628960.0 1.732518572095663 0.1580281812966509 0.8524246136501161 0.0 0.0
47000.0 10628960.0 1.7130543580484037 0.1038712436030256 0.8525834302941561 0.0 0.0
47001.0 10628960.0 1.7026487639061294 0.050260361072512555 0.8527174064167266 0.0 0.0
47002.0 10628960.0 1.6824260612023427 -0.006218935480427484 0.8528304273253821 0.0 0.0
47003.0 10628960.0 1.6730311308276287 -0.05782344247442539 0.8529257706264737 0.0 0.0
47004.0 10628960.0 1.653625222274289 -0.11071435635740584 0.853006201275733 0.0 0.0
47005.0 10628960.0 1.6390981429094253 -0.1715071462792324 0.8530740517619886 0.0 0.0
47006.0 10628960.0 1.627097473316154 -0.22728394396552312 0.8531312897493418 0.0 0.0
47007.0 10628960.0 1.6105673863699184 -0.28333373343229085 0.853179575139426 0.0 0.0
47008.0 10628960.0 1.602746361897839 -0.32359476487451266 0.8532203082085535 0.0 0.0
47009.0 10628960.0 1.5949253374257597 -0.3638557963167345 0.8532546702157291 0.0 0.0
47010.0 10628960.0 1.5839497507543139 -0.41377577181027647 0.8532836576591608 0.0 0.0
47011.0 10628960.0 1.5603556830814624 -0.502331472346252 0.858075489927525 0.0 0.0
47012.0 10628960.0 1.5510007025719874 -0.547290071989164 0.8621178314037875 0.0 0.0
47013.0 10628960.0 1.5416457220625124 -0.5922486716320762 0.8655279099907598 0.0 0.0
47014.0 10628960.0 1.5192479309686826 -0.6760548621490644 0.8684046179674642 0.0 0.0
47015.0 10628960.0 1.5153386919922565 -0.7067873833267387 0.870831379865225 0.0 0.0
47016.0 10628960.0 1.5012719612001408 -0.7664453782427877 0.8728785717790772 0.0 0.0
47017.0 10628960.0 1.4858850597720323 -0.8282422834957544 0.8746055622745228 0.0 0.0
47018.0 10628960.0 1.4718742790034909 -0.9064932376689684 0.8760624340759295 0.0 0.0
47019.0 10628960.0 1.4625428863467087 -0.9676977392726235 0.8772914364655382 0.0 0.0
47020.0 10628960.0 1.453246134578771 -1.0287967117657728 0.8783282105126474 0.0 0.0
47021.0 10628960.0 1.442556908989331 -1.0805624306684176 0.8792028226646235 0.0 0.0
47022.0 10628960.0 1.43219169150508 -1.1449338925580719 0.8799406366738736 0.0 0.0
47023.0 10628960.0 1.426893298394675 -1.1788341278833874 0.880563049146666 0.0 0.0
47024.0 10628960.0 1.411711646377157 -1.2772631766843892 0.8810881100447118 0.0 0.0
47025.0 10628960.0 1.4027174218072305 -1.3330870568911624 0.8815310461340542 0.0 0.0
47026.0 10628960.0 1.3968291912548672 -1.391911259974321 0.8819047025612842 0.0 0.0
47027.0 10628960.0 1.3927846947940266 -1.4206135166140839 0.8822199153627914 0.0 0.0
47028.0 10628960.0 1.3887401983331862 -1.4493157732538469 0.8824858257098196 0.0 0.0
47029.0 10628960.0 1.3726531950584386 -1.5312108251960703 0.8827101450024325 0.0 0.0
47030.0 10628960.0 1.3663615584987874 -1.5939919522889812 0.878131999747299 0.0 0.0
47031.0 10628960.0 1.3602036669431576 -1.6454850639179754 0.8742699224848374 0.0 0.0
47032.0 10628960.0 1.349798500889002 -1.703184471566295 0.8710119129744359 0.0 0.0
47033.0 10628960.0 1.3424511041519542 -1.7678403367262057 0.8682634889402931 0.0 0.0
47034.0 10628960.0 1.3334473021041586 -1.822609546873453 0.8659449460854188 0.0 0.0
47035.0 10628960.0 1.3205285642110587 -1.8839272379935983 0.8639890466670217 0.0 0.0
47036.0 10628960.0 1.3096484648821936 -1.9498825917328813 0.8623390696019682 0.0 0.0
47037.0 10628960.0 1.287806440707544 -2.0303653227175906 0.8609471655553717 0.0 0.0
47038.0 10628960.0 1.2690388272128508 -2.091642035923193 0.8597729693098809 0.0 0.0
47039.0 10628960.0 1.2508160974869196 -2.14363419228935 0.8540150504215598 0.0 0.0
47040.0 10628960.0 1.2406669397129433 -2.1785202066242704 0.849157727995464 0.0 0.0
47041.0 10628960.0 1.2106745188976458 -2.2339116015408074 0.8450601396812365 0.0 0.0
47042.0 10628960.0 1.1784370446924497 -2.302705134547759 0.8416034554177649 0.0 0.0
47043.0 10628960.0 1.1399247765870648 -2.3542627117997084 0.8386874313614086 0.0 0.0
