16139.0 10561439.0 -3.61753450149334 0.9113865046089199 0.45720000000000005 -3.423004878685325 1.1183983042263892
16140.0 10561439.0 -3.6165318949943908 0.8748347784994164 0.4873783044472379 -3.423004878685325 1.1183983042263892
16141.0 10561439.0 -3.6095051476461757 0.8328052774601584 0.47214640026118027 -3.423004878685325 1.1183983042263892
16142.0 10561439.0 -3.6046264154757637 0.7961530743297456 0.47755201341923076 -3.423004878685325 1.1183983042263892
16143.0 10561439.0 -3.595278951879658 0.7568693758025514 0.48032486256493634 -3.423004878685325 1.1183983042263892
16144.0 10561439.0 -3.592238812986542 0.71731371755779 0.4820342789807304 -3.423004878685325 1.1183983042263892
16145.0 10561439.0 -3.5864958087028747 0.6832999204269525 0.4832042818841117 -3.423004878685325 1.1183983042263892
16146.0 10561439.0 -3.579484756330818 0.6538371320688101 0.4840595633680776 -3.423004878685325 1.1183983042263892
16147.0 10561439.0 -3.572473703958761 0.6243743437106677 0.4847126568642181 -3.423004878685325 1.1183983042263892
16148.0 10561439.0 -3.5676458888092926 0.5875637828936888 0.4852264150119647 -3.423004878685325 1.1183983042263892
16149.0 10561439.0 -3.55867357944399 0.5518794949129752 0.4856389812792623 -3.423004878685325 1.1183983042263892
16150.0 10561439.0 -3.549701270078687 0.5161952069322615 0.4859750995833096 -3.423004878685325 1.1183983042263892
16151.0 10561439.0 -3.5408938195648423 0.48339856138313064 0.48625172937585165 -3.423004878685325 1.1183983042263892
16152.0 10561439.0 -3.5341324076402323 0.44706522662698467 0.4864810377311894 -3.423004878685325 1.1183983042263892
16153.0 10561439.0 -3.526000156063911 0.40677771106428573 0.48667208724561795 -3.423004878685325 1.1183983042263892
16154.0 10561439.0 -3.5160020275862394 0.3721892511888164 0.4868318354200805 -3.423004878685325 1.1183983042263892
16155.0 10561439.0 -3.509505247221905 0.34318729919038005 0.48696575256445457 -3.423004878685325 1.1183983042263892
16156.0 10561439.0 -3.492314127835895 0.3102170936800649 0.48707821961245185 -3.423004878685325 1.1183983042263892
16157.0 10561439.0 -3.4816301166994768 0.2736515668825116 0.4871727943477948 -3.423004878685325 1.1183983042263892
16158.0 10561439.0 -3.4587425782439354 0.22958582820376935 0.487252396293276 -3.423004878685325 1.1183983042263892
16159.0 10561439.0 -3.444720333501599 0.20185978432615567 0.4873194396583574 -3.423004878685325 1.1183983042263892
16160.0 10561439.0 -3.419145338746091 0.16871623390368815 0.4826003461768506 -3.423004878685325 1.1183983042263892
16161.0 10561439.0 -3.397390600471364 0.14289943501217825 0.48339582828921224 -3.423004878685325 1.1183983042263892
16162.0 10561439.0 -3.3621059816000205 0.1149909349808694 0.4792949663324985 -3.423004878685325 1.1183983042263892
16163.0 10561439.0 -3.3355520566030954 0.0929784921844071 0.47583694816154437 -3.423004878685325 1.1183983042263892
16164.0 10561439.0 -3.303534934717419 0.07408554654663155 0.4729206555965232 -3.423004878685325 1.1183983042263892
16165.0 10561439.0 -3.281826880374445 0.06440949339364596 0.47046101473837304 -3.423004878685325 1.1183983042263892
16166.0 10561439.0 -3.260118826031471 0.054733440240660375 0.4683863950950632 -3.423004878685325 1.1183983042263892
16167.0 10561439.0 -3.2279100032744523 0.04185419797041265 0.46663645209860866 -3.423004878685325 1.1183983042263892
16168.0 10561439.0 -3.1895047627466644 0.03162087108795805 0.4651603290025505 -3.423004878685325 1.1183983042263892
16169.0 10561439.0 -3.1557918035467 0.028765844139625768 0.4639151531695459 -3.423004878685325 1.1183983042263892
16170.0 10561439.0 -3.1028708921558943 0.024882437139268937 0.46286477544172105 -3.423004878685325 1.1183983042263892
16171.0 10561439.0 -3.0663840064655696 0.02100309515170226 0.4619787114181908 -3.423004878685325 1.1183983042263892
16172.0 10561439.0 -3.033462394553929 0.018173932320088987 0.46123125116700275 -3.423004878685325 1.1183983042263892
16173.0 10561439.0 -2.996269341735423 0.019438711784218382 0.46060070989127083 -3.423004878685325 1.1183983042263892
16174.0 10561439.0 -2.960096139955745 0.021387966755248428 0.46006879682152324 -3.423004878685325 1.1183983042263892
16175.0 10561439.0 -2.9334936381565786 0.0185240808226462 0.45962008343360117 -3.423004878685325 1.1183983042263892
16176.0 10561439.0 -2.893757370294302 0.01778859032437982 0.45924155521117327 -3.423004878685325 1.1183983042263892
16177.0 10561439.0 -2.8515468543104188 0.014841461474818768 0.4589222337383359 -3.423004878685325 1.1183983042263892
16178.0 10561439.0 -2.8139580427070348 0.011888038746419166 0.45865285803354056 -3.423004878685325 1.1183983042263892
16179.0 10561439.0 -2.76548032618392 0.013433747365045073 0.458425615805827 -3.423004878685325 1.1183983042263892
16180.0 10561439.0 -2.7256671180932868 0.010220226335861587 0.45346652893904604 -3.423004878685325 1.1183983042263892
16181.0 10561439.0 -2.7017351184057166 0.008698431882427998 0.4492830969505467 -3.423004878685325 1.1183983042263892
16182.0 10561439.0 -2.665567461491994 0.0065613320617047 0.4457539980988996 -3.423004878685325 1.1183983042263892
16183.0 10561439.0 -2.6157614271023366 0.006738565578989192 0.4427768871884076 -3.423004878685325 1.1183983042263892
16184.0 10561439.0 -2.577941245513296 0.00558010795149419 0.4402654272048213 -3.423004878685325 1.1183983042263892
16185.0 10561439.0 -2.5242795692341673 -0.0014626841284103576 0.4381467853296421 -3.423004878685325 1.1183983042263892
16186.0 10561439.0 -2.48816794696231 -0.002412165328153165 0.43635952066094424 -3.423004878685325 1.1183983042263892
16187.0 10561439.0 -2.452720670140355 -0.0026767340866360734 0.43485180235071186 -3.423004878685325 1.1183983042263892
16188.0 10561439.0 -2.419120045130142 -0.0031548291301878584 0.43357990646431593 -3.423004878685325 1.1183983042263892
16189.0 10561439.0 -2.374163583438424 -0.0015061353731881388 0.43250694795883693 -3.423004878685325 1.1183983042263892
16190.0 10561439.0 -2.3519261305621866 -0.0006028842168553095 0.4292181214722579 -3.423004878685325 1.1183983042263892
16191.0 10561439.0 -2.329688677685949 0.0003003669394775199 0.4240600111464582 -3.423004878685325 1.1183983042263892
16192.0 10561439.0 -2.2866714080622392 0.0011819137068260488 0.4197086812804945 -3.423004878685325 1.1183983042263892
16193.0 10561439.0 -2.2514529753864005 0.001577338266998879 0.4160379432536642 -3.423004878685325 1.1183983042263892
16194.0 10561439.0 -2.214970117886354 0.004480285699596659 0.4129413456304172 -3.423004878685325 1.1183983042263892
16195.0 10561439.0 -2.1783754932595167 0.005010003171620897 0.4103290870600049 -3.423004878685325 1.1183983042263892
16196.0 10561439.0 -2.140444019452355 0.001480461743778111 0.40812541203207436 -3.423004878685325 1.1183983042263892
16197.0 10561439.0 -2.1061532153171134 0.0031147441652236985 0.40626641396372487 -3.423004878685325 1.1183983042263892
16198.0 10561439.0 -2.0851765734238024 0.004781705793418273 0.4046981819067175 -3.423004878685325 1.1183983042263892
16199.0 10561439.0 -2.031497561782877 0.0032282942551482285 0.398607858361833 -3.423004878685325 1.1183983042263892
16200.0 10561439.0 -1.9969831440805 0.00011627750107953694 0.3934701227200504 -3.423004878685325 1.1183983042263892
16201.0 10561439.0 -1.9688620388706723 0.001900017733699938 0.3891359806435181 -3.423004878685325 1.1183983042263892
16202.0 10561439.0 -1.9352882181981805 -0.0013713808968250085 0.3854797420094713 -3.423004878685325 1.1183983042263892
16203.0 10561439.0 -1.8960533207052956 0.0018011728325970366 0.38239537589599454 -3.423004878685325 1.1183983042263892
16204.0 10561439.0 -1.8520860237777803 0.001790133739342975 0.3797934356848796 -3.423004878685325 1.1183983042263892
16205.0 10561439.0 -1.8199743669582904 0.00355428227250007 0.37759846510945344 -3.423004878685325 1.1183983042263892
16206.0 10561439.0 -1.7919225465611717 0.0051276292803043855 0.37574681002269805 -3.423004878685325 1.1183983042263892
16207.0 10561439.0 -1.7545279742804076 0.003761914216567658 0.36941739367314846 -3.423004878685325 1.1183983042263892
16208.0 10561439.0 -1.7240586630087316 0.003493194764909474 0.36407796174084545 -3.423004878685325 1.1183983042263892
16209.0 10561439.0 -1.6894148500501218 0.003494908706624472 0.35957367069946233 -3.423004878685325 1.1183983042263892
16210.0 10561439.0 -1.6621311060163262 0.005436782479615182 0.355773896108625 -3.423004878685325 1.1183983042263892
16211.0 10561439.0 -1.6376993049984616 0.005449053740483906 0.35256844450509467 -3.423004878685325 1.1183983042263892
16212.0 10561439.0 -1.613267503980597 0.005461325001352629 0.34986435779230635 -3.423004878685325 1.1183983042263892
16213.0 10561439.0 -1.5909196983271652 0.00317595125124423 0.34758321745555143 -3.423004878685325 1.1183983042263892
16214.0 10561439.0 -1.547936407878469 0.0055915595119007955 0.34565887042504145 -3.423004878685325 1.1183983042263892
16215.0 10561439.0 -1.517913361493185 0.0064043110020206295 0.3440355106368781 -3.423004878685325 1.1183983042263892
16216.0 10561439.0 -1.4890770761826986 0.0022307706828738894 0.3426660606571964 -3.423004878685325 1.1183983042263892
16217.0 10561439.0 -1.4617935803615547 0.0041734130968331395 0.34151080643658077 -3.423004878685325 1.1183983042263892
16218.0 10561439.0 -1.4129303424249529 0.004199334676957295 0.3405362456026304 -3.423004878685325 1.1183983042263892
16219.0 10561439.0 -1.3793870390782204 0.004912860088832599 0.33971411589115896 -3.423004878685325 1.1183983042263892
16220.0 10561439.0 -1.353359363235776 0.001658387398582789 0.3342531967877046 -3.423004878685325 1.1183983042263892
16221.0 10561439.0 -1.3147728786896022 0.00013868668511715643 0.32964642039110115 -3.423004878685325 1.1183983042263892
16222.0 10561439.0 -1.2826593020382322 0.004357963571394702 0.3257601901858441 -3.423004878685325 1.1183983042263892
16223.0 10561439.0 -1.2567464442698417 0.0010245397425423242 0.3224818054959793 -3.423004878685325 1.1183983042263892
16224.0 10561439.0 -1.2190315519929251 -0.0004433189999322462 0.31971619316549954 -3.423004878685325 1.1183983042263892
16225.0 10561439.0 -1.1864505349621581 0.001403582026136635 0.3173831504368202 -3.423004878685325 1.1183983042263892
16226.0 10561439.0 -1.1541026112459505 -0.00017825202225299486 0.31541501907080927 -3.423004878685325 1.1183983042263892
16227.0 10561439.0 -1.1148691664677874 0.0029986095646883093 0.31375472325785214 -3.423004878685325 1.1183983042263892
16228.0 10561439.0 -1.0868096294772334 0.0018846999877244197 0.31235411441937294 -3.423004878685325 1.1183983042263892
16229.0 10561439.0 -1.0660410795074082 0.002921369465656104 0.3111725748990557 -3.423004878685325 1.1183983042263892
16230.0 10561439.0 -1.0187920552063217 0.006164835512193129 0.3101758400508111 -3.423004878685325 1.1183983042263892
16231.0 10561439.0 -0.980136994174446 0.004858054567256381 0.30456762581122293 -3.423004878685325 1.1183983042263892
16232.0 10561439.0 -0.9689201322646852 0.00656472037543418 0.2998365927201604 -3.423004878685325 1.1183983042263892
16233.0 10561439.0 -0.9346310907223747 0.00820465344399221 0.2958455408179826 -3.423004878685325 1.1183983042263892
16234.0 10561439.0 -0.8969511483128003 0.006632956389284822 0.29247872959952637 -3.423004878685325 1.1183983042263892
16235.0 10561439.0 -0.8629469707301916 0.010118868314360124 0.28963852153945646 -3.423004878685325 1.1183983042263892
16236.0 10561439.0 -0.8188476332914618 0.006448600185647552 0.2872425506040308 -3.423004878685325 1.1183983042263892
16237.0 10561439.0 -0.794570861798574 0.007010762142531726 0.28522133363612207 -3.423004878685325 1.1183983042263892
16238.0 10561439.0 -0.7702940903056861 0.007572924099415901 0.2835162553436609 -3.423004878685325 1.1183983042263892
16239.0 10561439.0 -0.7182332063318311 0.007200273836691334 0.28207786845616584 -3.423004878685325 1.1183983042263892
16240.0 10561439.0 -0.7023744439783492 0.006805479660884184 0.2808644597538996 -3.423004878685325 1.1183983042263892
16241.0 10561439.0 -0.6865156816248674 0.006410685485077033 0.2798408403844965 -3.423004878685325 1.1183983042263892
16242.0 10561439.0 -0.6410465784976742 0.00801848062326918 0.2789773253862438 -3.423004878685325 1.1183983042263892
16243.0 10561439.0 -0.6105136597475778 0.003877818122502069 0.2782488728241922 -3.423004878685325 1.1183983042263892
16244.0 10561439.0 -0.5764795764732928 0.0033828253497126537 0.27763435757404215 -3.423004878685325 1.1183983042263892
16245.0 10561439.0 -0.5292573563223506 0.00383395934496103 0.27711595869353933 -3.423004878685325 1.1183983042263892
16246.0 10561439.0 -0.5015738544147337 0.005649117222550543 0.27667864261514913 -3.423004878685325 1.1183983042263892
16247.0 10561439.0 -0.46492556204447855 0.005000975410472536 0.2763097271725983 -3.423004878685325 1.1183983042263892
16248.0 10561439.0 -0.426374740652925 0.003380555543785385 0.27123113506523583 -3.423004878685325 1.1183983042263892
16249.0 10561439.0 -0.38677594703503515 0.006324717484193082 0.2669468858747652 -3.423004878685325 1.1183983042263892
16250.0 10561439.0 -0.3665384653569259 0.0043823486790198485 0.2681001151274797 -3.423004878685325 1.1183983042263892
16251.0 10561439.0 -0.33168940854592455 0.005024004444347169 0.26430558896607426 -3.423004878685325 1.1183983042263892
16252.0 10561439.0 -0.3016461871639664 0.004549657433216253 0.2611045648846849 -3.423004878685325 1.1183983042263892
16253.0 10561439.0 -0.2640015200307675 0.0028757708829805495 0.25840421318495144 -3.423004878685325 1.1183983042263892
16254.0 10561439.0 -0.2476495044645517 0.002904819666846553 0.2561262236675816 -3.423004878685325 1.1183983042263892
16255.0 10561439.0 -0.18852697287795306 0.0014541569879369665 0.2542045346365716 -3.423004878685325 1.1183983042263892
16256.0 10561439.0 -0.14875609697678405 0.004927412189787789 0.2525834171100222 -3.423004878685325 1.1183983042263892
16257.0 10561439.0 -0.13373614844480053 0.00305548238855588 0.2512158586796634 -3.423004878685325 1.1183983042263892
16258.0 10561439.0 -0.09855363492037816 0.004991156887518694 0.2500622001510149 -3.423004878685325 1.1183983042263892
16259.0 10561439.0 -0.06848896064060128 0.0032255602744356293 0.24908898542674576 -3.423004878685325 1.1183983042263892
16260.0 10561439.0 -0.02757474610176125 0.00340493293530017 0.24826799127985227 -3.423004878685325 1.1183983042263892
16261.0 10561439.0 0.0027697231791985466 0.0065718900600242325 0.2475754088800745 -3.423004878685325 1.1183983042263892
16262.0 10561439.0 0.01927080948298232 0.006786434775495703 0.2469911533378189 -3.423004878685325 1.1183983042263892
16263.0 10561439.0 0.04786302013941171 0.006291327537784698 0.24649828124236003 -3.423004878685325 1.1183983042263892
16264.0 10561439.0 0.0764552307958411 0.005796220300073693 0.24608249930292964 -3.423004878685325 1.1183983042263892
16265.0 10561439.0 0.10504744145227049 0.005301113062362688 0.2457317498432842 -3.423004878685325 1.1183983042263892
16266.0 10561439.0 0.13363965210869988 0.004806005824651682 0.24543586112909396 -3.423004878685325 1.1183983042263892
16267.0 10561439.0 0.16136578323975748 0.004039328800190242 0.24518625238764746 -3.423004878685325 1.1183983042263892
16268.0 10561439.0 0.18909191437081507 0.003272651775728802 0.24497568496544275 -3.423004878685325 1.1183983042263892
16269.0 10561439.0 0.21399221867307172 0.003371280869256893 0.24479805240723587 -3.423004878685325 1.1183983042263892
16270.0 10561439.0 0.23889252297532837 0.003469909962784984 0.24464820336883886 -3.423004878685325 1.1183983042263892
16271.0 10561439.0 0.26071600873480766 0.003394494872541276 0.24452179222813816 -3.423004878685325 1.1183983042263892
16272.0 10561439.0 0.28253949449428695 0.0033190797822975683 0.24441515306205347 -3.423004878685325 1.1183983042263892
16273.0 10561439.0 0.30436298025376624 0.0032436646920538602 0.24432519333476832 -3.423004878685325 1.1183983042263892
16274.0 10561439.0 0.3261864660132455 0.0031682496018101526 0.24424930421419144 -3.423004878685325 1.1183983042263892
16275.0 10561439.0 0.3480099517727248 0.0030928345115664446 0.24418528491582614 -3.423004878685325 1.1183983042263892
16276.0 10561439.0 0.3698334375322041 0.0030174194213227366 0.2441312788800198 -3.423004878685325 1.1183983042263892
16277.0 10561439.0 0.3916569232916834 0.002942004331079029 0.244085719931734 -3.423004878685325 1.1183983042263892
16278.0 10561439.0 0.4134804090511627 0.002866589240835321 0.2440472868614685 -3.423004878685325 1.1183983042263892
16279.0 10561439.0 0.43530389481064197 0.0027911741505916134 0.2440148651101856 -3.423004878685325 1.1183983042263892
16280.0 10561439.0 0.45712738057012126 0.0027157590603479054 0.24398751444709807 -3.423004878685325 1.1183983042263892
16281.0 10561439.0 0.4733529327281429 0.0029045438174297917 0.24396444170297638 -3.423004878685325 1.1183983042263892
16282.0 10561439.0 0.4895784848861645 0.003093328574511678 0.243944977768241 -3.423004878685325 1.1183983042263892
16283.0 10561439.0 0.5058040370441862 0.003282113331593564 0.24392855818878464 -3.423004878685325 1.1183983042263892
16284.0 10561439.0 0.5220295892022078 0.0034708980886754503 0.24391470679680302 -3.423004878685325 1.1183983042263892
16285.0 10561439.0 0.5382551413602294 0.0036596828457573366 0.2439030219019287 -3.423004878685325 1.1183983042263892
16286.0 10561439.0 0.5522623375389206 0.0043982301456593625 0.24389316464221028 -3.423004878685325 1.1183983042263892
16287.0 10561439.0 0.5662695337176118 0.0051367774455613885 0.24388484915711597 -3.423004878685325 1.1183983042263892
16288.0 10561439.0 0.5795006344556477 0.0035003458654779274 0.24387783429757803 -3.423004878685325 1.1183983042263892
16289.0 10561439.0 0.5927317351936837 0.0018639142853944662 0.24387191663266986 -3.423004878685325 1.1183983042263892
16290.0 10561439.0 0.6197021857134078 0.002864528050559423 0.2438669245501091 -3.423004878685325 1.1183983042263892
16291.0 10561439.0 0.6300383043753626 0.002968596160684894 0.24386271327950151 -3.423004878685325 1.1183983042263892
16292.0 10561439.0 0.6403744230373172 0.0030726642708103656 0.24385916069399946 -3.423004878685325 1.1183983042263892
16293.0 10561439.0 0.6507105416992719 0.0031767323809358374 0.2438561637686234 -3.423004878685325 1.1183983042263892
16294.0 10561439.0 0.6610466603612265 0.0032808004910613088 0.24385363559253742 -3.423004878685325 1.1183983042263892
16295.0 10561439.0 0.6713827790231812 0.00338486860118678 0.24385150284863502 -3.423004878685325 1.1183983042263892
16296.0 10561439.0 0.6909932402816238 0.006323315375165117 0.24384970368734304 -3.423004878685325 1.1183983042263892
16297.0 10561439.0 0.699397008311198 0.004862487920299058 0.24384818593298402 -3.423004878685325 1.1183983042263892
16298.0 10561439.0 0.7126062473905165 0.004518523503438288 0.24384690557068153 -3.423004878685325 1.1183983042263892
16299.0 10561439.0 0.7211824668254585 0.0035855099718146155 0.2438458254699288 -3.423004878685325 1.1183983042263892
16300.0 10561439.0 0.7328107527360567 0.004926423055807719 0.243844914307804 -3.423004878685325 1.1183983042263892
16301.0 10561439.0 0.7444165036375958 0.006742024098340585 0.24384414566060553 -3.423004878685325 1.1183983042263892
16302.0 10561439.0 0.7498026937040452 0.003112893299644176 0.2438434972375646 -3.423004878685325 1.1183983042263892
16303.0 10561439.0 0.7612148562626547 0.006510524518295133 0.24384295023441305 -3.423004878685325 1.1183983042263892
16304.0 10561439.0 0.7644326800452592 0.008204569075058989 0.24384248878805947 -3.423004878685325 1.1183983042263892
16305.0 10561439.0 0.7676505038278636 0.009898613631822845 0.24384209951655963 -3.423004878685325 1.1183983042263892
16306.0 10561439.0 0.7743022542683009 0.01123003757095499 0.24384177113104002 -3.423004878685325 1.1183983042263892
16307.0 10561439.0 0.7774292629621666 0.014005201984946723 0.24384149410832057 -3.423004878685325 1.1183983042263892
16308.0 10561439.0 0.7805562716560324 0.016780366398938457 0.2438412604147424 -3.423004878685325 1.1183983042263892
16309.0 10561439.0 0.7821083120595697 0.021530471381279254 0.2438410632731918 -3.423004878685325 1.1183983042263892
16310.0 10561439.0 0.7829015771609522 0.023958302836056947 0.24384089696656375 -3.423004878685325 1.1183983042263892
16311.0 10561439.0 0.7836948422623348 0.02638613429083464 0.24384075667196603 -3.423004878685325 1.1183983042263892
16312.0 10561439.0 0.7870495201026658 0.03393523258883277 0.24384063832085534 -1.7180071643616912 1.91433127310868
16313.0 10561439.0 0.7869368822797771 0.036308576006427826 0.24384053848104947 -1.7180071643616912 1.91433127310868
16314.0 10561439.0 0.7885670702327638 0.03857977998761697 0.24384045425719403 -1.7180071643616912 1.91433127310868
16315.0 10561439.0 0.7885579023079605 0.041269796925316016 0.2438403832067972 -1.7180071643616912 1.91433127310868
16316.0 10561439.0 0.786925538442694 0.049864218203274135 0.2438403232693975 -1.7180071643616912 1.91433127310868
16317.0 10561439.0 0.7869508633386235 0.05265979269591227 0.24384027270681033 -1.7180071643616912 1.91433127310868
16318.0 10561439.0 0.7886753563828713 0.057937686242087574 0.24384023005272065 -1.7180071643616912 1.91433127310868
16319.0 10561439.0 0.7901630020680794 0.061131666673616074 0.2438401940701599 -1.7180071643616912 1.91433127310868
16320.0 10561439.0 0.7916506477532875 0.06432564710514457 0.24384016371563375 -1.7180071643616912 1.91433127310868
16321.0 10561439.0 0.7900538708014839 0.06759281254916732 0.243840138108861 -1.7180071643616912 1.91433127310868
16322.0 10561439.0 0.7884570938496804 0.07085997799319006 0.24384011650724519 -1.7180071643616912 1.91433127310868
16323.0 10561439.0 0.7885514027651801 0.0738666675262583 0.2438400982843395 -1.7180071643616912 1.91433127310868
16324.0 10561439.0 0.7890373152903137 0.07444780549400003 0.24384008291167966 -1.7180071643616912 1.91433127310868
16325.0 10561439.0 0.7895232278154475 0.07502894346174174 0.24384006994345853 -1.7180071643616912 1.91433127310868
16326.0 10561439.0 0.7900091403405811 0.07561008142948347 0.2438400590035977 -1.7180071643616912 1.91433127310868
16327.0 10561439.0 0.7901588499962362 0.0776991010573976 0.2438400497748412 -1.7180071643616912 1.91433127310868
16328.0 10561439.0 0.7903085596518912 0.07978812068531173 0.24384004198955508 -1.7180071643616912 1.91433127310868
16329.0 10561439.0 0.7904582693075463 0.08187714031322585 0.24384003542196608 -1.7180071643616912 1.91433127310868
16330.0 10561439.0 0.7906079789632012 0.08396615994113998 0.2438400298816141 -1.7180071643616912 1.91433127310868
16331.0 10561439.0 0.7907576886188563 0.0860551795690541 0.24384002520782894 -1.7180071643616912 1.91433127310868
16332.0 10561439.0 0.7909073982745114 0.08814419919696823 0.2438400212650708 -1.7180071643616912 1.91433127310868
16333.0 10561439.0 0.7910571079301664 0.09023321882488236 0.2438400179389997 -1.7180071643616912 1.91433127310868
16334.0 10561439.0 0.7912068175858215 0.09232223845279648 0.24384001513315962 -1.7180071643616912 1.91433127310868
16335.0 10561439.0 0.7913565272414764 0.09441125808071062 0.24384001276618114 -1.7180071643616912 1.91433127310868
16336.0 10561439.0 0.7915062368971315 0.09650027770862474 0.24384001076942194 -1.7180071643616912 1.91433127310868
16337.0 10561439.0 0.791130648477957 0.10241762563995492 0.24384000908497597 -1.7180071643616912 1.91433127310868
16338.0 10561439.0 0.7907550600587825 0.10833497357128512 0.2438400076639943 -1.7180071643616912 1.91433127310868
16339.0 10561439.0 0.7903794716396081 0.1142523215026153 0.24384000646526846 -1.7180071643616912 1.91433127310868
16340.0 10561439.0 0.7900038832204336 0.1201696694339455 0.24384000545403542 -1.7180071643616912 1.91433127310868
16341.0 10561439.0 0.7896282948012591 0.12608701736527567 0.24384000460096938 -1.7180071643616912 1.91433127310868
16342.0 10561439.0 0.7892527063820846 0.13200436529660586 0.24384000388133148 -1.7180071643616912 1.91433127310868
16343.0 10561439.0 0.78887711796291 0.13792171322793606 0.24384000327425218 -1.7180071643616912 1.91433127310868
16344.0 10561439.0 0.7885015295437356 0.14383906115926626 0.2438400027621262 -1.7180071643616912 1.91433127310868
16345.0 10561439.0 0.7881259411245611 0.14975640909059643 0.24384000233010186 -1.7180071643616912 1.91433127310868
16346.0 10561439.0 0.7877503527053866 0.15567375702192662 0.24384000196565048 -1.7180071643616912 1.91433127310868
16347.0 10561439.0 0.7882621007534424 0.16403493503272937 0.24384000165820297 -1.7180071643616912 1.91433127310868
16348.0 10561439.0 0.7887738488014981 0.17239611304353208 0.24384000139884332 -1.7180071643616912 1.91433127310868
16349.0 10561439.0 0.7911501458659149 0.17559179889671767 0.24384000118005014 -1.7180071643616912 1.91433127310868
16350.0 10561439.0 0.7935264429303318 0.17878748474990322 0.24384000099547842 -1.7180071643616912 1.91433127310868
16351.0 10561439.0 0.7959027399947487 0.18198317060308877 0.24384000083977558 -1.7180071643616912 1.91433127310868
16352.0 10561439.0 0.7982790370591655 0.18517885645627435 0.24384000070842624 -1.7180071643616912 1.91433127310868
16353.0 10561439.0 0.8008078343952734 0.1879352907965859 0.24384000059762123 -1.7180071643616912 1.91433127310868
16354.0 10561439.0 0.8033366317313813 0.19069172513689744 0.24384000050414725 -1.7180071643616912 1.91433127310868
16355.0 10561439.0 0.8058654290674891 0.193448159477209 0.24384000042529355 -1.7180071643616912 1.91433127310868
16356.0 10561439.0 0.808042869332292 0.19542372308604647 0.24384000035877337 -1.7180071643616912 1.91433127310868
16357.0 10561439.0 0.8102203095970948 0.19739928669488394 0.2438400003026576 -1.7180071643616912 1.91433127310868
16358.0 10561439.0 0.8123977498618975 0.19937485030372143 0.2438400002553189 -1.7180071643616912 1.91433127310868
16359.0 10561439.0 0.8145751901267003 0.2013504139125589 0.24384000021538446 -1.7180071643616912 1.91433127310868
16360.0 10561439.0 0.8176842031211959 0.20325524950556423 0.24384000018169616 -1.7180071643616912 1.91433127310868
16361.0 10561439.0 0.8207932161156917 0.20516008509856953 0.24384000015327706 -1.7180071643616912 1.91433127310868
16362.0 10561439.0 0.8225740263508197 0.20925130736806036 0.243840000129303 -1.7180071643616912 1.91433127310868
16363.0 10561439.0 0.8230151255197403 0.211054301397372 0.2438400001090787 -1.7180071643616912 1.91433127310868
16364.0 10561439.0 0.823456224688661 0.2128572954266836 0.2438400000920177 -1.7180071643616912 1.91433127310868
16365.0 10561439.0 0.8238973238575816 0.21466028945599525 0.2438400000776252 -1.7180071643616912 1.91433127310868
16366.0 10561439.0 0.8241950601163694 0.21421252530641155 0.24384000006548384 -1.7180071643616912 1.91433127310868
16367.0 10561439.0 0.8254838678341994 0.21951594951726736 0.2438400000552415 -1.7180071643616912 1.91433127310868
16368.0 10561439.0 0.8234342084329169 0.22275585633535266 0.24384000004660117 -1.7180071643616912 1.91433127310868
16369.0 10561439.0 0.8213845490316345 0.22599576315343795 0.24384000003931228 -1.7180071643616912 1.91433127310868
16370.0 10561439.0 0.8240254922286777 0.2302732524668703 0.24384000003316345 -1.7180071643616912 1.91433127310868
16371.0 10561439.0 0.8188900610953495 0.23195121486678302 0.24384000002797634 -1.7180071643616912 1.91433127310868
16372.0 10561439.0 0.8193511114079827 0.23472125040774466 0.24384000002360057 -1.7180071643616912 1.91433127310868
16373.0 10561439.0 0.8175926061115242 0.23432226961190541 0.24384000001990921 -1.7180071643616912 1.91433127310868
16374.0 10561439.0 0.8158341008150658 0.2339232888160662 0.2438400000167952 -1.7180071643616912 1.91433127310868
16375.0 10561439.0 0.8140755955186073 0.23352430802022695 0.24384000001416828 -1.7180071643616912 1.91433127310868
16376.0 10561439.0 0.8134111459569049 0.23420872155118544 0.24384000001195222 -1.7180071643616912 1.91433127310868
16377.0 10561439.0 0.8134117172974996 0.2342104701414522 0.24382710649080538 -1.7180071643616912 1.91433127310868
16378.0 10561439.0 0.8134122886380943 0.23421221873171894 0.2438033361268498 -1.7180071643616912 1.91433127310868
16379.0 10561439.0 0.813412859978689 0.23421396732198568 0.24377039016776603 -1.7180071643616912 1.91433127310868
16380.0 10561439.0 0.8134134313192837 0.23421571591225243 0.24372970376897599 -1.7180071643616912 1.91433127310868
16381.0 10561439.0 0.8134140026598784 0.23421746450251918 0.24368248761315003 -1.7180071643616912 1.91433127310868
16382.0 10561439.0 0.8134145740004731 0.23421921309278593 0.2436297630200045 -1.7180071643616912 1.91433127310868
16383.0 10561439.0 0.8134151453410677 0.23422096168305268 0.24357239156457344 -1.7180071643616912 1.91433127310868
16384.0 10561439.0 0.8134157166816625 0.2342227102733194 0.2435111000628847 -1.7180071643616912 1.91433127310868
16385.0 10561439.0 0.8134162880222572 0.23422445886358614 0.24344650164962459 -1.7180071643616912 1.91433127310868
16386.0 10561439.0 0.8134168593628519 0.2342262074538529 0.24337911355904382 -1.7180071643616912 1.91433127310868
16387.0 10561439.0 0.8134174307034465 0.23422795604411964 0.24330937212475087 -1.7180071643616912 1.91433127310868
16388.0 10561439.0 0.8134180020440412 0.2342297046343864 0.24323764543338652 -1.7180071643616912 1.91433127310868
16389.0 10561439.0 0.813418573384636 0.23423145322465314 0.24316424399913653 -1.7180071643616912 1.91433127310868
16390.0 10561439.0 0.8134191447252307 0.23423320181491988 0.24308942976864292 -1.7180071643616912 1.91433127310868
16391.0 10561439.0 0.8134197160658253 0.23423495040518663 0.24301342371745668 -1.7180071643616912 1.91433127310868
16392.0 10561439.0 0.81342028740642 0.23423669899545338 0.2429364122583287 -1.7180071643616912 1.91433127310868
16393.0 10561439.0 0.8134208587470148 0.23423844758572013 0.24285855264717957 -1.7180071643616912 1.91433127310868
16394.0 10561439.0 0.8134214300876095 0.23424019617598688 0.24277997754352124 -1.7180071643616912 1.91433127310868
16395.0 10561439.0 0.8134220014282041 0.23424194476625362 0.24270079885758294 -1.7180071643616912 1.91433127310868
16396.0 10561439.0 0.8134225727687988 0.23424369335652037 0.24262111099570774 -1.7180071643616912 1.91433127310868
16397.0 10561439.0 0.8134231441093935 0.23424544194678712 0.24254099359813655 -1.7180071643616912 1.91433127310868
16398.0 10561439.0 0.8134237154499883 0.23424719053705387 0.2424605138485751 -1.7180071643616912 1.91433127310868
16399.0 10561439.0 0.8134242867905829 0.23424893912732062 0.2423797284225214 -1.7180071643616912 1.91433127310868
16400.0 10561439.0 0.8134248581311776 0.23425068771758734 0.24229868513085517 -1.7180071643616912 1.91433127310868
16401.0 10561439.0 0.8134254294717723 0.23425243630785408 0.24221742430635343 -1.7180071643616912 1.91433127310868
16402.0 10561439.0 0.813426000812367 0.23425418489812083 0.24213597997334088 -1.7180071643616912 1.91433127310868
16403.0 10561439.0 0.8134265721529617 0.23425593348838758 0.24205438083439548 -1.7180071643616912 1.91433127310868
16404.0 10561439.0 0.8134271434935564 0.23425768207865433 0.2419726511027231 -1.7180071643616912 1.91433127310868
16405.0 10561439.0 0.8134277148341511 0.23425943066892108 0.2418908112043405 -1.7180071643616912 1.91433127310868
16406.0 10561439.0 0.8134282861747458 0.23426117925918782 0.2418088783704299 -1.7180071643616912 1.91433127310868
16407.0 10561439.0 0.8134288575153404 0.23426292784945457 0.24172686713704322 -1.7180071643616912 1.91433127310868
16408.0 10561439.0 0.8134294288559352 0.23426467643972132 0.24164478976664752 -1.7180071643616912 1.91433127310868
16409.0 10561439.0 0.8134300001965299 0.23426642502998807 0.2415626566037366 -1.7180071643616912 1.91433127310868
16410.0 10561439.0 0.8134305715371246 0.23426817362025482 0.24148047637482137 -1.7180071643616912 1.91433127310868
16411.0 10561439.0 0.8134311428777192 0.23426992221052156 0.24139825644149857 -1.7180071643616912 1.91433127310868
16412.0 10561439.0 0.813431714218314 0.2342716708007883 0.2413160030139371 -1.7180071643616912 1.91433127310868
16413.0 10561439.0 0.8134322855589087 0.23427341939105506 0.24123372133097304 -1.7180071643616912 1.91433127310868
16414.0 10561439.0 0.8134328568995034 0.2342751679813218 0.24115141581203567 -1.7180071643616912 1.91433127310868
16415.0 10561439.0 0.813433428240098 0.23427691657158853 0.2410690901853111 -1.7180071643616912 1.91433127310868
16416.0 10561439.0 0.8134339995806927 0.23427866516185528 0.24098674759585964 -1.7180071643616912 1.91433127310868
16417.0 10561439.0 0.8134345709212875 0.23428041375212202 0.24090439069682248 -1.7180071643616912 1.91433127310868
16418.0 10561439.0 0.8134351422618822 0.23428216234238877 0.24082202172636283 -1.7180071643616912 1.91433127310868
16419.0 10561439.0 0.8134357136024768 0.23428391093265552 0.24073964257257266 -1.7180071643616912 1.91433127310868
16420.0 10561439.0 0.8134362849430715 0.23428565952292227 0.24065725482822733 -1.7180071643616912 1.91433127310868
16421.0 10561439.0 0.8134368562836662 0.23428740811318902 0.24057485983697616 -1.7180071643616912 1.91433127310868
16422.0 10561439.0 0.813437427624261 0.23428915670345576 0.24049245873230812 -1.7180071643616912 1.91433127310868
16423.0 10561439.0 0.8134379989648556 0.2342909052937225 0.24041005247042319 -1.7180071643616912 1.91433127310868
16424.0 10561439.0 0.8134385703054503 0.23429265388398926 0.24032764185796193 -1.7180071643616912 1.91433127310868
16425.0 10561439.0 0.813439141646045 0.234294402474256 0.2402452275753983 -1.7180071643616912 1.91433127310868
16426.0 10561439.0 0.8134397129866398 0.23429615106452276 0.2401628101967732 -1.7180071643616912 1.91433127310868
16427.0 10561439.0 0.8134402843272344 0.2342978996547895 0.24008039020634186 -1.7180071643616912 1.91433127310868
16428.0 10561439.0 0.8134408556678291 0.23429964824505625 0.23999796801261705 -1.7180071643616912 1.91433127310868
16429.0 10561439.0 0.8134414270084238 0.234301396835323 0.23991554396021603 -1.7180071643616912 1.91433127310868
16430.0 10561439.0 0.8134419983490185 0.23430314542558975 0.23983311833985446 -1.7180071643616912 1.91433127310868
16431.0 10561439.0 0.8134425696896133 0.23430489401585647 0.23975069139677715 -1.7180071643616912 1.91433127310868
16432.0 10561439.0 0.8134431410302079 0.23430664260612322 0.2396682633378702 -1.7180071643616912 1.91433127310868
16433.0 10561439.0 0.8134437123708026 0.23430839119638996 0.23958583433766054 -1.7180071643616912 1.91433127310868
16434.0 10561439.0 0.8134442837113973 0.2343101397866567 0.2395034045433774 -1.7180071643616912 1.91433127310868
16435.0 10561439.0 0.813444855051992 0.23431188837692346 0.23942097407922186 -1.7180071643616912 1.91433127310868
16436.0 10561439.0 0.8134454263925867 0.2343136369671902 0.2393385430499687 -1.7180071643616912 1.91433127310868
