14617.0 10633268.0 1.1366315169888672 -4.836055929509862 0.6019800000000001 -1.8153108089675558 0.9690319315923273
14618.0 10633268.0 1.1288552792036712 -4.776861125647054 0.5982077119440954 -1.8153108089675558 0.9690319315923273
14619.0 10633268.0 1.1254276287874774 -4.730884404923568 0.5972271663920646 -1.8153108089675558 0.9690319315923273
14620.0 10633268.0 1.1219999783712833 -4.684907684200083 0.5962294071710302 -1.8153108089675558 0.9690319315923273
14621.0 10633268.0 1.1172460579670407 -4.590602853169749 0.5957175992183016 -1.8153108089675558 0.9690319315923273
14622.0 10633268.0 1.108613359471886 -4.525871291128891 0.5954020779367045 -1.8153108089675558 0.9690319315923273
14623.0 10633268.0 1.1043544887001355 -4.455908999538711 0.5951861207175411 -1.8153108089675558 0.9690319315923273
14624.0 10633268.0 1.099230645596268 -4.396761881026116 0.5950282542623849 -1.8153108089675558 0.9690319315923273
14625.0 10633268.0 1.0921847174736012 -4.327174440732715 0.5962822853060518 -1.8153108089675558 0.9690319315923273
14626.0 10633268.0 1.0919856069170661 -4.311455844182833 0.597268772952948 -1.8153108089675558 0.9690319315923273
14627.0 10633268.0 1.0853315523061224 -4.239309393431715 0.5980609580073366 -1.8153108089675558 0.9690319315923273
14628.0 10633268.0 1.0768894440770203 -4.141346286446263 0.5974514781842772 -1.8153108089675558 0.9690319315923273
14629.0 10633268.0 1.0714532385052142 -4.091325394054602 0.5969498682600888 -1.8153108089675558 0.9690319315923273
14630.0 10633268.0 1.0631998859344283 -4.008843620875536 0.5965340658055529 -1.8153108089675558 0.9690319315923273
14631.0 10633268.0 1.0602877943415792 -3.959529900762116 0.5961876377091135 -1.8153108089675558 0.9690319315923273
14632.0 10633268.0 1.0573544280980511 -3.918853750665836 0.5958979680067107 -1.8153108089675558 0.9690319315923273
14633.0 10633268.0 1.0544210618545231 -3.8781776005695563 0.595655137442368 -1.8153108089675558 0.9690319315923273
14634.0 10633268.0 1.0446684160370747 -3.7924022015363046 0.5954512021145741 -1.8153108089675558 0.9690319315923273
14635.0 10633268.0 1.0383671303267117 -3.711024515434038 0.5952797107311277 -1.8153108089675558 0.9690319315923273
14636.0 10633268.0 1.0331529702280755 -3.6358426302084306 0.59513536935173 -1.8153108089675558 0.9690319315923273
14637.0 10633268.0 1.0293006046775408 -3.5891419663908715 0.5950138003154857 -1.8153108089675558 0.9690319315923273
14638.0 10633268.0 1.025052642172241 -3.5531762899416006 0.5949113633232305 -1.8153108089675558 0.9690319315923273
14639.0 10633268.0 1.0160390056011241 -3.4637864642922405 0.594825018923334 -1.8153108089675558 0.9690319315923273
14640.0 10633268.0 1.011770580505966 -3.4033986477728155 0.5947522218966166 -1.8153108089675558 0.9690319315923273
14641.0 10633268.0 1.005079518537503 -3.347710178167716 0.5946908364016067 -1.8153108089675558 0.9690319315923273
14642.0 10633268.0 1.00413263523841 -3.3179623262677813 0.5946390674247398 -1.8153108089675558 0.9690319315923273
14643.0 10633268.0 1.0031857519393168 -3.288214474367847 0.5945954047647538 -1.8153108089675558 0.9690319315923273
14644.0 10633268.0 0.9924170252221098 -3.2232504819091616 0.5945585768629136 -1.8153108089675558 0.9690319315923273
14645.0 10633268.0 0.9899624767985555 -3.1627537498795393 0.5945275125041491 -1.8153108089675558 0.9690319315923273
14646.0 10633268.0 0.9796424125064214 -3.07737562516612 0.5945013088977864 -1.8153108089675558 0.9690319315923273
14647.0 10633268.0 0.9770891259478983 -3.010654966953363 0.5944792049841848 -1.8153108089675558 0.9690319315923273
14648.0 10633268.0 0.9719431389913485 -2.9839748011128036 0.5944605590564939 -1.8153108089675558 0.9690319315923273
14649.0 10633268.0 0.9716372194415358 -2.919623441097385 0.5944448299665915 -1.8153108089675558 0.9690319315923273
14650.0 10633268.0 0.9640919984134607 -2.858398405935034 0.5944315613210116 -1.8153108089675558 0.9690319315923273
14651.0 10633268.0 0.9586206445119181 -2.7826638039383647 0.594420368179038 -1.8153108089675558 0.9690319315923273
14652.0 10633268.0 0.9530313524950055 -2.731773502914313 0.5944109258495086 -1.8153108089675558 0.9690319315923273
14653.0 10633268.0 0.9438205104667297 -2.65797158234123 0.594402960450811 -1.8153108089675558 0.9690319315923273
14654.0 10633268.0 0.9403817425386917 -2.599138664217412 0.5943962409539315 -1.8153108089675558 0.9690319315923273
14655.0 10633268.0 0.9386938569508892 -2.5471858808254257 0.594390572473979 -1.8153108089675558 0.9690319315923273
14656.0 10633268.0 0.9321801155087213 -2.490970023381811 0.5943857906133394 -1.8153108089675558 0.9690319315923273
14657.0 10633268.0 0.9293283855828426 -2.4303426543312185 0.5943817566910331 -1.8153108089675558 0.9690319315923273
14658.0 10633268.0 0.9274520832740965 -2.3694496849018503 0.5943783537190982 -1.8153108089675558 0.9690319315923273
14659.0 10633268.0 0.9232440186236281 -2.3143371158367216 0.594375483008818 -1.8153108089675558 0.9690319315923273
14660.0 10633268.0 0.9209034084332073 -2.245348446885161 0.5931812154675646 -1.8153108089675558 0.9690319315923273
14661.0 10633268.0 0.9195522692616842 -2.1896501604387675 0.5921737438504258 -1.8153108089675558 0.9690319315923273
14662.0 10633268.0 0.9195212512153477 -2.132630658745244 0.5913238512105089 -1.8153108089675558 0.9690319315923273
14663.0 10633268.0 0.917409486148652 -2.0833426977024505 0.5900109679474194 -1.8153108089675558 0.9690319315923273
14664.0 10633268.0 0.9152977210819564 -2.0340547366596566 0.5883075105305858 -1.8153108089675558 0.9690319315923273
14665.0 10633268.0 0.9143806336233744 -1.9824699948368234 0.5868704911662785 -1.8153108089675558 0.9690319315923273
14666.0 10633268.0 0.91293137235486 -1.9379544059732507 0.5856582361941598 -1.8153108089675558 0.9690319315923273
14667.0 10633268.0 0.910564170596003 -1.8608957979246636 0.583443745366023 -1.8153108089675558 0.9690319315923273
14668.0 10633268.0 0.9112650710454174 -1.7760774975460796 0.5815756232692911 -1.8153108089675558 0.9690319315923273
14669.0 10633268.0 0.911679618763614 -1.6997520698206394 0.5799996943168819 -1.8153108089675558 0.9690319315923273
14670.0 10633268.0 0.9120938281355354 -1.6530703856731863 0.5780743341780974 -1.8153108089675558 0.9690319315923273
14671.0 10633268.0 0.9125080375074568 -1.606388701525733 0.5758541974089989 -1.8153108089675558 0.9690319315923273
14672.0 10633268.0 0.9133487576269703 -1.5369196550486453 0.5739813123945349 -1.8153108089675558 0.9690319315923273
14673.0 10633268.0 0.912010478770438 -1.4839118578450496 0.5724013654573864 -1.8153108089675558 0.9690319315923273
14674.0 10633268.0 0.9134332746924758 -1.4034177328584634 0.5710685381292326 -1.8153108089675558 0.9690319315923273
14675.0 10633268.0 0.91337377618728 -1.3590052179957877 0.5699441784132685 -1.8153108089675558 0.9690319315923273
14676.0 10633268.0 0.9128020764416327 -1.2938643288121718 0.5689956798751564 -1.8153108089675558 0.9690319315923273
14677.0 10633268.0 0.9134398516925197 -1.2375298002293618 0.5681955360557456 -1.8153108089675558 0.9690319315923273
14678.0 10633268.0 0.9178675661719267 -1.1587179385941864 0.5675205427833451 -1.8153108089675558 0.9690319315923273
14679.0 10633268.0 0.9178202615015687 -1.0838180885378823 0.5669511252524984 -1.8153108089675558 0.9690319315923273
14680.0 10633268.0 0.9179794541308917 -1.039827278707841 0.5664707703544763 -1.8153108089675558 0.9690319315923273
14681.0 10633268.0 0.9184446693494515 -0.9856558475754046 0.5660655477970358 -1.8153108089675558 0.9690319315923273
14682.0 10633268.0 0.9201714808446328 -0.9015220872362949 0.5657237061258903 -1.8153108089675558 0.9690319315923273
14683.0 10633268.0 0.9231527537202796 -0.8271440245319652 0.5654353319325043 -1.8153108089675558 0.9690319315923273
14684.0 10633268.0 0.9252294956990492 -0.7810925080610257 0.5651920623652261 -1.8153108089675558 0.9690319315923273
14685.0 10633268.0 0.9238309534220435 -0.6918486415578515 0.5649868426065786 -1.8153108089675558 0.9690319315923273
14686.0 10633268.0 0.9233175612295383 -0.6444835796459425 0.5648137212835455 -1.8153108089675558 0.9690319315923273
14687.0 10633268.0 0.9245363460044906 -0.5820297827543016 0.5646676778777492 -1.8153108089675558 0.9690319315923273
14688.0 10633268.0 0.9273355283284956 -0.5370319107672084 0.5633526324421279 -1.8153108089675558 0.9690319315923273
14689.0 10633268.0 0.9235106937940615 -0.4440744097385242 0.5622432733473824 -1.8153108089675558 0.9690319315923273
14690.0 10633268.0 0.9247781568437672 -0.4150484478321015 0.5613074291797437 -1.8153108089675558 0.9690319315923273
14691.0 10633268.0 0.9260456198934728 -0.3860224859256788 0.5605179604583372 -1.8153108089675558 0.9690319315923273
14692.0 10633268.0 0.9296272962514934 -0.2888838137438659 0.5598519725902342 -1.8153108089675558 0.9690319315923273
14693.0 10633268.0 0.9295330088044759 -0.23928964840805078 0.5592901519272551 -1.8153108089675558 0.9690319315923273
14694.0 10633268.0 0.9294387213574583 -0.18969548307223563 0.5588162056701705 -1.8153108089675558 0.9690319315923273
14695.0 10633268.0 0.9320509211022061 -0.13657531273266102 0.5572245446893115 -1.8153108089675558 0.9690319315923273
14696.0 10633268.0 0.9329258884091153 -0.07681257840021788 0.5558818355044486 -1.8153108089675558 0.9690319315923273
14697.0 10633268.0 0.9345530473705213 -0.022903203997663796 0.5547491395492183 -1.8153108089675558 0.9690319315923273
14698.0 10633268.0 0.9338397261727241 0.04286938144714181 0.5537936086409176 -1.8153108089675558 0.9690319315923273
14699.0 10633268.0 0.9276845290748521 0.100139283918862 0.5517956876949986 -1.8153108089675558 0.9690319315923273
14700.0 10633268.0 0.9290365463057523 0.15320408481299108 0.5501102616922365 -1.8153108089675558 0.9690319315923273
14701.0 10633268.0 0.916111235244375 0.2441125003932139 0.5486884532785505 -1.8153108089675558 0.9690319315923273
14702.0 10633268.0 0.910229623401244 0.3114572365810372 0.5474890300099432 -1.8153108089675558 0.9690319315923273
14703.0 10633268.0 0.8992904449096452 0.3638651326294672 0.5452853639234199 -1.8153108089675558 0.9690319315923273
14704.0 10633268.0 0.888729032615729 0.42829973154284917 0.5434263733906762 -1.8153108089675558 0.9690319315923273
14705.0 10633268.0 0.8736776540010563 0.49747271363737455 0.5406663029980581 -1.8153108089675558 0.9690319315923273
14706.0 10633268.0 0.8592963932411892 0.5458652649397734 0.538337935392384 -1.8153108089675558 0.9690319315923273
14707.0 10633268.0 0.8421163855686302 0.6183043410218162 0.5363737479130891 -1.8153108089675558 0.9690319315923273
14708.0 10633268.0 0.8179298056854055 0.6760930681487726 0.5347167791232741 -1.8153108089675558 0.9690319315923273
14709.0 10633268.0 0.7922994719383598 0.7468544342070264 0.5321271322398298 -1.8153108089675558 0.9690319315923273
14710.0 10633268.0 0.7661877560538377 0.804454967411094 0.5299425321913406 -1.8153108089675558 0.9690319315923273
14711.0 10633268.0 0.7372272480468673 0.8680103367265362 0.526907780888196 -1.8153108089675558 0.9690319315923273
14712.0 10633268.0 0.7066475104292814 0.9157391196723587 0.5243476952308092 -1.8153108089675558 0.9690319315923273
14713.0 10633268.0 0.6668274928462804 0.975951050442447 0.5221880327351158 -1.8153108089675558 0.9690319315923273
14714.0 10633268.0 0.6372759729539188 1.0186712578889743 0.5191743185005366 -1.8153108089675558 0.9690319315923273
14715.0 10633268.0 0.5785138186460994 1.0877616419778833 0.5166319795024731 -1.8153108089675558 0.9690319315923273
14716.0 10633268.0 0.5442218524920702 1.1238537289880028 0.513295443221777 -1.8153108089675558 0.9690319315923273
14717.0 10633268.0 0.49714628637022723 1.1713676488330627 0.5104807747945125 -1.8153108089675558 0.9690319315923273
14718.0 10633268.0 0.4590594006434612 1.2035895413013757 0.5075104264921867 -1.8153108089675558 0.9690319315923273
14719.0 10633268.0 0.4209725149166952 1.2358114337696886 0.5044087482140323 -1.8153108089675558 0.9690319315923273
14720.0 10633268.0 0.3712305758036839 1.27231080115821 0.5011962812899826 -1.8153108089675558 0.9690319315923273
14721.0 10633268.0 0.3214886366906726 1.3088101685467315 0.4978903541792403 -1.8153108089675558 0.9690319315923273
14722.0 10633268.0 0.28795756827930763 1.335542617696497 0.495101507339696 -1.8153108089675558 0.9690319315923273
14723.0 10633268.0 0.23387624889977454 1.3684085400558814 0.49155701952479863 -1.8153108089675558 0.9690319315923273
14724.0 10633268.0 0.18608420968350947 1.3960646431609098 0.48856692527612045 -1.8153108089675558 0.9690319315923273
14725.0 10633268.0 0.12221671408903512 1.432948475533154 0.48485266717224557 -1.8153108089675558 0.9690319315923273
14726.0 10633268.0 0.03698173879388389 1.472378626943065 0.48052751172816155 -1.8153108089675558 0.9690319315923273
14727.0 10633268.0 -0.018295332952416254 1.5004972524966198 0.47568700943598996 -1.8153108089675558 0.9690319315923273
14728.0 10633268.0 -0.08004558131110762 1.5218533147803197 0.4716036104174621 -1.8153108089675558 0.9690319315923273
14729.0 10633268.0 -0.1390419862184975 1.545113662807374 0.46815889610104067 -1.8153108089675558 0.9690319315923273
14730.0 10633268.0 -0.20519839675841545 1.5627707934768793 0.4640611250833452 -1.8153108089675558 0.9690319315923273
14731.0 10633268.0 -0.265367760547669 1.582443450485341 0.4594124420048625 -1.8153108089675558 0.9690319315923273
14732.0 10633268.0 -0.33470746935746587 1.5930810723969862 0.45429901505631654 -1.8153108089675558 0.9690319315923273
14733.0 10633268.0 -0.3913576151453042 1.6017900274644759 0.44998537954440376 -1.8153108089675558 0.9690319315923273
14734.0 10633268.0 -0.4448519827154642 1.6130894497876211 0.4451545953510745 -1.8153108089675558 0.9690319315923273
14735.0 10633268.0 -0.5133362125850807 1.61982718461142 0.43988754973472216 -1.8153108089675558 0.9690319315923273
14736.0 10633268.0 -0.5858765460866724 1.6288266266104803 0.43544432306067676 -1.8153108089675558 0.9690319315923273
14737.0 10633268.0 -0.6525297321349706 1.6327470060918288 0.431696061755391 -1.8153108089675558 0.9690319315923273
14738.0 10633268.0 -0.7179665658451511 1.6376722450904146 0.4273422215528073 -1.8153108089675558 0.9690319315923273
14739.0 10633268.0 -0.7955455594184524 1.642129167918803 0.42366936577525505 -1.8153108089675558 0.9690319315923273
14740.0 10633268.0 -0.8641094434973302 1.6497140889781063 0.419379136916981 -1.8153108089675558 0.9690319315923273
14741.0 10633268.0 -0.9043761762728484 1.6535364195087232 0.41575994302929936 -1.8153108089675558 0.9690319315923273
14742.0 10633268.0 -0.9446429090483666 1.6573587500393403 0.4127068274894674 -1.8153108089675558 0.9690319315923273
14743.0 10633268.0 -0.979895627586421 1.6595415043122868 0.41013124994683 -1.8153108089675558 0.9690319315923273
14744.0 10633268.0 -1.0693624391724392 1.6656694481987582 0.40795851865265065 -1.8153108089675558 0.9690319315923273
14745.0 10633268.0 -1.1296805510460228 1.6658862846515372 0.4061256243993982 -1.8153108089675558 0.9690319315923273
14746.0 10633268.0 -1.187299463552929 1.6607807962336765 0.40338756856552405 -1.8153108089675558 0.9690319315923273
14747.0 10633268.0 -1.274271503971918 1.6541774559519475 0.4010777722200501 -1.8153108089675558 0.9690319315923273
14748.0 10633268.0 -1.326970676619858 1.6410374592932822 0.3991292512689576 -1.8153108089675558 0.9690319315923273
14749.0 10633268.0 -1.3814604251810205 1.6264972118054246 0.39748549860466487 -1.8153108089675558 0.9690319315923273
14750.0 10633268.0 -1.425029638848115 1.6073333244527228 0.3949070007117032 -1.8153108089675558 0.9690319315923273
14751.0 10633268.0 -1.4794183691721077 1.5822449206173248 0.3927318058393809 -1.8153108089675558 0.9690319315923273
14752.0 10633268.0 -1.5389419722325621 1.5496061714437535 0.39089683333640063 -1.8153108089675558 0.9690319315923273
14753.0 10633268.0 -1.58303209053229 1.517994490260812 0.389348869000176 -1.8153108089675558 0.9690319315923273
14754.0 10633268.0 -1.6275500856550142 1.483718746437441 0.38685117717675227 -1.8153108089675558 0.9690319315923273
14755.0 10633268.0 -1.6530828725670095 1.4572530697116712 0.38474414949145436 -1.8153108089675558 0.9690319315923273
14756.0 10633268.0 -1.6980524432337842 1.4107400807098756 0.3829666821414086 -1.8153108089675558 0.9690319315923273
14757.0 10633268.0 -1.7299765623612136 1.3715266007832512 0.3814672285734637 -1.8153108089675558 0.9690319315923273
14758.0 10633268.0 -1.7662964491214075 1.310733482710826 0.379010459945945 -1.8153108089675558 0.9690319315923273
14759.0 10633268.0 -1.7884685974802126 1.2673948908139974 0.37693795465685875 -1.8153108089675558 0.9690319315923273
14760.0 10633268.0 -1.8058858868720058 1.2304459377539447 0.37518961005282137 -1.8153108089675558 0.9690319315923273
14761.0 10633268.0 -1.8213106857394228 1.191443022115144 0.3737147241403158 -1.8153108089675558 0.9690319315923273
14762.0 10633268.0 -1.8434445792280358 1.1237888625385921 0.3712786805396752 -1.8153108089675558 0.9690319315923273
14763.0 10633268.0 -1.8513032984528974 1.0834790376110632 0.3692236586746852 -1.8153108089675558 0.9690319315923273
14764.0 10633268.0 -1.8634965098499083 1.0337210231447074 0.367490062911261 -1.8153108089675558 0.9690319315923273
14765.0 10633268.0 -1.868974586407342 1.0082891361347208 0.36602761897226344 -1.8153108089675558 0.9690319315923273
14766.0 10633268.0 -1.8744526629647755 0.9828572491247344 0.36479391598346145 -1.8153108089675558 0.9690319315923273
14767.0 10633268.0 -1.8791352762382842 0.9237484384917587 0.36256133186997563 -1.8153108089675558 0.9690319315923273
14768.0 10633268.0 -1.8832532250459562 0.8853695477078759 0.3606779463807191 -1.8153108089675558 0.9690319315923273
14769.0 10633268.0 -1.8883102956412159 0.8291874886131702 0.35908914133650344 -1.8153108089675558 0.9690319315923273
14770.0 10633268.0 -1.8876698357250248 0.7904203106535505 0.35774884139104635 -1.8153108089675558 0.9690319315923273
14771.0 10633268.0 -1.8921986411125735 0.7439969895400335 0.35661817784592964 -1.8153108089675558 0.9690319315923273
14772.0 10633268.0 -1.8931825549622594 0.6894035052093811 0.35447251677014063 -1.8153108089675558 0.9690319315923273
14773.0 10633268.0 -1.8909386615480208 0.6392456260454913 0.35266245868068574 -1.8153108089675558 0.9690319315923273
14774.0 10633268.0 -1.892326577408711 0.5915611714122362 0.3511355118929707 -1.8153108089675558 0.9690319315923273
14775.0 10633268.0 -1.890029652453092 0.5469943924006765 0.3486555502619476 -1.8153108089675558 0.9690319315923273
14776.0 10633268.0 -1.884695663416107 0.500849905237523 0.34656347958852096 -1.8153108089675558 0.9690319315923273
14777.0 10633268.0 -1.8771318189521884 0.4493023814822331 0.34479862982316145 -1.8153108089675558 0.9690319315923273
14778.0 10633268.0 -1.8732328725944953 0.41098842399625013 0.3433098203226736 -1.8153108089675558 0.9690319315923273
14779.0 10633268.0 -1.8553506965006246 0.36681492486993894 0.3420538756115433 -1.8153108089675558 0.9690319315923273
14780.0 10633268.0 -1.839058908963833 0.325381781887224 0.3409943732931478 -1.8153108089675558 0.9690319315923273
14781.0 10633268.0 -1.8169754475710687 0.2842741449488324 0.34010058780025354 -1.8153108089675558 0.9690319315923273
14782.0 10633268.0 -1.8034585894802697 0.2522782950578897 0.33934659935356665 -1.8153108089675558 0.9690319315923273
14783.0 10633268.0 -1.7683026016850436 0.21039996907232514 0.3375186975999289 -1.8153108089675558 0.9690319315923273
14784.0 10633268.0 -1.7393060317243332 0.1768460466012137 0.3359766980766892 -1.8153108089675558 0.9690319315923273
14785.0 10633268.0 -1.7156368525932677 0.14737169716820295 0.33348403810946914 -1.8153108089675558 0.9690319315923273
14786.0 10633268.0 -1.7023908755630197 0.1383069944924765 0.33138125524742373 -1.8153108089675558 0.9690319315923273
14787.0 10633268.0 -1.6891448985327717 0.12924229181675004 0.32960736878755365 -1.8153108089675558 0.9690319315923273
14788.0 10633268.0 -1.6486542530619397 0.09823864618731479 0.32691909133431835 -1.8153108089675558 0.9690319315923273
14789.0 10633268.0 -1.607136047423609 0.07309168605594615 0.3234594428415741 -1.8153108089675558 0.9690319315923273
14790.0 10633268.0 -1.568326379781834 0.05595807966265284 0.3205409181912354 -1.8153108089675558 0.9690319315923273
14791.0 10633268.0 -1.530085822746918 0.04251601160238924 0.3168870354802384 -1.8153108089675558 0.9690319315923273
14792.0 10633268.0 -1.480446969122404 0.028617706859866504 0.31380465679816827 -1.8153108089675558 0.9690319315923273
14793.0 10633268.0 -1.4316964725584136 0.020151178479067416 0.3100125484750408 -1.8153108089675558 0.9690319315923273
14794.0 10633268.0 -1.3985719575639683 0.015510199200408498 0.3068135640576895 -1.8153108089675558 0.9690319315923273
14795.0 10633268.0 -1.357664713803261 0.007506232622048276 0.30411493299801123 -1.8153108089675558 0.9690319315923273
14796.0 10633268.0 -1.323616724948092 0.008405450922226637 0.30183839499527526 -1.8153108089675558 0.9690319315923273
14797.0 10633268.0 -1.2747021828893412 0.003157790238560748 0.29872608575919807 -1.8153108089675558 0.9690319315923273
14798.0 10633268.0 -1.2174092641405745 0.00451748192006271 0.2961005730101376 -1.8153108089675558 0.9690319315923273
14799.0 10633268.0 -1.1799100977174464 0.005106576813592695 0.2926938721901669 -1.8153108089675558 0.9690319315923273
14800.0 10633268.0 -1.1331915420363414 0.005368251743012337 0.289820013663711 -1.8153108089675558 0.9690319315923273
14801.0 10633268.0 -1.0929875209097966 0.004722742654025697 0.28739565553350277 -1.8153108089675558 0.9690319315923273
14802.0 10633268.0 -1.0491639837761826 0.0002066453974351734 0.2853504914137661 -1.8153108089675558 0.9690319315923273
14803.0 10633268.0 -1.0086813496988893 0.002858711251231688 0.2824333668568244 -1.8153108089675558 0.9690319315923273
14804.0 10633268.0 -0.9705077491544181 0.0017094173383957745 0.27997250993873063 -1.8153108089675558 0.9690319315923273
14805.0 10633268.0 -0.9509559063816371 0.0017422352774454086 0.27789655580886 -1.8153108089675558 0.9690319315923273
14806.0 10633268.0 -0.9314040636088561 0.0017750532164950428 0.2761453017974464 -1.8153108089675558 0.9690319315923273
14807.0 10633268.0 -0.877692658822709 0.0003359226676901972 0.2734761168499545 -1.8153108089675558 0.9690319315923273
14808.0 10633268.0 -0.8092183904477435 0.0033001835701806648 0.27122441929111124 -1.8153108089675558 0.9690319315923273
14809.0 10633268.0 -0.7875699510081702 0.00159636528527482 0.2693249098917102 -1.8153108089675558 0.9690319315923273
14810.0 10633268.0 -0.7247043101564203 0.0037079623860537814 0.26653065819096455 -1.8153108089675558 0.9690319315923273
14811.0 10633268.0 -0.683288498516972 -1.879627749010182e-05 0.26417345557775684 -1.8153108089675558 0.9690319315923273
14812.0 10633268.0 -0.6543666259777743 0.001507789007539534 0.2621849431763041 -3.423004878685325 1.1183983042263892
14813.0 10633268.0 -0.5956685698091497 -0.0009755460081881939 0.2593156094387599 -3.423004878685325 1.1183983042263892
14814.0 10633268.0 -0.5544300634486061 0.0015485489826502497 0.2568950683749398 -3.423004878685325 1.1183983042263892
14815.0 10633268.0 -0.5134331957040745 0.0033340179303231465 0.254853124293993 -3.423004878685325 1.1183983042263892
14816.0 10633268.0 -0.48306001626402484 6.393743355118109e-05 0.2531305608175719 -3.423004878685325 1.1183983042263892
14817.0 10633268.0 -0.4215601176704342 0.0018066140066949343 0.2504855789166562 -3.423004878685325 1.1183983042263892
14818.0 10633268.0 -0.38339932264674736 8.025246086648674e-05 0.2482542988043235 -3.423004878685325 1.1183983042263892
14819.0 10633268.0 -0.3287556986392648 0.0031303293892308848 0.24518016866911202 -3.423004878685325 1.1183983042263892
14820.0 10633268.0 -0.29584377337796686 0.004639049075628204 0.24258686342530478 -3.423004878685325 1.1183983042263892
14821.0 10633268.0 -0.24240960179190663 0.0023603033252093397 0.23920733253262713 -3.423004878685325 1.1183983042263892
14822.0 10633268.0 -0.21133115495161114 0.002336601625068907 0.23635639428339567 -3.423004878685325 1.1183983042263892
14823.0 10633268.0 -0.18025270811131566 0.0023128999249284743 0.23395137146838269 -3.423004878685325 1.1183983042263892
14824.0 10633268.0 -0.13695573872193734 0.002852055442432777 0.2313265960818507 -3.423004878685325 1.1183983042263892
14825.0 10633268.0 -0.09365876933255901 0.00339121095993708 0.22851643963759025 -3.423004878685325 1.1183983042263892
14826.0 10633268.0 -0.06050800127164524 0.0031872074085217694 0.2261458199428199 -3.423004878685325 1.1183983042263892
14827.0 10633268.0 -0.014848177048019995 0.0015818540474992482 0.22414598902639135 -3.423004878685325 1.1183983042263892
14828.0 10633268.0 0.0070668410883952815 0.0034149254007200536 0.22245895179172814 -3.423004878685325 1.1183983042263892
14829.0 10633268.0 0.08101754937949757 0.0041296264776709835 0.22103578415902506 -3.423004878685325 1.1183983042263892
14830.0 10633268.0 0.09440852907489139 0.001622259099103518 0.21864336957872946 -3.423004878685325 1.1183983042263892
14831.0 10633268.0 0.15542549353372537 0.0035272889357869652 0.21662515271621702 -3.423004878685325 1.1183983042263892
14832.0 10633268.0 0.1966933231916389 0.0020734803185711304 0.2149226052824749 -3.423004878685325 1.1183983042263892
14833.0 10633268.0 0.2320009130891833 0.0034440913244295907 0.21348635340192454 -3.423004878685325 1.1183983042263892
14834.0 10633268.0 0.2673085029867277 0.004814702330288051 0.21227474577003 -3.423004878685325 1.1183983042263892
14835.0 10633268.0 0.30771560055598846 0.002766671516510749 0.21125264576546632 -3.423004878685325 1.1183983042263892
14836.0 10633268.0 0.3481226981252492 0.0007186407027334474 0.21039041248810114 -3.423004878685325 1.1183983042263892
14837.0 10633268.0 0.38722809666864233 0.004879351534883614 0.20966304117289092 -3.423004878685325 1.1183983042263892
14838.0 10633268.0 0.433037913552723 0.0050968949399163715 0.2090494380516945 -3.423004878685325 1.1183983042263892
14839.0 10633268.0 0.46515175356548033 9.353208151333114e-05 0.20853180863399726 -3.423004878685325 1.1183983042263892
14840.0 10633268.0 0.4819157955478905 -0.00024418479687417227 0.20809514166668594 -3.423004878685325 1.1183983042263892
14841.0 10633268.0 0.5118857780593303 0.0017815440755213747 0.20772677380770851 -3.423004878685325 1.1183983042263892
14842.0 10633268.0 0.5418557605707701 0.0038072729479169216 0.20741602238915463 -3.423004878685325 1.1183983042263892
14843.0 10633268.0 0.57182574308221 0.005833001820312468 0.2071538756198862 -3.423004878685325 1.1183983042263892
14844.0 10633268.0 0.605465748583149 0.0055012454264994175 0.20693273124359451 -3.423004878685325 1.1183983042263892
14845.0 10633268.0 0.6391057540840881 0.005169489032686367 0.20674617607336704 -3.423004878685325 1.1183983042263892
14846.0 10633268.0 0.65980373912608 0.0060001163144767986 0.20658880000926721 -3.423004878685325 1.1183983042263892
14847.0 10633268.0 0.680501724168072 0.00683074359626723 0.20645603914543614 -3.423004878685325 1.1183983042263892
14848.0 10633268.0 0.7035724881995229 0.006769355560998516 0.20634404341682272 -3.423004878685325 1.1183983042263892
14849.0 10633268.0 0.7266432522309739 0.006707967525729802 0.20624956494729715 -3.423004878685325 1.1183983042263892
14850.0 10633268.0 0.744667096845257 0.004790909847680991 0.2061698638612432 -3.423004878685325 1.1183983042263892
14851.0 10633268.0 0.7703084112758212 0.007160937653282351 0.2061026288271653 -3.423004878685325 1.1183983042263892
14852.0 10633268.0 0.7877114214511195 0.0033439482532237885 0.20604591002907519 -3.423004878685325 1.1183983042263892
14853.0 10633268.0 0.8132837077306209 0.005503015252832061 0.20599806262182824 -3.423004878685325 1.1183983042263892
14854.0 10633268.0 0.8215403159829119 0.006310118490527025 0.2059576990306143 -3.423004878685325 1.1183983042263892
14855.0 10633268.0 0.853956486641828 0.006583683586710062 0.2059236487112882 -3.423004878685325 1.1183983042263892
14856.0 10633268.0 0.8704774876572271 0.003872854983129878 0.2070867688927937 -3.423004878685325 1.1183983042263892
14857.0 10633268.0 0.891278746990753 0.005020801419088214 0.20806796537219022 -3.423004878685325 1.1183983042263892
14858.0 10633268.0 0.8988926886823948 0.005220172513131241 0.20889569284738024 -3.423004878685325 1.1183983042263892
14859.0 10633268.0 0.9257559014573846 0.0018174683876660408 0.20959395541514428 -3.423004878685325 1.1183983042263892
14860.0 10633268.0 0.9337710538106316 0.001885792111965462 0.2101830026899475 -3.423004878685325 1.1183983042263892
14861.0 10633268.0 0.9503186622987783 0.0036058466799044897 0.2106799170427592 -3.423004878685325 1.1183983042263892
14862.0 10633268.0 0.9806363971181897 0.003981398109316137 0.21109910898981094 -3.423004878685325 1.1183983042263892
14863.0 10633268.0 0.9938799950180102 0.0037435162966037994 0.21145273509756718 -3.423004878685325 1.1183983042263892
14864.0 10633268.0 1.00764088693275 0.005089043013826178 0.21175105052315288 -3.423004878685325 1.1183983042263892
