22487.0 11289096.0 3.4206575408361797 3.1362712660658567 0.6096 -0.9545904110677726 -0.3838635193626254
22488.0 11289096.0 3.373552815029024 3.1088952885385326 0.6096 -0.9545904110677726 -0.3838635193626254
22489.0 11289096.0 3.3512503932681326 3.0963179749101473 0.6096 -0.9545904110677726 -0.3838635193626254
22490.0 11289096.0 3.328947971507241 3.083740661281762 0.6096 -0.9545904110677726 -0.3838635193626254
22491.0 11289096.0 3.2698102289297 3.045341364083499 0.6054275792879908 -0.9545904110677726 -0.3838635193626254
22492.0 11289096.0 3.210672486352159 3.006942066885236 0.5993134028648133 -0.9545904110677726 -0.3838635193626254
22493.0 11289096.0 3.1689335833317056 2.983772738251787 0.595128580430205 -0.9545904110677726 -0.3838635193626254
22494.0 11289096.0 3.140413888837398 2.9657494438098513 0.5920694417463077 -0.9545904110677726 -0.3838635193626254
22495.0 11289096.0 3.0786834314209965 2.9262116021660716 0.5897334814622374 -0.9545904110677726 -0.3838635193626254
22496.0 11289096.0 3.0484742154460047 2.903015995379063 0.5878958906182837 -0.9545904110677726 -0.3838635193626254
22497.0 11289096.0 2.9840136677158977 2.8619168908204085 0.5864202390911293 -0.9545904110677726 -0.3838635193626254
22498.0 11289096.0 2.957523681843953 2.846034919705608 0.5852180237672232 -0.9545904110677726 -0.3838635193626254
22499.0 11289096.0 2.935732274560727 2.8293195564704825 0.5842285847166315 -0.9545904110677726 -0.3838635193626254
22500.0 11289096.0 2.845132077045921 2.768252964273032 0.5834084032050411 -0.9545904110677726 -0.3838635193626254
22501.0 11289096.0 2.822912375438209 2.753897295470775 0.5827250644784523 -0.9545904110677726 -0.3838635193626254
22502.0 11289096.0 2.8006926738304965 2.739541626668519 0.5821536832088445 -0.9545904110677726 -0.3838635193626254
22503.0 11289096.0 2.741681391201241 2.6933931514998775 0.5768621904266172 -0.9545904110677726 -0.3838635193626254
22504.0 11289096.0 2.698793663937039 2.6640002560774576 0.5724182592518767 -0.9545904110677726 -0.3838635193626254
22505.0 11289096.0 2.655905936672837 2.6346073606550378 0.5686813103213446 -0.9545904110677726 -0.3838635193626254
22506.0 11289096.0 2.6197658879149213 2.6082095193106434 0.5655359839933853 -0.9545904110677726 -0.3838635193626254
22507.0 11289096.0 2.5769165348533045 2.57757778861693 0.5628868871650252 -0.9545904110677726 -0.3838635193626254
22508.0 11289096.0 2.5286207514126473 2.5452203495966796 0.5606546944976036 -0.9545904110677726 -0.3838635193626254
22509.0 11289096.0 2.491536394383047 2.5145751804895093 0.5587731736516796 -0.9545904110677726 -0.3838635193626254
22510.0 11289096.0 2.4462346450638366 2.485679448775816 0.552415328542496 -0.9545904110677726 -0.3838635193626254
22511.0 11289096.0 2.388656732874139 2.444204607070198 0.5470541278613379 -0.9545904110677726 -0.3838635193626254
22512.0 11289096.0 2.367140521912895 2.429970416426867 0.5425328012189929 -0.9545904110677726 -0.3838635193626254
22513.0 11289096.0 2.3160298847137724 2.3919910594605382 0.5387194527655693 -0.9545904110677726 -0.3838635193626254
22514.0 11289096.0 2.2688122297019317 2.3626703504268227 0.5355030288791132 -0.9545904110677726 -0.3838635193626254
22515.0 11289096.0 2.2054471952358012 2.3249558071823087 0.5327899732730488 -0.9545904110677726 -0.3838635193626254
22516.0 11289096.0 2.1714133925962535 2.2982217014780475 0.5305014392755896 -0.9545904110677726 -0.3838635193626254
22517.0 11289096.0 2.148852862524019 2.2835112604082948 0.5285709585221516 -0.9545904110677726 -0.3838635193626254
22518.0 11289096.0 2.126292332451784 2.2688008193385416 0.526942486515501 -0.9545904110677726 -0.3838635193626254
22519.0 11289096.0 2.0812145324218694 2.236795828361929 0.5255687612163106 -0.9545904110677726 -0.3838635193626254
22520.0 11289096.0 2.029296039262409 2.2083106613077668 0.5244099227690556 -0.9545904110677726 -0.3838635193626254
22521.0 11289096.0 1.9873518935320489 2.1818245588809235 0.5234323517587739 -0.9545904110677726 -0.3838635193626254
22522.0 11289096.0 1.914272530062125 2.1415604876053456 0.5273751395841999 -0.9545904110677726 -0.3838635193626254
22523.0 11289096.0 1.8669213974612764 2.1199954369967484 0.5307012125529357 -0.9545904110677726 -0.3838635193626254
22524.0 11289096.0 1.8239813359638541 2.096171778867221 0.5335070403316686 -0.9545904110677726 -0.3838635193626254
22525.0 11289096.0 1.7697524768391728 2.0755689411119573 0.531106596054883 -0.9545904110677726 -0.3838635193626254
22526.0 11289096.0 1.7184126982697967 2.0556580988737503 0.5290816105030645 -0.9545904110677726 -0.3838635193626254
22527.0 11289096.0 1.6637400793810477 2.039406555386752 0.5273733561219478 -0.9545904110677726 -0.3838635193626254
22528.0 11289096.0 1.6089082230827427 2.0248429234934977 0.5259322917495305 -0.9545904110677726 -0.3838635193626254
22529.0 11289096.0 1.5539268875456882 2.0100947995003478 0.5247166254474457 -0.9545904110677726 -0.3838635193626254
22530.0 11289096.0 1.5093088137663058 1.9958163327021103 0.523691102249634 -0.9545904110677726 -0.3838635193626254
22531.0 11289096.0 1.4561968092418272 1.9824440821529963 0.5228259815971641 -0.9545904110677726 -0.3838635193626254
22532.0 11289096.0 1.3972830634389573 1.968163943589762 0.5268635558463678 -0.9545904110677726 -0.3838635193626254
22533.0 11289096.0 1.3417398529094018 1.9544184554118507 0.5302696120584572 -0.9545904110677726 -0.3838635193626254
22534.0 11289096.0 1.2905050789159198 1.938915015209773 0.5331429263258585 -0.9545904110677726 -0.3838635193626254
22535.0 11289096.0 1.237389667271731 1.9230917449475782 0.5355668250398465 -0.9545904110677726 -0.3838635193626254
22536.0 11289096.0 1.1632064028947529 1.8984980964738372 0.5376116014297323 -0.9545904110677726 -0.3838635193626254
22537.0 11289096.0 1.1246839130616184 1.8857637210777725 0.5393365541108417 -0.9545904110677726 -0.3838635193626254
22538.0 11289096.0 1.086161423228484 1.8730293456817075 0.5407917067709718 -0.9545904110677726 -0.3838635193626254
22539.0 11289096.0 1.049561558897415 1.863054999325941 0.5420192588733136 -0.9545904110677726 -0.3838635193626254
22540.0 11289096.0 1.012961694566346 1.8530806529701744 0.5430548094504755 -0.9545904110677726 -0.3838635193626254
22541.0 11289096.0 0.9541690393329723 1.8361935018289712 0.5439283894821866 -0.9545904110677726 -0.3838635193626254
22542.0 11289096.0 0.9121787840046043 1.8272510242597206 0.5446653327971659 -0.9545904110677726 -0.3838635193626254
22543.0 11289096.0 0.8246423122496656 1.8077248806284876 0.5452870107562299 -0.9545904110677726 -0.3838635193626254
22544.0 11289096.0 0.7945135741258313 1.8068231035954283 0.5458114520230023 -0.9545904110677726 -0.3838635193626254
22545.0 11289096.0 0.7176911404471125 1.794544855161919 0.5414864866150636 -0.9545904110677726 -0.3838635193626254
22546.0 11289096.0 0.6720684133098633 1.788075857562805 0.5378379893338376 -0.9545904110677726 -0.3838635193626254
22547.0 11289096.0 0.6372453442940422 1.7820495799165885 0.5347601537522235 -0.9545904110677726 -0.3838635193626254
22548.0 11289096.0 0.5474308306065623 1.778926128580511 0.5321637226347852 -0.9545904110677726 -0.3838635193626254
22549.0 11289096.0 0.4980104615957058 1.7700775747651771 0.5299733994769742 -0.9545904110677726 -0.3838635193626254
22550.0 11289096.0 0.4374741653823059 1.765797385779454 0.5281256649059277 -0.9545904110677726 -0.3838635193626254
22551.0 11289096.0 0.3745620625089788 1.759139776262981 0.5265669346183132 -0.9545904110677726 -0.3838635193626254
22552.0 11289096.0 0.32407660640674285 1.7519255339587483 0.5252520054353261 -0.9545904110677726 -0.3838635193626254
22553.0 11289096.0 0.2786476530550539 1.7455121524936499 0.5241427444103816 -0.9545904110677726 -0.3838635193626254
22554.0 11289096.0 0.22401091845344778 1.7375525269875658 0.527974361727718 -0.9545904110677726 -0.3838635193626254
22555.0 11289096.0 0.16978457197644703 1.727589764101885 0.5312066755345412 -0.9545904110677726 -0.3838635193626254
22556.0 11289096.0 0.1237823426110396 1.7215982754906456 0.5339334229314957 -0.9545904110677726 -0.3838635193626254
22557.0 11289096.0 0.0808362264026532 1.7165358035491376 0.5362336795932413 -0.9545904110677726 -0.3838635193626254
22558.0 11289096.0 0.0378901101942668 1.7114733316076296 0.5381741529630574 -0.9545904110677726 -0.3838635193626254
22559.0 11289096.0 -0.005671281430862485 1.704801415410402 0.5398111167687221 -0.9545904110677726 -0.3838635193626254
22560.0 11289096.0 -0.059915632270007735 1.7002203434259633 0.5411920429606315 -0.9545904110677726 -0.3838635193626254
22561.0 11289096.0 -0.11025741620812424 1.6999717600081583 0.5423569783983704 -0.9545904110677726 -0.3838635193626254
22562.0 11289096.0 -0.1552735665655096 1.6948277551496327 0.5433397062096447 -0.9545904110677726 -0.3838635193626254
22563.0 11289096.0 -0.2154997852450229 1.6931381680757551 0.5441687255009883 -0.9545904110677726 -0.3838635193626254
22564.0 11289096.0 -0.26064396024298087 1.6865177414721684 0.5448680778318543 -0.9545904110677726 -0.3838635193626254
22565.0 11289096.0 -0.3151027966345976 1.6856303833158772 0.5454580444198404 -0.9545904110677726 -0.3838635193626254
22566.0 11289096.0 -0.37243660414388624 1.6770376266856202 0.5459557342959995 -0.9545904110677726 -0.3838635193626254
22567.0 11289096.0 -0.44749464056594723 1.6691000864830732 0.5463755804667413 -0.9545904110677726 -0.3838635193626254
22568.0 11289096.0 -0.5060435336247047 1.6611392229614947 0.5419623797181896 -0.9545904110677726 -0.3838635193626254
22569.0 11289096.0 -0.5585021005566813 1.6555101438804372 0.5382394479814715 -0.9545904110677726 -0.3838635193626254
22570.0 11289096.0 -0.6137556430315674 1.6521974248642688 0.5350988202362198 -0.9545904110677726 -0.3838635193626254
22571.0 11289096.0 -0.6546117899592533 1.6467473741092085 0.5324494182778206 -0.9545904110677726 -0.3838635193626254
22572.0 11289096.0 -0.6954679368869392 1.641297323354148 0.5302144094494795 -0.9545904110677726 -0.3838635193626254
22573.0 11289096.0 -0.7363504228649269 1.6330520871639267 0.5283289784951741 -0.9545904110677726 -0.3838635193626254
22574.0 11289096.0 -0.7890942336533231 1.6292702955642893 0.5267384479172292 -0.9545904110677726 -0.3838635193626254
22575.0 11289096.0 -0.8507153779674861 1.6227839108221331 0.5253966923288843 -0.9545904110677726 -0.3838635193626254
22576.0 11289096.0 -0.9024418565608172 1.6166838880463437 0.5242648008180771 -0.9545904110677726 -0.3838635193626254
22577.0 11289096.0 -0.9531853656990956 1.6081596064598054 0.5233099485309943 -0.9545904110677726 -0.3838635193626254
22578.0 11289096.0 -1.006792876140022 1.6017407216934352 0.5225044447513104 -0.9545904110677726 -0.3838635193626254
22579.0 11289096.0 -1.0553045572396693 1.590267149410986 0.5218249298694145 -0.9545904110677726 -0.3838635193626254
22580.0 11289096.0 -1.1076857260532529 1.5837983088204417 0.5212516979537317 -0.9545904110677726 -0.3838635193626254
22581.0 11289096.0 -1.159817184750503 1.575378689497791 0.5207681252787072 -0.9545904110677726 -0.3838635193626254
22582.0 11289096.0 -1.210226610723416 1.568966586334937 0.5203601882367651 -0.9545904110677726 -0.3838635193626254
22583.0 11289096.0 -1.257951247263262 1.5642470618081863 0.5152486779008723 -0.9545904110677726 -0.3838635193626254
22584.0 11289096.0 -1.3253645124337836 1.548208440423194 0.5109366592241048 -0.9545904110677726 -0.3838635193626254
22585.0 11289096.0 -1.3776023856445165 1.537838657593961 0.5072990836648363 -0.9545904110677726 -0.3838635193626254
22586.0 11289096.0 -1.4243607291869698 1.5268451116999981 0.5042304615318483 -0.9545904110677726 -0.3838635193626254
22587.0 11289096.0 -1.4786970989485029 1.516578183000608 0.5016418027832837 -0.9545904110677726 -0.3838635193626254
22588.0 11289096.0 -1.5006973578694909 1.5090532058428687 0.49945803631543445 -0.9545904110677726 -0.3838635193626254
22589.0 11289096.0 -1.5474410766192013 1.4964782726078634 0.49523214352432426 -0.9545904110677726 -0.3838635193626254
22590.0 11289096.0 -1.5941847953689117 1.483903339372858 0.48928353351901105 -0.9545904110677726 -0.3838635193626254
22591.0 11289096.0 -1.64225318709664 1.4713533041252278 0.48426534598574916 -0.9545904110677726 -0.3838635193626254
22592.0 11289096.0 -1.6903215788243682 1.4588032688775978 0.48003205348607403 -0.9545904110677726 -0.3838635193626254
22593.0 11289096.0 -1.7322572678105739 1.4419275922168098 0.476460890537495 -0.9545904110677726 -0.3838635193626254
22594.0 11289096.0 -1.7741929567967798 1.4250519155560217 0.47344829341450334 -0.9545904110677726 -0.3838635193626254
22595.0 11289096.0 -1.8161286457829855 1.4081762388952337 0.47090689680053227 -0.9545904110677726 -0.3838635193626254
22596.0 11289096.0 -1.8580643347691914 1.3913005622344459 0.46876300019377665 -0.9545904110677726 -0.3838635193626254
22597.0 11289096.0 -1.9000000237553971 1.3744248855736578 0.4669544305926405 -0.9545904110677726 -0.3838635193626254
22598.0 11289096.0 -1.941935712741603 1.3575492089128698 0.465428739478691 -0.9545904110677726 -0.3838635193626254
22599.0 11289096.0 -1.9838714017278087 1.3406735322520817 0.4641416818096235 -0.9545904110677726 -0.3838635193626254
22600.0 11289096.0 -2.0246066551074584 1.31661218035228 0.4630559329130351 -0.9545904110677726 -0.3838635193626254
22601.0 11289096.0 -2.0728966966062785 1.2759774871582192 0.4621400060709247 -0.9545904110677726 -0.3838635193626254
22602.0 11289096.0 -2.0894634672657473 1.2595485189538893 0.4613673394048711 -0.9545904110677726 -0.3838635193626254
22603.0 11289096.0 -2.127133394646842 1.2122842885829415 0.4607155255815588 -0.9545904110677726 -0.3838635193626254
22604.0 11289096.0 -2.1568816557280464 1.172943981098237 0.4601656620001117 -0.9545904110677726 -0.3838635193626254
22605.0 11289096.0 -2.17928719569342 1.1370432623211162 0.4597018026166679 -0.9545904110677726 -0.3838635193626254
22606.0 11289096.0 -2.187008691052805 1.115616930853648 0.45931049550910735 -0.9545904110677726 -0.3838635193626254
22607.0 11289096.0 -2.1947301864121895 1.09419059938618 0.458980392771311 -0.9545904110677726 -0.3838635193626254
22608.0 11289096.0 -2.2146989858060184 1.0451071739328168 0.4587019214238826 -0.9545904110677726 -0.3838635193626254
22609.0 11289096.0 -2.224775522816855 1.0023680489335673 0.45846700579774685 -0.9545904110677726 -0.3838635193626254
22610.0 11289096.0 -2.237305744050823 0.9597307403747734 0.4535014545869288 -0.9545904110677726 -0.3838635193626254
22611.0 11289096.0 -2.2420097052345094 0.9127799570387553 0.44931256555913174 -0.9545904110677726 -0.3838635193626254
22612.0 11289096.0 -2.2476885526931287 0.8655639660860485 0.4457788609325495 -0.6347677865124085 -0.8097307648880198
22613.0 11289096.0 -2.2491114984451546 0.8286397478114595 0.4427978632730111 -0.6347677865124085 -0.8097307648880198
22614.0 11289096.0 -2.2488974091154743 0.7804303385029723 0.4402831236483901 -0.6347677865124085 -0.8097307648880198
22615.0 11289096.0 -2.2481223315521275 0.7404501035148515 0.43816171460957243 -0.6347677865124085 -0.8097307648880198
22616.0 11289096.0 -2.242935179882095 0.69820836609431 0.4363721152944323 -0.6347677865124085 -0.8097307648880198
22617.0 11289096.0 -2.242218727305837 0.6569621054061692 0.43486242732283076 -0.6347677865124085 -0.8097307648880198
22618.0 11289096.0 -2.233712086034127 0.6096616845999051 0.4288214909907744 -0.6347677865124085 -0.8097307648880198
22619.0 11289096.0 -2.22593850916921 0.5536043158604357 0.42372541789745044 -0.6347677865124085 -0.8097307648880198
22620.0 11289096.0 -2.218633844704816 0.5075152238219223 0.4194264219231526 -0.6347677865124085 -0.8097307648880198
22621.0 11289096.0 -2.2108120146508634 0.4806528345614675 0.4157998321846262 -0.6347677865124085 -0.8097307648880198
22622.0 11289096.0 -2.202990184596911 0.45379044530101276 0.4127404775794539 -0.6347677865124085 -0.8097307648880198
22623.0 11289096.0 -2.189588909188787 0.41330157566805703 0.4101596368240858 -0.6347677865124085 -0.8097307648880198
22624.0 11289096.0 -2.172178577142394 0.37827797251181405 0.40798246553661616 -0.6347677865124085 -0.8097307648880198
22625.0 11289096.0 -2.1589626372827864 0.3358636215140698 0.4061458257497084 -0.6347677865124085 -0.8097307648880198
22626.0 11289096.0 -2.1300998178355464 0.29756073621904533 0.4045964549095422 -0.6347677865124085 -0.8097307648880198
22627.0 11289096.0 -2.114323128415581 0.26704457226313294 0.4032894212617527 -0.6347677865124085 -0.8097307648880198
22628.0 11289096.0 -2.0854640166095093 0.2347021648109465 0.402186820830554 -0.6347677865124085 -0.8097307648880198
22629.0 11289096.0 -2.0502529707710844 0.19163568915180082 0.4012566782034414 -0.6347677865124085 -0.8097307648880198
22630.0 11289096.0 -2.0201818313049387 0.16544031430916858 0.4004720192442286 -0.6347677865124085 -0.8097307648880198
22631.0 11289096.0 -1.9949362038950327 0.1410574201259641 0.39981008884309843 -0.6347677865124085 -0.8097307648880198
22632.0 11289096.0 -1.965534392314246 0.12068970572878754 0.3992516910184181 -0.6347677865124085 -0.8097307648880198
22633.0 11289096.0 -1.9293230081998762 0.09832824138953075 0.3987806322332719 -0.6347677865124085 -0.8097307648880198
22634.0 11289096.0 -1.9141983591108906 0.08753859249157034 0.39838325178289063 -0.6347677865124085 -0.8097307648880198
22635.0 11289096.0 -1.899073710021905 0.07674894359360993 0.39804802563421315 -0.6347677865124085 -0.8097307648880198
22636.0 11289096.0 -1.8691421462068283 0.0677756339574643 0.39776523222892785 -0.6347677865124085 -0.8097307648880198
22637.0 11289096.0 -1.8362603311988959 0.05152805308639438 0.39752667055828145 -0.6347677865124085 -0.8097307648880198
22638.0 11289096.0 -1.787311948811187 0.03551666461345235 0.3925580435810083 -0.6347677865124085 -0.8097307648880198
22639.0 11289096.0 -1.7680535383366596 0.029217195230862053 0.3883665598675844 -0.6347677865124085 -0.8097307648880198
22640.0 11289096.0 -1.7126677793063194 0.01659215131041933 0.38483066639032043 -0.6347677865124085 -0.8097307648880198
22641.0 11289096.0 -1.6740715233179266 0.003149858811575451 0.38184782223837577 -0.6347677865124085 -0.8097307648880198
22642.0 11289096.0 -1.6373591168472632 -0.0030162211397986305 0.37933152493134403 -0.6347677865124085 -0.8097307648880198
22643.0 11289096.0 -1.5998956590467428 -0.004170025837110597 0.37720880184732125 -0.6347677865124085 -0.8097307648880198
22644.0 11289096.0 -1.5691334327188924 -0.008973789920852987 0.37541809401687076 -0.6347677865124085 -0.8097307648880198
22645.0 11289096.0 -1.529045307457764 -0.011336205279671524 0.37390747091290955 -0.6347677865124085 -0.8097307648880198
22646.0 11289096.0 -1.4860684400029414 -0.014643194990509506 0.3726331244654227 -0.6347677865124085 -0.8097307648880198
22647.0 11289096.0 -1.4664428949389872 -0.015745721370977545 0.3715580986274331 -0.6347677865124085 -0.8097307648880198
22648.0 11289096.0 -1.446817349875033 -0.016848247751445583 0.3706512176496391 -0.6347677865124085 -0.8097307648880198
22649.0 11289096.0 -1.3926803320634547 -0.018079606172085066 0.3698861819836846 -0.6347677865124085 -0.8097307648880198
22650.0 11289096.0 -1.355940215423389 -0.01981349755335196 0.36924080559525696 -0.6347677865124085 -0.8097307648880198
22651.0 11289096.0 -1.321227755861621 -0.01959888732003237 0.3639289938162749 -0.6347677865124085 -0.8097307648880198
22652.0 11289096.0 -1.2790257830089542 -0.018211469748929204 0.3594480028579648 -0.6347677865124085 -0.8097307648880198
22653.0 11289096.0 -1.248187561690829 -0.01626220170664297 0.3556678839825357 -0.6347677865124085 -0.8097307648880198
22654.0 11289096.0 -1.202983075189907 -0.0165572953498673 0.3524790137426001 -0.6347677865124085 -0.8097307648880198
22655.0 11289096.0 -1.1588312875083304 -0.014638498524902094 0.3497889149011999 -0.6347677865124085 -0.8097307648880198
22656.0 11289096.0 -1.1249431014582332 -0.012868276832225717 0.3475195745919345 -0.6347677865124085 -0.8097307648880198
22657.0 11289096.0 -1.0771373916582638 -0.01471427741884515 0.3456051819458352 -0.6347677865124085 -0.8097307648880198
22658.0 11289096.0 -1.0358807172995086 -0.012140078083701017 0.34160653019975673 -0.6347677865124085 -0.8097307648880198
22659.0 11289096.0 -0.9946240429407534 -0.009565878748556883 0.3358496184530627 -0.6347677865124085 -0.8097307648880198
22660.0 11289096.0 -0.9642262866101545 -0.011677567574046505 0.3309931456415075 -0.6347677865124085 -0.8097307648880198
22661.0 11289096.0 -0.917779845021077 -0.00817104224093304 0.326896274053556 -0.6347677865124085 -0.8097307648880198
22662.0 11289096.0 -0.8789954617145976 -0.006365032266915566 0.32344019441315763 -0.6347677865124085 -0.8097307648880198
22663.0 11289096.0 -0.8252824064594071 -0.0061686327881962655 0.32052468041074084 -0.6347677865124085 -0.8097307648880198
22664.0 11289096.0 -0.7927381403929781 -0.006060609000045375 0.31806518214023555 -0.6347677865124085 -0.8097307648880198
22665.0 11289096.0 -0.7558910498065834 -0.0033869116941982746 0.31599037415179704 -0.6347677865124085 -0.8097307648880198
22666.0 11289096.0 -0.7105020077957336 -0.0017533230831800195 0.31424008701376066 -0.6347677865124085 -0.8097307648880198
22667.0 11289096.0 -0.6674451318645052 -0.004264018700159772 0.31276356239912334 -0.6347677865124085 -0.8097307648880198
22668.0 11289096.0 -0.6326492604988718 1.554716024146363e-05 0.3115179810940606 -0.6347677865124085 -0.8097307648880198
22669.0 11289096.0 -0.5892320558345117 0.0024113299488957296 0.3104672212407256 -0.6347677865124085 -0.8097307648880198
22670.0 11289096.0 -0.5519425077281335 0.0007353001946422688 0.3048134320505548 -0.6347677865124085 -0.8097307648880198
22671.0 11289096.0 -0.5148134850756367 -0.0008880664770229696 0.30004395238985004 -0.6347677865124085 -0.8097307648880198
22672.0 11289096.0 -0.48147270305059275 0.004919340988332549 0.29602046734845094 -0.6347677865124085 -0.8097307648880198
22673.0 11289096.0 -0.4539237218517589 0.004149948266058967 0.2926262958601569 -0.6347677865124085 -0.8097307648880198
22674.0 11289096.0 -0.426374740652925 0.003380555543785385 0.28976300695180746 -0.6347677865124085 -0.8097307648880198
22675.0 11289096.0 -0.3841568288539772 -0.0006067777006219244 0.2873475652450604 -0.6347677865124085 -0.8097307648880198
22676.0 11289096.0 -0.35022089385859223 0.004305608354383955 0.28530992293042007 -0.6347677865124085 -0.8097307648880198
22677.0 11289096.0 -0.31767725844222094 0.004415808521783998 0.2835909883807619 -0.6347677865124085 -0.8097307648880198
22678.0 11289096.0 -0.2814865980773116 0.005086455472478685 0.28214091249414586 -0.6347677865124085 -0.8097307648880198
22679.0 11289096.0 -0.24825536161166784 0.004855344086036911 0.28091764306986006 -0.6347677865124085 -0.8097307648880198
22680.0 11289096.0 -0.19887841147905094 0.004837792705174787 0.2798857052946002 -0.6347677865124085 -0.8097307648880198
22681.0 11289096.0 -0.1598433209405139 0.006331698650127199 0.27901517297288375 -0.6347677865124085 -0.8097307648880198
22682.0 11289096.0 -0.12710807285967973 0.0032256119535225836 0.273513421914564 -0.6347677865124085 -0.8097307648880198
22683.0 11289096.0 -0.0821559840407422 0.004888804132396923 0.26887220009176666 -0.6347677865124085 -0.8097307648880198
22684.0 11289096.0 -0.0541063305934808 0.006469007598652904 0.2649569120716305 -0.6347677865124085 -0.8097307648880198
22685.0 11289096.0 -0.0344772538207504 0.004025430823076076 0.26165401450157166 -0.6347677865124085 -0.8097307648880198
22686.0 11289096.0 -0.014848177048019995 0.0015818540474992482 0.2588677233520584 -0.6347677865124085 -0.8097307648880198
22687.0 11289096.0 0.03563388538216983 0.006578799561124754 0.2565172361797548 -0.6347677865124085 -0.8097307648880198
22688.0 11289096.0 0.06232895906048119 0.006732860675529528 0.2545343888566641 -0.6347677865124085 -0.8097307648880198
22689.0 11289096.0 0.09669139115824224 0.006795694231866406 0.2528616788104166 -0.6347677865124085 -0.8097307648880198
22690.0 11289096.0 0.1310538232560033 0.006858527788203284 0.25145059744967124 -0.6347677865124085 -0.8097307648880198
22691.0 11289096.0 0.16541625535376436 0.006921361344540161 0.25026022341496634 -0.6347677865124085 -0.8097307648880198
22692.0 11289096.0 0.18944761620334263 0.006807892136557377 0.24925603585929548 -0.6347677865124085 -0.8097307648880198
22693.0 11289096.0 0.2134789770529209 0.0066944229285745924 0.24840891334354417 -0.6347677865124085 -0.8097307648880198
22694.0 11289096.0 0.2375103379024992 0.006580953720591808 0.24769428931475565 -0.6347677865124085 -0.8097307648880198
22695.0 11289096.0 0.26154169875207745 0.006467484512609024 0.24709143967609504 -0.6347677865124085 -0.8097307648880198
22696.0 11289096.0 0.28557305960165574 0.006354015304626239 0.2465828817880412 -0.6347677865124085 -0.8097307648880198
22697.0 11289096.0 0.30960442045123404 0.006240546096643455 0.24615386747184054 -0.6347677865124085 -0.8097307648880198
22698.0 11289096.0 0.3336357813008123 0.006127076888660671 0.24579195531232326 -0.6347677865124085 -0.8097307648880198
22699.0 11289096.0 0.3576671421503906 0.006013607680677886 0.24548664985686336 -0.6347677865124085 -0.8097307648880198
22700.0 11289096.0 0.3816985029999689 0.005900138472695102 0.24522909724725248 -0.6347677865124085 -0.8097307648880198
22701.0 11289096.0 0.4057298638495471 0.0057866692647123175 0.24501182845781191 -0.6347677865124085 -0.8097307648880198
22702.0 11289096.0 0.4297612246991254 0.005673200056729533 0.24482854269364793 -0.6347677865124085 -0.8097307648880198
22703.0 11289096.0 0.4537925855487037 0.005559730848746749 0.2446739246675997 -0.6347677865124085 -0.8097307648880198
22704.0 11289096.0 0.47782394639828196 0.0054462616407639644 0.2445434904569119 -0.6347677865124085 -0.8097307648880198
22705.0 11289096.0 0.5018553072478602 0.00533279243278118 0.24443345746947454 -0.6347677865124085 -0.8097307648880198
22706.0 11289096.0 0.5258866680974386 0.005219323224798396 0.24434063474865192 -0.6347677865124085 -0.8097307648880198
22707.0 11289096.0 0.5499180289470168 0.005105854016815611 0.24426233043554021 -0.6347677865124085 -0.8097307648880198
22708.0 11289096.0 0.5663606033402158 0.0044061577259545915 0.24419627370505917 -0.6347677865124085 -0.8097307648880198
22709.0 11289096.0 0.5828031777334148 0.0037064614350935726 0.24414054891202483 -0.6347677865124085 -0.8097307648880198
22710.0 11289096.0 0.5992457521266138 0.0030067651442325528 0.24409354003743922 -0.6347677865124085 -0.8097307648880198
22711.0 11289096.0 0.6156883265198128 0.0023070688533715334 0.24405388382393933 -0.6347677865124085 -0.8097307648880198
22712.0 11289096.0 0.6321309009130117 0.001607372562510514 0.2440204302413337 -0.6347677865124085 -0.8097307648880198
22713.0 11289096.0 0.6485734753062108 0.0009076762716494942 0.24399220913572675 -0.6347677865124085 -0.8097307648880198
22714.0 11289096.0 0.6650160496994098 0.00020797998078847524 0.24396840209505588 -0.6347677865124085 -0.8097307648880198
22715.0 11289096.0 0.6798119022496854 0.004719594543100614 0.2439483187151416 -0.6347677865124085 -0.8097307648880198
22716.0 11289096.0 0.6894411474611254 0.0015732278731181992 0.24393137657796646 -0.6347677865124085 -0.8097307648880198
22717.0 11289096.0 0.700247657778045 0.0006708297072621702 0.2415333949851439 -0.6347677865124085 -0.8097307648880198
22718.0 11289096.0 0.7110541680949645 -0.00023156845859385877 0.23712679247048205 -0.6347677865124085 -0.8097307648880198
22719.0 11289096.0 0.7159666266255409 0.005289766763848097 0.23340942693746417 -0.6347677865124085 -0.8097307648880198
22720.0 11289096.0 0.7211824674567889 0.0035855119035197933 0.23027349478563275 -0.6347677865124085 -0.8097307648880198
22721.0 11289096.0 0.726398308288037 0.0018812570431914893 0.22762805398258468 -0.6347677865124085 -0.8097307648880198
22722.0 11289096.0 0.7383004128237001 0.0016139564183529492 0.22539638674503157 -0.6347677865124085 -0.8097307648880198
22723.0 11289096.0 0.7427609725705202 0.001675252637142438 0.22351377472308437 -0.6347677865124085 -0.8097307648880198
22724.0 11289096.0 0.7498026937040452 0.003112893299644176 0.22192562216810663 -0.6347677865124085 -0.8097307648880198
22725.0 11289096.0 0.7530893978570918 0.00266206982482708 0.22058587265600396 -0.6347677865124085 -0.8097307648880198
22726.0 11289096.0 0.7563761020101384 0.002211246350009984 0.21945567345092543 -0.6347677865124085 -0.8097307648880198
22727.0 11289096.0 0.759662806163185 0.001760422875192888 0.21850224877592372 -0.6347677865124085 -0.8097307648880198
22728.0 11289096.0 0.7628461416342758 0.0033489090439130856 0.2176979493154238 -0.6347677865124085 -0.8097307648880198
22729.0 11289096.0 0.7660294771053664 0.004937395212633283 0.21701945038507117 -0.6347677865124085 -0.8097307648880198
22730.0 11289096.0 0.7679011014808843 0.007947500431758014 0.2164470755158856 -0.6347677865124085 -0.8097307648880198
22731.0 11289096.0 0.7716021447423685 0.009308420772802944 0.21596422583666072 -0.6347677865124085 -0.8097307648880198
22732.0 11289096.0 0.7753031880038529 0.010669341113847874 0.215556898706699 -0.6347677865124085 -0.8097307648880198
22733.0 11289096.0 0.7790042312653371 0.012030261454892804 0.21521328163923156 -0.6347677865124085 -0.8097307648880198
22734.0 11289096.0 0.7798365714959848 0.013218641887778333 0.21492340973930182 -0.6347677865124085 -0.8097307648880198
22735.0 11289096.0 0.7806689117266326 0.014407022320663862 0.21467887672181185 -0.6347677865124085 -0.8097307648880198
22736.0 11289096.0 0.7838603098636102 0.018738314479190513 0.21447259112925443 -0.6347677865124085 -0.8097307648880198
22737.0 11289096.0 0.787051708000588 0.023069606637717163 0.21429857067944538 -0.6347677865124085 -0.8097307648880198
22738.0 11289096.0 0.7902431061375657 0.027400898796243814 0.21415176877934025 -0.6347677865124085 -0.8097307648880198
22739.0 11289096.0 0.7918641221888216 0.03236212095159029 0.21402792817383598 -0.6347677865124085 -0.8097307648880198
22740.0 11289096.0 0.7912939481017042 0.03605322837296043 0.21392345748537295 -0.6347677865124085 -0.8097307648880198
22741.0 11289096.0 0.7907237740145867 0.03974433579433058 0.21383532706398573 -0.6347677865124085 -0.8097307648880198
22742.0 11289096.0 0.7901535999274693 0.043435443215700725 0.2137609811274541 -0.6347677865124085 -0.8097307648880198
22743.0 11289096.0 0.7901444325629229 0.04612545999264402 0.21369826364361863 -0.6347677865124085 -0.8097307648880198
22744.0 11289096.0 0.7892937621743955 0.05031711233396041 0.2136453558054481 -0.6347677865124085 -0.8097307648880198
22745.0 11289096.0 0.7884430917858681 0.05450876467527681 0.21360072328563556 -0.6347677865124085 -0.8097307648880198
22746.0 11289096.0 0.7886753563828713 0.057937686242087574 0.21356307174110645 -0.6347677865124085 -0.8097307648880198
22747.0 11289096.0 0.7886443679784485 0.061919931563130255 0.21353130927706943 -0.6347677865124085 -0.8097307648880198
22748.0 11289096.0 0.7886133795740258 0.06590217688417294 0.21350451478206742 -0.6347677865124085 -0.8097307648880198
22749.0 11289096.0 0.7885823911696029 0.06988442220521562 0.21348191121574536 -0.6347677865124085 -0.8097307648880198
22750.0 11289096.0 0.7885514027651801 0.0738666675262583 0.21346284307467994 -0.6347677865124085 -0.8097307648880198
22751.0 11289096.0 0.7885549334679774 0.0752595192304204 0.2134467573827802 -0.6347677865124085 -0.8097307648880198
22752.0 11289096.0 0.7885584641707748 0.0766523709345825 0.21343318765498112 -0.6347677865124085 -0.8097307648880198
22753.0 11289096.0 0.7885619948735721 0.07804522263874461 0.2134217403691765 -0.6347677865124085 -0.8097307648880198
22754.0 11289096.0 0.7885655255763695 0.07943807434290673 0.21341208355407798 -0.6347677865124085 -0.8097307648880198
22755.0 11289096.0 0.788569056279167 0.08083092604706883 0.21340393716204772 -0.6347677865124085 -0.8097307648880198
22756.0 11289096.0 0.7885725869819643 0.08222377775123094 0.21339706494771685 -0.6347677865124085 -0.8097307648880198
22757.0 11289096.0 0.7885761176847617 0.08361662945539304 0.21339126761686975 -0.6347677865124085 -0.8097307648880198
22758.0 11289096.0 0.788579648387559 0.08500948115955514 0.21338637704691188 -0.6347677865124085 -0.8097307648880198
22759.0 11289096.0 0.7885831790903564 0.08640233286371725 0.21338225141131445 -0.6347677865124085 -0.8097307648880198
22760.0 11289096.0 0.7885867097931537 0.08779518456787935 0.21337877106664513 -0.6347677865124085 -0.8097307648880198
22761.0 11289096.0 0.7885902404959511 0.08918803627204147 0.21337583508290853 -0.6347677865124085 -0.8097307648880198
22762.0 11289096.0 0.7885937711987484 0.09058088797620358 0.21337335831657628 -0.6347677865124085 -0.8097307648880198
22763.0 11289096.0 0.7885973019015458 0.09197373968036568 0.21337126894142475 -0.6347677865124085 -0.8097307648880198
22764.0 11289096.0 0.7886008326043431 0.09336659138452778 0.21336950636557453 -0.6347677865124085 -0.8097307648880198
22765.0 11289096.0 0.7886043633071406 0.09475944308868989 0.21336801947432596 -0.6347677865124085 -0.8097307648880198
22766.0 11289096.0 0.7886078940099379 0.09615229479285199 0.21336676514783284 -0.6347677865124085 -0.8097307648880198
22767.0 11289096.0 0.7886114247127353 0.0975451464970141 0.21336570701062688 -0.6347677865124085 -0.8097307648880198
22768.0 11289096.0 0.7886149554155326 0.09893799820117621 0.21336481437672908 -0.6347677865124085 -0.8097307648880198
22769.0 11289096.0 0.78861848611833 0.10033084990533832 0.21336406135975644 -0.6347677865124085 -0.8097307648880198
22770.0 11289096.0 0.7886220168211273 0.10172370160950042 0.21336342612221673 -0.6347677865124085 -0.8097307648880198
22771.0 11289096.0 0.7886255475239247 0.10311655331366253 0.2133628902422213 -0.6347677865124085 -0.8097307648880198
22772.0 11289096.0 0.788629078226722 0.10450940501782463 0.2133624381792503 -0.6347677865124085 -0.8097307648880198
22773.0 11289096.0 0.7886326089295194 0.10590225672198673 0.21336205682347756 -0.6347677865124085 -0.8097307648880198
22774.0 11289096.0 0.7886361396323167 0.10729510842614884 0.21336173511558565 -0.6347677865124085 -0.8097307648880198
22775.0 11289096.0 0.7886396703351142 0.10868796013031096 0.21336146372604572 -0.6347677865124085 -0.8097307648880198
22776.0 11289096.0 0.7886432010379115 0.11008081183447305 0.21336123478456115 -0.6347677865124085 -0.8097307648880198
22777.0 11289096.0 0.7886467317407089 0.11147366353863516 0.21336104165182884 -0.6347677865124085 -0.8097307648880198
22778.0 11289096.0 0.7886502624435062 0.11286651524279727 0.21336087872699955 -0.6347677865124085 -0.8097307648880198
22779.0 11289096.0 0.7886537931463036 0.11425936694695937 0.21336074128525326 -0.6347677865124085 -0.8097307648880198
22780.0 11289096.0 0.7886573238491009 0.11565221865112148 0.21336062534077932 -0.6347677865124085 -0.8097307648880198
22781.0 11289096.0 0.7886608545518983 0.11704507035528358 0.21336052753118798 -0.6347677865124085 -0.8097307648880198
22782.0 11289096.0 0.7886643852546956 0.1184379220594457 0.21336044502000107 -0.6347677865124085 -0.8097307648880198
22783.0 11289096.0 0.788667915957493 0.11983077376360779 0.2133603754143942 -0.6347677865124085 -0.8097307648880198
22784.0 11289096.0 0.7886714466602903 0.12122362546776991 0.21336031669580477 -0.6347677865124085 -0.8097307648880198
22785.0 11289096.0 0.7886749773630878 0.12261647717193201 0.21336026716139367 -0.6347677865124085 -0.8097307648880198
22786.0 11289096.0 0.7886785080658851 0.12400932887609412 0.21336022537466298 -0.6347677865124085 -0.8097307648880198
22787.0 11289096.0 0.7886820387686825 0.1254021805802562 0.2133601901237975 -0.6347677865124085 -0.8097307648880198
22788.0 11289096.0 0.7886855694714798 0.12679503228441832 0.21336016038652217 -0.6347677865124085 -0.8097307648880198
22789.0 11289096.0 0.7886891001742772 0.12818788398858044 0.21336013530045597 -0.6347677865124085 -0.8097307648880198
22790.0 11289096.0 0.7886926308770745 0.12958073569274253 0.213360114138103 -0.6347677865124085 -0.8097307648880198
22791.0 11289096.0 0.7886961615798719 0.13097358739690465 0.213360096285755 -0.6347677865124085 -0.8097307648880198
22792.0 11289096.0 0.7886996922826692 0.13236643910106677 0.2133600812256939 -0.6347677865124085 -0.8097307648880198
22793.0 11289096.0 0.7887032229854666 0.13375929080522886 0.2133600685211779 -0.6347677865124085 -0.8097307648880198
22794.0 11289096.0 0.7887067536882639 0.13515214250939095 0.21336005780377607 -0.6347677865124085 -0.8097307648880198
22795.0 11289096.0 0.7887102843910614 0.13654499421355307 0.21336004876268375 -0.6347677865124085 -0.8097307648880198
22796.0 11289096.0 0.7887138150938587 0.13793784591771518 0.21336004113570925 -0.6347677865124085 -0.8097307648880198
22797.0 11289096.0 0.7887173457966561 0.13933069762187728 0.21336003470167034 -0.6347677865124085 -0.8097307648880198
22798.0 11289096.0 0.7887208764994534 0.1407235493260394 0.21336002927397987 -0.6347677865124085 -0.8097307648880198
22799.0 11289096.0 0.7887244072022508 0.1421164010302015 0.2133600246952348 -0.6347677865124085 -0.8097307648880198
22800.0 11289096.0 0.7887279379050481 0.1435092527343636 0.21336002083265154 -0.6347677865124085 -0.8097307648880198
22801.0 11289096.0 0.7887314686078455 0.1449021044385257 0.2133600175742152 -0.6347677865124085 -0.8097307648880198
22802.0 11289096.0 0.7887349993106428 0.1462949561426878 0.21336001482543107 -0.6347677865124085 -0.8097307648880198
22803.0 11289096.0 0.7887385300134402 0.14768780784684993 0.21336001250658446 -0.6347677865124085 -0.8097307648880198
22804.0 11289096.0 0.7887420607162375 0.14908065955101202 0.21336001055042877 -0.6347677865124085 -0.8097307648880198
22805.0 11289096.0 0.788745591419035 0.15047351125517414 0.21336000890023554 -0.6347677865124085 -0.8097307648880198
22806.0 11289096.0 0.7887491221218323 0.15186636295933625 0.21336000750814912 -0.6347677865124085 -0.8097307648880198
22807.0 11289096.0 0.7887526528246297 0.15325921466349834 0.21336000633379903 -0.6347677865124085 -0.8097307648880198
22808.0 11289096.0 0.788756183527427 0.15465206636766043 0.21336000534312913 -0.6347677865124085 -0.8097307648880198
22809.0 11289096.0 0.7887597142302244 0.15604491807182255 0.21336000450740997 -0.6347677865124085 -0.8097307648880198
22810.0 11289096.0 0.7903807583028691 0.16100613211864184 0.2133600038024057 -0.6347677865124085 -0.8097307648880198
22811.0 11289096.0 0.7889293851287189 0.16662075807435825 0.21336000320767118 -0.6347677865124085 -0.8097307648880198
22812.0 11289096.0 0.7874780119545686 0.17223538403007466 0.21336000270595912 -0.6347677865124085 -0.8097307648880198
22813.0 11289096.0 0.7887738488014981 0.17239611304353208 0.21336000228271987 -0.6347677865124085 -0.8097307648880198
22814.0 11289096.0 0.7841353345897618 0.17858481355015557 0.2133600019256795 -0.6347677865124085 -0.8097307648880198
22815.0 11289096.0 0.7822489837875759 0.1850425348453007 0.21336000162448385 -0.6347677865124085 -0.8097307648880198
22816.0 11289096.0 0.7774344861271232 0.18661565305909694 0.21336000137039823 -0.6347677865124085 -0.8097307648880198
22817.0 11289096.0 0.7668468590289815 0.19498188205169398 0.21336000115605416 -0.6347677865124085 -0.8097307648880198
22818.0 11289096.0 0.7620323681667408 0.1965550107998026 0.21336000097523566 -0.6347677865124085 -0.8097307648880198
22819.0 11289096.0 0.7604457894224389 0.19169936244651703 0.213360000822699 -0.6347677865124085 -0.8097307648880198
22820.0 11289096.0 0.7552300892365038 0.19340359208062693 0.21336000069402059 -0.6347677865124085 -0.8097307648880198
22821.0 11289096.0 0.7500143890505686 0.19510782171473684 0.21336000058546878 -0.6347677865124085 -0.8097307648880198
22822.0 11289096.0 0.7461930111135071 0.19156653355697345 0.21336000049389559 -0.6347677865124085 -0.8097307648880198
22823.0 11289096.0 0.7413785179153187 0.1931396764313168 0.21336000041664535 -0.6347677865124085 -0.8097307648880198
22824.0 11289096.0 0.7296836308260579 0.1940403241298545 0.21336000035147784 -0.6347677865124085 -0.8097307648880198
22825.0 11289096.0 0.7237640289372806 0.193930101515639 0.21336000029650318 -0.6347677865124085 -0.8097307648880198
22826.0 11289096.0 0.7178444270485033 0.1938198789014235 0.2133600002501271 -0.6347677865124085 -0.8097307648880198
22827.0 11289096.0 0.7119248251597259 0.19370965628720796 0.2133600002110047 -0.6347677865124085 -0.8097307648880198
22828.0 11289096.0 0.7060052232709486 0.19359943367299245 0.21336000017800144 -0.6347677865124085 -0.8097307648880198
22829.0 11289096.0 0.6887137792807827 0.19340816725471352 0.21336000015016024 -0.6347677865124085 -0.8097307648880198
22830.0 11289096.0 0.6862664125505754 0.1942078682137357 0.21336000012667367 -0.6347677865124085 -0.8097307648880198
22831.0 11289096.0 0.6838190458203681 0.1950075691727579 0.21336000010686063 -0.6347677865124085 -0.8097307648880198
22832.0 11289096.0 0.6716067606862348 0.19432495439408531 0.21336000009014655 -0.6347677865124085 -0.8097307648880198
22833.0 11289096.0 0.6658954727046035 0.19315366471560502 0.21336000007604672 -0.6347677865124085 -0.8097307648880198
22834.0 11289096.0 0.6601841847229721 0.19198237503712476 0.21336000006415226 -0.6347677865124085 -0.8097307648880198
22835.0 11289096.0 0.6568519952521877 0.19061782850328773 0.2133600000541182 -0.6347677865124085 -0.8097307648880198
22836.0 11289096.0 0.6535198057814033 0.1892532819694507 0.21336000004565359 -0.6347677865124085 -0.8097307648880198
22837.0 11289096.0 0.650187616310619 0.18788873543561369 0.2133600000385129 -0.6347677865124085 -0.8097307648880198
22838.0 11289096.0 0.6468554268398347 0.18652418890177666 0.21336000003248912 -0.6347677865124085 -0.8097307648880198
22839.0 11289096.0 0.640877278510978 0.18181844582276557 0.2133600000274075 -0.6347677865124085 -0.8097307648880198
22840.0 11289096.0 0.6437166224629686 0.17691849556866984 0.2133600000231207 -0.6347677865124085 -0.8097307648880198
22841.0 11289096.0 0.6392561349707164 0.17685726450468447 0.2133600000195044 -0.6347677865124085 -0.8097307648880198
22842.0 11289096.0 0.63731546757835 0.17363608447134232 0.21336000001645372 -0.6347677865124085 -0.8097307648880198
22843.0 11289096.0 0.637703976274802 0.17210719732454002 0.2133600000138802 -0.6347677865124085 -0.8097307648880198
22844.0 11289096.0 0.636927896933005 0.16973216375266714 0.2133600000117092 -0.6347677865124085 -0.8097307648880198
22845.0 11289096.0 0.6361518175912079 0.1673571301807943 0.2133600000098778 -0.6347677865124085 -0.8097307648880198
22846.0 11289096.0 0.6356716694245028 0.16249042322319618 0.2133600000083328 -0.6347677865124085 -0.8097307648880198
22847.0 11289096.0 0.6351915212577977 0.15762371626559807 0.21336000000702948 -0.6347677865124085 -0.8097307648880198
22848.0 11289096.0 0.6347113730910925 0.15275700930799999 0.21336000000593 -0.6347677865124085 -0.8097307648880198
22849.0 11289096.0 0.6342312249243874 0.14789030235040188 0.2133600000050025 -0.6347677865124085 -0.8097307648880198
22850.0 11289096.0 0.633702342167214 0.14627176071262926 0.21336000000422006 -0.6347677865124085 -0.8097307648880198
22851.0 11289096.0 0.6331734594100404 0.14465321907485668 0.21336000000356 -0.6347677865124085 -0.8097307648880198
22852.0 11289096.0 0.632644576652867 0.14303467743708406 0.2133600000030032 -0.6347677865124085 -0.8097307648880198
22853.0 11289096.0 0.6318815126465339 0.14024649322024274 0.21336000000253347 -0.6347677865124085 -0.8097307648880198
22854.0 11289096.0 0.6311184486402007 0.13745830900340142 0.2133600000021372 -0.6347677865124085 -0.8097307648880198
22855.0 11289096.0 0.6303553846338676 0.1346701247865601 0.2133600000018029 -0.6347677865124085 -0.8097307648880198
22856.0 11289096.0 0.6295923206275346 0.13188194056971878 0.21336000000152092 -0.6347677865124085 -0.8097307648880198
22857.0 11289096.0 0.6288292566212014 0.12909375635287745 0.21336000000128302 -0.6347677865124085 -0.8097307648880198
22858.0 11289096.0 0.6280661926148683 0.12630557213603613 0.21336000000108235 -0.6347677865124085 -0.8097307648880198
22859.0 11289096.0 0.6256589236980199 0.12709218396948685 0.21336000000091307 -0.6347677865124085 -0.8097307648880198
22860.0 11289096.0 0.6232516547811716 0.12787879580293754 0.21336000000077027 -0.6347677865124085 -0.8097307648880198
22861.0 11289096.0 0.6227227711203025 0.12626025452409342 0.21336000000064978 -0.6347677865124085 -0.8097307648880198
22862.0 11289096.0 0.6221938874594335 0.12464171324524932 0.21336000000054814 -0.6347677865124085 -0.8097307648880198
22863.0 11289096.0 0.6216650037985644 0.12302317196640522 0.2133600000004624 -0.6347677865124085 -0.8097307648880198
22864.0 11289096.0 0.6199312849201094 0.12043533645648499 0.21336000000039007 -0.6347677865124085 -0.8097307648880198
