23462.0 10836345.0 1.0803816989084778 0.0021195908995931823 0.27432 -1.3435223177691893 3.3410664387372044
23463.0 10836345.0 1.1869287858682058 0.003411021087416144 0.28940915222361896 -1.3435223177691893 3.3410664387372044
23464.0 10836345.0 1.2702327273775573 0.004235757046791966 0.29717737919879256 -1.3435223177691893 3.3410664387372044
23465.0 10836345.0 1.3478033204299982 0.0051818517629256405 0.30778517512925413 -1.3435223177691893 3.3410664387372044
23466.0 10836345.0 1.4240978713827201 0.002223044470983704 0.31948515337169414 -1.3435223177691893 3.3410664387372044
23467.0 10836345.0 1.5033763279296841 0.0029632961864553414 0.3337818935169139 -1.3435223177691893 3.3410664387372044
23468.0 10836345.0 1.577858754798454 -0.00010301501564889681 0.34830467772265533 -1.3435223177691893 3.3410664387372044
23469.0 10836345.0 1.653212419025913 -0.003219506318965476 0.36037708308607247 -1.3435223177691893 3.3410664387372044
23470.0 10836345.0 1.737588920888718 -0.007529786990997128 0.37509389154029704 -1.3435223177691893 3.3410664387372044
23471.0 10836345.0 1.8223064116455028 -0.015688786752514755 0.39062883885761074 -1.3435223177691893 3.3410664387372044
23472.0 10836345.0 1.9005674450062355 -0.02512610121578912 0.4056665410413661 -1.3435223177691893 3.3410664387372044
23473.0 10836345.0 1.9818968150973144 -0.040938348869589664 0.42168239986508693 -1.3435223177691893 3.3410664387372044
23474.0 10836345.0 2.070484433797328 -0.056549777023064296 0.4373364393907996 -1.3435223177691893 3.3410664387372044
23475.0 10836345.0 2.1486499193464708 -0.07144371088889845 0.45398279923106555 -1.3435223177691893 3.3410664387372044
23476.0 10836345.0 2.204794365599372 -0.08714816327338878 0.4702802341481806 -1.3435223177691893 3.3410664387372044
23477.0 10836345.0 2.260938811852273 -0.10285261565787912 0.4863229647754673 -1.3435223177691893 3.3410664387372044
23478.0 10836345.0 2.3411838796461524 -0.1290539115657534 0.5021778624240506 -1.3435223177691893 3.3410664387372044
23479.0 10836345.0 2.4259558706475666 -0.15906859549208277 0.5178929371143984 -1.3435223177691893 3.3410664387372044
23480.0 10836345.0 2.49327677646538 -0.18922554665945227 0.534700547294793 -1.3435223177691893 3.3410664387372044
23481.0 10836345.0 2.5700311113046483 -0.225031492909025 0.5512390251540283 -1.3435223177691893 3.3410664387372044
23482.0 10836345.0 2.6498992426606494 -0.26979655230624877 0.5675577302655527 -1.3435223177691893 3.3410664387372044
23483.0 10836345.0 2.6760990250457026 -0.2890968528333606 0.5825021599249623 -1.3435223177691893 3.3410664387372044
23484.0 10836345.0 2.7878498531464406 -0.3629587816824189 0.5986787709473131 -1.3435223177691893 3.3410664387372044
23485.0 10836345.0 2.8827701786475695 -0.436698108380578 0.6147030502879092 -1.3435223177691893 3.3410664387372044
23486.0 10836345.0 2.9388692402324628 -0.48654987122220406 0.6294079760389817 -1.3435223177691893 3.3410664387372044
23487.0 10836345.0 3.0059538144430533 -0.5571584400708389 0.6441940013336127 -1.3435223177691893 3.3410664387372044
23488.0 10836345.0 3.053510474242829 -0.6100613168085008 0.6578569553357421 -1.3435223177691893 3.3410664387372044
23489.0 10836345.0 3.1188423020362466 -0.681965068293065 0.6705732824385645 -1.3435223177691893 3.3410664387372044
23490.0 10836345.0 3.1734771204081866 -0.7539979450943511 0.6824915466949675 -1.3435223177691893 3.3410664387372044
23491.0 10836345.0 3.232954603692595 -0.8438475380778147 0.6937368966585522 -1.3435223177691893 3.3410664387372044
23492.0 10836345.0 3.2730632903614776 -0.9168621263421496 0.7032228521630265 -1.3435223177691893 3.3410664387372044
23493.0 10836345.0 3.3183187417652196 -0.9958778140490482 0.7112248034737862 -1.3435223177691893 3.3410664387372044
23494.0 10836345.0 3.376307365162833 -1.1164279258112253 0.7191668790939787 -1.3435223177691893 3.3410664387372044
23495.0 10836345.0 3.406316999998656 -1.1904672313787283 0.7246747254345922 -1.3435223177691893 3.3410664387372044
23496.0 10836345.0 3.4272108892179727 -1.2399213635474695 0.7293210252915087 -1.3435223177691893 3.3410664387372044
23497.0 10836345.0 3.4481047784372896 -1.2893754957162107 0.7332405587383739 -1.3435223177691893 3.3410664387372044
23498.0 10836345.0 3.4773041480714477 -1.386044568370419 0.7365470146839879 -1.3435223177691893 3.3410664387372044
23499.0 10836345.0 3.5219702888128 -1.5202331319619853 0.7381444402618325 -1.3435223177691893 3.3410664387372044
23500.0 10836345.0 3.539711477846189 -1.6019487216641453 0.7394920076505825 -1.3435223177691893 3.3410664387372044
23501.0 10836345.0 3.5728212273028657 -1.7100545682759007 0.7418206482658727 -1.3435223177691893 3.3410664387372044
23502.0 10836345.0 3.595019227688841 -1.8080584452794208 0.7437850625450477 -1.3435223177691893 3.3410664387372044
23503.0 10836345.0 3.6251970943465848 -1.914272200978927 0.7466340675183398 -1.3435223177691893 3.3410664387372044
23504.0 10836345.0 3.6529685698388343 -2.019700353411052 0.7502293035748916 -1.3435223177691893 3.3410664387372044
23505.0 10836345.0 3.6832951054218706 -2.1363575414377496 0.7544540524178792 -1.3435223177691893 3.3410664387372044
23506.0 10836345.0 3.7016353866780634 -2.195839121395952 0.7592098518994297 -1.3435223177691893 3.3410664387372044
23507.0 10836345.0 3.7304389748796503 -2.2987989187998203 0.7638177178074946 -1.3435223177691893 3.3410664387372044
23508.0 10836345.0 3.759242563081237 -2.401758716203689 0.7683007887636939 -1.3435223177691893 3.3410664387372044
23509.0 10836345.0 3.791047965616756 -2.5030103348044763 0.7732745066638348 -1.3435223177691893 3.3410664387372044
23510.0 10836345.0 3.8212707996805717 -2.609118345025855 0.7786621294341601 -1.3435223177691893 3.3410664387372044
23511.0 10836345.0 3.868460215453881 -2.747625519093926 0.7855907630775809 -1.3435223177691893 3.3410664387372044
23512.0 10836345.0 3.880776626488011 -2.7942773542291 0.7914356883411745 -1.3594866381677748 2.1835770929012974
23513.0 10836345.0 3.937450589895043 -2.9500100853090667 0.7987500977890538 -1.3594866381677748 2.1835770929012974
23514.0 10836345.0 3.955583628372062 -2.9951711297547807 0.8061123045427923 -1.3594866381677748 2.1835770929012974
23515.0 10836345.0 4.029996629889183 -3.1918456422469963 0.8123229879333177 -1.3594866381677748 2.1835770929012974
23516.0 10836345.0 4.077949900983388 -3.3024470563406263 0.8187541025723943 -1.3594866381677748 2.1835770929012974
23517.0 10836345.0 4.13605627023133 -3.4113359074272886 0.8241793260998249 -1.3594866381677748 2.1835770929012974
23518.0 10836345.0 4.1811499794122025 -3.50184699365255 0.8299478347344136 -1.3594866381677748 2.1835770929012974
