25839.0 11322591.0 0.205640877167572 0.08040442135277093 0.24384 -2.5465782646875845 0.3621491154493825
25840.0 11322591.0 0.19472445305249753 0.08029199960906339 0.24384 -2.5465782646875845 0.3621491154493825
25841.0 11322591.0 0.18339772067422655 0.08041889548352242 0.2407631641863595 -2.5465782646875845 0.3621491154493825
25842.0 11322591.0 0.17207098829595557 0.08054579135798146 0.2375911337303128 -2.5465782646875845 0.3621491154493825
25843.0 11322591.0 0.1607442559176846 0.08067268723244048 0.23429504902355391 -2.5465782646875845 0.3621491154493825
25844.0 11322591.0 0.14941752353941362 0.08079958310689951 0.23084628763471698 -2.5465782646875845 0.3621491154493825
25845.0 11322591.0 0.13809079116114265 0.08092647898135855 0.2272224799346643 -2.5465782646875845 0.3621491154493825
25846.0 11322591.0 0.1261367949528966 0.08103646750666581 0.22457344751059832 -2.5465782646875845 0.3621491154493825
25847.0 11322591.0 0.11418279874465054 0.08114645603197307 0.2225506446326492 -2.5465782646875845 0.3621491154493825
25848.0 11322591.0 0.10507178608897552 0.08044412493600189 0.22227870726635426 -2.5465782646875845 0.3621491154493825
25849.0 11322591.0 0.0959607734333005 0.07974179384003073 0.22334162220931866 -2.5465782646875845 0.3621491154493825
25850.0 11322591.0 0.08684976077762549 0.07903946274405957 0.22546245454559397 -2.5465782646875845 0.3621491154493825
25851.0 11322591.0 0.07773874812195047 0.07833713164808839 0.22844431585357178 -2.5465782646875845 0.3621491154493825
25852.0 11322591.0 0.06851975588392822 0.07866318365129676 0.23091608762513052 -2.5465782646875845 0.3621491154493825
25853.0 11322591.0 0.059300763645905974 0.07898923565450514 0.2329754578388283 -2.5465782646875845 0.3621491154493825
25854.0 11322591.0 0.051757937484726235 0.08145456362902104 0.22986652448385586 -2.5465782646875845 0.3621491154493825
25855.0 11322591.0 0.04609288129916289 0.08096954961192783 0.22726030079242557 -2.5465782646875845 0.3621491154493825
25856.0 11322591.0 0.04042782511359955 0.08048453559483464 0.22507152738058325 -2.5465782646875845 0.3621491154493825
25857.0 11322591.0 0.0347627689280362 0.07999952157774143 0.22323096456830277 -2.5465782646875845 0.3621491154493825
25858.0 11322591.0 0.03235548404134503 0.08078633589119377 0.22646539089561354 -2.5465782646875845 0.3621491154493825
25859.0 11322591.0 0.027951050493700447 0.07953880819260951 0.22680007316155512 -2.5465782646875845 0.3621491154493825
25860.0 11322591.0 0.023546616946055865 0.07829128049402526 0.2246942915677707 -2.5465782646875845 0.3621491154493825
25861.0 11322591.0 0.022293963396941438 0.07536454052145487 0.22318450171032614 -2.5465782646875845 0.3621491154493825
25862.0 11322591.0 0.021041309847827015 0.0724378005488845 0.22217668197190568 -2.5465782646875845 0.3621491154493825
25863.0 11322591.0 0.019788656298712588 0.06951106057631412 0.2215918648708757 -2.5465782646875845 0.3621491154493825
25864.0 11322591.0 0.018536002749598164 0.06658432060374374 0.22136363519282357 -2.5465782646875845 0.3621491154493825
25865.0 11322591.0 0.017283349200483737 0.06365758063117337 0.2214360807167829 -2.5465782646875845 0.3621491154493825
25866.0 11322591.0 0.01603069565136931 0.060730840658602986 0.22176209949930667 -2.5465782646875845 0.3621491154493825
25867.0 11322591.0 0.014778042102254887 0.05780410068603261 0.22230199304192322 -2.5465782646875845 0.3621491154493825
25868.0 11322591.0 0.013525388553140462 0.054877360713462234 0.2230222918381515 -2.5465782646875845 0.3621491154493825
25869.0 11322591.0 0.012272735004026036 0.05195062074089185 0.22389477178269412 -2.5465782646875845 0.3621491154493825
25870.0 11322591.0 0.011020081454911611 0.049023880768321475 0.22489562855739706 -2.5465782646875845 0.3621491154493825
25871.0 11322591.0 0.009767427905797186 0.0460971407957511 0.22600478351380202 -2.5465782646875845 0.3621491154493825
25872.0 11322591.0 0.008514774356682759 0.043170400823180716 0.2272052994564174 -2.5465782646875845 0.3621491154493825
25873.0 11322591.0 0.0072621208075683355 0.04024366085061034 0.22848288854417484 -2.5465782646875845 0.3621491154493825
25874.0 11322591.0 0.0060094672584539086 0.037316920878039964 0.22982549756321727 -2.5465782646875845 0.3621491154493825
25875.0 11322591.0 0.004756813709339485 0.03439018090546958 0.2312229582783606 -2.5465782646875845 0.3621491154493825
25876.0 11322591.0 0.003504160160225058 0.031463440932899205 0.23266669257833997 -2.5465782646875845 0.3621491154493825
25877.0 11322591.0 0.002251506611110631 0.02853670096032883 0.23414946378716014 -2.5465782646875845 0.3621491154493825
25878.0 11322591.0 0.0009988530619962077 0.025609960987758446 0.23566516689067774 -2.5465782646875845 0.3621491154493825
25879.0 11322591.0 0.002746794750809023 0.01872978598868663 0.23694379649113628 -2.5465782646875845 0.3621491154493825
25880.0 11322591.0 0.004494736439621838 0.011849610989614817 0.2380224341829855 -2.5465782646875845 0.3621491154493825
25881.0 11322591.0 0.0062465405471792135 0.009057252967348078 0.23893236126135753 -2.5465782646875845 0.3621491154493825
25882.0 11322591.0 0.01103889346370092 0.008191879231485911 0.2396999660930348 -2.5465782646875845 0.3621491154493825
25883.0 11322591.0 0.015831246380222628 0.007326505495623744 0.24034750950720302 -2.5465782646875845 0.3621491154493825
25884.0 11322591.0 0.020623599296744337 0.006461131759761576 0.24089377043641025 -2.5465782646875845 0.3621491154493825
25885.0 11322591.0 0.025415952213266042 0.005595758023899409 0.241354590551784 -2.5465782646875845 0.3621491154493825
25886.0 11322591.0 0.030208305129787748 0.004730384288037241 0.2417433336992133 -2.5465782646875845 0.3621491154493825
25887.0 11322591.0 0.03500065804630946 0.0038650105521750733 0.24207127346752058 -2.5465782646875845 0.3621491154493825
25888.0 11322591.0 0.039793010962831166 0.002999636816312906 0.2423479201325275 -2.5465782646875845 0.3621491154493825
25889.0 11322591.0 0.05211162361769281 0.0033253654391274257 0.24258129646105128 -2.5465782646875845 0.3621491154493825
25890.0 11322591.0 0.06443023627255445 0.003651094061941945 0.24277817037474286 -2.5465782646875845 0.3621491154493825
25891.0 11322591.0 0.0767488489274161 0.003976822684756465 0.24294425122197627 -2.5465782646875845 0.3621491154493825
25892.0 11322591.0 0.08906746158227774 0.004302551307570984 0.2430843553502491 -2.5465782646875845 0.3621491154493825
25893.0 11322591.0 0.10427981508484048 0.003926027421798183 0.24320254578103898 -2.5465782646875845 0.3621491154493825
25894.0 11322591.0 0.11949216858740323 0.0035495035360253815 0.24330225003789394 -2.5465782646875845 0.3621491154493825
25895.0 11322591.0 0.13470452208996597 0.0031729796502525803 0.2433863595448963 -2.5465782646875845 0.3621491154493825
25896.0 11322591.0 0.14991687559252873 0.0027964557644797787 0.2434573134781294 -2.5465782646875845 0.3621491154493825
25897.0 11322591.0 0.16512922909509148 0.0024199318787069776 0.24351716950188534 -2.5465782646875845 0.3621491154493825
25898.0 11322591.0 0.1803415825976542 0.0020434079929341764 0.24356766344099007 -2.5465782646875845 0.3621491154493825
25899.0 11322591.0 0.2155618341349967 0.0019237048186732525 0.2436102596197599 -2.5465782646875845 0.3621491154493825
25900.0 11322591.0 0.2507820856723392 0.0018040016444123286 0.2436461933274286 -2.5465782646875845 0.3621491154493825
25901.0 11322591.0 0.2774184659630976 0.0006928625264345512 0.24367650664154816 -2.5465782646875845 0.3621491154493825
25902.0 11322591.0 0.304813354135375 0.0014953221242979264 0.2437020786482459 -2.5465782646875845 0.3621491154493825
25903.0 11322591.0 0.33220824230765245 0.0022977817221613017 0.24372365093572668 -2.5465782646875845 0.3621491154493825
25904.0 11322591.0 0.359718187855649 0.0035885134601534863 0.2437418491003339 -2.5465782646875845 0.3621491154493825
25905.0 11322591.0 0.3921229623344187 0.0032797433864001357 0.243757200888845 -2.5465782646875845 0.3621491154493825
25906.0 11322591.0 0.4226152977988973 0.005815817451455166 0.24377015150312917 -2.5465782646875845 0.3621491154493825
25907.0 11322591.0 0.43890914248035007 0.005398018318643588 0.24378107651100198 -2.5465782646875845 0.3621491154493825
25908.0 11322591.0 0.45520298716180285 0.0049802191858320105 0.2437902927376926 -2.5465782646875845 0.3621491154493825
25909.0 11322591.0 0.5002060656634878 0.004089448041632245 0.24379806745377555 -2.5465782646875845 0.3621491154493825
25910.0 11322591.0 0.5452091441651727 0.00319867689743248 0.24380462612601755 -2.5465782646875845 0.3621491154493825
25911.0 11322591.0 0.5902122226668577 0.0023079057532327148 0.2438101589559138 -2.5465782646875845 0.3621491154493825
25912.0 11322591.0 0.6352153011685426 0.0014171346090329495 0.24381482639553137 -2.5465782646875845 0.3621491154493825
25913.0 11322591.0 0.6725828995095069 -0.0010962371601491439 0.24858614255355743 -2.5465782646875845 0.3621491154493825
25914.0 11322591.0 0.7107782428877015 -0.0010760292477252353 0.25261117684556567 -2.5465782646875845 0.3621491154493825
25915.0 11322591.0 0.7486412636532445 -0.0007133043968347505 0.25600665526605265 -2.5465782646875845 0.3621491154493825
25916.0 11322591.0 0.7865042844187875 -0.00035057954594426566 0.25887104668922956 -2.5465782646875845 0.3621491154493825
25917.0 11322591.0 0.8245561886558801 -0.0002244414701661271 0.26128741846637876 -2.5465782646875845 0.3621491154493825
25918.0 11322591.0 0.8626080928929726 -9.830339438798852e-05 0.26332584537904374 -2.5465782646875845 0.3621491154493825
25919.0 11322591.0 0.9002527180582888 -0.00013088646312255092 0.26504544180769546 -2.5465782646875845 0.3621491154493825
25920.0 11322591.0 0.9360404152366236 0.0006770516374423885 0.266496076048767 -2.5465782646875845 0.3621491154493825
25921.0 11322591.0 0.9742698563995087 0.000804235690431504 0.2677198164952508 -2.5465782646875845 0.3621491154493825
25922.0 11322591.0 0.9998543072502292 0.000623457052973897 0.27113584099650695 -2.5465782646875845 0.3621491154493825
25923.0 11322591.0 1.0254387581009496 0.00044267841551628995 0.2764012542630699 -2.5465782646875845 0.3621491154493825
25924.0 11322591.0 1.071183473100546 -0.0004830174149659944 0.2808431039032593 -2.5465782646875845 0.3621491154493825
25925.0 11322591.0 1.1119068795269724 -5.9975848921305086e-05 0.2845902035566416 -2.5465782646875845 0.3621491154493825
25926.0 11322591.0 1.1526302859533988 0.0003630657171233842 0.2877512191131656 -2.5465782646875845 0.3621491154493825
25927.0 11322591.0 1.1907559594684558 0.00017473697722374115 0.2904178200239708 -2.5465782646875845 0.3621491154493825
25928.0 11322591.0 1.2254178586678486 -0.0011015513994409726 0.2974347164682885 -2.5465782646875845 0.3621491154493825
25929.0 11322591.0 1.2625215192850285 -0.003058504606186785 0.3033540996901859 -2.5465782646875845 0.3621491154493825
25930.0 11322591.0 1.2993367107820872 -0.007257531774909232 0.3083476318030983 -2.5465782646875845 0.3621491154493825
25931.0 11322591.0 1.3339640149609835 -0.008638764377391299 0.31256012523830035 -2.5465782646875845 0.3621491154493825
25932.0 11322591.0 1.36859131913988 -0.010019996979873366 0.31611374230541295 -2.5465782646875845 0.3621491154493825
25933.0 11322591.0 1.4067856941777892 -0.00999604274143745 0.31911153789938246 -2.5465782646875845 0.3621491154493825
25934.0 11322591.0 1.4417451610724874 -0.0117190121911767 0.32164044809243403 -2.5465782646875845 0.3621491154493825
25935.0 11322591.0 1.4685559013789056 -0.012152751472791955 0.32377381128016613 -2.5465782646875845 0.3621491154493825
25936.0 11322591.0 1.495366641685324 -0.012586490754407209 0.325573494995023 -2.5465782646875845 0.3621491154493825
25937.0 11322591.0 1.5412800473919597 -0.013126256057067812 0.3270916900647356 -2.5465782646875845 0.3621491154493825
25938.0 11322591.0 1.5871934530985952 -0.013666021359728414 0.32837242414632545 -2.5465782646875845 0.3621491154493825
25939.0 11322591.0 1.6247731577642304 -0.014842008725001847 0.33183652790456725 -2.5465782646875845 0.3621491154493825
25940.0 11322591.0 1.6623528624298656 -0.01601799609027528 0.3371425003484499 -2.5465782646875845 0.3621491154493825
25941.0 11322591.0 1.6975534080459354 -0.01700077031776545 0.3416185653024376 -2.5465782646875845 0.3621491154493825
25942.0 11322591.0 1.7316756613208297 -0.018565789489535328 0.345394528650196 -2.5465782646875845 0.3621491154493825
25943.0 11322591.0 1.7692144998074526 -0.02054556526162238 0.34857989332881006 -2.5465782646875845 0.3621491154493825
25944.0 11322591.0 1.8042080795235744 -0.02216118376282117 0.3512670349139596 -2.5465782646875845 0.3621491154493825
25945.0 11322591.0 1.8394786183998546 -0.021297011048006187 0.353533880511614 -2.5465782646875845 0.3621491154493825
25946.0 11322591.0 1.874777020252418 -0.021434684238328533 0.35782985802051365 -2.5465782646875845 0.3621491154493825
25947.0 11322591.0 1.9100754221049816 -0.02157235742865088 0.36383759078841665 -2.5465782646875845 0.3621491154493825
25948.0 11322591.0 1.9472128415965348 -0.023420161443056475 0.36890565368918377 -2.5465782646875845 0.3621491154493825
25949.0 11322591.0 1.9825978977121557 -0.022475919988702492 0.3731810205469372 -2.5465782646875845 0.3621491154493825
25950.0 11322591.0 2.02075696583994 -0.022554223608235335 0.3767876770005518 -2.5465782646875845 0.3621491154493825
25951.0 11322591.0 2.0537345923272783 -0.02082349283071036 0.3798302160871824 -2.5465782646875845 0.3621491154493825
25952.0 11322591.0 2.089119483725712 -0.019878721044703285 0.38239687144034135 -2.5465782646875845 0.3621491154493825
25953.0 11322591.0 2.1224982211246806 -0.018278690102083245 0.38456207606527015 -2.5465782646875845 0.3621491154493825
25954.0 11322591.0 2.1572280538160467 -0.01933929397495518 0.3863886208960918 -2.5465782646875845 0.3621491154493825
25955.0 11322591.0 2.19162694760406 -0.018013609756560245 0.3903131651093085 -2.5465782646875845 0.3621491154493825
25956.0 11322591.0 2.2260258413920733 -0.01668792553816531 0.39600756048710367 -2.5465782646875845 0.3621491154493825
25957.0 11322591.0 2.259365048496872 -0.013847737432705093 0.4008112951190248 -2.5465782646875845 0.3621491154493825
25958.0 11322591.0 2.2927042556016715 -0.011007549327244875 0.40486367730939765 -2.5465782646875845 0.3621491154493825
25959.0 11322591.0 2.3250033769116047 -0.011624185811172 0.40828222614174303 -2.5465782646875845 0.3621491154493825
25960.0 11322591.0 2.3586930500189025 -0.007437849507392763 0.41116607953219897 -2.5465782646875845 0.3621491154493825
25961.0 11322591.0 2.3930399033880105 -0.006269539422001258 0.4135988692290887 -2.5465782646875845 0.3621491154493825
25962.0 11322591.0 2.4273867567571186 -0.005101229336609753 0.415651146133622 -2.5465782646875845 0.3621491154493825
25963.0 11322591.0 2.462805510654289 -0.00404903272210308 0.4173824262760303 -2.5465782646875845 0.3621491154493825
25964.0 11322591.0 2.4969763767188127 -1.924004504957888e-05 0.4188429167804435 -2.5465782646875845 0.3621491154493825
25965.0 11322591.0 2.532291610437153 0.0007166056189999714 0.42007497187148957 -2.5465782646875845 0.3621491154493825
25966.0 11322591.0 2.5684684292902675 0.0040917745664035 0.42111432114680886 -2.5465782646875845 0.3621491154493825
25967.0 11322591.0 2.6047595804137473 0.007137809491045061 0.42199110573538556 -2.5465782646875845 0.3621491154493825
25968.0 11322591.0 2.641050731537227 0.010183844415686621 0.42273075239028846 -2.5465782646875845 0.3621491154493825
25969.0 11322591.0 2.678631545697768 0.013101216394148796 0.42335471086450976 -2.5465782646875845 0.3621491154493825
25970.0 11322591.0 2.716212359858309 0.01601858837261097 0.4238810759538018 -2.5465782646875845 0.3621491154493825
25971.0 11322591.0 2.753937034965866 0.020057514685787675 0.42432511224575414 -2.5465782646875845 0.3621491154493825
25972.0 11322591.0 2.7916617100734227 0.02409644099896438 0.4246996967928333 -2.5465782646875845 0.3621491154493825
25973.0 11322591.0 2.828239197983283 0.02734194852033975 0.42978307129972154 -2.5465782646875845 0.3621491154493825
25974.0 11322591.0 2.865911923244541 0.031223115582323074 0.4340713548743017 -2.5465782646875845 0.3621491154493825
25975.0 11322591.0 2.903584648505799 0.0351042826443064 0.4376889077402366 -2.5465782646875845 0.3621491154493825
25976.0 11322591.0 2.942879296345504 0.03851476007947671 0.4407406389306384 -2.5465782646875845 0.3621491154493825
25977.0 11322591.0 2.9821739441852095 0.041925237514647024 0.44331504865002874 -2.5465782646875845 0.3621491154493825
25978.0 11322591.0 3.0190045426399816 0.04730847684938108 0.44548679478026987 -2.5465782646875845 0.3621491154493825
25979.0 11322591.0 3.0583457179938103 0.05222282937455777 0.44731885795913884 -2.5465782646875845 0.3621491154493825
25980.0 11322591.0 3.0979846316038655 0.056689732626559936 0.4488643680188228 -2.5465782646875845 0.3621491154493825
25981.0 11322591.0 3.1369687427721997 0.059151056461242274 0.45016814475105266 -2.5465782646875845 0.3621491154493825
25982.0 11322591.0 3.166040831578762 0.061577086173485784 0.45245984236926723 -2.5465782646875845 0.3621491154493825
25983.0 11322591.0 3.195112920385325 0.0640031158857293 0.4555849401043948 -2.5465782646875845 0.3621491154493825
25984.0 11322591.0 3.2458447670557895 0.06940597334594167 0.45941308579075407 -2.5465782646875845 0.3621491154493825
25985.0 11322591.0 3.2965766137262547 0.07480883080615405 0.4638343156532494 -2.5465782646875845 0.3621491154493825
25986.0 11322591.0 3.334508965707203 0.08357200476936147 0.46756402066968894 -2.5465782646875845 0.3621491154493825
25987.0 11322591.0 3.3724413176881516 0.09233517873256888 0.47071036228554947 -2.5465782646875845 0.3621491154493825
25988.0 11322591.0 3.409533809064885 0.10668782002183855 0.4733645844076909 -2.5465782646875845 0.3621491154493825
25989.0 11322591.0 3.4466263004416184 0.12104046131110821 0.4756036594776554 -2.5465782646875845 0.3621491154493825
25990.0 11322591.0 3.478741247250481 0.14326733638260888 0.47749252067247194 -2.5465782646875845 0.3621491154493825
25991.0 11322591.0 3.5106393202494086 0.16755090994332153 0.48385332371960704 -2.5465782646875845 0.3621491154493825
25992.0 11322591.0 3.5352343450138743 0.19258254530911553 0.48921923315461074 -2.5465782646875845 0.3621491154493825
25993.0 11322591.0 3.5611040178616093 0.2215203473943099 0.4937458603510982 -2.5465782646875845 0.3621491154493825
25994.0 11322591.0 3.583342736205184 0.2570165884052499 0.49756447749776744 -2.5465782646875845 0.3621491154493825
25995.0 11322591.0 3.6048233926836843 0.2901903355589216 0.500785824491872 -2.5465782646875845 0.3621491154493825
25996.0 11322591.0 3.626590462356303 0.3231538155393824 0.5035033203962408 -2.5465782646875845 0.3621491154493825
25997.0 11322591.0 3.6463641234027495 0.3589873168979385 0.5057957725921006 -2.5465782646875845 0.3621491154493825
25998.0 11322591.0 3.6634657964267667 0.39370698820462313 0.5077296621931313 -2.5465782646875845 0.3621491154493825
25999.0 11322591.0 3.6783964144678705 0.43129623570254044 0.5117447613741714 -2.5465782646875845 0.3621491154493825
26000.0 11322591.0 3.693327032508974 0.46888548320045775 0.5175155480114707 -2.5465782646875845 0.3621491154493825
26001.0 11322591.0 3.7043218715810298 0.5107379090550742 0.5223837255411028 -2.5465782646875845 0.3621491154493825
26002.0 11322591.0 3.7163997254352577 0.5518280548785119 0.5264904711114268 -2.5465782646875845 0.3621491154493825
26003.0 11322591.0 3.7284775792894855 0.5929182007019497 0.5299548803439822 -2.5465782646875845 0.3621491154493825
26004.0 11322591.0 3.739151545317628 0.6348753533056686 0.532877421106513 -2.5465782646875845 0.3621491154493825
26005.0 11322591.0 3.7530703571366253 0.6775257726602685 0.5353428470811328 -2.5465782646875845 0.3621491154493825
26006.0 11322591.0 3.761612466582924 0.7202954716347986 0.5374226556211054 -2.5465782646875845 0.3621491154493825
26007.0 11322591.0 3.7699823719576626 0.7625373065561271 0.53917716117409 -2.5465782646875845 0.3621491154493825
26008.0 11322591.0 3.7757045950985075 0.8056432166124158 0.5406572444011233 -2.5465782646875845 0.3621491154493825
26009.0 11322591.0 3.77452677988755 0.8510009723689052 0.5419058277157891 -2.5465782646875845 0.3621491154493825
26010.0 11322591.0 3.772339143589611 0.89435204095501 0.5429591200342129 -2.5465782646875845 0.3621491154493825
26011.0 11322591.0 3.7604666099561372 0.941214321762705 0.5438476668336287 -2.5465782646875845 0.3621491154493825
26012.0 11322591.0 3.7467108615445794 0.9820329376251538 0.5445972359712199 -2.5465782646875845 0.3621491154493825
26013.0 11322591.0 3.7329551131330216 1.0228515534876024 0.5452295649519764 -2.5465782646875845 0.3621491154493825
26014.0 11322591.0 3.7070711876063682 1.063773802244739 0.5481466806927486 -2.5465782646875845 0.3621491154493825
26015.0 11322591.0 3.681187262079715 1.1046960510018753 0.5529912195500191 -2.5465782646875845 0.3621491154493825
26016.0 11322591.0 3.6503610234921604 1.1424422626499549 0.5570780237742401 -2.5465782646875845 0.3621491154493825
26017.0 11322591.0 3.6152222995499708 1.1762227561549572 0.5605256106879141 -2.5465782646875845 0.3621491154493825
26018.0 11322591.0 3.576333163864504 1.2066718351870953 0.5634339603115376 -2.5465782646875845 0.3621491154493825
26019.0 11322591.0 3.5338832219108864 1.234370319145387 0.5658874147841957 -2.5465782646875845 0.3621491154493825
26020.0 11322591.0 3.4914332799572687 1.2620688031036786 0.5679571242855954 -2.5465782646875845 0.3621491154493825
26021.0 11322591.0 3.4477948889773957 1.286125565087892 0.5697031103912774 -2.5465782646875845 0.3621491154493825
26022.0 11322591.0 3.399940775250928 1.3054261032923318 0.5711760066983065 -2.5465782646875845 0.3621491154493825
26023.0 11322591.0 3.35208666152446 1.3247266414967716 0.5724185271995864 -2.5465782646875845 0.3621491154493825
26024.0 11322591.0 3.2991606166945013 1.344807304751473 0.5734667049896544 -2.5465782646875845 0.3621491154493825
26025.0 11322591.0 3.2484692782732703 1.3635748147802975 0.5743509372244223 -2.5465782646875845 0.3621491154493825
26026.0 11322591.0 3.1983185830095993 1.3763839541148335 0.5750968666386985 -2.5465782646875845 0.3621491154493825
26027.0 11322591.0 3.1481678877459283 1.3891930934493693 0.575726125185497 -2.5465782646875845 0.3621491154493825
26028.0 11322591.0 3.095190950414789 1.4012316292833746 0.5762569613626749 -2.5465782646875845 0.3621491154493825
26029.0 11322591.0 3.039393963840691 1.41319854694816 0.5767047694193703 -2.5465782646875845 0.3621491154493825
26030.0 11322591.0 2.9835969772665925 1.4251654646129455 0.5770825357892275 -2.5465782646875845 0.3621491154493825
26031.0 11322591.0 2.929204064152209 1.4366748577979995 0.5750175263205639 -2.5465782646875845 0.3621491154493825
26032.0 11322591.0 2.874811151037825 1.4481842509830536 0.5708918157387881 -2.5465782646875845 0.3621491154493825
26033.0 11322591.0 2.819576817902819 1.4611956390479595 0.5674114078134372 -2.5465782646875845 0.3621491154493825
26034.0 11322591.0 2.764577784231927 1.4667709913202924 0.5692427494674929 -2.5465782646875845 0.3621491154493825
26035.0 11322591.0 2.7148120713401376 1.4802171755728208 0.566020272103289 -2.5465782646875845 0.3621491154493825
26036.0 11322591.0 2.6538511979444266 1.4849364222763153 0.5633018226300804 -2.5465782646875845 0.3621491154493825
26037.0 11322591.0 2.5974079875712768 1.4909848535572854 0.5610085660131442 -2.5465782646875845 0.3621491154493825
26038.0 11322591.0 2.5409647771981265 1.4970332848382553 0.5590739978105892 -2.5465782646875845 0.3621491154493825
26039.0 11322591.0 2.4841793107835457 1.505296927984751 0.5574420155445413 -2.5465782646875845 0.3621491154493825
26040.0 11322591.0 2.429938528068122 1.5131972863849252 0.5560652917292851 -2.5465782646875845 0.3621491154493825
26041.0 11322591.0 2.373290946316434 1.5218840755304426 0.5549039013741781 -2.5465782646875845 0.3621491154493825
26042.0 11322591.0 2.318929480974813 1.5294160260420355 0.5539241641589223 -2.5465782646875845 0.3621491154493825
26043.0 11322591.0 2.264568015633192 1.5369479765536287 0.5530976677042753 -2.5465782646875845 0.3621491154493825
26044.0 11322591.0 2.2127339863078674 1.544063953943523 0.5524004436130522 -2.5465782646875845 0.3621491154493825
26045.0 11322591.0 2.17193866221879 1.5499115339684368 0.5518122723866076 -2.5465782646875845 0.3621491154493825
26046.0 11322591.0 2.131143338129712 1.5557591139933504 0.5513160970593746 -2.5465782646875845 0.3621491154493825
26047.0 11322591.0 2.050127559666045 1.569486985374099 0.5508975285468635 -2.5465782646875845 0.3621491154493825
26048.0 11322591.0 1.9972343555599632 1.5781189330980108 0.5505444283622114 -2.5465782646875845 0.3621491154493825
26049.0 11322591.0 1.9443411514538815 1.5867508808219226 0.5502465566000635 -2.5465782646875845 0.3621491154493825
26050.0 11322591.0 1.8920415652633193 1.5924443334429565 0.5499952749793174 -2.5465782646875845 0.3621491154493825
26051.0 11322591.0 1.8397419790727572 1.5981377860639905 0.5497832963329715 -2.5465782646875845 0.3621491154493825
26052.0 11322591.0 1.7871147539547394 1.602828996247916 0.5496044732802818 -2.5465782646875845 0.3621491154493825
26053.0 11322591.0 1.7328738533212005 1.610734713572582 0.5494536199527204 -2.5465782646875845 0.3621491154493825
26054.0 11322591.0 1.681894650842788 1.6123181520718024 0.5493263616037877 -2.5465782646875845 0.3621491154493825
26055.0 11322591.0 1.6284259925993285 1.6185122504493705 0.5492190077413649 -2.5465782646875845 0.3621491154493825
26056.0 11322591.0 1.5749573343558692 1.6247063488269389 0.5491284451034417 -2.5465782646875845 0.3621491154493825
26057.0 11322591.0 1.5246331921036824 1.6282965488166112 0.5490520473735183 -2.5465782646875845 0.3621491154493825
26058.0 11322591.0 1.4720746810799332 1.6332012233838415 0.5489875990174269 -2.5465782646875845 0.3621491154493825
26059.0 11322591.0 1.4194471503375647 1.6378951715244403 0.5489332310328409 -2.5465782646875845 0.3621491154493825
26060.0 11322591.0 1.3667850846134844 1.6424839531141384 0.5488873667482073 -2.5465782646875845 0.3621491154493825
26061.0 11322591.0 1.3140539918398753 1.6468620106972236 0.5488486760992717 -2.5465782646875845 0.3621491154493825
26062.0 11322591.0 1.2622196044474632 1.6539849678733072 0.5488160370572149 -2.5465782646875845 0.3621491154493825
26063.0 11322591.0 1.2096263955980322 1.658786036561892 0.5487885030898174 -2.5465782646875845 0.3621491154493825
26064.0 11322591.0 1.1594053695123956 1.6626956878177825 0.5487652757120247 -2.5465782646875845 0.3621491154493825
26065.0 11322591.0 1.109184343426759 1.6666053390736733 0.5487456813298807 -2.5465782646875845 0.3621491154493825
26066.0 11322591.0 1.0557631536194672 1.668874178647629 0.5487291517063032 -2.5465782646875845 0.3621491154493825
26067.0 11322591.0 1.0007630051164373 1.674463266305886 0.5487152074822085 -2.5465782646875845 0.3621491154493825
26068.0 11322591.0 0.9505417969971364 1.678374222556545 0.5439360655222809 -2.5465782646875845 0.3621491154493825
26069.0 11322591.0 0.8979138032199006 1.6830720538080277 0.5399044294624995 -2.5465782646875845 0.3621491154493825
26070.0 11322591.0 0.8451477780379515 1.6873480528362403 0.5365033818571305 -2.5465782646875845 0.3621491154493825
26071.0 11322591.0 0.791898741351297 1.6901466647337897 0.5336342923256183 -2.5465782646875845 0.3621491154493825
26072.0 11322591.0 0.740883876829742 1.6916313266751184 0.5312139572715491 -2.5465782646875845 0.3621491154493825
26073.0 11322591.0 0.6882556651808756 1.6963307182637288 0.5291721869783548 -2.5465782646875845 0.3621491154493825
26074.0 11322591.0 0.6372406555456065 1.6978161269087666 0.5274497701075328 -2.5465782646875845 0.3621491154493825
26075.0 11322591.0 0.5846123338069928 1.7025162897858195 0.5259967565698292 -2.5465782646875845 0.3621491154493825
26076.0 11322591.0 0.5344251955936419 1.706535755665171 0.5247710089726507 -2.5465782646875845 0.3621491154493825
26077.0 11322591.0 0.48260334694035467 1.7096296681097065 0.5237369806356791 -2.5465782646875845 0.3621491154493825
26078.0 11322591.0 0.4307814982870674 1.712723580554242 0.5228646847371421 -2.5465782646875845 0.3621491154493825
