26710.0 10628960.0 -0.8188476332914618 0.006448600185647552 0.3048 -3.4360143287233824 3.82866254621736
26711.0 10628960.0 -0.7811678270994815 0.004877518539132014 0.3048 -3.4360143287233824 3.82866254621736
26712.0 10628960.0 -0.7529360686279509 0.004292740462592898 0.2971079104658988 -3.4360143287233824 3.82866254621736
26713.0 10628960.0 -0.7247043101564203 0.0037079623860537814 0.289177834325782 -3.4360143287233824 3.82866254621736
26714.0 10628960.0 -0.688103122747014 0.0015553242590793104 0.28511004327089395 -3.4360143287233824 3.82866254621736
26715.0 10628960.0 -0.6527101875940486 0.006574260150826711 0.2826023162219792 -3.4360143287233824 3.82866254621736
26716.0 10628960.0 -0.6157294997283753 0.005583061600185429 0.2808859129506587 -3.4360143287233824 3.82866254621736
26717.0 10628960.0 -0.581294198379261 0.0049568728389554895 0.27963120842579253 -3.4360143287233824 3.82866254621736
26718.0 10628960.0 -0.5437012178804197 0.0085560148029937 0.27867311523643873 -3.4360143287233824 3.82866254621736
26719.0 10628960.0 -0.5243222378557981 0.008062220472616927 0.27791942807642284 -3.4360143287233824 3.82866254621736
26720.0 10628960.0 -0.47392489960834316 0.0073588303723981785 0.27731419018446574 -3.4360143287233824 3.82866254621736
26721.0 10628960.0 -0.4478175392717114 0.004081455240361437 0.27682110204344473 -3.4360143287233824 3.82866254621736
26722.0 10628960.0 -0.40903237787229485 0.007525156851078324 0.2714697305927901 -3.4360143287233824 3.82866254621736
26723.0 10628960.0 -0.3665384653569259 0.0043823486790198485 0.26703378689028984 -3.4360143287233824 3.82866254621736
26724.0 10628960.0 -0.33168940854592455 0.005024004444347169 0.2633379560552251 -3.4360143287233824 3.82866254621736
26725.0 10628960.0 -0.2948086444792546 0.007805641583359252 0.2602476460338151 -3.4360143287233824 3.82866254621736
26726.0 10628960.0 -0.26505433212260376 0.005089233302834312 0.25765703431202264 -3.4360143287233824 3.82866254621736
26727.0 10628960.0 -0.22582255766138037 0.008270996976373318 0.25548137223216694 -3.4360143287233824 3.82866254621736
26728.0 10628960.0 -0.18749188796591265 0.004620764036841668 0.25365183487822923 -3.4360143287233824 3.82866254621736
26729.0 10628960.0 -0.17040413006655242 0.006629278675238187 0.2521119444183118 -3.4360143287233824 3.82866254621736
26730.0 10628960.0 -0.11579712803039244 0.007940309920704797 0.25081499824864806 -3.4360143287233824 3.82866254621736
26731.0 10628960.0 -0.0821559840407422 0.004888804132396923 0.24972216022967836 -3.4360143287233824 3.82866254621736
26732.0 10628960.0 -0.050905497336519945 0.008109909757981232 0.24880100429904586 -3.4360143287233824 3.82866254621736
26733.0 10628960.0 -0.015888255837428256 0.005193068131288697 0.24325284355249155 -3.4360143287233824 3.82866254621736
26734.0 10628960.0 0.0027697231791985466 0.0065718900600242325 0.2385744025614336 -3.4360143287233824 3.82866254621736
26735.0 10628960.0 0.05592736097548312 0.0034509568805924096 0.23462887596104912 -3.4360143287233824 3.82866254621736
26736.0 10628960.0 0.08063356650010534 0.004313579800267392 0.23130116510322116 -3.4360143287233824 3.82866254621736
26737.0 10628960.0 0.10533977202472755 0.005176202719942374 0.22849435926812153 -3.4360143287233824 3.82866254621736
26738.0 10628960.0 0.13363965210869988 0.004806005824651682 0.22612681675044627 -3.4360143287233824 3.82866254621736
26739.0 10628960.0 0.1638293443247959 0.0020658246454707263 0.22412973216065063 -3.4360143287233824 3.82866254621736
26740.0 10628960.0 0.1775090485453683 0.0018008459524700982 0.2224451020140728 -3.4360143287233824 3.82866254621736
26741.0 10628960.0 0.22687397188769176 0.002023592415419495 0.22102401919292786 -3.4360143287233824 3.82866254621736
26742.0 10628960.0 0.2552554744665758 0.0032627813472039524 0.2198252405736582 -3.4360143287233824 3.82866254621736
26743.0 10628960.0 0.28855504989983916 0.0032452946470444 0.2188139825335133 -3.4360143287233824 3.82866254621736
26744.0 10628960.0 0.31635957476217125 0.003738678426980613 0.21796090715764732 -3.4360143287233824 3.82866254621736
26745.0 10628960.0 0.34416409962450334 0.004232062206916826 0.2172412683974785 -3.4360143287233824 3.82866254621736
26746.0 10628960.0 0.37120126427036043 0.004246321564794764 0.2166341926091197 -3.4360143287233824 3.82866254621736
26747.0 10628960.0 0.3982384289162175 0.004260580922672702 0.2161220721214502 -3.4360143287233824 3.82866254621736
26748.0 10628960.0 0.4252755935620746 0.00427484028055064 0.21569005395555518 -3.4360143287233824 3.82866254621736
26749.0 10628960.0 0.4523127582079317 0.0042890996384285784 0.21532560869326733 -3.4360143287233824 3.82866254621736
26750.0 10628960.0 0.46711427687791107 0.002022457420777203 0.21501816688686956 -3.4360143287233824 3.82866254621736
26751.0 10628960.0 0.4819157955478905 -0.00024418479687417227 0.21475881240273131 -3.4360143287233824 3.82866254621736
26752.0 10628960.0 0.5164695592786598 0.004937223058767981 0.2145400237679581 -3.4360143287233824 3.82866254621736
26753.0 10628960.0 0.5331645750138787 0.004388513567097241 0.21435545599636432 -3.4360143287233824 3.82866254621736
26754.0 10628960.0 0.5497170543657453 0.004762645506329315 0.21419975655306858 -3.4360143287233824 3.82866254621736
26755.0 10628960.0 0.5662695337176118 0.0051367774455613885 0.21406841011248895 -3.4360143287233824 3.82866254621736
26756.0 10628960.0 0.5827012668201342 0.005141536670884753 0.2139576076027988 -3.4360143287233824 3.82866254621736
26757.0 10628960.0 0.5991329999226567 0.005146295896208117 0.21386413573617882 -3.4360143287233824 3.82866254621736
26758.0 10628960.0 0.6313174932868655 0.002398709329641334 0.213785283819469 -3.4360143287233824 3.82866254621736
26759.0 10628960.0 0.6443488553321463 0.0018498999295773859 0.21371876514166493 -3.4360143287233824 3.82866254621736
26760.0 10628960.0 0.657380217377427 0.0013010905295134378 0.21366265065785658 -3.4360143287233824 3.82866254621736
26761.0 10628960.0 0.6825641237457576 0.0049885762839015635 0.21361531304606016 -3.4360143287233824 3.82866254621736
26762.0 10628960.0 0.699397008311198 0.004862487920299058 0.2135753795143609 -3.4360143287233824 3.82866254621736
26763.0 10628960.0 0.7174208695960818 0.00294536095228351 0.21354169198963557 -3.4360143287233824 3.82866254621736
26764.0 10628960.0 0.726398308288037 0.0018812570431914893 0.2135132735332445 -3.4360143287233824 3.82866254621736
26765.0 10628960.0 0.7379463494958043 0.003248397857861407 0.21348930000969862 -3.4360143287233824 3.82866254621736
26766.0 10628960.0 0.7498026937040452 0.003112893299644176 0.2134690761866628 -3.4360143287233824 3.82866254621736
26767.0 10628960.0 0.7546975605993499 0.0015135372637530425 0.21345201557317756 -3.4360143287233824 3.82866254621736
26768.0 10628960.0 0.7612148562626547 0.006510524518295133 0.2134376234113969 -3.4360143287233824 3.82866254621736
26769.0 10628960.0 0.7679011014808843 0.007947500431758014 0.2134254823285963 -3.4360143287233824 3.82866254621736
26770.0 10628960.0 0.7724651223540115 0.008325488726952768 0.21341524023335467 -3.4360143287233824 3.82866254621736
26771.0 10628960.0 0.7791168718828494 0.00965691721606668 0.2134066001048982 -3.4360143287233824 3.82866254621736
26772.0 10628960.0 0.7790042312653371 0.012030261454892804 0.21339931137949447 -3.4360143287233824 3.82866254621736
26773.0 10628960.0 0.7830198975213096 0.014807136989393871 0.21339316268410252 -3.4360143287233824 3.82866254621736
26774.0 10628960.0 0.787035563777282 0.017584012523894937 0.2133879757065534 -3.4360143287233824 3.82866254621736
26775.0 10628960.0 0.7821083120595697 0.021530471381279254 0.21338360002449663 -3.4360143287233824 3.82866254621736
26776.0 10628960.0 0.7836948422623348 0.02638613429083464 0.21337990874315166 -3.4360143287233824 3.82866254621736
26777.0 10628960.0 0.7902431061375657 0.027400898796243814 0.21337679481535893 -3.4360143287233824 3.82866254621736
26778.0 10628960.0 0.785419331626436 0.03166402879974291 0.21337416793721212 -3.4360143287233824 3.82866254621736
26779.0 10628960.0 0.7885670702327638 0.03857977998761697 0.21337195192924474 -3.4360143287233824 3.82866254621736
26780.0 10628960.0 0.7901535999274693 0.043435443215700725 0.21337008252722564 -3.4360143287233824 3.82866254621736
26781.0 10628960.0 0.7917401296329696 0.04829110648150815 0.2133685055184962 -3.4360143287233824 3.82866254621736
26782.0 10628960.0 0.7869508633386235 0.05265979269591227 0.21336717516980322 -3.4360143287233824 3.82866254621736
26783.0 10628960.0 0.7884430917858681 0.05450876467527681 0.21336605290103455 -3.4360143287233824 3.82866254621736
26784.0 10628960.0 0.7885592240843697 0.05622322545868219 0.21336510616639592 -3.4360143287233824 3.82866254621736
26785.0 10628960.0 0.7886753563828713 0.057937686242087574 0.21336430751058277 -3.4360143287233824 3.82866254621736
26786.0 10628960.0 0.7869648658048989 0.06901100643388974 0.21336363377257653 -3.4360143287233824 3.82866254621736
26787.0 10628960.0 0.7884570938496804 0.07085997799319006 0.213363065413975 -3.4360143287233824 3.82866254621736
26788.0 10628960.0 0.7887008610602797 0.0743240845522585 0.21336258595237878 -3.4360143287233824 3.82866254621736
26789.0 10628960.0 0.7889446282708791 0.07778819111132694 0.21336218148340153 -3.4360143287233824 3.82866254621736
26790.0 10628960.0 0.7891883954814783 0.08125229767039538 0.21336184027744293 -3.4360143287233824 3.82866254621736
26791.0 10628960.0 0.7894321626920776 0.0847164042294638 0.21336155243953017 -3.4360143287233824 3.82866254621736
26792.0 10628960.0 0.789675929902677 0.08818051078853224 0.2133613096223638 -3.4360143287233824 3.82866254621736
26793.0 10628960.0 0.7899196971132763 0.09164461734760068 0.21336110478424597 -3.4360143287233824 3.82866254621736
26794.0 10628960.0 0.7901864603421349 0.09517909533918703 0.21336093198487127 -3.4360143287233824 3.82866254621736
26795.0 10628960.0 0.7878770089378015 0.10306014161708067 0.21336078621305785 -3.4360143287233824 3.82866254621736
26796.0 10628960.0 0.7885104984865644 0.10635796859269246 0.2133606632414231 -3.4360143287233824 3.82866254621736
26797.0 10628960.0 0.7893727504932002 0.10899691380952613 0.21336055950378963 -3.4360143287233824 3.82866254621736
26798.0 10628960.0 0.7902350024998359 0.1116358590263598 0.21336047199176605 -3.4360143287233824 3.82866254621736
26799.0 10628960.0 0.7910156056900146 0.11266590236676564 0.21336039816750368 -3.4360143287233824 3.82866254621736
26800.0 10628960.0 0.7862045776742771 0.11832681552794445 0.21336033589009892 -3.4360143287233824 3.82866254621736
26801.0 10628960.0 0.7877566351083145 0.12307691577448643 0.21336028335350704 -3.4360143287233824 3.82866254621736
26802.0 10628960.0 0.7893086925423518 0.12782701602102842 0.21336023903416684 -3.4360143287233824 3.82866254621736
26803.0 10628960.0 0.7888075345593206 0.13172923551353577 0.2133602016468175 -3.4360143287233824 3.82866254621736
26804.0 10628960.0 0.7883063765762893 0.1356314550060431 0.21336017010722585 -3.4360143287233824 3.82866254621736
26805.0 10628960.0 0.7878052185932581 0.13953367449855045 0.21336014350074375 -3.4360143287233824 3.82866254621736
26806.0 10628960.0 0.7893917695588777 0.14438933158128972 0.21336012105578323 -3.4360143287233824 3.82866254621736
26807.0 10628960.0 0.7877777839756217 0.14760371626399071 0.2133601021214404 -3.4360143287233824 3.82866254621736
26808.0 10628960.0 0.7861637983923658 0.15081810094669174 0.21336008614861937 -3.4360143287233824 3.82866254621736
26809.0 10628960.0 0.7887597142302244 0.15604491807182255 0.2133600726741083 -3.4360143287233824 3.82866254621736
26810.0 10628960.0 0.7893369070308022 0.16052941313649507 0.21336006130714638 -3.4360143287233824 3.82866254621736
26811.0 10628960.0 0.7859259444501584 0.1674852867110812 0.2133600517180917 -3.4360143287233824 3.82866254621736
26812.0 10628960.0 0.7865393728795111 0.1674600933678235 0.21336004362886166 -2.445003484775232 0.7988559315902781
26813.0 10628960.0 0.787152801308864 0.1674349000245658 0.21336003680486862 -2.445003484775232 0.7988559315902781
26814.0 10628960.0 0.7825832637707495 0.17383471727256297 0.21336003104821677 -2.445003484775232 0.7988559315902781
26815.0 10628960.0 0.7855114125022015 0.17871932333956714 0.2133600261919632 -2.445003484775232 0.7988559315902781
26816.0 10628960.0 0.7806969105172308 0.18029243932172878 0.21336002209527657 -2.445003484775232 0.7988559315902781
26817.0 10628960.0 0.7805061889488589 0.1851446765329831 0.21336001863935294 -2.445003484775232 0.7988559315902781
26818.0 10628960.0 0.7752904832753099 0.18684888937090485 0.21336001572397056 -2.445003484775232 0.7988559315902781
26819.0 10628960.0 0.7739552364096868 0.18751883196802813 0.21336001326458331 -2.445003484775232 0.7988559315902781
26820.0 10628960.0 0.7726199895440636 0.1881887745651514 0.213360011189869 -2.445003484775232 0.7988559315902781
26821.0 10628960.0 0.7674845277062461 0.1898667744685436 0.21336000943966088 -2.445003484775232 0.7988559315902781
26822.0 10628960.0 0.7650371597440537 0.19066644804112776 0.21336000796320292 -2.445003484775232 0.7988559315902781
26823.0 10628960.0 0.7625897917818614 0.19146612161371193 0.21336000671767785 -2.445003484775232 0.7988559315902781
26824.0 10628960.0 0.7576950569713445 0.1930654721615944 0.21336000566696542 -2.445003484775232 0.7988559315902781
26825.0 10628960.0 0.7500143890505686 0.19510782171473684 0.213360004780595 -2.445003484775232 0.7988559315902781
26826.0 10628960.0 0.7468138490387065 0.1934665694067345 0.21336000403286184 -2.445003484775232 0.7988559315902781
26827.0 10628960.0 0.7436133090268444 0.19182531709873216 0.21336000340208167 -2.445003484775232 0.7988559315902781
26828.0 10628960.0 0.7387988160077082 0.19339846173664868 0.21336000286996185 -2.445003484775232 0.7988559315902781
26829.0 10628960.0 0.7365640257929718 0.19471282259864242 0.21336000242107092 -2.445003484775232 0.7988559315902781
26830.0 10628960.0 0.7291698331929448 0.19654476089303602 0.21336000204239106 -2.445003484775232 0.7988559315902781
26831.0 10628960.0 0.7248691381455201 0.1956134795906535 0.21336000172294053 -2.445003484775232 0.7988559315902781
26832.0 10628960.0 0.7205684430980954 0.19468219828827102 0.2133600014534553 -2.445003484775232 0.7988559315902781
26833.0 10628960.0 0.7171863250518259 0.19520318465065106 0.21336000122612025 -2.445003484775232 0.7988559315902781
26834.0 10628960.0 0.7138118868158884 0.19139904003596694 0.21336000103434272 -2.445003484775232 0.7988559315902781
26835.0 10628960.0 0.710819716154629 0.19202626660497493 0.2133600008725611 -2.445003484775232 0.7988559315902781
26836.0 10628960.0 0.7037014521032264 0.19470269038402196 0.21336000073608377 -2.445003484775232 0.7988559315902781
26837.0 10628960.0 0.7007895238611435 0.1953037017125938 0.21336000062095287 -2.445003484775232 0.7988559315902781
26838.0 10628960.0 0.6951326978475517 0.19520499086598184 0.21336000052382958 -2.445003484775232 0.7988559315902781
26839.0 10628960.0 0.6894758718339599 0.1951062800193699 0.21336000044189737 -2.445003484775232 0.7988559315902781
26840.0 10628960.0 0.6838190458203681 0.1950075691727579 0.2133600003727802 -2.445003484775232 0.7988559315902781
26841.0 10628960.0 0.6770167167438498 0.19185622249456163 0.2133600003144736 -2.445003484775232 0.7988559315902781
26842.0 10628960.0 0.6764212530723479 0.19275176379959935 0.2133600002652868 -2.445003484775232 0.7988559315902781
26843.0 10628960.0 0.6716067606862348 0.19432495439408531 0.21336000022379326 -2.445003484775232 0.7988559315902781
26844.0 10628960.0 0.6652746157360712 0.19125363380370344 0.21336000018878973 -2.445003484775232 0.7988559315902781
26845.0 10628960.0 0.6553696918102487 0.19355557673713691 0.21336000015926113 -2.445003484775232 0.7988559315902781
26846.0 10628960.0 0.6484420752251859 0.1913798141612107 0.21336000013435108 -2.445003484775232 0.7988559315902781
26847.0 10628960.0 0.6441540580470722 0.19184636562923083 0.21336000011333722 -2.445003484775232 0.7988559315902781
26848.0 10628960.0 0.6388130896505685 0.19452623691648344 0.21336000009561015 -2.445003484775232 0.7988559315902781
26849.0 10628960.0 0.6345250731106752 0.19499279425010285 0.21336000008065575 -2.445003484775232 0.7988559315902781
26850.0 10628960.0 0.6334685066193669 0.1931183127399159 0.21336000006804037 -2.445003484775232 0.7988559315902781
26851.0 10628960.0 0.6324119401280587 0.19124383122972893 0.21336000005739816 -2.445003484775232 0.7988559315902781
26852.0 10628960.0 0.6275974467102771 0.19281705192457982 0.2133600000484205 -2.445003484775232 0.7988559315902781
26853.0 10628960.0 0.627321505551679 0.19197259611661616 0.21336000004084707 -2.445003484775232 0.7988559315902781
26854.0 10628960.0 0.6274657475214291 0.19241401619949294 0.21336000003445818 -2.445003484775232 0.7988559315902781
26855.0 10628960.0 0.6276099894911792 0.1928554362823697 0.21336000002906857 -2.445003484775232 0.7988559315902781
26856.0 10628960.0 0.6277542314609293 0.1932968563652465 0.21336000002452196 -2.445003484775232 0.7988559315902781
26857.0 10628960.0 0.6278984734306795 0.19373827644812325 0.21336000002068647 -2.445003484775232 0.7988559315902781
26858.0 10628960.0 0.6280427154004296 0.19417969653100003 0.2133600000174509 -2.445003484775232 0.7988559315902781
26859.0 10628960.0 0.6281869573701797 0.1946211166138768 0.2133600000147214 -2.445003484775232 0.7988559315902781
26860.0 10628960.0 0.6283311993399298 0.19506253669675358 0.21336000001241884 -2.445003484775232 0.7988559315902781
26861.0 10628960.0 0.6284754413096799 0.19550395677963034 0.21336000001047642 -2.445003484775232 0.7988559315902781
26862.0 10628960.0 0.6286196832794301 0.19594537686250713 0.2133600000088378 -2.445003484775232 0.7988559315902781
26863.0 10628960.0 0.6287639252491801 0.19638679694538388 0.2133600000074555 -2.445003484775232 0.7988559315902781
26864.0 10628960.0 0.6289081672189303 0.19682821702826067 0.21336000000628938 -2.445003484775232 0.7988559315902781
26865.0 10628960.0 0.6290001476059309 0.19710970229995986 0.21336000000530567 -2.445003484775232 0.7988559315902781
26866.0 10628960.0 0.6290921279929316 0.19739118757165908 0.2133600000044758 -2.445003484775232 0.7988559315902781
26867.0 10628960.0 0.6291841083799322 0.19767267284335827 0.21336000000377575 -2.445003484775232 0.7988559315902781
26868.0 10628960.0 0.629871892679469 0.1974479271848296 0.2133600000031852 -2.445003484775232 0.7988559315902781
26869.0 10628960.0 0.6305596769790057 0.19722318152630094 0.213360000002687 -2.445003484775232 0.7988559315902781
26870.0 10628960.0 0.6312474612785425 0.19699843586777227 0.21336000000226674 -2.445003484775232 0.7988559315902781
26871.0 10628960.0 0.6319352455780793 0.19677369020924362 0.2133600000019122 -2.445003484775232 0.7988559315902781
26872.0 10628960.0 0.6326230298776161 0.19654894455071495 0.2133600000016131 -2.445003484775232 0.7988559315902781
26873.0 10628960.0 0.6333108141771528 0.1963241988921863 0.2133600000013608 -2.445003484775232 0.7988559315902781
26874.0 10628960.0 0.6339985984766896 0.19609945323365763 0.21336000000114796 -2.445003484775232 0.7988559315902781
26875.0 10628960.0 0.6335551225424553 0.19474229180916816 0.21336000000096841 -2.445003484775232 0.7988559315902781
26876.0 10628960.0 0.633111646608221 0.1933851303846787 0.21336000000081695 -2.445003484775232 0.7988559315902781
26877.0 10628960.0 0.6326681706739866 0.19202796896018923 0.21336000000068917 -2.445003484775232 0.7988559315902781
26878.0 10628960.0 0.6322246947397522 0.19067080753569973 0.21336000000058136 -2.445003484775232 0.7988559315902781
26879.0 10628960.0 0.6317812188055179 0.18931364611121027 0.21336000000049044 -2.445003484775232 0.7988559315902781
26880.0 10628960.0 0.6313377428712835 0.1879564846867208 0.21336000000041372 -2.445003484775232 0.7988559315902781
26881.0 10628960.0 0.6308942669370492 0.18659932326223133 0.21336000000034902 -2.445003484775232 0.7988559315902781
26882.0 10628960.0 0.6308976384886689 0.1865837571256941 0.21336000000029443 -2.445003484775232 0.7988559315902781
26883.0 10628960.0 0.6309010100402884 0.18656819098915692 0.21336000000024838 -2.445003484775232 0.7988559315902781
26884.0 10628960.0 0.6309043815919081 0.1865526248526197 0.21336000000020952 -2.445003484775232 0.7988559315902781
26885.0 10628960.0 0.6309077531435276 0.18653705871608248 0.21336000000017674 -2.445003484775232 0.7988559315902781
26886.0 10628960.0 0.6309111246951473 0.18652149257954528 0.2133600000001491 -2.445003484775232 0.7988559315902781
26887.0 10628960.0 0.6309144962467669 0.18650592644300806 0.21336000000012578 -2.445003484775232 0.7988559315902781
26888.0 10628960.0 0.6309178677983865 0.18649036030647084 0.2133600000001061 -2.445003484775232 0.7988559315902781
26889.0 10628960.0 0.6309212393500061 0.18647479416993365 0.2133600000000895 -2.445003484775232 0.7988559315902781
26890.0 10628960.0 0.6309246109016258 0.18645922803339643 0.21336000000007552 -2.445003484775232 0.7988559315902781
26891.0 10628960.0 0.6309279824532454 0.1864436618968592 0.21336000000006372 -2.445003484775232 0.7988559315902781
26892.0 10628960.0 0.630931354004865 0.186428095760322 0.21336000000005376 -2.445003484775232 0.7988559315902781
26893.0 10628960.0 0.6309347255564847 0.1864125296237848 0.21336000000004535 -2.445003484775232 0.7988559315902781
26894.0 10628960.0 0.6309380971081042 0.18639696348724757 0.21336000000003827 -2.445003484775232 0.7988559315902781
26895.0 10628960.0 0.6309414686597239 0.18638139735071035 0.21336000000003227 -2.445003484775232 0.7988559315902781
26896.0 10628960.0 0.6309448402113434 0.18636583121417316 0.21336000000002722 -2.445003484775232 0.7988559315902781
26897.0 10628960.0 0.6309482117629631 0.18635026507763594 0.21336000000002298 -2.445003484775232 0.7988559315902781
26898.0 10628960.0 0.6309515833145827 0.18633469894109872 0.2133600000000194 -2.445003484775232 0.7988559315902781
26899.0 10628960.0 0.6309549548662023 0.18631913280456153 0.21336000000001637 -2.445003484775232 0.7988559315902781
26900.0 10628960.0 0.6309583264178219 0.1863035666680243 0.21336000000001382 -2.445003484775232 0.7988559315902781
26901.0 10628960.0 0.6309616979694416 0.18628800053148709 0.21336000000001165 -2.445003484775232 0.7988559315902781
26902.0 10628960.0 0.6309650695210612 0.1862724343949499 0.21336000000000982 -2.445003484775232 0.7988559315902781
26903.0 10628960.0 0.6309684410726808 0.18625686825841267 0.2133600000000083 -2.445003484775232 0.7988559315902781
26904.0 10628960.0 0.6309718126243005 0.18624130212187545 0.213360000000007 -2.445003484775232 0.7988559315902781
26905.0 10628960.0 0.63097518417592 0.18622573598533826 0.2133600000000059 -2.445003484775232 0.7988559315902781
26906.0 10628960.0 0.6309785557275397 0.18621016984880104 0.213360000000005 -2.445003484775232 0.7988559315902781
26907.0 10628960.0 0.6309819272791592 0.18619460371226382 0.2133600000000042 -2.445003484775232 0.7988559315902781
26908.0 10628960.0 0.6309852988307789 0.1861790375757266 0.21336000000000355 -2.445003484775232 0.7988559315902781
26909.0 10628960.0 0.6309886703823985 0.1861634714391894 0.213360000000003 -2.445003484775232 0.7988559315902781
26910.0 10628960.0 0.6309920419340181 0.18614790530265218 0.21336000000000252 -2.445003484775232 0.7988559315902781
26911.0 10628960.0 0.6309954134856378 0.18613233916611496 0.21336000000000213 -2.445003484775232 0.7988559315902781
26912.0 10628960.0 0.6309987850372574 0.18611677302957777 0.2133600000000018 -2.445003484775232 0.7988559315902781
26913.0 10628960.0 0.631002156588877 0.18610120689304055 0.21336000000000152 -2.445003484775232 0.7988559315902781
26914.0 10628960.0 0.6310055281404966 0.18608564075650333 0.2133600000000013 -2.445003484775232 0.7988559315902781
26915.0 10628960.0 0.6310088996921163 0.18607007461996614 0.2133600000000011 -2.445003484775232 0.7988559315902781
26916.0 10628960.0 0.6310122712437358 0.18605450848342892 0.21336000000000094 -2.445003484775232 0.7988559315902781
26917.0 10628960.0 0.6310156427953555 0.1860389423468917 0.2133600000000008 -2.445003484775232 0.7988559315902781
26918.0 10628960.0 0.631019014346975 0.1860233762103545 0.2133600000000007 -2.445003484775232 0.7988559315902781
26919.0 10628960.0 0.6310223858985947 0.18600781007381728 0.21336000000000058 -2.445003484775232 0.7988559315902781
26920.0 10628960.0 0.6310257574502144 0.18599224393728006 0.2133600000000005 -2.445003484775232 0.7988559315902781
26921.0 10628960.0 0.6310291290018339 0.18597667780074287 0.2133600000000004 -2.445003484775232 0.7988559315902781
26922.0 10628960.0 0.6310325005534536 0.18596111166420565 0.21336000000000035 -2.445003484775232 0.7988559315902781
26923.0 10628960.0 0.6310358721050732 0.18594554552766843 0.2133600000000003 -2.445003484775232 0.7988559315902781
26924.0 10628960.0 0.6310392436566928 0.18592997939113123 0.21336000000000024 -2.445003484775232 0.7988559315902781
26925.0 10628960.0 0.6310426152083124 0.185914413254594 0.21336000000000022 -2.445003484775232 0.7988559315902781
26926.0 10628960.0 0.6310459867599321 0.1858988471180568 0.2133600000000002 -2.445003484775232 0.7988559315902781
26927.0 10628960.0 0.6310493583115516 0.18588328098151957 0.21336000000000016 -2.445003484775232 0.7988559315902781
26928.0 10628960.0 0.6310527298631713 0.18586771484498238 0.21336000000000013 -2.445003484775232 0.7988559315902781
26929.0 10628960.0 0.631056101414791 0.18585214870844516 0.2133600000000001 -2.445003484775232 0.7988559315902781
26930.0 10628960.0 0.6310594729664105 0.18583658257190794 0.2133600000000001 -2.445003484775232 0.7988559315902781
26931.0 10628960.0 0.6310628445180302 0.18582101643537074 0.2133600000000001 -2.445003484775232 0.7988559315902781
26932.0 10628960.0 0.6310662160696497 0.18580545029883352 0.2133600000000001 -2.445003484775232 0.7988559315902781
26933.0 10628960.0 0.6310695876212694 0.1857898841622963 0.2133600000000001 -2.445003484775232 0.7988559315902781
26934.0 10628960.0 0.631072959172889 0.1857743180257591 0.2133600000000001 -2.445003484775232 0.7988559315902781
26935.0 10628960.0 0.6310763307245086 0.1857587518892219 0.2133600000000001 -2.445003484775232 0.7988559315902781
26936.0 10628960.0 0.6310797022761282 0.18574318575268467 0.2133600000000001 -2.445003484775232 0.7988559315902781
26937.0 10628960.0 0.6310830738277479 0.18572761961614748 0.2133600000000001 -2.445003484775232 0.7988559315902781
26938.0 10628960.0 0.6310864453793674 0.18571205347961026 0.2133600000000001 -2.445003484775232 0.7988559315902781
26939.0 10628960.0 0.6310898169309871 0.18569648734307304 0.2133600000000001 -2.445003484775232 0.7988559315902781
26940.0 10628960.0 0.6310931884826068 0.18568092120653584 0.2133600000000001 -2.445003484775232 0.7988559315902781
26941.0 10628960.0 0.6310965600342263 0.18566535506999862 0.2133600000000001 -2.445003484775232 0.7988559315902781
26986.0 10628960.0 0.6312482798571092 0.18496487892582408 0.2133600000000001 -2.445003484775232 0.7988559315902781
26987.0 10628960.0 0.6304938727678612 0.18477004428721158 0.2133600000000001 -2.445003484775232 0.7988559315902781
26988.0 10628960.0 0.6297394656786132 0.18457520964859908 0.2133600000000001 -2.445003484775232 0.7988559315902781
26989.0 10628960.0 0.6289850585893652 0.18438037500998658 0.2133600000000001 -2.445003484775232 0.7988559315902781
26990.0 10628960.0 0.6282306515001171 0.18418554037137408 0.2133600000000001 -2.445003484775232 0.7988559315902781
26991.0 10628960.0 0.627476244410869 0.18399070573276158 0.2133600000000001 -2.445003484775232 0.7988559315902781
26992.0 10628960.0 0.626721837321621 0.18379587109414908 0.2133600000000001 -2.445003484775232 0.7988559315902781
26993.0 10628960.0 0.625967430232373 0.18360103645553658 0.2133600000000001 -2.445003484775232 0.7988559315902781
