20773.0 10926744.0 0.053113711950062314 0.011146753590821443 0.3048 -1.9143312731086803 -1.7180071643616912
20774.0 10926744.0 0.06659923816836522 0.011646010245714683 0.3048 -1.9143312731086803 -1.7180071643616912
20775.0 10926744.0 0.08619374775821409 0.009097213198935819 0.3048 -1.9143312731086803 -1.7180071643616912
20776.0 10926744.0 0.10578825734806296 0.006548416152156955 0.3048 -1.9143312731086803 -1.7180071643616912
20777.0 10926744.0 0.1219330439239995 0.005944986768567945 0.3048 -1.9143312731086803 -1.7180071643616912
20778.0 10926744.0 0.14391539082384053 0.006354463139978672 0.3048 -1.9143312731086803 -1.7180071643616912
20779.0 10926744.0 0.16855250178146264 0.007006281191826197 0.3048 -1.9143312731086803 -1.7180071643616912
20780.0 10926744.0 0.19318961273908475 0.007658099243673722 0.3048 -1.9143312731086803 -1.7180071643616912
20781.0 10926744.0 0.21884960109330887 0.004646091005952507 0.3048 -1.9143312731086803 -1.7180071643616912
20782.0 10926744.0 0.24903021560353222 0.004596297027157914 0.3048 -1.9143312731086803 -1.7180071643616912
20783.0 10926744.0 0.27765764938090315 0.005229509564775386 0.3048 -1.9143312731086803 -1.7180071643616912
20784.0 10926744.0 0.3062850831582741 0.005862722102392859 0.3048 -1.9143312731086803 -1.7180071643616912
20785.0 10926744.0 0.3401387327207066 0.009987056605554406 0.3048 -1.9143312731086803 -1.7180071643616912
20786.0 10926744.0 0.36997571015364894 0.010517341821761256 0.30969355347125577 -1.9143312731086803 -1.7180071643616912
20787.0 10926744.0 0.3987073463194273 0.006034829688494281 0.31377064439599206 -1.9143312731086803 -1.7180071643616912
20788.0 10926744.0 0.43704249176246135 0.008110912747152782 0.31717974927800474 -1.9143312731086803 -1.7180071643616912
20789.0 10926744.0 0.46960762569711795 0.007750125622872979 0.320037607229788 -1.9143312731086803 -1.7180071643616912
20790.0 10926744.0 0.5021727596317745 0.007389338498593176 0.3224377095388314 -1.9143312731086803 -1.7180071643616912
20791.0 10926744.0 0.5398868502503826 0.007565956519721903 0.324455981065611 -1.9143312731086803 -1.7180071643616912
20792.0 10926744.0 0.5646050039197719 0.006294090720323223 0.32615472586736205 -1.9143312731086803 -1.7180071643616912
20793.0 10926744.0 0.589323157589161 0.005022224920924544 0.3275854643654662 -1.9143312731086803 -1.7180071643616912
20794.0 10926744.0 0.6422028970830967 0.006494027841512151 0.328791039016523 -1.9143312731086803 -1.7180071643616912
20795.0 10926744.0 0.6776115161443723 0.00613962127070293 0.3298072209395203 -1.9143312731086803 -1.7180071643616912
20796.0 10926744.0 0.7130201352056478 0.005785214699893709 0.33066396466217873 -1.9143312731086803 -1.7180071643616912
20797.0 10926744.0 0.7441497435685636 0.003207543709370403 0.3313864067711977 -1.9143312731086803 -1.7180071643616912
20798.0 10926744.0 0.7795754883951815 0.0029064252441499128 0.3343804139011007 -1.9143312731086803 -1.7180071643616912
20799.0 10926744.0 0.8150012332217995 0.0026053067789294226 0.3392900381598856 -1.9143312731086803 -1.7180071643616912
20800.0 10926744.0 0.8513353418352413 -0.001438741833318824 0.34343113172433637 -1.9143312731086803 -1.7180071643616912
20801.0 10926744.0 0.8891749646280859 -0.0014182608913251155 0.3469241467953844 -1.9143312731086803 -1.7180071643616912
20802.0 10926744.0 0.9249626830994367 -0.0006103784319919925 0.3498705971835969 -1.9143312731086803 -1.7180071643616912
20803.0 10926744.0 0.9607940473537431 -0.0023866826512140144 0.35235605982986706 -1.9143312731086803 -1.7180071643616912
20804.0 10926744.0 0.9966254116080493 -0.004162986870436036 0.35445269111501115 -1.9143312731086803 -1.7180071643616912
20805.0 10926744.0 1.0332061703272213 -0.0009267046405051493 0.36098891332259203 -1.9143312731086803 -1.7180071643616912
20806.0 10926744.0 1.0686925584029572 -0.0037580554044997147 0.3665026980642793 -1.9143312731086803 -1.7180071643616912
20807.0 10926744.0 1.1041789464786929 -0.00658940616849428 0.3711540074276986 -1.9143312731086803 -1.7180071643616912
20808.0 10926744.0 1.1399663747309492 -0.005780439625098527 0.3750777668024838 -1.9143312731086803 -1.7180071643616912
20809.0 10926744.0 1.177505860281572 -0.007763350419873763 0.3783877876735375 -1.9143312731086803 -1.7180071643616912
20810.0 10926744.0 1.2129748898945314 -0.010646757657441538 0.38118007413131727 -1.9143312731086803 -1.7180071643616912
20811.0 10926744.0 1.248443919507491 -0.013530164895009314 0.3835356105786738 -1.9143312731086803 -1.7180071643616912
20812.0 10926744.0 1.2866040012469513 -0.013612416863348048 0.3902901091566462 -1.9143312731086803 -1.7180071643616912
20813.0 10926744.0 1.3238110924366924 -0.015252367313805887 0.3959881260030902 -1.9143312731086803 -1.7180071643616912
20814.0 10926744.0 1.3615353723044334 -0.015308714358755068 0.40079490956039404 -1.9143312731086803 -1.7180071643616912
20815.0 10926744.0 1.401378511678848 -0.018393479767095683 0.40484986012601515 -1.9143312731086803 -1.7180071643616912
20816.0 10926744.0 1.4364759428043947 -0.0196942314961841 0.4082705734121304 -1.9143312731086803 -1.7180071643616912
20817.0 10926744.0 1.4766418814735327 -0.02043073932122938 0.41115625139222034 -1.9143312731086803 -1.7180071643616912
20818.0 10926744.0 1.5136418933478606 -0.022703059041708024 0.41359057950104927 -1.9143312731086803 -1.7180071643616912
20819.0 10926744.0 1.5511810101589787 -0.024683989015359092 0.4204115341320328 -1.9143312731086803 -1.7180071643616912
20820.0 10926744.0 1.5887200911929107 -0.026664719964854394 0.42616562186227575 -1.9143312731086803 -1.7180071643616912
20821.0 10926744.0 1.6253187831339366 -0.028805408878410765 0.4310197117917163 -1.9143312731086803 -1.7180071643616912
20822.0 10926744.0 1.662047564322383 -0.033266355885268314 0.4351145728619513 -1.9143312731086803 -1.7180071643616912
20823.0 10926744.0 1.6987763455108296 -0.037727302892125864 0.4385689562443156 -1.9143312731086803 -1.7180071643616912
20824.0 10926744.0 1.7361726412759562 -0.03878439660390354 0.44148303917714354 -1.9143312731086803 -1.7180071643616912
20825.0 10926744.0 1.7735689370410825 -0.03984149031568121 0.44394133013767517 -1.9143312731086803 -1.7180071643616912
20826.0 10926744.0 1.8103148832547054 -0.04424898111910508 0.44601511960710294 -1.9143312731086803 -1.7180071643616912
20827.0 10926744.0 1.8470608174630172 -0.048656280736838864 0.44776454750605693 -1.9143312731086803 -1.7180071643616912
20828.0 10926744.0 1.8825668334532812 -0.055228536986971055 0.45400772608980694 -1.9143312731086803 -1.7180071643616912
20829.0 10926744.0 1.915894962934066 -0.06085572939125963 0.4592744086705789 -1.9143312731086803 -1.7180071643616912
20830.0 10926744.0 1.95346243369781 -0.07090454665039445 0.46371732906702817 -1.9143312731086803 -1.7180071643616912
20831.0 10926744.0 1.9892323993005627 -0.07721198634627177 0.4674653319849476 -1.9143312731086803 -1.7180071643616912
20832.0 10926744.0 2.022123724561404 -0.08444825584446307 0.4706271095175391 -1.9143312731086803 -1.7180071643616912
20833.0 10926744.0 2.055015049822245 -0.09168452534265437 0.4732943532184 -1.9143312731086803 -1.7180071643616912
20834.0 10926744.0 2.0903131829551147 -0.10052423429942173 0.47554441315794843 -1.9143312731086803 -1.7180071643616912
20835.0 10926744.0 2.1255720781665737 -0.10812423887166704 0.4798262304562907 -1.9143312731086803 -1.7180071643616912
20836.0 10926744.0 2.160830973378032 -0.11572424344391236 0.4858220178130543 -1.9143312731086803 -1.7180071643616912
20837.0 10926744.0 2.191107659100915 -0.12362465724407848 0.49088000368263235 -1.9143312731086803 -1.7180071643616912
20838.0 10926744.0 2.2267974766812957 -0.12990468868185198 0.49514686965674704 -1.9143312731086803 -1.7180071643616912
20839.0 10926744.0 2.258494364578314 -0.140254463609833 0.49874635484955077 -1.9143312731086803 -1.7180071643616912
20840.0 10926744.0 2.295240347163764 -0.14465942788058342 0.501782844332177 -1.9143312731086803 -1.7180071643616912
20841.0 10926744.0 2.3321532604744695 -0.15671195775483696 0.5043443962999475 -1.9143312731086803 -1.7180071643616912
20842.0 10926744.0 2.3665112930449475 -0.16571053323825005 0.506505295760123 -1.9143312731086803 -1.7180071643616912
20843.0 10926744.0 2.4016572411594272 -0.17093584684943228 0.5107118981738108 -1.9143312731086803 -1.7180071643616912
20844.0 10926744.0 2.436803189273907 -0.1761611604606145 0.5166442350108716 -1.9143312731086803 -1.7180071643616912
20845.0 10926744.0 2.4749004724973283 -0.18322592768001314 0.5216486946630028 -1.9143312731086803 -1.7180071643616912
20846.0 10926744.0 2.5119000769514557 -0.1854930179876864 0.5258704064602139 -1.9143312731086803 -1.7180071643616912
20847.0 10926744.0 2.549369808768943 -0.1876797750741719 0.5294318000446828 -1.9143312731086803 -1.7180071643616912
20848.0 10926744.0 2.5858233142927163 -0.19216288603601236 0.5348198452068462 -1.9143312731086803 -1.7180071643616912
20849.0 10926744.0 2.6222768198164896 -0.19664599699785282 0.5417488352563903 -1.9143312731086803 -1.7180071643616912
20850.0 10926744.0 2.66110913944849 -0.2017301947716165 0.5475940615283174 -1.9143312731086803 -1.7180071643616912
20851.0 10926744.0 2.694655022379091 -0.20777519479978693 0.5525250355845344 -1.9143312731086803 -1.7180071643616912
20852.0 10926744.0 2.7318036575503584 -0.20985619767839195 0.556684755672684 -1.9143312731086803 -1.7180071643616912
20853.0 10926744.0 2.7673443685830854 -0.2163184312608941 0.5601938536753303 -1.9143312731086803 -1.7180071643616912
20854.0 10926744.0 2.8052274552534247 -0.21723692614335222 0.5655377828109682 -1.9143312731086803 -1.7180071643616912
20855.0 10926744.0 2.843110541923764 -0.21815542102581034 0.5724295570245295 -1.9143312731086803 -1.7180071643616912
20856.0 10926744.0 2.87938621732304 -0.22263750462973467 0.5782433883917952 -1.9143312731086803 -1.7180071643616912
20857.0 10926744.0 2.915730801836725 -0.22690826636220343 0.5831478780224191 -1.9143312731086803 -1.7180071643616912
20858.0 10926744.0 2.9515165057060333 -0.2260901412254873 0.5872852561156906 -1.9143312731086803 -1.7180071643616912
20859.0 10926744.0 2.986223074640101 -0.22748955971818532 0.5907755066363157 -1.9143312731086803 -1.7180071643616912
20860.0 10926744.0 3.022418424196373 -0.23194471575748835 0.5937198468493932 -1.9143312731086803 -1.7180071643616912
20861.0 10926744.0 3.0582039940941392 -0.2311260523263681 0.5962036626211025 -1.9143312731086803 -1.7180071643616912
20862.0 10926744.0 3.091261132362307 -0.22941667142540775 0.5982989846088234 -1.9143312731086803 -1.7180071643616912
20863.0 10926744.0 3.1281501332420643 -0.22358434953244447 0.6000665771502 -1.9143312731086803 -1.7180071643616912
20864.0 10926744.0 3.1581949836959273 -0.21586845956829412 0.6063250791817495 -1.9143312731086803 -1.7180071643616912
20865.0 10926744.0 3.186878246808975 -0.20280180141313517 0.6116046885095695 -1.9143312731086803 -1.7180071643616912
20866.0 10926744.0 3.215561509922023 -0.18973514325797622 0.6160585138041669 -1.9143312731086803 -1.7180071643616912
20867.0 10926744.0 3.2430515059922675 -0.16740096244245567 0.6198157159990849 -1.9143312731086803 -1.7180071643616912
20868.0 10926744.0 3.270541502062512 -0.14506678162693512 0.6229852539579764 -1.9143312731086803 -1.7180071643616912
20869.0 10926744.0 3.294866578115072 -0.11270484649343285 0.6256590442816492 -1.9143312731086803 -1.7180071643616912
20870.0 10926744.0 3.3179289350438497 -0.08285113115285594 0.6279146268894897 -1.9143312731086803 -1.7180071643616912
20871.0 10926744.0 3.3339414680552677 -0.0501124552098591 0.6298174136771255 -1.9143312731086803 -1.7180071643616912
20872.0 10926744.0 3.3512287854968523 -0.013467689499665397 0.626655206708581 -1.9143312731086803 -1.7180071643616912
20873.0 10926744.0 3.361500869675294 0.02616754070913782 0.6239876007345853 -1.9143312731086803 -1.7180071643616912
20874.0 10926744.0 3.3699169712118238 0.06827754933043537 0.6265046139347095 -1.9143312731086803 -1.7180071643616912
20875.0 10926744.0 3.3776111677431313 0.11089575063824936 0.6286279409389403 -1.9143312731086803 -1.7180071643616912
20876.0 10926744.0 3.385305364274439 0.15351395194606332 0.6304191582304003 -1.9143312731086803 -1.7180071643616912
20877.0 10926744.0 3.3929995608057464 0.1961321532538773 0.6319302111105419 -1.9143312731086803 -1.7180071643616912
20878.0 10926744.0 3.395614498845439 0.23814970297551272 0.6332049201128892 -1.9143312731086803 -1.7180071643616912
20879.0 10926744.0 3.397097192363777 0.2848589600615927 0.6342802517985103 -1.9143312731086803 -1.7180071643616912
20880.0 10926744.0 3.397671995726637 0.3274256090769714 0.6351873907862883 -1.9143312731086803 -1.7180071643616912
20881.0 10926744.0 3.398246799089497 0.36999225809235003 0.6359526441068685 -1.9143312731086803 -1.7180071643616912
20882.0 10926744.0 3.3900276994114766 0.41145746353805407 0.6365982041065479 -1.9143312731086803 -1.7180071643616912
20883.0 10926744.0 3.381808599733456 0.4529226689837581 0.6371427920253172 -1.9143312731086803 -1.7180071643616912
20884.0 10926744.0 3.366346228764322 0.49803708687300086 0.6376022009128207 -1.9143312731086803 -1.7180071643616912
20885.0 10926744.0 3.348255698612309 0.5378182892946115 0.637989753626796 -1.9143312731086803 -1.7180071643616912
20886.0 10926744.0 3.3301651684602955 0.5775994917162222 0.6383166891959484 -1.9143312731086803 -1.7180071643616912
20887.0 10926744.0 3.304908864131863 0.6160985489295547 0.6385924887517833 -1.9143312731086803 -1.7180071643616912
20888.0 10926744.0 3.277302887572243 0.6550143061602007 0.63882515048142 -1.9143312731086803 -1.7180071643616912
20889.0 10926744.0 3.244620737957738 0.6881695210220429 0.6390214215750177 -1.9143312731086803 -1.7180071643616912
20890.0 10926744.0 3.2119385883432328 0.721324735883885 0.6391869938942911 -1.9143312731086803 -1.7180071643616912
20891.0 10926744.0 3.1734091110392155 0.752884722405969 0.6393266690364989 -1.9143312731086803 -1.7180071643616912
20892.0 10926744.0 3.1348796337351983 0.7844447089280531 0.6394444975807652 -1.9143312731086803 -1.7180071643616912
20893.0 10926744.0 3.1344006409766125 0.7843012936481096 0.6395332291085186 -1.9143312731086803 -1.7180071643616912
20894.0 10926744.0 3.133921648218027 0.7841578783681662 0.6395974146859763 -1.9143312731086803 -1.7180071643616912
20895.0 10926744.0 3.1334426554594415 0.7840144630882228 0.6396408935467965 -1.9143312731086803 -1.7180071643616912
20896.0 10926744.0 3.132963662700856 0.7838710478082792 0.6396669044298553 -1.9143312731086803 -1.7180071643616912
20897.0 10926744.0 3.1324846699422704 0.7837276325283358 0.6396781795026734 -1.9143312731086803 -1.7180071643616912
20898.0 10926744.0 3.132005677183685 0.7835842172483923 0.6396770235942746 -1.9143312731086803 -1.7180071643616912
20899.0 10926744.0 3.1315266844250993 0.7834408019684489 0.6396653810352276 -1.9143312731086803 -1.7180071643616912
20900.0 10926744.0 3.131047691666514 0.7832973866885055 0.6396448920432322 -1.9143312731086803 -1.7180071643616912
20901.0 10926744.0 3.130568698907928 0.783153971408562 0.6396169402894324 -1.9143312731086803 -1.7180071643616912
20902.0 10926744.0 3.130089706149343 0.7830105561286186 0.6395826930248804 -1.9143312731086803 -1.7180071643616912
20903.0 10926744.0 3.129610713390757 0.782867140848675 0.6395431349308162 -1.9143312731086803 -1.7180071643616912
20904.0 10926744.0 3.129131720632172 0.7827237255687316 0.639499096674424 -1.9143312731086803 -1.7180071643616912
20905.0 10926744.0 3.128652727873586 0.7825803102887882 0.6394512789981806 -1.9143312731086803 -1.7180071643616912
20906.0 10926744.0 3.1281737351150007 0.7824368950088447 0.6394002730413871 -1.9143312731086803 -1.7180071643616912
20907.0 10926744.0 3.127694742356415 0.7822934797289013 0.6393465774832087 -1.9143312731086803 -1.7180071643616912
20908.0 10926744.0 3.1272157495978297 0.7821500644489578 0.6392906130043702 -1.9143312731086803 -1.7180071643616912
20909.0 10926744.0 3.126736756839244 0.7820066491690144 0.6392327344868974 -1.9143312731086803 -1.7180071643616912
20910.0 10926744.0 3.1262577640806586 0.7818632338890709 0.6391732413056959 -1.9143312731086803 -1.7180071643616912
20911.0 10926744.0 3.125778771322073 0.7817198186091274 0.6391123860104226 -1.9143312731086803 -1.7180071643616912
20912.0 10926744.0 3.1252997785634875 0.781576403329184 0.6390503816494271 -1.9143312731086803 -1.7180071643616912
20913.0 10926744.0 3.1248207858049017 0.7814329880492406 0.6389874079481525 -1.9143312731086803 -1.7180071643616912
20914.0 10926744.0 3.1243417930463164 0.7812895727692971 0.6389236165211739 -1.9143312731086803 -1.7180071643616912
20915.0 10926744.0 3.1238628002877307 0.7811461574893537 0.6388591352690212 -1.9143312731086803 -1.7180071643616912
20916.0 10926744.0 3.1233838075291454 0.7810027422094102 0.6387940720872939 -1.9143312731086803 -1.7180071643616912
20917.0 10926744.0 3.1229048147705596 0.7808593269294668 0.6387285179956341 -1.9143312731086803 -1.7180071643616912
20918.0 10926744.0 3.1224258220119743 0.7807159116495233 0.6386625497772959 -1.9143312731086803 -1.7180071643616912
20919.0 10926744.0 3.1219468292533885 0.7805724963695798 0.6385962322058595 -1.9143312731086803 -1.7180071643616912
20920.0 10926744.0 3.121467836494803 0.7804290810896364 0.6385296199236653 -1.9143312731086803 -1.7180071643616912
20921.0 10926744.0 3.1209888437362174 0.7802856658096929 0.638462759026442 -1.9143312731086803 -1.7180071643616912
20922.0 10926744.0 3.1205098509776317 0.7801422505297495 0.6383956884000821 -1.9143312731086803 -1.7180071643616912
20923.0 10926744.0 3.1200308582190464 0.7799988352498061 0.6383284408483333 -1.9143312731086803 -1.7180071643616912
20924.0 10926744.0 3.1195518654604606 0.7798554199698626 0.638261044044107 -1.9143312731086803 -1.7180071643616912
20925.0 10926744.0 3.1190728727018753 0.7797120046899191 0.6381935213319928 -1.9143312731086803 -1.7180071643616912
20926.0 10926744.0 3.1185938799432895 0.7795685894099756 0.6381258924052516 -1.9143312731086803 -1.7180071643616912
20927.0 10926744.0 3.118114887184704 0.7794251741300322 0.63805817387692 -1.9143312731086803 -1.7180071643616912
20928.0 10926744.0 3.1176358944261184 0.7792817588500888 0.6379903797615883 -1.9143312731086803 -1.7180071643616912
20929.0 10926744.0 3.117156901667533 0.7791383435701453 0.6379225218818242 -1.9143312731086803 -1.7180071643616912
20930.0 10926744.0 3.1166779089089474 0.7789949282902019 0.6378546102110266 -1.9143312731086803 -1.7180071643616912
20931.0 10926744.0 3.116198916150362 0.7788515130102585 0.6377866531626546 -1.9143312731086803 -1.7180071643616912
20932.0 10926744.0 3.1157199233917763 0.7787080977303149 0.6377186578342173 -1.9143312731086803 -1.7180071643616912
20933.0 10926744.0 3.115240930633191 0.7785646824503715 0.6376506302131024 -1.9143312731086803 -1.7180071643616912
20934.0 10926744.0 3.114761937874605 0.778421267170428 0.6375825753502096 -1.9143312731086803 -1.7180071643616912
20935.0 10926744.0 3.11428294511602 0.7782778518904846 0.637514497506427 -1.9143312731086803 -1.7180071643616912
20936.0 10926744.0 3.113803952357434 0.7781344366105412 0.6374464002761971 -1.9143312731086803 -1.7180071643616912
20937.0 10926744.0 3.113324959598849 0.7779910213305977 0.6373782866917556 -1.9143312731086803 -1.7180071643616912
20938.0 10926744.0 3.112845966840263 0.7778476060506543 0.6373101593110654 -1.9143312731086803 -1.7180071643616912
20939.0 10926744.0 3.1123669740816777 0.7777041907707107 0.6372420202919988 -1.9143312731086803 -1.7180071643616912
20940.0 10926744.0 3.111887981323092 0.7775607754907673 0.6371738714549151 -1.9143312731086803 -1.7180071643616912
20941.0 10926744.0 3.1114089885645067 0.7774173602108239 0.6371057143354509 -1.9143312731086803 -1.7180071643616912
20942.0 10926744.0 3.110929995805921 0.7772739449308804 0.637037550229054 -1.9143312731086803 -1.7180071643616912
20943.0 10926744.0 3.1104510030473356 0.777130529650937 0.6369693802285508 -1.9143312731086803 -1.7180071643616912
20944.0 10926744.0 3.10997201028875 0.7769871143709935 0.6369012052558388 -1.9143312731086803 -1.7180071643616912
20945.0 10926744.0 3.1094930175301645 0.7768436990910501 0.6368330260886217 -1.9143312731086803 -1.7180071643616912
20946.0 10926744.0 3.1090140247715787 0.7767002838111066 0.6367648433829622 -1.9143312731086803 -1.7180071643616912
20947.0 10926744.0 3.1085350320129934 0.7765568685311631 0.6366966576923084 -1.9143312731086803 -1.7180071643616912
20948.0 10926744.0 3.1080560392544077 0.7764134532512197 0.6366284694835433 -1.9143312731086803 -1.7180071643616912
20949.0 10926744.0 3.1075770464958223 0.7762700379712762 0.636560279150525 -1.9143312731086803 -1.7180071643616912
20950.0 10926744.0 3.1070980537372366 0.7761266226913328 0.636492087025508 -1.9143312731086803 -1.7180071643616912
20951.0 10926744.0 3.106619060978651 0.7759832074113894 0.6364238933887789 -1.9143312731086803 -1.7180071643616912
20952.0 10926744.0 3.1061400682200655 0.7758397921314459 0.6363556984767847 -1.9143312731086803 -1.7180071643616912
