8248 11257986 -3.4731218684803618 -2.3651736196991853 0.7010400000000001 0.0 0.0
8249 11257986 -3.4204249297330116 -2.368162641815855 0.7010400000000001 0.0 0.0
8250 11257986 -3.388618074011052 -2.3714431057471104 0.7010400000000001 0.0 0.0
8251 11257986 -3.3397033010976362 -2.3713244780435305 0.7010400000000001 0.0 0.0
8252 11257986 -3.294310258339173 -2.3711047962387704 0.7010400000000001 0.0 0.0
8253 11257986 -3.245378789097935 -2.376365785143769 0.7010400000000001 0.0 0.0
8254 11257986 -3.1638566719680057 -2.38142345199416 0.7010400000000001 0.0 0.0
8255 11257986 -3.0792147810532033 -2.3764010041400296 0.7010400000000001 0.0 0.0
8256 11257986 -3.0255358489329502 -2.3725812499170793 0.7010400000000001 0.0 0.0
8257 11257986 -2.9944929867896546 -2.3714038127789485 0.7010400000000001 0.0 0.0
8258 11257986 -2.9357864062062804 -2.3644378493574507 0.7010400000000001 0.0 0.0
8259 11257986 -2.9081486963569736 -2.361445025524835 0.7010400000000001 0.0 0.0
8260 11257986 -2.8444723913176913 -2.3478860460260247 0.69088 0.0 0.0
8261 11257986 -2.780796086278408 -2.334327066527215 0.6807200000000001 0.0 0.0
8262 11257986 -2.717119781239125 -2.3207680870284046 0.67056 0.0 0.0
8263 11257986 -2.654577630268209 -2.2979963433536943 0.67056 0.0 0.0
8264 11257986 -2.6243770087622242 -2.289882185312413 0.67056 0.0 0.0
8265 11257986 -2.554870154703752 -2.264831325768343 0.67056 0.0 0.0
8266 11257986 -2.5008203816489765 -2.2446553018196247 0.67056 0.0 0.0
8267 11257986 -2.465252715504562 -2.2290950606548297 0.67056 0.0 0.0
8268 11257986 -2.4296850493601467 -2.2135348194900346 0.67056 0.0 0.0
8269 11257986 -2.377830191190633 -2.1935455942957804 0.67056 0.0 0.0
8270 11257986 -2.3259753330211206 -2.1735563691015263 0.67056 0.0 0.0
8271 11257986 -2.2707462566002894 -2.1541153541908034 0.67056 0.0 0.0
8272 11257986 -2.2251842013355647 -2.131629129433714 0.67056 0.0 0.0
8273 11257986 -2.177192771294272 -2.1112224790151437 0.67056 0.0 0.0
8274 11257986 -2.131234108393869 -2.0929548808600957 0.67056 0.0 0.0
8275 11257986 -2.092409093598926 -2.073405561587799 0.67056 0.0 0.0
8276 11257986 -2.041091315611113 -2.052333606642924 0.67056 0.0 0.0
8277 11257986 -1.9888506161264092 -2.025721385418464 0.67056 0.0 0.0
8278 11257986 -1.9383553315771225 -2.0006411731674394 0.67056 0.0 0.0
8279 11257986 -1.8816902963812987 -1.9765268587867764 0.67056 0.0 0.0
8280 11257986 -1.8360012579949656 -1.95092594392986 0.67056 0.0 0.0
8281 11257986 -1.7909378708852135 -1.931312560850708 0.67056 0.0 0.0
8282 11257986 -1.7387350451042145 -1.906439302825533 0.67056 0.0 0.0
8283 11257986 -1.6953706274255584 -1.8876719682054972 0.67056 0.0 0.0
8284 11257986 -1.6502133097436886 -1.8650509782855644 0.67056 0.0 0.0
8285 11257986 -1.5982514276896838 -1.83928040752434 0.67056 0.0 0.0
8286 11257986 -1.5285162392330542 -1.8067029713349207 0.67056 0.0 0.0
8287 11257986 -1.5022852283382926 -1.7957685521985869 0.67056 0.0 0.0
8288 11257986 -1.431114220729176 -1.7601549226477151 0.67056 0.0 0.0
8289 11257986 -1.4117608933142145 -1.7504180872567718 0.67056 0.0 0.0
8290 11257986 -1.392407565899253 -1.7406812518658283 0.67056 0.0 0.0
8291 11257986 -1.3434869987196556 -1.7149665775440974 0.67056 0.0 0.0
8292 11257986 -1.2915656470591628 -1.6933873253456548 0.67056 0.0 0.0
8293 11257986 -1.2320680925485898 -1.6649381207718188 0.67056 0.0 0.0
8294 11257986 -1.1807662876204887 -1.6428052614835469 0.67056 0.0 0.0
8295 11257986 -1.1363929345972277 -1.6212110063565968 0.67056 0.0 0.0
8296 11257986 -1.094493930173323 -1.6082711247152734 0.7010400000000001 0.0 0.0
8297 11257986 -1.0473170101027398 -1.5808167436424942 0.7010400000000001 0.0 0.0
8298 11257986 -1.0038850681929663 -1.5593815079897178 0.7010400000000001 0.0 0.0
8299 11257986 -0.951678598477202 -1.5371927914236552 0.7010400000000001 0.0 0.0
8300 11257986 -0.9082622306874052 -1.5196075518466703 0.67056 0.0 0.0
8301 11257986 -0.8641919947625134 -1.501651717641863 0.67056 0.0 0.0
8302 11257986 -0.8039513438706407 -1.4722747345337874 0.67056 0.0 0.0
8303 11257986 -0.766369720472426 -1.4566369350482598 0.67056 0.0 0.0
8304 11257986 -0.7287880970742113 -1.4409991355627323 0.67056 0.0 0.0
8305 11257986 -0.6942956700580335 -1.4231245742924847 0.67056 0.0 0.0
8306 11257986 -0.6598032430418557 -1.4052500130222372 0.67056 0.0 0.0
8307 11257986 -0.6163103800708616 -1.3901420217915517 0.67056 0.0 0.0
8308 11257986 -0.5703350583867832 -1.3690690654324569 0.67056 0.0 0.0
8309 11257986 -0.5027353715709293 -1.3416284739375306 0.67056 0.0 0.0
8310 11257986 -0.4560420071758136 -1.3248787884095847 0.67056 0.0 0.0
8311 11257986 -0.4070834630665978 -1.3142434459383248 0.67056 0.0 0.0
8312 11257986 -0.3597063344765097 -1.301922667252091 0.67056 0.0 0.0
8313 11257986 -0.3114894676796678 -1.2864880304991355 0.67056 0.0 0.0
8314 11257986 -0.25859048073781543 -1.280644645837366 0.67056 0.0 0.0
8315 11257986 -0.21222071711036872 -1.2654236224663304 0.67056 0.0 0.0
8316 11257986 -0.16222196748732132 -1.257580333568297 0.67056 0.0 0.0
8317 11257986 -0.1160919445909877 -1.2539633983102698 0.67056 0.0 0.0
8318 11257986 -0.06438487749904365 -1.24632733650356 0.67056 0.0 0.0
8319 11257986 -0.015538312740607685 -1.2441817467959195 0.67056 0.0 0.0
8320 11257986 0.03204860904344098 -1.2396381426054968 0.67056 0.0 0.0
8321 11257986 0.08859900905345808 -1.2408272157305824 0.67056 0.0 0.0
8322 11257986 0.13348012599465586 -1.2350483366296692 0.67056 0.0 0.0
8323 11257986 0.18107120138295246 -1.2389168183628059 0.67056 0.0 0.0
8324 11257986 0.21954863225472535 -1.2380545240078835 0.67056 0.0 0.0
8325 11257986 0.25802606312649823 -1.2371922296529612 0.67056 0.0 0.0
8326 11257986 0.31864725049281023 -1.2384246573219635 0.7010400000000001 0.0 0.0
8327 11257986 0.3607695813870059 -1.239862461099691 0.7010400000000001 0.0 0.0
8328 11257986 0.4028919122812015 -1.2413002648774176 0.7010400000000001 0.0 0.0
8329 11257986 0.4688061290168614 -1.2416907097690273 0.7010400000000001 0.0 0.0
8330 11257986 0.5056211851515098 -1.2432629566596218 0.7010400000000001 0.0 0.0
8331 11257986 0.5424362412861581 -1.2448352035502166 0.7010400000000001 0.0 0.0
8332 11257986 0.5912696079232695 -1.2432656791771637 0.7010400000000001 0.0 0.0
8333 11257986 0.6450537731292659 -1.2461170875058143 0.7010400000000001 0.0 0.0
8334 11257986 0.6978358501380109 -1.2395283740382703 0.67056 0.0 0.0
8335 11257986 0.7418521626077494 -1.2380197852776724 0.67056 0.0 0.0
8336 11257986 0.7808084494654521 -1.2397645870353031 0.67056 0.0 0.0
8337 11257986 0.8655049446293264 -1.2347218362176986 0.7010400000000001 0.0 0.0
8338 11257986 0.9104614324896902 -1.2330521409792332 0.7010400000000001 0.0 0.0
8339 11257986 0.9604853618639644 -1.2332711450620866 0.7010400000000001 0.0 0.0
8340 11257986 1.0079421384605571 -1.2310157404698092 0.7010400000000001 0.0 0.0
8341 11257986 1.056948656816764 -1.2264625014637207 0.7010400000000001 0.0 0.0
8342 11257986 1.1120748747829436 -1.2276462163342945 0.7010400000000001 0.0 0.0
8343 11257986 1.1568239849926405 -1.2266083296437038 0.7010400000000001 0.0 0.0
8344 11257986 1.2098746090982624 -1.227347048343584 0.7010400000000001 0.0 0.0
8345 11257986 1.2571538839205019 -1.2321583559248277 0.7010400000000001 0.0 0.0
8346 11257986 1.304620781628826 -1.2309558781828769 0.7010400000000001 0.0 0.0
8347 11257986 1.3430371247013928 -1.2329887764602945 0.7010400000000001 0.0 0.0
8348 11257986 1.3869487896005472 -1.231792879086877 0.7010400000000001 0.0 0.0
8349 11257986 1.4106055687124068 -1.23414516027927 0.7010400000000001 0.0 0.0
8350 11257986 1.4342623478242669 -1.2364974414716632 0.7010400000000001 0.0 0.0
8351 11257986 1.4907641364134203 -1.2375435679678664 0.67056 0.0 0.0
8352 11257986 1.5396482834038487 -1.2428771986858007 0.67056 0.0 0.0
8353 11257986 1.5890521936288855 -1.2425391933744774 0.67056 0.0 0.0
8354 11257986 1.6330544994490739 -1.2424228883265525 0.67056 0.0 0.0
8355 11257986 1.6721599372460267 -1.2423427356979826 0.67056 0.0 0.0
8356 11257986 1.717912251063738 -1.249105713757075 0.67056 0.0 0.0
8357 11257986 1.758691694285291 -1.2493381147929865 0.67056 0.0 0.0
8358 11257986 1.8040118302672927 -1.2503520743633398 0.67056 0.0 0.0
8359 11257986 1.8635180056730207 -1.250624184120858 0.67056 0.0 0.0
8360 11257986 1.9114859882132467 -1.253319833119877 0.67056 0.0 0.0
8361 11257986 1.951807260342392 -1.2522334210742871 0.67056 0.0 0.0
8362 11257986 1.992244186760656 -1.2494322820925134 0.67056 0.0 0.0
8363 11257986 2.0364649697165818 -1.2472822830992643 0.67056 0.0 0.0
8364 11257986 2.07094884159266 -1.2463920855306727 0.67056 0.0 0.0
8365 11257986 2.093052998293835 -1.2460157429685226 0.67056 0.0 0.0
8366 11257986 2.1151571549950097 -1.2456394004063724 0.67056 0.0 0.0
8367 11257986 2.154894566763705 -1.2422586072368371 0.67056 0.0 0.0
8368 11257986 2.2042430628112486 -1.2366418088776208 0.67056 0.0 0.0
8369 11257986 2.2579366549128155 -1.232676901759198 0.67056 0.0 0.0
8370 11257986 2.2755390985807398 -1.2331667625895997 0.67056 0.0 0.0
8371 11257986 2.336077534781439 -1.2310854974431529 0.6400800000000001 0.0 0.0
8372 11257986 2.3748853694984686 -1.228101068740288 0.6400800000000001 0.0 0.0
8373 11257986 2.4154823810662864 -1.2245323608476268 0.6400800000000001 0.0 0.0
8374 11257986 2.448967617847642 -1.2242490657388287 0.6400800000000001 0.0 0.0
8375 11257986 2.490725265901028 -1.2160357525935743 0.6400800000000001 0.0 0.0
8376 11257986 2.5277806854691116 -1.2086236087144726 0.6400800000000001 0.0 0.0
8377 11257986 2.570207290519603 -1.1929184209338701 0.6400800000000001 0.0 0.0
8378 11257986 2.6070356882961603 -1.1807592086479453 0.6400800000000001 0.0 0.0
8379 11257986 2.6362539742851125 -1.160625421859545 0.6400800000000001 0.0 0.0
8380 11257986 2.6724211971124343 -1.1300852951792613 0.6400800000000001 0.0 0.0
8381 11257986 2.6931519419706946 -1.1019436550602602 0.6400800000000001 0.0 0.0
8382 11257986 2.713882686828956 -1.0738020149412593 0.6400800000000001 0.0 0.0
8383 11257986 2.7346134316872166 -1.0456603748222582 0.6400800000000001 0.0 0.0
8384 11257986 2.7475009443316445 -1.0061779397107662 0.6400800000000001 0.0 0.0
8385 11257986 2.7628750191630065 -0.9699602724304324 0.6096 0.0 0.0
8386 11257986 2.771458617668833 -0.9164568890137808 0.6096 0.0 0.0
8387 11257986 2.7753069951716403 -0.8829019547913802 0.6096 0.0 0.0
8388 11257986 2.7835271886012882 -0.8441155328438319 0.6096 0.0 0.0
8389 11257986 2.7841708085933057 -0.8156181252905781 0.6096 0.0 0.0
8390 11257986 2.784814428585324 -0.7871207177373243 0.6096 0.0 0.0
8391 11257986 2.7817102335828214 -0.7299773914058117 0.6096 0.0 0.0
8392 11257986 2.7783386485469546 -0.6899770920933891 0.6096 0.0 0.0
8393 11257986 2.774073101774837 -0.6697189105820158 0.59436 0.0 0.0
8394 11257986 2.7698075550027186 -0.6494607290706427 0.57912 0.0 0.0
8395 11257986 2.7626328865027117 -0.6034294455296348 0.57912 0.0 0.0
8396 11257986 2.7551926886795246 -0.5609327285191024 0.57912 0.0 0.0
8397 11257986 2.7421451286957965 -0.5192922967635415 0.57912 0.0 0.0
8398 11257986 2.731298536061661 -0.4790711518962328 0.57912 0.0 0.0
8399 11257986 2.7233618417201964 -0.44353797954610186 0.57912 0.0 0.0
8400 11257986 2.7153219264915944 -0.4083215115074327 0.57912 0.0 0.0
8401 11257986 2.7093252842284805 -0.36956659982582496 0.57912 0.0 0.0
8402 11257986 2.700758922103508 -0.3332436378121761 0.57912 0.0 0.0
8403 11257986 2.6905434973559825 -0.2938123017513503 0.54864 0.0 0.0
8404 11257986 2.6807713051449955 -0.2611841790483572 0.54864 0.0 0.0
8405 11257986 2.6689931098933166 -0.22790112508073845 0.54864 0.0 0.0
8406 11257986 2.65120655505725 -0.19534324781680704 0.54864 0.0 0.0
8407 11257986 2.633420000221184 -0.1627853705528757 0.54864 0.0 0.0
8408 11257986 2.6185614585088604 -0.1423393325755433 0.54864 0.0 0.0
8409 11257986 2.6037029167965366 -0.12189329459821087 0.54864 0.0 0.0
8410 11257986 2.568523859083093 -0.08821274578837876 0.54864 0.0 0.0
8411 11257986 2.538774901306037 -0.06237932613458155 0.54864 0.0 0.0
8412 11257986 2.508208674610588 -0.04176936074827972 0.54864 0.0 0.0
8413 11257986 2.4881476284056223 -0.03521959856318788 0.5181600000000001 0.0 0.0
8414 11257986 2.4443149764950003 -0.015534718282321697 0.5181600000000001 0.0 0.0
8415 11257986 2.409508507281352 -0.009543979481528936 0.5181600000000001 0.0 0.0
8416 11257986 2.387842677371302 -0.0024699300659861427 0.5181600000000001 0.0 0.0
8417 11257986 2.340965616328352 -0.0005396609827781618 0.50292 0.0 0.0
8418 11257986 2.2940885552854 0.0013906081004298187 0.48768 0.0 0.0
8419 11257986 2.2555335500434746 0.00025355804362450773 0.48768 0.0 0.0
8420 11257986 2.2169785448015493 -0.0008834920131808033 0.48768 0.0 0.0
8421 11257986 2.1851608024364744 -0.00042357824706099056 0.48768 0.0 0.0
8422 11257986 2.152706707471632 0.000127513332245352 0.48768 0.0 0.0
8423 11257986 2.12025261250679 0.0006786049115516947 0.48768 0.0 0.0
8424 11257986 2.0732545337661783 0.002241010616000433 0.48768 0.0 0.0
8425 11257986 2.0536407647258814 0.0006437883613426704 0.47243999999999997 0.0 0.0
8426 11257986 2.034026995685585 -0.000953433893315092 0.4572000000000001 0.0 0.0
8427 11257986 2.012576426559449 0.002430031816221312 0.4572000000000001 0.0 0.0
8428 11257986 1.96174615431528 0.0006885507946259861 0.4572000000000001 0.0 0.0
8429 11257986 1.91359769333334 -0.0026293509670775594 0.4572000000000001 0.0 0.0
8430 11257986 1.873504381366055 0.002403601767531349 0.42672 0.0 0.0
8431 11257986 1.8382791582260491 0.0005899358629278539 0.42672 0.0 0.0
8432 11257986 1.8004741814144631 -0.000965158511843367 0.42672 0.0 0.0
8433 11257986 1.7626941334747164 0.00027551777624482127 0.42672 0.0 0.0
8434 11257986 1.7405646037799751 0.0004936721010834476 0.42672 0.0 0.0
8435 11257986 1.6857703766557472 0.004020574366927071 0.42672 0.0 0.0
8436 11257986 1.6547984018537942 0.0016363374940595588 0.39624 0.0 0.0
8437 11257986 1.6143256067638343 0.0055095791632068245 0.39624 0.0 0.0
8438 11257986 1.5813599691517697 0.0051786762361902 0.39624 0.0 0.0
8439 11257986 1.547419454238785 0.004582218451590125 0.39624 0.0 0.0
8440 11257986 1.503376327929684 0.002963296186455341 0.39624 0.0 0.0
8441 11257986 1.4736359224266482 0.003331897482403593 0.39624 0.0 0.0
8442 11257986 1.4438955169236118 0.003700498778351845 0.39624 0.0 0.0
8443 11257986 1.414155111420576 0.004069100074300096 0.39624 0.0 0.0
8444 11257986 1.3844147059175398 0.004437701370248347 0.39624 0.0 0.0
8445 11257986 1.3551746351603031 0.0032803097738580145 0.38608 0.0 0.0
8446 11257986 1.3259345644030658 0.002122918177467681 0.37592 0.0 0.0
8447 11257986 1.296694493645829 0.0009655265810773472 0.36576 0.0 0.0
8448 11257986 1.2589827731436782 0.0024200069239107003 0.36576 0.0 0.0
8449 11257986 1.235242654072345 0.001335551444900639 0.36576 0.0 0.0
8450 11257986 1.2115025350010118 0.0002510959658905778 0.36576 0.0 0.0
8451 11257986 1.1877624159296785 -0.0008333595131194832 0.36576 0.0 0.0
8452 11257986 1.1599072505393602 0.002249969739896933 0.381 0.0 0.0
8453 11257986 1.132052085149042 0.005333298992913349 0.39624 0.0 0.0
8454 11257986 1.1095771919298028 0.00449786212177794 0.39624 0.0 0.0
8455 11257986 1.0871022987105636 0.0036624252506425314 0.39624 0.0 0.0
8456 11257986 1.0638700210032102 0.002139913861201742 0.39624 0.0 0.0
8457 11257986 1.037889575822065 0.005253720918609803 0.39624 0.0 0.0
8458 11257986 1.0203671731055517 0.0032678268652927838 0.39624 0.0 0.0
8459 11257986 0.9920668460357824 0.001999366055175006 0.39624 0.0 0.0
8460 11257986 0.9754291076736415 0.002177905555623028 0.39624 0.0 0.0
8461 11257986 0.9587913693115008 0.002356445056071049 0.39624 0.0 0.0
8462 11257986 0.9449177530013908 0.0033843530361941103 0.39624 0.0 0.0
8463 11257986 0.9257559014573846 0.0018174683876660406 0.39624 0.0 0.0
8464 11257986 0.9060435907768448 0.00019682144986409023 0.39624 0.0 0.0
8465 11257986 0.8912787469907529 0.005020801419088214 0.39624 0.0 0.0
8466 11257986 0.8857053823844352 0.004271562974401448 0.39624 0.0 0.0
8467 11257986 0.8801320177781174 0.003522324529714682 0.39624 0.0 0.0
8468 11257986 0.8637462167187341 0.003385119765429281 0.39624 0.0 0.0
8469 11257986 0.8543091897498349 0.0033141266613528762 0.39624 0.0 0.0
8470 11257986 0.8407988063602041 1.778606179171638e-05 0.39624 0.0 0.0
8471 11257986 0.8311097704194524 0.0002628118192075507 0.39624 0.0 0.0
8472 11257986 0.824802926888597 -1.3084428023765747e-05 0.39624 0.0 0.0
8473 11257986 0.8091758493124508 0.0021721150571111514 0.39624 0.0 0.0
8474 11257986 0.8084860626354065 6.095435868187782e-05 0.39624 0.0 0.0
8475 11257986 0.8021028626911302 -0.002351270859330325 0.39624 0.0 0.0
8476 11257986 0.7957196627468538 -0.004763496077342527 0.39624 0.0 0.0
8477 11257986 0.7936158041763446 -0.011202533054074496 0.39624 0.0 0.0
8478 11257986 0.787697506480612 -0.013007277295331464 0.39624 0.0 0.0
8479 11257986 0.7904427716218791 -0.020913867378562184 0.39624 0.0 0.0
8480 11257986 0.7844554881901441 -0.02292972530858925 0.39624 0.0 0.0
8481 11257986 0.7855953201584132 -0.02759553776447529 0.39624 0.0 0.0
8482 11257986 0.7867351521266823 -0.032261350220361334 0.39624 0.0 0.0
8483 11257986 0.7845795594266296 -0.03885872387423561 0.39624 0.0 0.0
8484 11257986 0.7863769948736529 -0.0421914399203102 0.39624 0.0 0.0
8485 11257986 0.7881744303206765 -0.04552415596638479 0.39624 0.0 0.0
8486 11257986 0.7895169299629667 -0.057995961952635476 0.39624 0.0 0.0
8487 11257986 0.7880683780934222 -0.06242939895368331 0.39624 0.0 0.0
