9118 10628960 0.6424695823767851 0.1540772228066925 0.39624 0.4845159657961639 0.907655404483778
9119 10628960 0.6474347675189243 0.15432402686584135 0.39624 0.4845159657961639 0.907655404483778
9120 10628960 0.646820232061373 0.15635027145034186 0.39624 0.4845159657961639 0.907655404483778
9121 10628960 0.6462056966038217 0.15837651603484232 0.39624 0.4845159657961639 0.907655404483778
9122 10628960 0.6455911611462704 0.16040276061934278 0.39624 0.4845159657961639 0.907655404483778
9123 10628960 0.644976625688719 0.16242900520384326 0.39624 0.4845159657961639 0.907655404483778
9124 10628960 0.6443620902311678 0.16445524978834375 0.39624 0.4845159657961639 0.907655404483778
9125 10628960 0.6437475547736164 0.1664814943728442 0.39624 0.4845159657961639 0.907655404483778
9126 10628960 0.6431330193160651 0.1685077389573447 0.39624 0.4845159657961639 0.907655404483778
9127 10628960 0.6425184838585138 0.17053398354184518 0.39624 0.4845159657961639 0.907655404483778
9128 10628960 0.6421299741150768 0.17206287042332855 0.39624 0.4845159657961639 0.907655404483778
9129 10628960 0.6413194037704031 0.1695822793373818 0.39624 0.4845159657961639 0.907655404483778
9130 10628960 0.6405088334257294 0.16710168825143504 0.39624 0.4845159657961639 0.907655404483778
9131 10628960 0.6407375809246199 0.16644280179402593 0.39624 0.4845159657961639 0.907655404483778
9132 10628960 0.6409663284235102 0.16578391533661685 0.39624 0.4845159657961639 0.907655404483778
9133 10628960 0.6403138579937686 0.16704857173420148 0.39624 0.4845159657961639 0.907655404483778
9134 10628960 0.6396613875640269 0.16831322813178612 0.39624 0.4845159657961639 0.907655404483778
9135 10628960 0.6390089171342853 0.16957788452937075 0.39624 0.4845159657961639 0.907655404483778
9136 10628960 0.6383564467045436 0.1708425409269554 0.39624 0.4845159657961639 0.907655404483778
9137 10628960 0.637703976274802 0.17210719732454002 0.39624 0.4845159657961639 0.907655404483778
9138 10628960 0.6389816128938738 0.16982046317583152 0.39624 0.4845159657961639 0.907655404483778
9139 10628960 0.6402592495129455 0.16753372902712302 0.39624 0.4845159657961639 0.907655404483778
9140 10628960 0.6415368861320172 0.1652469948784145 0.39624 0.4845159657961639 0.907655404483778
9141 10628960 0.642814522751089 0.162960260729706 0.39624 0.4845159657961639 0.907655404483778
9142 10628960 0.6440921593701607 0.16067352658099748 0.39624 0.4845159657961639 0.907655404483778
9143 10628960 0.6433585190970985 0.1609132542482077 0.39624 1.2695355730248168 1.6194615297760395
9144 10628960 0.6426248788240363 0.16115298191541794 0.39624 1.2695355730248168 1.6194615297760395
9145 10628960 0.6418912385509741 0.1613927095826282 0.39624 1.2695355730248168 1.6194615297760395
9146 10628960 0.6411575982779117 0.16163243724983845 0.39624 1.2695355730248168 1.6194615297760395
9147 10628960 0.6404239580048495 0.16187216491704867 0.39624 1.2695355730248168 1.6194615297760395
9148 10628960 0.6396903177317873 0.16211189258425893 0.39624 1.2695355730248168 1.6194615297760395
9149 10628960 0.6389566774587251 0.16235162025146915 0.39624 1.2695355730248168 1.6194615297760395
9150 10628960 0.6393796806584319 0.16092829009936488 0.39624 1.2695355730248168 1.6194615297760395
9151 10628960 0.6385727148916258 0.16253550011972226 0.39624 1.2695355730248168 1.6194615297760395
9152 10628960 0.6377657491248199 0.16414271014007958 0.39624 1.2695355730248168 1.6194615297760395
9153 10628960 0.6369587833580139 0.16574992016043694 0.39624 1.2695355730248168 1.6194615297760395
9154 10628960 0.6361518175912079 0.1673571301807943 0.39624 1.2695355730248168 1.6194615297760395
9155 10628960 0.6367336425847789 0.1704966073260683 0.39624 1.2695355730248168 1.6194615297760395
9156 10628960 0.63731546757835 0.17363608447134232 0.39624 1.2695355730248168 1.6194615297760395
9157 10628960 0.6392561349707164 0.17685726450468447 0.39624 1.2695355730248168 1.6194615297760395
9158 10628960 0.6389021192472693 0.17849170853153945 0.39624 1.2695355730248168 1.6194615297760395
9159 10628960 0.6405232633562403 0.18345288967452605 0.39624 1.2695355730248168 1.6194615297760395
9160 10628960 0.640877278510978 0.1818184458227656 0.39624 1.2695355730248168 1.6194615297760395
9161 10628960 0.6451106976603863 0.18444620635199024 0.39624 1.2695355730248168 1.6194615297760395
9162 10628960 0.6493441168097946 0.1870739668812149 0.39624 1.2695355730248168 1.6194615297760395
9163 10628960 0.653577535959203 0.1897017274104395 0.39624 1.2695355730248168 1.6194615297760395
9164 10628960 0.6557797522137927 0.19046194328600125 0.39624 1.2695355730248168 1.6194615297760395
9165 10628960 0.6579819684683824 0.19122215916156304 0.39624 1.2695355730248168 1.6194615297760395
9166 10628960 0.6601841847229721 0.1919823750371248 0.39624 1.2695355730248168 1.6194615297760395
9167 10628960 0.6619850714974814 0.19273743281845285 0.39624 1.2695355730248168 1.6194615297760395
9168 10628960 0.6637859582719907 0.19349249059978094 0.39624 1.2695355730248168 1.6194615297760395
9169 10628960 0.6655868450465 0.19424754838110905 0.39624 1.2695355730248168 1.6194615297760395
9170 10628960 0.6673877318210093 0.19500260616243711 0.39624 1.2695355730248168 1.6194615297760395
9171 10628960 0.6716067606862348 0.1943249543940853 0.39624 1.2695355730248168 1.6194615297760395
9172 10628960 0.6729592495472151 0.1937077713174847 0.39624 1.2695355730248168 1.6194615297760395
9173 10628960 0.6743117384081954 0.1930905882408841 0.39624 1.2695355730248168 1.6194615297760395
9174 10628960 0.6777737424720445 0.1921345823691992 0.39624 1.2695355730248168 1.6194615297760395
9175 10628960 0.6812357465358935 0.1911785764975142 0.39624 1.2695355730248168 1.6194615297760395
9176 10628960 0.6828568663913709 0.19613976578289272 0.39624 1.2695355730248168 1.6194615297760395
9177 10628960 0.6833379561058694 0.1955736674778253 0.39624 1.2695355730248168 1.6194615297760395
9178 10628960 0.6838190458203681 0.1950075691727579 0.39624 1.2695355730248168 1.6194615297760395
9179 10628960 0.6876713575378611 0.1945665828823485 0.39624 1.2695355730248168 1.6194615297760395
9180 10628960 0.690078603648379 0.1937799930787847 0.39624 1.2695355730248168 1.6194615297760395
9181 10628960 0.6924858497588969 0.19299340327522094 0.39624 1.2695355730248168 1.6194615297760395
9182 10628960 0.6966376868100201 0.1941485524939074 0.39624 1.2695355730248168 1.6194615297760395
9183 10628960 0.7007895238611435 0.1953037017125938 0.39624 1.2695355730248168 1.6194615297760395
9184 10628960 0.7022454879821849 0.1950031960483079 0.39624 1.2695355730248168 1.6194615297760395
9185 10628960 0.7037014521032264 0.194702690384022 0.39624 1.2695355730248168 1.6194615297760395
9186 10628960 0.7072605841289277 0.19336447849449845 0.39624 1.2695355730248168 1.6194615297760395
9187 10628960 0.710819716154629 0.19202626660497493 0.39624 1.2695355730248168 1.6194615297760395
9188 10628960 0.7115957752481417 0.1944013069845026 0.39624 1.2695355730248168 1.6194615297760395
9189 10628960 0.7123718343416542 0.19677634736403024 0.39624 1.2695355730248168 1.6194615297760395
9190 10628960 0.7171863250518259 0.19520318465065106 0.39624 1.2695355730248168 1.6194615297760395
9191 10628960 0.7212846301466707 0.19415611291568105 0.39624 1.2695355730248168 1.6194615297760395
9192 10628960 0.7253829352415154 0.193109041180711 0.39624 1.2695355730248168 1.6194615297760395
9193 10628960 0.7272763842172301 0.1948269010368735 0.39624 1.2695355730248168 1.6194615297760395
9194 10628960 0.7291698331929448 0.196544760893036 0.39624 1.2695355730248168 1.6194615297760395
9195 10628960 0.7339843240621922 0.194971609668486 0.39624 1.2695355730248168 1.6194615297760395
9196 10628960 0.7387988160077082 0.19339846173664868 0.39624 1.2695355730248168 1.6194615297760395
9197 10628960 0.7413785179153187 0.1931396764313168 0.39624 1.2695355730248168 1.6194615297760395
9198 10628960 0.7477451076675576 0.196316621472766 0.39624 1.2695355730248168 1.6194615297760395
9199 10628960 0.7500143890505686 0.19510782171473684 0.39624 1.2695355730248168 1.6194615297760395
9200 10628960 0.7576950569713445 0.1930654721615944 0.39624 1.2695355730248168 1.6194615297760395
9201 10628960 0.7625897917818614 0.19146612161371196 0.39624 1.2695355730248168 1.6194615297760395
9202 10628960 0.7674845277062461 0.1898667744685436 0.39624 1.2695355730248168 1.6194615297760395
9203 10628960 0.7652602836053524 0.19012623261362105 0.39624 1.2695355730248168 1.6194615297760395
9204 10628960 0.7774344861271232 0.18661565305909691 0.39624 1.2695355730248168 1.6194615297760395
9205 10628960 0.7822489837875759 0.1850425348453007 0.39624 1.2695355730248168 1.6194615297760395
9206 10628960 0.7855114125022015 0.17871932333956714 0.39624 1.2695355730248168 1.6194615297760395
9207 10628960 0.7874780119545686 0.17223538403007466 0.39624 1.2695355730248168 1.6194615297760395
9208 10628960 0.787152801308864 0.1674349000245658 0.39624 1.2695355730248168 1.6194615297760395
9209 10628960 0.7891071119622455 0.1666211001433592 0.39624 1.2695355730248168 1.6194615297760395
9210 10628960 0.7910614226156271 0.16580730026215262 0.39624 1.2695355730248168 1.6194615297760395
9211 10628960 0.7903807583028691 0.16100613211864184 0.39624 1.2695355730248168 1.6194615297760395
9212 10628960 0.7906795394198172 0.15512556041111658 0.39624 1.2695355730248168 1.6194615297760395
9213 10628960 0.7909783205367651 0.14924498870359132 0.39624 1.2695355730248168 1.6194615297760395
9214 10628960 0.7916259344049805 0.14917465674205535 0.3960844897959184 1.2695355730248168 1.6194615297760395
9215 10628960 0.792273548273196 0.14910432478051938 0.3959289795918368 1.2695355730248168 1.6194615297760395
9216 10628960 0.7929211621414114 0.1490339928189834 0.3957734693877552 1.2695355730248168 1.6194615297760395
9217 10628960 0.7935687760096268 0.14896366085744742 0.3956179591836735 1.2695355730248168 1.6194615297760395
9218 10628960 0.7942163898778423 0.14889332889591145 0.3954624489795919 1.2695355730248168 1.6194615297760395
9219 10628960 0.7948640037460577 0.14882299693437548 0.3953069387755103 1.2695355730248168 1.6194615297760395
9220 10628960 0.7955116176142731 0.1487526649728395 0.3951514285714286 1.2695355730248168 1.6194615297760395
9221 10628960 0.7961592314824885 0.14868233301130354 0.39499591836734704 1.2695355730248168 1.6194615297760395
9222 10628960 0.7968068453507039 0.14861200104976754 0.3948404081632653 1.2695355730248168 1.6194615297760395
9223 10628960 0.7974544592189193 0.1485416690882316 0.3946848979591837 1.2695355730248168 1.6194615297760395
9224 10628960 0.7981020730871348 0.1484713371266956 0.3945293877551021 1.2695355730248168 1.6194615297760395
9225 10628960 0.7987496869553502 0.14840100516515964 0.3943738775510205 1.2695355730248168 1.6194615297760395
9226 10628960 0.7993973008235656 0.14833067320362367 0.3942183673469388 1.2695355730248168 1.6194615297760395
9227 10628960 0.8000449146917811 0.1482603412420877 0.3940628571428572 1.2695355730248168 1.6194615297760395
9228 10628960 0.8006925285599965 0.14819000928055173 0.3939073469387756 1.2695355730248168 1.6194615297760395
9229 10628960 0.8013401424282119 0.14811967731901576 0.3937518367346939 1.2695355730248168 1.6194615297760395
9230 10628960 0.8019877562964274 0.1480493453574798 0.3935963265306123 1.2695355730248168 1.6194615297760395
9231 10628960 0.8026353701646428 0.14797901339594385 0.39344081632653066 1.2695355730248168 1.6194615297760395
9232 10628960 0.8032829840328582 0.14790868143440786 0.39328530612244894 1.2695355730248168 1.6194615297760395
9233 10628960 0.8039305979010737 0.14783834947287186 0.3931297959183674 1.2695355730248168 1.6194615297760395
9234 10628960 0.8045782117692891 0.1477680175113359 0.3929742857142857 1.2695355730248168 1.6194615297760395
9235 10628960 0.8052258256375044 0.14769768554979992 0.3928187755102041 1.2695355730248168 1.6194615297760395
9236 10628960 0.8058734395057199 0.14762735358826395 0.3926632653061225 1.2695355730248168 1.6194615297760395
9237 10628960 0.8065210533739353 0.147557021626728 0.3925077551020408 1.2695355730248168 1.6194615297760395
9238 10628960 0.8071686672421508 0.14748668966519202 0.3923522448979592 1.2695355730248168 1.6194615297760395
9239 10628960 0.8078162811103662 0.14741635770365602 0.3921967346938776 1.2695355730248168 1.6194615297760395
9240 10628960 0.8084638949785816 0.14734602574212005 0.392041224489796 1.2695355730248168 1.6194615297760395
9241 10628960 0.8091115088467971 0.14727569378058408 0.3918857142857144 1.2695355730248168 1.6194615297760395
9242 10628960 0.8097591227150125 0.14720536181904811 0.3917302040816327 1.2695355730248168 1.6194615297760395
9243 10628960 0.8104067365832279 0.14713502985751215 0.3915746938775511 1.2695355730248168 1.6194615297760395
9244 10628960 0.8110543504514434 0.14706469789597618 0.3914191836734694 1.2695355730248168 1.6194615297760395
9245 10628960 0.8117019643196588 0.1469943659344402 0.3912636734693878 1.2695355730248168 1.6194615297760395
9246 10628960 0.8123495781878742 0.1469240339729042 0.3911081632653062 1.2695355730248168 1.6194615297760395
9247 10628960 0.8129971920560897 0.14685370201136824 0.3909526530612245 1.2695355730248168 1.6194615297760395
9248 10628960 0.8136448059243051 0.14678337004983227 0.3907971428571429 1.2695355730248168 1.6194615297760395
9249 10628960 0.8142924197925204 0.1467130380882963 0.3906416326530612 1.2695355730248168 1.6194615297760395
9250 10628960 0.8149400336607359 0.14664270612676036 0.3904861224489796 1.2695355730248168 1.6194615297760395
9251 10628960 0.8155876475289513 0.14657237416522434 0.390330612244898 1.2695355730248168 1.6194615297760395
9252 10628960 0.8162352613971667 0.1465020422036884 0.3901751020408164 1.2695355730248168 1.6194615297760395
9253 10628960 0.8168828752653822 0.1464317102421524 0.3900195918367347 1.2695355730248168 1.6194615297760395
9254 10628960 0.8175304891335976 0.14636137828061646 0.38986408163265307 1.2695355730248168 1.6194615297760395
9255 10628960 0.818178103001813 0.14629104631908044 0.38970857142857146 1.2695355730248168 1.6194615297760395
9256 10628960 0.8188257168700285 0.1462207143575445 0.3895530612244898 1.2695355730248168 1.6194615297760395
9257 10628960 0.8194733307382439 0.14615038239600853 0.3893975510204082 1.2695355730248168 1.6194615297760395
9258 10628960 0.8201209446064593 0.14608005043447256 0.3892420408163266 1.2695355730248168 1.6194615297760395
9259 10628960 0.8207685584746748 0.1460097184729366 0.3890865306122449 1.2695355730248168 1.6194615297760395
9260 10628960 0.8214161723428902 0.14593938651140062 0.3889310204081633 1.2695355730248168 1.6194615297760395
9261 10628960 0.8220637862111057 0.14586905454986462 0.3887755102040816 1.2695355730248168 1.6194615297760395
9262 10628960 0.822711400079321 0.14579872258832866 0.38861999999999997 1.2695355730248168 1.6194615297760395
9263 10628960 0.8233590139475364 0.1457283906267927 0.3884644897959184 1.2695355730248168 1.6194615297760395
9264 10628960 0.8240066278157518 0.14565805866525672 0.3883089795918368 1.2695355730248168 1.6194615297760395
9265 10628960 0.8246542416839673 0.14558772670372075 0.3881534693877551 1.2695355730248168 1.6194615297760395
9266 10628960 0.8253018555521827 0.14551739474218478 0.3879979591836735 1.2695355730248168 1.6194615297760395
9267 10628960 0.8259494694203982 0.1454470627806488 0.3878424489795919 1.2695355730248168 1.6194615297760395
9268 10628960 0.8265970832886136 0.1453767308191128 0.3876869387755103 1.2695355730248168 1.6194615297760395
9269 10628960 0.8272446971568291 0.14530639885757685 0.3875314285714286 1.2695355730248168 1.6194615297760395
9270 10628960 0.8278923110250445 0.14523606689604088 0.38737591836734697 1.2695355730248168 1.6194615297760395
9271 10628960 0.8285399248932599 0.1451657349345049 0.3872204081632653 1.2695355730248168 1.6194615297760395
9272 10628960 0.8291875387614753 0.14509540297296894 0.3870648979591837 1.2695355730248168 1.6194615297760395
9273 10628960 0.8298351526296908 0.14502507101143294 0.3869093877551021 1.2695355730248168 1.6194615297760395
9409 10628960 0.9179106387069887 0.1354599242425407 0.36576 1.2695355730248168 1.6194615297760395
9410 10628960 0.925744038701976 0.13769045579049072 0.36576 1.2695355730248168 1.6194615297760395
9411 10628960 0.9354328841926496 0.13744556148334133 0.36576 1.2695355730248168 1.6194615297760395
9412 10628960 0.9451217296833232 0.13720066717619195 0.36576 1.2695355730248168 1.6194615297760395
9413 10628960 0.947391043026338 0.13599193107778007 0.39624 1.2695355730248168 1.6194615297760395
9414 10628960 0.9542622096491074 0.1393546541169547 0.39624 1.2695355730248168 1.6194615297760395
9415 10628960 0.964292481662936 0.13607758018498642 0.39624 1.2695355730248168 1.6194615297760395
9416 10628960 0.9715142804061421 0.1337180958041439 0.39624 1.2695355730248168 1.6194615297760395
9417 10628960 0.977984221642208 0.13721192392413742 0.36576 1.2695355730248168 1.6194615297760395
9418 10628960 0.9876132856182528 0.13406596512519034 0.36576 1.2695355730248168 1.6194615297760395
9419 10628960 0.9939797539198798 0.13724313162902593 0.36576 1.2695355730248168 1.6194615297760395
9420 10628960 0.9923749103484742 0.1377674557294446 0.36576 1.2695355730248168 1.6194615297760395
9421 10628960 1.0040100289431535 0.1339661142913076 0.36576 1.2695355730248168 1.6194615297760395
9422 10628960 1.014056360153634 0.13617469340354654 0.36576 1.2695355730248168 1.6194615297760395
9423 10628960 1.015661204086204 0.1356503742463836 0.36576 1.2695355730248168 1.6194615297760395
9424 10628960 1.0268421848884302 0.13725461457241606 0.36576 1.2695355730248168 1.6194615297760395
9425 10628960 1.0355202921213664 0.13500353704377313 0.36576 1.2695355730248168 1.6194615297760395
9426 10628960 1.0428376873340488 0.13728593237160114 0.36576 1.2695355730248168 1.6194615297760395
9427 10628960 1.0493671768819992 0.1366130365069447 0.37338000000000005 1.2695355730248168 1.6194615297760395
9428 10628960 1.0558966664299496 0.13594014064228824 0.381 1.2695355730248168 1.6194615297760395
9429 10628960 1.0598584051142113 0.13610614805959326 0.38861999999999997 1.2695355730248168 1.6194615297760395
9430 10628960 1.063820143798473 0.13627215547689828 0.39624 1.2695355730248168 1.6194615297760395
9431 10628960 1.0693336387983208 0.13412040264556302 0.39624 1.2695355730248168 1.6194615297760395
9432 10628960 1.0757000573082192 0.13729764150879087 0.39624 1.2695355730248168 1.6194615297760395
9433 10628960 1.0806525337399313 0.1361469636081055 0.39624 1.2695355730248168 1.6194615297760395
9434 10628960 1.0853291211671416 0.1341518163766479 0.39624 1.2695355730248168 1.6194615297760395
9435 10628960 1.0886952378554504 0.12814542550973432 0.39624 1.2695355730248168 1.6194615297760395
9436 10628960 1.0934063173769806 0.126255842740981 0.39624 1.2695355730248168 1.6194615297760395
9437 10628960 1.0991267374605638 0.12473746813552605 0.39624 1.2695355730248168 1.6194615297760395
9438 10628960 1.1017355287026689 0.11804389980283365 0.39624 1.2695355730248168 1.6194615297760395
9439 10628960 1.100837547654608 0.11366424210099615 0.39624 1.2695355730248168 1.6194615297760395
9440 10628960 1.1050784537727054 0.1116946236127498 0.39624 1.2695355730248168 1.6194615297760395
9441 10628960 1.1035265918780757 0.10694445877727322 0.39624 1.2695355730248168 1.6194615297760395
9442 10628960 1.102306971276428 0.1018521007273864 0.39624 1.2695355730248168 1.6194615297760395
9443 10628960 1.1007551096767356 0.0971019358799502 0.39624 0.6872028657446764 -0.7657325092434724
9444 10628960 1.105569668559077 0.0955290388041098 0.39624 0.6872028657446764 -0.7657325092434724
9445 10628960 1.1042353238582896 0.09035733544473393 0.39624 0.6872028657446764 -0.7657325092434724
9446 10628960 1.1062688990252707 0.08829106946010101 0.39624 0.6872028657446764 -0.7657325092434724
9447 10628960 1.1083024741922518 0.08622480347546807 0.39624 0.6872028657446764 -0.7657325092434724
9448 10628960 1.1101642944412151 0.08444830173892759 0.39624 0.6872028657446764 -0.7657325092434724
9449 10628960 1.1120261146901784 0.08267180000238711 0.39624 0.6872028657446764 -0.7657325092434724
9450 10628960 1.112690600403666 0.08198741438108295 0.39624 0.6872028657446764 -0.7657325092434724
9451 10628960 1.117906383775014 0.0802834515406998 0.39624 0.6872028657446764 -0.7657325092434724
9452 10628960 1.1216552532711803 0.07952602456086251 0.39624 0.6872028657446764 -0.7657325092434724
9453 10628960 1.122801197010781 0.07868435146728757 0.39624 0.6872028657446764 -0.7657325092434724
9454 10628960 1.1328017496811 0.08102487511047747 0.39624 0.6872028657446764 -0.7657325092434724
9455 10628960 1.137616319560704 0.07945199995273966 0.39624 0.6872028657446764 -0.7657325092434724
9456 10628960 1.1448381763966304 0.07709269339061672 0.39624 0.6872028657446764 -0.7657325092434724
9457 10628960 1.1493822038345989 0.08121582673937654 0.39624 0.6872028657446764 -0.7657325092434724
9458 10628960 1.1545177449387882 0.0795381054511704 0.39624 0.6872028657446764 -0.7657325092434724
9459 10628960 1.1609106540243759 0.08007819391193348 0.39624 0.6872028657446764 -0.7657325092434724
9460 10628960 1.1673035631099642 0.08061828237269651 0.39624 0.6872028657446764 -0.7657325092434724
9461 10628960 1.1697108481883487 0.0798318565929435 0.39624 0.6872028657446764 -0.7657325092434724
9462 10628960 1.1721181332667334 0.07904543081319049 0.39624 0.6872028657446764 -0.7657325092434724
9463 10628960 1.1817631976351672 0.08138532011293789 0.39624 0.6872028657446764 -0.7657325092434724
9464 10628960 1.1865777672680762 0.079812478442931 0.39624 0.6872028657446764 -0.7657325092434724
9465 10628960 1.1915929456962742 0.07817410699167078 0.39624 0.6872028657446764 -0.7657325092434724
9466 10628960 1.1966081241244724 0.07653573554041053 0.39624 0.6872028657446764 -0.7657325092434724
9467 10628960 1.203054735745209 0.07968687662900323 0.39624 0.6872028657446764 -0.7657325092434724
9468 10628960 1.2046655605298917 0.07945271380522326 0.39624 0.6872028657446764 -0.7657325092434724
9469 10628960 1.2062763853145746 0.07921855098144327 0.39624 0.6872028657446764 -0.7657325092434724
9470 10628960 1.2128237970334537 0.07941614565558762 0.39624 0.6872028657446764 -0.7657325092434724
9471 10628960 1.2193712087523323 0.079613740329732 0.39624 0.6872028657446764 -0.7657325092434724
9472 10628960 1.224370133703521 0.07914895654770318 0.39624 0.6872028657446764 -0.7657325092434724
9473 10628960 1.2293690586547097 0.07868417276567435 0.39624 0.6872028657446764 -0.7657325092434724
9474 10628960 1.234367983605898 0.07821938898364554 0.39624 0.6872028657446764 -0.7657325092434724
9475 10628960 1.2393669085570864 0.07775460520161671 0.39624 0.6872028657446764 -0.7657325092434724
9476 10628960 1.2443658335082748 0.0772898214195879 0.39624 0.6872028657446764 -0.7657325092434724
9477 10628960 1.2478399229810988 0.07705058533854041 0.39116 0.6872028657446764 -0.7657325092434724
9478 10628960 1.2513140124539226 0.07681134925749293 0.38608 0.6872028657446764 -0.7657325092434724
9479 10628960 1.2547881019267466 0.07657211317644544 0.381 0.6872028657446764 -0.7657325092434724
9480 10628960 1.2582621913995704 0.07633287709539795 0.37592 0.6872028657446764 -0.7657325092434724
9481 10628960 1.2617362808723942 0.07609364101435045 0.37084 0.6872028657446764 -0.7657325092434724
9482 10628960 1.265210370345218 0.07585440493330296 0.36576 0.6872028657446764 -0.7657325092434724
9483 10628960 1.267330715725169 0.07630403636853303 0.36576 0.6872028657446764 -0.7657325092434724
9484 10628960 1.2694510611051202 0.0767536678037631 0.36576 0.6872028657446764 -0.7657325092434724
9485 10628960 1.2715714064850707 0.07720329923899318 0.36576 0.6872028657446764 -0.7657325092434724
9486 10628960 1.2736917518650217 0.07765293067422324 0.36576 0.6872028657446764 -0.7657325092434724
9487 10628960 1.275812097244973 0.07810256210945331 0.36576 0.6872028657446764 -0.7657325092434724
9488 10628960 1.2779324426249237 0.07855219354468337 0.36576 0.6872028657446764 -0.7657325092434724
9489 10628960 1.2800527880048744 0.07900182497991345 0.36576 0.6872028657446764 -0.7657325092434724
9490 10628960 1.2821731333848254 0.07945145641514352 0.36576 0.6872028657446764 -0.7657325092434724
9491 10628960 1.2842934787647764 0.07990108785037359 0.36576 0.6872028657446764 -0.7657325092434724
9492 10628960 1.2867007640889208 0.07911470207880482 0.36576 0.6872028657446764 -0.7657325092434724
