9932 11322591 3.2061355665216418 0.031668769538948684 0.54864 0.0 0.0
9933 11322591 3.1738144942162734 0.031938501845636715 0.54864 0.0 0.0
9934 11322591 3.1393914524945283 0.025768706595788643 0.54864 0.0 0.0
9935 11322591 3.105256269062081 0.021841402857282168 0.54864 0.0 0.0
9936 11322591 3.0726765766441053 0.02131990719121521 0.54864 0.0 0.0
9937 11322591 3.04009688422613 0.020798411525148247 0.54864 0.0 0.0
9938 11322591 3.007764248983653 0.02130622787838241 0.54864 0.0 0.0
9939 11322591 2.9749377901380067 0.02057364856499186 0.54864 0.0 0.0
9940 11322591 2.9421113312923604 0.019841069251601312 0.54864 0.0 0.0
9941 11322591 2.9112889074091868 0.015183638563463138 0.54864 0.0 0.0
9942 11322591 2.879358815775356 0.01801373315244245 0.5181600000000001 0.0 0.0
9943 11322591 2.8469570592039317 0.01831114748508242 0.5181600000000001 0.0 0.0
9944 11322591 2.814129893750968 0.016761680023590048 0.5181600000000001 0.0 0.0
9945 11322591 2.78305620840613 0.01405583027311022 0.5181600000000001 0.0 0.0
9946 11322591 2.7502289364673924 0.012506657445760877 0.5181600000000001 0.0 0.0
9947 11322591 2.718786845855329 0.0075849685525039845 0.5181600000000001 0.0 0.0
9948 11322591 2.6857989714035164 0.006088485580666408 0.5181600000000001 0.0 0.0
9949 11322591 2.6534884977639805 0.00612325531077776 0.5181600000000001 0.0 0.0
9950 11322591 2.624304877127011 0.0010486847952810574 0.48768 0.0 0.0
9951 11322591 2.5912591991809 -0.0008957458044131505 0.48768 0.0 0.0
9952 11322591 2.5582135212347885 -0.0028401764041073585 0.48768 0.0 0.0
9953 11322591 2.525156447797856 -0.004547046770527724 0.48768 0.0 0.0
9954 11322591 2.49470158896542 -0.006986569318745611 0.48768 0.0 0.0
9955 11322591 2.4640484710188284 -0.005681392533960245 0.48768 0.0 0.0
9956 11322591 2.4333953530722368 -0.0043762157491748785 0.48768 0.0 0.0
9957 11322591 2.4014647641461604 -0.0015439679525608152 0.48768 0.0 0.0
9958 11322591 2.368407468472149 -0.0032501090290059376 0.4572000000000001 0.0 0.0
9959 11322591 2.3355106062245774 -0.005008498383347687 0.4572000000000001 0.0 0.0
9960 11322591 2.3043176830381973 -0.004811440529003702 0.4572000000000001 0.0 0.0
9961 11322591 2.2731247598518167 -0.004614382674659717 0.4572000000000001 0.0 0.0
9962 11322591 2.2394269733629377 -0.003657559734606658 0.4572000000000001 0.0 0.0
9963 11322591 2.2057291868740587 -0.0027007367945535987 0.4572000000000001 0.0 0.0
9964 11322591 2.173808012266207 -0.002557465235698025 0.4572000000000001 0.0 0.0
9965 11322591 2.1411877763169445 -0.0018353269157746765 0.4572000000000001 0.0 0.0
9966 11322591 2.108199046068268 -0.003329129652592494 0.4572000000000001 0.0 0.0
9967 11322591 2.077571232408355 -0.006294685182806709 0.4572000000000001 0.0 0.0
9968 11322591 2.044985343974763 -0.005466541148363952 0.4572000000000001 0.0 0.0
9969 11322591 2.0162641603282214 -0.0036807245434559155 0.4572000000000001 0.0 0.0
9970 11322591 1.986051052345 -0.003744008898602547 0.4572000000000001 0.0 0.0
9971 11322591 1.953797340921361 -0.003257596758903747 0.4572000000000001 0.0 0.0
9972 11322591 1.9247093401307047 -0.0012348194336000704 0.4572000000000001 0.0 0.0
9973 11322591 1.8944961353676533 -0.0012977138202304726 0.4572000000000001 0.0 0.0
9974 11322591 1.863445965074672 -0.0012039116483811426 0.44196 0.0 0.0
9975 11322591 1.832395794781691 -0.0011101094765318118 0.42672 0.0 0.0
9976 11322591 1.8067367923302433 0.0018960480844330552 0.42672 0.0 0.0
9977 11322591 1.7757649854901336 -0.0004887158862523222 0.42672 0.0 0.0
9978 11322591 1.747504279720248 0.004068286190507643 0.42672 0.0 0.0
9979 11322591 1.7168301819797167 0.001236054387041996 0.42672 0.0 0.0
9980 11322591 1.689310556373968 0.0001774014464907547 0.42672 0.0 0.0
9981 11322591 1.663468405263468 0.0037111595783793643 0.42672 0.0 0.0
9982 11322591 1.634414647171848 0.005840750789950319 0.42672 0.0 0.0
9983 11322591 1.605360889080228 0.007970342001521273 0.42672 0.0 0.0
9984 11322591 1.5718780638294452 0.006056059317807297 0.42672 0.0 0.0
9985 11322591 1.5420312176143611 0.005758056480913251 0.39624 0.0 0.0
9986 11322591 1.5129773718422197 0.007888086203006961 0.39624 0.0 0.0
9987 11322591 1.4749493189868383 0.00021577571048904398 0.39624 0.0 0.0
9988 11322591 1.4477541839043746 0.0039586238589496 0.39624 0.0 0.0
9989 11322591 1.4205590488219109 0.007701472007410156 0.39624 0.0 0.0
9990 11322591 1.3927964501246155 0.0042699239087987395 0.39624 0.0 0.0
9991 11322591 1.3594512222060944 0.002778883951925104 0.39624 0.0 0.0
9992 11322591 1.3355394068672803 0.004339786264774173 0.39624 0.0 0.0
9993 11322591 1.3116275915284663 0.005900688577623242 0.39624 0.0 0.0
9994 11322591 1.2849054977536891 0.0038431282456869173 0.39624 0.0 0.0
9995 11322591 1.2581834039789122 0.0017855679137505907 0.39624 0.0 0.0
9996 11322591 1.231461310204135 -0.00027199241818573466 0.39624 0.0 0.0
9997 11322591 1.2083564804514708 -0.00031780554025428315 0.39624 0.0 0.0
9998 11322591 1.1852516506988064 -0.00036361866232283163 0.39624 0.0 0.0
9999 11322591 1.1672293177798814 0.003187437282148417 0.39624 0.0 0.0
10000 11322591 1.1422078881688336 0.0010809296440405514 0.39624 0.0 0.0
10001 11322591 1.1235873626626087 0.002257358295842893 0.39624 0.0 0.0
10002 11322591 1.0977501682437516 -0.0018021932499529406 0.39624 0.0 0.0
10003 11322591 1.0793126433383269 -0.0011527458294566804 0.39624 0.0 0.0
10004 11322591 1.0618154853993746 -0.00034314643383318017 0.39624 0.0 0.0
10005 11322591 1.044318327460422 0.00046645296179032014 0.39624 0.0 0.0
10006 11322591 1.0277018182620106 -0.0014649384404578358 0.39624 0.0 0.0
10007 11322591 1.0121669956199448 0.0012738234273592663 0.39624 0.0 0.0
10008 11322591 0.9926729555689164 4.895620159757474e-05 0.39624 0.0 0.0
10009 11322591 0.9761144379367576 -0.0010250635483849552 0.39624 0.0 0.0
10010 11322591 0.9595559203045991 -0.002099083298367485 0.39624 0.0 0.0
10011 11322591 0.9406590358836079 -0.0021753991895916078 0.39624 0.0 0.0
10012 11322591 0.9217621514626172 -0.0022517150808157305 0.39624 0.0 0.0
10013 11322591 0.9047330462401932 -0.003814400450136257 0.39624 0.0 0.0
10014 11322591 0.891582277626368 -0.002204782197062965 0.39624 0.0 0.0
10015 11322591 0.8784593290465654 -0.0015972433191797015 0.39624 0.0 0.0
10016 11322591 0.8653363804667628 -0.000989704441296438 0.39624 0.0 0.0
10017 11322591 0.8544781841024768 -0.000245887296992639 0.39624 0.0 0.0
10018 11322591 0.8429991857060413 -0.0014021009343222895 0.39624 0.0 0.0
10019 11322591 0.831852420228112 -0.0029005026314270904 0.39624 0.0 0.0
10020 11322591 0.8242855903274946 -0.0015964519839035338 0.39624 0.0 0.0
10021 11322591 0.8167187604268772 -0.00029240133637997717 0.39624 0.0 0.0
10022 11322591 0.8085145712707027 -0.00012359625686320094 0.39624 0.0 0.0
10023 11322591 0.8003103821145283 4.5208822653575176e-05 0.39624 0.0 0.0
10024 11322591 0.7990651428131874 0.005475628432864116 0.39624 0.0 0.0
10025 11322591 0.7949403154766095 0.009159895565003198 0.39624 0.0 0.0
10026 11322591 0.7908154881400316 0.012844162697142279 0.39624 0.0 0.0
10027 11322591 0.7882771930713578 0.02138409751346651 0.39624 0.0 0.0
10028 11322591 0.7842903380770742 0.02549060104477463 0.39624 0.0 0.0
10029 11322591 0.7856699290846865 0.029712916801470327 0.39624 0.0 0.0
10030 11322591 0.7848146702867485 0.03524957895742969 0.39624 0.0 0.0
10031 11322591 0.7839594114888104 0.04078624111338905 0.39624 0.0 0.0
10032 11322591 0.7839817471707078 0.04080212590765562 0.39624 0.0 0.0
10033 11322591 0.7840040828526053 0.04081801070192219 0.39624 0.0 0.0
10034 11322591 0.7840264185345026 0.040833895496188766 0.39624 0.0 0.0
10035 11322591 0.7840487542164001 0.040849780290455336 0.39624 0.0 0.0
10036 11322591 0.7840710898982974 0.04086566508472191 0.39624 0.0 0.0
10037 11322591 0.7840934255801948 0.04088154987898848 0.39624 0.0 0.0
10038 11322591 0.7841157612620921 0.04089743467325505 0.39624 0.0 0.0
10039 11322591 0.7841380969439895 0.04091331946752162 0.39624 0.0 0.0
10040 11322591 0.7841604326258871 0.040929204261788185 0.39624 0.0 0.0
10041 11322591 0.7841827683077843 0.04094508905605476 0.39624 0.0 0.0
10042 11322591 0.7842051039896817 0.04096097385032133 0.39624 0.0 0.0
10043 11322591 0.7842274396715792 0.0409768586445879 0.39624 1.0283106210632738 0.03422456732325968
10044 11322591 0.7842497753534765 0.04099274343885447 0.39624 1.0283106210632738 0.03422456732325968
10045 11322591 0.7842721110353739 0.04100862823312105 0.39624 1.0283106210632738 0.03422456732325968
10046 11322591 0.7842944467172713 0.04102451302738762 0.39624 1.0283106210632738 0.03422456732325968
10047 11322591 0.7843167823991687 0.04104039782165419 0.39624 1.0283106210632738 0.03422456732325968
10048 11322591 0.7843391180810658 0.041056282615920765 0.39624 1.0283106210632738 0.03422456732325968
10049 11322591 0.7843614537629634 0.04107216741018733 0.39624 1.0283106210632738 0.03422456732325968
10050 11322591 0.7843837894448609 0.0410880522044539 0.39624 1.0283106210632738 0.03422456732325968
10051 11322591 0.7844061251267582 0.04110393699872048 0.39624 1.0283106210632738 0.03422456732325968
10052 11322591 0.7844284608086556 0.04111982179298705 0.39624 1.0283106210632738 0.03422456732325968
10053 11322591 0.784450796490553 0.04113570658725362 0.39624 1.0283106210632738 0.03422456732325968
10054 11322591 0.7844731321724504 0.04115159138152018 0.39624 1.0283106210632738 0.03422456732325968
10055 11322591 0.7844954678543478 0.04116747617578676 0.39624 1.0283106210632738 0.03422456732325968
10056 11322591 0.7845178035362452 0.04118336097005333 0.39624 1.0283106210632738 0.03422456732325968
10057 11322591 0.7845401392181426 0.0411992457643199 0.39624 1.0283106210632738 0.03422456732325968
10058 11322591 0.7845624749000399 0.04121513055858647 0.39624 1.0283106210632738 0.03422456732325968
10059 11322591 0.7845848105819373 0.041231015352853034 0.39624 1.0283106210632738 0.03422456732325968
10060 11322591 0.7846071462638348 0.04124690014711961 0.39624 1.0283106210632738 0.03422456732325968
10061 11322591 0.7846294819457321 0.04126278494138619 0.39624 1.0283106210632738 0.03422456732325968
10062 11322591 0.7846518176276295 0.041278669735652765 0.39624 1.0283106210632738 0.03422456732325968
10063 11322591 0.7846741533095271 0.04129455452991933 0.39624 1.0283106210632738 0.03422456732325968
10064 11322591 0.7846964889914243 0.0413104393241859 0.39624 1.0283106210632738 0.03422456732325968
10065 11322591 0.7847188246733217 0.04132632411845247 0.39624 1.0283106210632738 0.03422456732325968
10066 11322591 0.7847411603552191 0.04134220891271904 0.39624 1.0283106210632738 0.03422456732325968
10067 11322591 0.7847634960371165 0.04135809370698562 0.39624 1.0283106210632738 0.03422456732325968
10068 11322591 0.7847858317190138 0.04137397850125218 0.39624 1.0283106210632738 0.03422456732325968
10069 11322591 0.7848081674009112 0.04138986329551875 0.39624 1.0283106210632738 0.03422456732325968
10070 11322591 0.7848305030828087 0.041405748089785324 0.39624 1.0283106210632738 0.03422456732325968
10071 11322591 0.7848528387647059 0.04142163288405189 0.39624 1.0283106210632738 0.03422456732325968
10072 11322591 0.7848751744466034 0.04143751767831847 0.39624 1.0283106210632738 0.03422456732325968
10073 11322591 0.7848975101285008 0.04145340247258504 0.39624 1.0283106210632738 0.03422456732325968
10074 11322591 0.7849198458103982 0.04146928726685161 0.39624 1.0283106210632738 0.03422456732325968
10075 11322591 0.7849421814922956 0.04148517206111818 0.39624 1.0283106210632738 0.03422456732325968
10076 11322591 0.7849645171741929 0.04150105685538475 0.39624 1.0283106210632738 0.03422456732325968
10077 11322591 0.7849868528560904 0.04151694164965132 0.39624 1.0283106210632738 0.03422456732325968
10078 11322591 0.7850091885379877 0.0415328264439179 0.39624 1.0283106210632738 0.03422456732325968
10079 11322591 0.7850315242198851 0.04154871123818447 0.39624 1.0283106210632738 0.03422456732325968
10080 11322591 0.7850538599017826 0.04156459603245104 0.39624 1.0283106210632738 0.03422456732325968
10081 11322591 0.7850761955836799 0.041580480826717614 0.39624 1.0283106210632738 0.03422456732325968
10082 11322591 0.7850985312655773 0.041596365620984184 0.39624 1.0283106210632738 0.03422456732325968
10083 11322591 0.7851208669474747 0.04161225041525075 0.39624 1.0283106210632738 0.03422456732325968
10084 11322591 0.7851432026293721 0.041628135209517324 0.39624 1.0283106210632738 0.03422456732325968
10085 11322591 0.7851655383112695 0.04164402000378389 0.39624 1.0283106210632738 0.03422456732325968
10086 11322591 0.7851878739931669 0.041659904798050464 0.39624 1.0283106210632738 0.03422456732325968
10087 11322591 0.7852102096750643 0.04167578959231704 0.39624 1.0283106210632738 0.03422456732325968
10088 11322591 0.7852325453569616 0.0416916743865836 0.39624 1.0283106210632738 0.03422456732325968
10089 11322591 0.785254881038859 0.04170755918085018 0.39624 1.0283106210632738 0.03422456732325968
10090 11322591 0.7852772167207565 0.04172344397511675 0.39624 1.0283106210632738 0.03422456732325968
10091 11322591 0.7852995524026538 0.04173932876938332 0.39624 1.0283106210632738 0.03422456732325968
12077 11322591 0.82965821665087 0.0732865301827937 0.39624 0.0 0.0
12078 11322591 0.8366358061689392 0.07357691345029235 0.39624 0.0 0.0
12079 11322591 0.8436133956870083 0.07386729671779102 0.39624 0.0 0.0
12080 11322591 0.8514215726245445 0.07330217677868002 0.39624 0.0 0.0
12081 11322591 0.8650445019635528 0.0742251907569288 0.39624 0.0 0.0
12082 11322591 0.8705143642333761 0.07465773857148729 0.39624 0.0 0.0
12083 11322591 0.8756499101207924 0.0729798138343446 0.39624 0.0 0.0
12084 11322591 0.8807963275408237 0.07398535578405646 0.39624 0.0 0.0
12085 11322591 0.8859427449608549 0.07499089773376832 0.39624 0.0 0.0
12086 11322591 0.9040324663934072 0.0766742662348168 0.39624 0.0 0.0
12087 11322591 0.9102955483469284 0.07953468689532127 0.39624 0.0 0.0
12088 11322591 0.9223319776102148 0.07560212471381303 0.39624 0.0 0.0
12089 11322591 0.9264310300007389 0.07537273274268355 0.39624 0.0 0.0
12090 11322591 0.9305300823912632 0.07514334077155406 0.39624 0.0 0.0
12091 11322591 0.9414339097686072 0.07426786250312006 0.39624 0.0 0.0
12092 11322591 0.9481936141662826 0.07457111779985594 0.39624 0.0 0.0
12093 11322591 0.9549533185639579 0.07487437309659181 0.39624 0.0 0.0
12094 11322591 0.9652722186605862 0.07383955562330732 0.39624 0.0 0.0
12095 11322591 0.9731838299393496 0.07359124579208104 0.39624 0.0 0.0
12096 11322591 0.9815543602374892 0.07366031428803513 0.39624 0.0 0.0
12097 11322591 0.9903851717346992 0.07568188266632625 0.39624 0.0 0.0
12098 11322591 0.997928004082132 0.07321756044320668 0.39624 0.0 0.0
12099 11322591 1.0114818685127802 0.0739297374201058 0.39624 0.0 0.0
12100 11322591 1.0169861801539564 0.07446795672971486 0.39624 0.0 0.0
12101 11322591 1.0218007545182046 0.07289500235886681 0.39624 0.0 0.0
12102 11322591 1.029815811377392 0.07296343240526848 0.39624 0.0 0.0
12103 11322591 1.0388873247186658 0.07490641345596001 0.39624 0.0 0.0
12104 11322591 1.048917688566812 0.07162946010652026 0.39624 0.0 0.0
12105 11322591 1.0615816328267549 0.07777279624274437 0.39624 0.0 0.0
12106 11322591 1.0667238235364112 0.0772026856151841 0.39624 0.0 0.0
12107 11322591 1.0718660142460672 0.07663257498762384 0.39624 0.0 0.0
12108 11322591 1.081495161089388 0.07348674460987388 0.39624 0.0 0.0
12109 11322591 1.0880791152623592 0.0762424596978333 0.39624 0.0 0.0
12110 11322591 1.0987421623346374 0.07544587695201703 0.39624 0.0 0.0
12111 11322591 1.1094052094069151 0.07464929420620073 0.39624 0.0 0.0
12112 11322591 1.1173167799631225 0.07440114955016143 0.39624 0.0 0.0
12113 11322591 1.1252283505193292 0.07415300489412212 0.39624 0.0 0.0
12114 11322591 1.133312344567723 0.07443267045296606 0.39624 0.0 0.0
12115 11322591 1.1415906391581336 0.07394791604947329 0.39624 0.0 0.0
12116 11322591 1.1497217161534108 0.07573095053619965 0.39624 0.0 0.0
12117 11322591 1.1578527931486875 0.077513985022926 0.39624 0.0 0.0
12118 11322591 1.1673973892996403 0.07614827798729508 0.39624 0.0 0.0
12119 11322591 1.1769419854505931 0.07478257095166416 0.39624 0.0 0.0
12120 11322591 1.1849569922792529 0.07485117608596949 0.39624 0.0 0.0
12121 11322591 1.1924140519379407 0.07502418466132621 0.39624 0.0 0.0
12122 11322591 1.1998711115966292 0.07519719323668292 0.39624 0.0 0.0
12123 11322591 1.2073281712553172 0.07537020181203967 0.39624 0.0 0.0
12124 11322591 1.2175435498881977 0.07401907243192164 0.39624 0.0 0.0
12125 11322591 1.226351677272035 0.07651559899029693 0.39624 0.0 0.0
12126 11322591 1.2344581839880575 0.07632071789152302 0.39624 0.0 0.0
12127 11322591 1.24256469070408 0.07612583679274916 0.39624 0.0 0.0
12128 11322591 1.2523543240688633 0.0729278134145648 0.39624 0.0 0.0
12129 11322591 1.2558757064279469 0.07446444209095836 0.39624 0.0 0.0
12130 11322591 1.2661600421322197 0.07332450322625846 0.39624 0.0 0.0
12131 11322591 1.275195842116558 0.07379963747665019 0.39624 0.0 0.0
12132 11322591 1.284231642100896 0.07427477172704193 0.39624 0.0 0.0
12133 11322591 1.2932674420852344 0.07474990597743365 0.39624 0.0 0.0
12134 11322591 1.2994434416697564 0.07652920938583553 0.39624 0.0 0.0
12135 11322591 1.3056194412542783 0.07830851279423738 0.39624 0.0 0.0
12136 11322591 1.3122351404231178 0.07789976666535395 0.39624 0.0 0.0
12137 11322591 1.3188508395919576 0.07749102053647054 0.39624 0.0 0.0
12138 11322591 1.3254665387607971 0.07708227440758714 0.39624 0.0 0.0
12139 11322591 1.3320822379296369 0.07667352827870373 0.39624 0.0 0.0
12140 11322591 1.344946249940998 0.07527513546627601 0.39624 0.0 0.0
12141 11322591 1.3494819160191065 0.0762468261977505 0.39624 0.0 0.0
12142 11322591 1.3540175820972145 0.07721851692922498 0.39624 0.0 0.0
12143 11322591 1.3597399708245308 0.07815303069502948 0.39624 -2.3864760276694317 -0.9596587984065637
12144 11322591 1.3696900871535531 0.07490274644800515 0.39624 -2.3864760276694317 -0.9596587984065637
12145 11322591 1.3782912272996886 0.07676609746531705 0.39624 -2.3864760276694317 -0.9596587984065637
12146 11322591 1.3831058000923164 0.07519339021334931 0.39624 -2.3864760276694317 -0.9596587984065637
12147 11322591 1.3911207423701901 0.07526222808321806 0.39624 -2.3864760276694317 -0.9596587984065637
12148 11322591 1.3967283956049883 0.0761174227313006 0.39624 -2.3864760276694317 -0.9596587984065637
12149 11322591 1.4018639404284459 0.07443988189730733 0.39624 -2.3864760276694317 -0.9596587984065637
12150 11322591 1.4063137079178671 0.07555648662201071 0.39624 -2.3864760276694317 -0.9596587984065637
12151 11322591 1.4107634754072882 0.0766730913467141 0.39624 -2.3864760276694317 -0.9596587984065637
12152 11322591 1.4107674248588968 0.07643243710509699 0.39624 -2.3864760276694317 -0.9596587984065637
12153 11322591 1.4107713743105053 0.07619178286347991 0.39624 -2.3864760276694317 -0.9596587984065637
12154 11322591 1.4107753237621141 0.07595112862186283 0.39624 -2.3864760276694317 -0.9596587984065637
12155 11322591 1.4107792732137223 0.07571047438024572 0.39624 -2.3864760276694317 -0.9596587984065637
12156 11322591 1.410783222665331 0.07546982013862863 0.39624 -2.3864760276694317 -0.9596587984065637
