24784 10552248 -2.838548503271464 3.4414671341677145 0.762 1.5314650184869447 1.3744057314893527
24785 10552248 -2.8005990869847066 3.4000632600273497 0.762 1.5314650184869447 1.3744057314893527
24786 10552248 -2.7427584120600943 3.344552168767134 0.75438 1.5314650184869447 1.3744057314893527
24787 10552248 -2.7084330842821114 3.3164879976105333 0.75438 1.5314650184869447 1.3744057314893527
24788 10552248 -2.6737472323504736 3.284099456021973 0.75438 1.5314650184869447 1.3744057314893527
24789 10552248 -2.63479654889836 3.2441219686476184 0.75438 1.5314650184869447 1.3744057314893527
24790 10552248 -2.597085609380517 3.210393134131181 0.762 1.5314650184869447 1.3744057314893527
24791 10552248 -2.5609635989626565 3.1718097102030725 0.762 1.5314650184869447 1.3744057314893527
24792 10552248 -2.527917569223484 3.1382063766488697 0.762 1.5314650184869447 1.3744057314893527
24793 10552248 -2.487289614994282 3.099550712885266 0.76962 1.5314650184869447 1.3744057314893527
24794 10552248 -2.4305179194005517 3.046730524827925 0.7772399999999999 1.5314650184869447 1.3744057314893527
24795 10552248 -2.3955669762334293 3.009583579674372 0.7734300000000001 1.5314650184869447 1.3744057314893527
24796 10552248 -2.3606160330663077 2.9724366345208195 0.76962 1.5314650184869447 1.3744057314893527
24797 10552248 -2.3456538334968227 2.9577824630157226 0.7734300000000001 1.5314650184869447 1.3744057314893527
24798 10552248 -2.330691633927338 2.9431282915106256 0.7772399999999999 1.5314650184869447 1.3744057314893527
24799 10552248 -2.2701231950199894 2.8742278332282414 0.7772399999999999 1.5314650184869447 1.3744057314893527
24800 10552248 -2.238547521899397 2.8366677738628487 0.78486 1.5314650184869447 1.3744057314893527
24801 10552248 -2.202429815136836 2.7923633042697613 0.78486 1.5314650184869447 1.3744057314893527
24802 10552248 -2.166326948307554 2.7534389459194317 0.7924800000000001 1.5314650184869447 1.3744057314893527
24803 10552248 -2.13346673655096 2.7154592966228126 0.7924800000000001 1.5314650184869447 1.3744057314893527
24804 10552248 -2.0994240806827342 2.678378234921102 0.78486 1.5314650184869447 1.3744057314893527
24805 10552248 -2.067994715257424 2.641451612725401 0.78486 1.5314650184869447 1.3744057314893527
24806 10552248 -2.0302324295044194 2.607593925723615 0.78486 1.5314650184869447 1.3744057314893527
24807 10552248 -2.0097351999106445 2.5861052182039304 0.78486 1.5314650184869447 1.3744057314893527
24808 10552248 -1.9892379703168692 2.5646165106842456 0.78486 1.5314650184869447 1.3744057314893527
24809 10552248 -1.9481549574623456 2.5273358983197074 0.78486 1.5314650184869447 1.3744057314893527
24810 10552248 -1.916989267491688 2.4977410447910877 0.78486 1.5314650184869447 1.3744057314893527
24811 10552248 -1.8838892659471005 2.474056720601545 0.78486 1.5314650184869447 1.3744057314893527
24812 10552248 -1.8512569399673808 2.443515000210513 0.78486 1.5314650184869447 1.3744057314893527
24813 10552248 -1.7810628301180849 2.3901667804000306 0.78486 1.5314650184869447 1.3744057314893527
24814 10552248 -1.7464577781420332 2.3638878272467654 0.78486 1.5314650184869447 1.3744057314893527
24815 10552248 -1.7118527261659808 2.3376088740935 0.78486 1.5314650184869447 1.3744057314893527
24816 10552248 -1.6787781271916142 2.311129981431687 0.78486 1.5314650184869447 1.3744057314893527
24817 10552248 -1.6435039757830068 2.2832305886954134 0.78486 1.5314650184869447 1.3744057314893527
24818 10552248 -1.6082295809691942 2.255331369850321 0.78486 1.5314650184869447 1.3744057314893527
24819 10552248 -1.5663143630192429 2.2205860024424733 0.7772399999999999 1.5314650184869447 1.3744057314893527
24820 10552248 -1.5317725512921394 2.193160703125559 0.7772399999999999 1.5314650184869447 1.3744057314893527
24821 10552248 -1.4791763640467042 2.154687936200616 0.7772399999999999 1.5314650184869447 1.3744057314893527
24822 10552248 -1.4578405314442902 2.136841499258115 0.78486 1.5314650184869447 1.3744057314893527
24823 10552248 -1.4291537982320546 2.1159477615437297 0.78105 1.5314650184869447 1.3744057314893527
24824 10552248 -1.4004670650198192 2.095054023829344 0.7772399999999999 1.5314650184869447 1.3744057314893527
24825 10552248 -1.3649391941014752 2.0668399402054765 0.7772399999999999 1.5314650184869447 1.3744057314893527
24826 10552248 -1.3316307950136828 2.0421563549673825 0.7772399999999999 1.5314650184869447 1.3744057314893527
24827 10552248 -1.2861185972620015 2.0031988457281864 0.7772399999999999 1.5314650184869447 1.3744057314893527
24828 10552248 -1.2448302719425757 1.9600151357066755 0.7772399999999999 1.5314650184869447 1.3744057314893527
24829 10552248 -1.210049625373549 1.9292424651868176 0.7772399999999999 1.5314650184869447 1.3744057314893527
24830 10552248 -1.1772610668464571 1.9005237508201658 0.76962 1.5314650184869447 1.3744057314893527
24831 10552248 -1.1449952892162865 1.8753646157391217 0.76962 1.5314650184869447 1.3744057314893527
24832 10552248 -1.1165656295518258 1.844450089334161 0.7772399999999999 1.5314650184869447 1.3744057314893527
24833 10552248 -1.077467040303936 1.809228219618747 0.76962 1.5314650184869447 1.3744057314893527
24834 10552248 -1.029714142903876 1.77222760025397 0.76962 1.5314650184869447 1.3744057314893527
24835 10552248 -1.0210335293699178 1.7640137990644504 0.76962 1.5314650184869447 1.3744057314893527
24836 10552248 -1.0123529158359597 1.7557999978749308 0.76962 1.5314650184869447 1.3744057314893527
24837 10552248 -0.9521549388497551 1.7036300246017488 0.7772399999999999 1.5314650184869447 1.3744057314893527
24838 10552248 -0.9044669679343308 1.6688718064835129 0.76962 1.5314650184869447 1.3744057314893527
24839 10552248 -0.8579819945937432 1.63450744782642 0.76962 1.5314650184869447 1.3744057314893527
24840 10552248 -0.8312565242636276 1.615076466789736 0.76962 1.5314650184869447 1.3744057314893527
24841 10552248 -0.8045310539335121 1.5956454857530515 0.76962 1.5314650184869447 1.3744057314893527
24842 10552248 -0.7685174947897313 1.5672769376849283 0.76962 1.5314650184869447 1.3744057314893527
24843 10552248 -0.7329654793604028 1.5361386628271665 0.762 1.5314650184869447 1.3744057314893527
24844 10552248 -0.7168372559925504 1.5232699692920717 0.762 1.5314650184869447 1.3744057314893527
24845 10552248 -0.6642366322584656 1.4815329916727331 0.762 1.5314650184869447 1.3744057314893527
24846 10552248 -0.6293023125256032 1.4509479939800425 0.762 1.5314650184869447 1.3744057314893527
24847 10552248 -0.5951057176685739 1.4267968088079124 0.762 1.5314650184869447 1.3744057314893527
24848 10552248 -0.5587846160399397 1.3952915028871922 0.75438 1.5314650184869447 1.3744057314893527
24849 10552248 -0.5328220339398497 1.3690429464646627 0.75438 1.5314650184869447 1.3744057314893527
24850 10552248 -0.4999301231659707 1.3411714977699942 0.75438 1.5314650184869447 1.3744057314893527
24851 10552248 -0.4670382123920918 1.3133000490753255 0.75438 1.5314650184869447 1.3744057314893527
24852 10552248 -0.41974751219262463 1.2678106819798292 0.7467600000000001 1.5314650184869447 1.3744057314893527
24853 10552248 -0.4056559675699737 1.2525128547827198 0.7467600000000001 1.5314650184869447 1.3744057314893527
24854 10552248 -0.3915644229473227 1.2372150275856104 0.7467600000000001 1.5314650184869447 1.3744057314893527
24855 10552248 -0.3520801303370509 1.1922926271691685 0.7467600000000001 1.5314650184869447 1.3744057314893527
24856 10552248 -0.3201609942451871 1.1595412594811192 0.7467600000000001 1.5314650184869447 1.3744057314893527
24857 10552248 -0.28649891350768675 1.1266876217000512 0.7467600000000001 1.5314650184869447 1.3744057314893527
24858 10552248 -0.2482556316112483 1.0779659150465326 0.7391399999999999 1.5314650184869447 1.3744057314893527
24859 10552248 -0.21562377358638085 1.0460338173870918 0.7391399999999999 1.5314650184869447 1.3744057314893527
24860 10552248 -0.2022042708362528 1.028678099623837 0.73152 1.5314650184869447 1.3744057314893527
24861 10552248 -0.15680364939566305 0.9814728514240127 0.73152 1.5314650184869447 1.3744057314893527
24862 10552248 -0.14411937735628322 0.9679795347227668 0.73152 1.5314650184869447 1.3744057314893527
24863 10552248 -0.1314351053169034 0.9544862180215208 0.73152 1.5314650184869447 1.3744057314893527
24864 10552248 -0.09887118759380432 0.9223435364430648 0.7239000000000001 1.5314650184869447 1.3744057314893527
24865 10552248 -0.07112099990857157 0.8917746990404348 0.7239000000000001 1.5314650184869447 1.3744057314893527
24866 10552248 -0.02384915590260284 0.8451274666089089 0.7162800000000001 1.5314650184869447 1.3744057314893527
24867 10552248 0.002920509470051291 0.8194360912804347 0.7162800000000001 1.5314650184869447 1.3744057314893527
24868 10552248 0.03349729291232195 0.7825696818433913 0.7162800000000001 1.5314650184869447 1.3744057314893527
24869 10552248 0.06259014148428999 0.7520301560307259 0.7162800000000001 1.5314650184869447 1.3744057314893527
24870 10552248 0.08990601692386102 0.7214875059815059 0.7162800000000001 1.5314650184869447 1.3744057314893527
24871 10552248 0.1262887720944732 0.6762982714190412 0.7162800000000001 1.5314650184869447 1.3744057314893527
24872 10552248 0.14753322846768405 0.6507490021668478 0.7143750000000002 1.5314650184869447 1.3744057314893527
24873 10552248 0.1687776848408949 0.6251997329146544 0.7124700000000002 1.5314650184869447 1.3744057314893527
24874 10552248 0.1922114199359605 0.5926262555810451 0.7143750000000002 1.5314650184869447 1.3744057314893527
24875 10552248 0.2156451550310261 0.5600527782474357 0.7162800000000001 1.5314650184869447 1.3744057314893527
24876 10552248 0.25038887462441584 0.5136479793730073 0.7086600000000001 1.5314650184869447 1.3744057314893527
24877 10552248 0.2708923931530689 0.4856252253474168 0.7086600000000001 1.5314650184869447 1.3744057314893527
24878 10552248 0.291395911681722 0.4576024713218263 0.7086600000000001 1.5314650184869447 1.3744057314893527
24879 10552248 0.3224256837950004 0.4112438560321473 0.7086600000000001 1.5314650184869447 1.3744057314893527
24880 10552248 0.3424549098257582 0.3719855619872475 0.7162800000000001 1.5314650184869447 1.3744057314893527
24881 10552248 0.3765556252261594 0.3225208725019242 0.7162800000000001 1.5314650184869447 1.3744057314893527
24882 10552248 0.3971824733042131 0.2840022614377442 0.7086600000000001 1.5314650184869447 1.3744057314893527
24883 10552248 0.41713318515790904 0.2455879258454469 0.7010400000000001 1.5314650184869447 1.3744057314893527
24884 10552248 0.4379421034182189 0.2049071760374688 0.7010400000000001 1.5314650184869447 1.3744057314893527
24885 10552248 0.4580763806934501 0.16596581859343074 0.7010400000000001 1.5314650184869447 1.3744057314893527
24886 10552248 0.47837069693485706 0.12615450206049664 0.7010400000000001 1.5314650184869447 1.3744057314893527
24887 10552248 0.4999252284009343 0.08476322979137621 0.7010400000000001 1.5314650184869447 1.3744057314893527
24888 10552248 0.5189729313803806 0.047929796257869216 0.7010400000000001 1.5314650184869447 1.3744057314893527
24889 10552248 0.531961994619201 0.018917730571443747 0.7048500000000001 1.5314650184869447 1.3744057314893527
24890 10552248 0.5449510578580214 -0.010094335114981716 0.7086600000000001 1.5314650184869447 1.3744057314893527
24891 10552248 0.5654423794188044 -0.04903477809075688 0.7086600000000001 1.5314650184869447 1.3744057314893527
24892 10552248 0.5790392349242652 -0.09168045021843592 0.7086600000000001 1.5314650184869447 1.3744057314893527
24893 10552248 0.5999436207404002 -0.13098925770641598 0.7086600000000001 1.5314650184869447 1.3744057314893527
24894 10552248 0.6165692512555836 -0.17252147539795207 0.7010400000000001 1.5314650184869447 1.3744057314893527
24895 10552248 0.6299726639276713 -0.2144026469893692 0.7010400000000001 1.5314650184869447 1.3744057314893527
24896 10552248 0.653095587775619 -0.2754648326633091 0.7086600000000001 1.5314650184869447 1.3744057314893527
24897 10552248 0.6653063392650059 -0.3046892003609155 0.7086600000000001 1.5314650184869447 1.3744057314893527
24898 10552248 0.6775170907543929 -0.3339135680585219 0.7086600000000001 1.5314650184869447 1.3744057314893527
24899 10552248 0.6904628610889352 -0.3690440597036417 0.7086600000000001 1.5314650184869447 1.3744057314893527
24900 10552248 0.7034086314234774 -0.4041745513487615 0.7086600000000001 1.5314650184869447 1.3744057314893527
24901 10552248 0.7243044854658394 -0.4565641330787473 0.7048500000000001 1.5314650184869447 1.3744057314893527
24902 10552248 0.7508129009579053 -0.5173295364071648 0.7010400000000001 1.5314650184869447 1.3744057314893527
24903 10552248 0.7613790537292241 -0.5468338760868247 0.7010400000000001 1.5314650184869447 1.3744057314893527
24904 10552248 0.7719452065005425 -0.5763382157664845 0.7010400000000001 1.5314650184869447 1.3744057314893527
24905 10552248 0.790200813251676 -0.6196867916283444 0.7010400000000001 1.5314650184869447 1.3744057314893527
24906 10552248 0.8005765462755984 -0.6368620511127535 0.69342 1.5314650184869447 1.3744057314893527
24907 10552248 0.8298512103382529 -0.6967779760613176 0.69342 1.5314650184869447 1.3744057314893527
24908 10552248 0.8564358946415013 -0.7366554496650827 0.69342 1.5314650184869447 1.3744057314893527
24909 10552248 0.8784152269210315 -0.7710561564640102 0.6858000000000001 1.5314650184869447 1.3744057314893527
24910 10552248 0.907697828615274 -0.8078425699374243 0.6858000000000001 1.5314650184869447 1.3744057314893527
24911 10552248 0.9224787610738971 -0.8237695749013233 0.6858000000000001 1.5314650184869447 1.3744057314893527
24912 10552248 0.9790480620367656 -0.8694694339801455 0.6858000000000001 1.5314650184869447 1.3744057314893527
24913 10552248 1.0094756917541394 -0.8945962782630331 0.6858000000000001 1.5314650184869447 1.3744057314893527
24914 10552248 1.0472829508863732 -0.9120866702279776 0.6781800000000001 1.5314650184869447 1.3744057314893527
24915 10552248 1.0813284565867098 -0.9302172197236954 0.6781800000000001 1.5314650184869447 1.3744057314893527
24916 10552248 1.1100429122214424 -0.9388373557714368 0.6819900000000001 1.5314650184869447 1.3744057314893527
24917 10552248 1.1387573678561749 -0.9474574918191782 0.6858000000000001 1.5314650184869447 1.3744057314893527
24918 10552248 1.1777611123088394 -0.9601976529921232 0.6858000000000001 1.5314650184869447 1.3744057314893527
24919 10552248 1.223441513365676 -0.9696276829756508 0.6781800000000001 1.5314650184869447 1.3744057314893527
24920 10552248 1.2668319625905498 -0.9741038330937952 0.67056 1.5314650184869447 1.3744057314893527
24921 10552248 1.3063791196851389 -0.980829121433876 0.6629400000000001 1.5314650184869447 1.3744057314893527
24922 10552248 1.3454091182482448 -0.9891376137666408 0.65532 1.5314650184869447 1.3744057314893527
24923 10552248 1.3929818072042028 -0.9984836308312616 0.6477 1.5314650184869447 1.3744057314893527
24924 10552248 1.4401560862180416 -1.0036104291313441 0.6400800000000001 1.5314650184869447 1.3744057314893527
24925 10552248 1.4918670350232381 -1.015241886205971 0.6400800000000001 1.5314650184869447 1.3744057314893527
24926 10552248 1.5332137766711462 -1.0232545397987611 0.6400800000000001 1.5314650184869447 1.3744057314893527
24927 10552248 1.571399978373429 -1.0246273616050812 0.6400800000000001 1.5314650184869447 1.3744057314893527
24928 10552248 1.629546585986228 -1.0328689329151912 0.63246 1.5314650184869447 1.3744057314893527
24929 10552248 1.658926630817856 -1.0370020192190532 0.630555 1.5314650184869447 1.3744057314893527
24930 10552248 1.6883066756494838 -1.0411351055229152 0.62865 1.5314650184869447 1.3744057314893527
24931 10552248 1.7173083325132283 -1.0452028275888052 0.6267450000000001 1.5314650184869447 1.3744057314893527
24932 10552248 1.7463099893769731 -1.0492705496546952 0.6248400000000001 1.5314650184869447 1.3744057314893527
24933 10552248 1.803496676368103 -1.0522907896579141 0.61722 1.5314650184869447 1.3744057314893527
24934 10552248 1.8449505193654248 -1.054261950748582 0.6096 1.5314650184869447 1.3744057314893527
24935 10552248 1.8846644594826605 -1.0512255998192592 0.6019800000000001 1.5314650184869447 1.3744057314893527
24936 10552248 1.922425385048248 -1.0536259642698822 0.6019800000000001 1.5314650184869447 1.3744057314893527
24937 10552248 1.963320895099844 -1.0496900223203316 0.59436 1.5314650184869447 1.3744057314893527
24938 10552248 2.000603263220869 -1.0470273361689568 0.59436 1.5314650184869447 1.3744057314893527
24939 10552248 2.0526026037067084 -1.037370988616226 0.59436 1.5314650184869447 1.3744057314893527
24940 10552248 2.0676838969458577 -1.034701912234073 0.59436 1.5314650184869447 1.3744057314893527
24941 10552248 2.10540932928009 -1.019800633099422 0.59436 1.5314650184869447 1.3744057314893527
24942 10552248 2.1520267958394763 -0.9967046678679524 0.5867399999999999 1.5314650184869447 1.3744057314893527
24943 10552248 2.1661134150993577 -0.9889211186407476 0.57912 1.5314650184869447 1.3744057314893527
24944 10552248 2.2143415729701723 -0.9565380287773536 0.57912 1.5314650184869447 1.3744057314893527
24945 10552248 2.239010448057924 -0.9329343604434879 0.56388 1.5314650184869447 1.3744057314893527
24946 10552248 2.25880949377879 -0.9124134452181368 0.56388 1.5314650184869447 1.3744057314893527
24947 10552248 2.2786085394996567 -0.8918925299927859 0.56388 1.5314650184869447 1.3744057314893527
24948 10552248 2.303674501166454 -0.8559188695181459 0.5562600000000001 1.5314650184869447 1.3744057314893527
24949 10552248 2.324134329780553 -0.823172498313327 0.55245 1.5314650184869447 1.3744057314893527
24950 10552248 2.3445941583946532 -0.7904261271085079 0.54864 1.5314650184869447 1.3744057314893527
24951 10552248 2.355691891428757 -0.7564338964884442 0.54102 1.5314650184869447 1.3744057314893527
24952 10552248 2.366720695026093 -0.7226527958387811 0.5334 1.5314650184869447 1.3744057314893527
24953 10552248 2.3790098813329847 -0.6904513611231425 0.52578 1.5314650184869447 1.3744057314893527
24954 10552248 2.3854303954105864 -0.6544648400318082 0.52578 1.5314650184869447 1.3744057314893527
24955 10552248 2.3838698875040305 -0.6374840172534461 0.52578 1.5314650184869447 1.3744057314893527
24956 10552248 2.3878390221772565 -0.5790857960099707 0.5181600000000001 1.5314650184869447 1.3744057314893527
24957 10552248 2.3874682618169882 -0.5299010944824007 0.5181600000000001 1.5314650184869447 1.3744057314893527
24958 10552248 2.386697520196384 -0.4971739712132517 0.5181600000000001 1.5314650184869447 1.3744057314893527
24959 10552248 2.3863744128330953 -0.463892066279917 0.51054 1.5314650184869447 1.3744057314893527
24960 10552248 2.389636857915705 -0.4362198874492934 0.51054 1.5314650184869447 1.3744057314893527
24961 10552248 2.3867280999436993 -0.4077302471690154 0.50673 1.5314650184869447 1.3744057314893527
24962 10552248 2.3838193419716927 -0.3792406068887374 0.50292 1.5314650184869447 1.3744057314893527
24963 10552248 2.3778029408775088 -0.3514301650219694 0.50292 1.5314650184869447 1.3744057314893527
24964 10552248 2.3717865397833253 -0.3236197231552014 0.50292 1.5314650184869447 1.3744057314893527
24965 10552248 2.3683043197989857 -0.30028722796143503 0.50292 1.5314650184869447 1.3744057314893527
24966 10552248 2.3608356171035307 -0.2712140141933809 0.4953 1.5314650184869447 1.3744057314893527
24967 10552248 2.3436345823601132 -0.2384958464704196 0.4953 1.5314650184869447 1.3744057314893527
24968 10552248 2.3335632735620577 -0.20950731702361894 0.48768 1.5314650184869447 1.3744057314893527
24969 10552248 2.3188087527161017 -0.18833515850899987 0.48768 1.5314650184869447 1.3744057314893527
24970 10552248 2.3040312215295553 -0.16750585403237608 0.48386999999999997 1.5314650184869447 1.3744057314893527
24971 10552248 2.2892536903430085 -0.1466765495557523 0.48006000000000004 1.5314650184869447 1.3744057314893527
24972 10552248 2.2699119961057472 -0.1270437157087972 0.48006000000000004 1.5314650184869447 1.3744057314893527
24973 10552248 2.2610560435517 -0.11609151212422406 0.48006000000000004 1.5314650184869447 1.3744057314893527
24974 10552248 2.235581432534069 -0.09457281595003612 0.48006000000000004 1.5314650184869447 1.3744057314893527
24975 10552248 2.218542837389053 -0.07767771622801001 0.47244 1.5314650184869447 1.3744057314893527
24976 10552248 2.1838172015580217 -0.0534884685601367 0.4648200000000001 1.5314650184869447 1.3744057314893527
24977 10552248 2.1739725619246806 -0.0466524116120661 0.4648200000000001 1.5314650184869447 1.3744057314893527
24978 10552248 2.131639229474628 -0.03107655556819489 0.4648200000000001 1.5314650184869447 1.3744057314893527
24979 10552248 2.107164792791344 -0.02308452872740474 0.4572000000000001 1.5314650184869447 1.3744057314893527
24980 10552248 2.0767584789978137 -0.020748684895936648 0.4572000000000001 1.5314650184869447 1.3744057314893527
24981 10552248 2.0419326187163667 -0.00937612662913015 0.4572000000000001 1.5314650184869447 1.3744057314893527
24982 10552248 2.025100542008272 -0.009253223428845186 0.4572000000000001 1.5314650184869447 1.3744057314893527
24983 10552248 1.9983526931546092 -0.005775335332103559 0.4572000000000001 1.5314650184869447 1.3744057314893527
24984 10552248 1.9572388680389319 -0.0008768585907771298 0.4572000000000001 1.5314650184869447 1.3744057314893527
24985 10552248 1.9351469047446304 0.00353404176120245 0.44958 1.5314650184869447 1.3744057314893527
24986 10552248 1.9067674490115976 0.002288143717544128 0.44958 1.5314650184869447 1.3744057314893527
24987 10552248 1.8799048485334298 0.005687123167734093 0.44958 1.5314650184869447 1.3744057314893527
24988 10552248 1.8648600471274823 0.0039416675823661365 0.44577 1.5314650184869447 1.3744057314893527
24989 10552248 1.8498152457215349 0.002196211996998182 0.44196 1.5314650184869447 1.3744057314893527
24990 10552248 1.8043645552861967 0.0036053820219312666 0.44196 1.5314650184869447 1.3744057314893527
24991 10552248 1.7816391797681703 0.004310107973227416 0.44196 1.5314650184869447 1.3744057314893527
24992 10552248 1.7589138042501435 0.005014833924523565 0.44196 1.5314650184869447 1.3744057314893527
24993 10552248 1.730935357086847 0.003638600920267021 0.4343400000000001 1.5314650184869447 1.3744057314893527
24994 10552248 1.702602638609272 0.0038968655231163283 0.4343400000000001 1.5314650184869447 1.3744057314893527
24995 10552248 1.6639855719584244 0.005294587460045713 0.4343400000000001 1.5314650184869447 1.3744057314893527
24996 10552248 1.6356515570844936 0.003918001989179937 0.42672 1.5314650184869447 1.3744057314893527
24997 10552248 1.6123759483908358 0.004978145549382113 0.42672 1.5314650184869447 1.3744057314893527
24998 10552248 1.5842938860754463 0.003285804924788041 0.42672 1.5314650184869447 1.3744057314893527
24999 10552248 1.5581269705332041 0.0020194319791847627 0.4191 1.5314650184869447 1.3744057314893527
25000 10552248 1.541966963101467 0.004201947505963935 0.4152900000000001 1.5314650184869447 1.3744057314893527
25001 10552248 1.5258069556697298 0.006384463032743107 0.41148 1.5314650184869447 1.3744057314893527
25002 10552248 1.498561705734479 0.004535921179120175 0.41148 1.5314650184869447 1.3744057314893527
25003 10552248 1.4705484595634053 0.00305515209225872 0.41148 1.5314650184869447 1.3744057314893527
25004 10552248 1.4496693857048868 0.004384399295607439 0.40386 1.5314650184869447 1.3744057314893527
25005 10552248 1.4216905598971907 0.0030093836677361767 0.40386 1.5314650184869447 1.3744057314893527
25006 10552248 1.3970614800747931 0.003733539699465998 0.40131999999999995 1.5314650184869447 1.3744057314893527
25007 10552248 1.3724324002523958 0.0044576957311958185 0.39878 1.5314650184869447 1.3744057314893527
25008 10552248 1.3478033204299982 0.0051818517629256405 0.39624 1.5314650184869447 1.3744057314893527
25009 10552248 1.3229385382852616 0.0051849806773352795 0.39624 1.5314650184869447 1.3744057314893527
25010 10552248 1.2980737561405251 0.00518810959174492 0.39624 1.5314650184869447 1.3744057314893527
25011 10552248 1.2732089739957888 0.00519123850615456 0.39624 1.5314650184869447 1.3744057314893527
25012 10552248 1.2483441918510525 0.0051943674205642 0.39624 1.5314650184869447 1.3744057314893527
25013 10552248 1.2259038924469103 0.004464122470136507 0.39624 1.5314650184869447 1.3744057314893527
25014 10552248 1.2034635930427684 0.003733877519708814 0.39624 1.5314650184869447 1.3744057314893527
25015 10552248 1.1869287858682058 0.003411021087416144 0.39624 1.5314650184869447 1.3744057314893527
25016 10552248 1.1729173262798185 0.004016243717088669 0.39624 1.5314650184869447 1.3744057314893527
25017 10552248 1.132052085149042 0.005333298992913349 0.39624 1.5314650184869447 1.3744057314893527
25018 10552248 1.1086805863781883 0.001753282808272319 0.39624 1.5314650184869447 1.3744057314893527
25019 10552248 1.0915972815681645 0.0038294998411142343 0.39624 1.5314650184869447 1.3744057314893527
25020 10552248 1.081886458567854 0.005366410915845554 0.39624 1.5314650184869447 1.3744057314893527
25021 10552248 1.0539198018257103 0.005390630392337392 0.39624 1.5314650184869447 1.3744057314893527
25022 10552248 1.022062969449145 0.005401255147403233 0.3971925000000001 1.5314650184869447 1.3744057314893527
25023 10552248 0.9902061370725797 0.005411879902469073 0.39814499999999997 1.5314650184869447 1.3744057314893527
