44517 10866934 0.9321933627517976 0.15742987361403946 0.38861999999999997 0.0 0.0
44518 10866934 0.9370078803734644 0.15585686124859885 0.38861999999999997 0.0 0.0
44519 10866934 0.9370159361468612 0.15859965223935302 0.38861999999999997 0.0 0.0
44520 10866934 0.9370239919202584 0.1613424432301072 0.38861999999999997 0.0 0.0
44521 10866934 0.9365654667728676 0.1614922538783115 0.38861999999999997 0.0 0.0
44522 10866934 0.9361069416254768 0.1616420645265158 0.38861999999999997 0.0 0.0
44523 10866934 0.9356484164780862 0.1617918751747201 0.38861999999999997 0.0 0.0
44524 10866934 0.9351898913306956 0.16194168582292442 0.38861999999999997 0.0 0.0
44525 10866934 0.9347313661833048 0.16209149647112872 0.38861999999999997 0.0 0.0
44526 10866934 0.934272841035914 0.16224130711933302 0.38861999999999997 0.0 0.0
44527 10866934 0.9338143158885234 0.1623911177675373 0.38861999999999997 0.0 0.0
44528 10866934 0.9338178784978904 0.16238856574395516 0.3882352277227723 0.0 0.0
44529 10866934 0.9338214411072576 0.16238601372037298 0.3878504554455446 0.0 0.0
44530 10866934 0.9338250037166246 0.16238346169679085 0.3874656831683169 0.0 0.0
44531 10866934 0.9338285663259916 0.16238090967320867 0.3870809108910892 0.0 0.0
44532 10866934 0.9338321289353588 0.16237835764962652 0.38669613861386143 0.0 0.0
44533 10866934 0.933835691544726 0.16237580562604434 0.3863113663366337 0.0 0.0
44534 10866934 0.933839254154093 0.1623732536024622 0.3859265940594059 0.0 0.0
44535 10866934 0.9338428167634599 0.16237070157888006 0.3855418217821782 0.0 0.0
44536 10866934 0.9338463793728272 0.16236814955529788 0.3851570495049505 0.0 0.0
44537 10866934 0.9338499419821942 0.1623655975317157 0.3847722772277228 0.0 0.0
44538 10866934 0.9338535045915612 0.16236304550813355 0.3843875049504951 0.0 0.0
44539 10866934 0.9338570672009284 0.1623604934845514 0.38400273267326734 0.0 0.0
44540 10866934 0.9338606298102956 0.1623579414609692 0.3836179603960396 0.0 0.0
44541 10866934 0.9338641924196626 0.16235538943738706 0.3832331881188119 0.0 0.0
44542 10866934 0.9338677550290296 0.1623528374138049 0.3828484158415842 0.0 0.0
44543 10866934 0.9338713176383968 0.16235028539022275 0.3824636435643565 0.54379465526711 -0.8734308371605191
44544 10866934 0.9338748802477638 0.16234773336664055 0.3820788712871288 0.54379465526711 -0.8734308371605191
44545 10866934 0.9338784428571308 0.16234518134305842 0.3816940990099009 0.54379465526711 -0.8734308371605191
44546 10866934 0.933882005466498 0.16234262931947627 0.3813093267326733 0.54379465526711 -0.8734308371605191
44547 10866934 0.9338855680758651 0.16234007729589411 0.3809245544554456 0.54379465526711 -0.8734308371605191
44548 10866934 0.9338891306852322 0.16233752527231193 0.3805397821782178 0.54379465526711 -0.8734308371605191
44549 10866934 0.9338926932945992 0.16233497324872978 0.3801550099009901 0.54379465526711 -0.8734308371605191
44550 10866934 0.9338962559039664 0.16233242122514766 0.3797702376237624 0.54379465526711 -0.8734308371605191
44551 10866934 0.9338998185133334 0.16232986920156545 0.37938546534653467 0.54379465526711 -0.8734308371605191
44552 10866934 0.9339033811227004 0.1623273171779833 0.37900069306930695 0.54379465526711 -0.8734308371605191
44553 10866934 0.9339069437320676 0.16232476515440114 0.3786159207920792 0.54379465526711 -0.8734308371605191
44554 10866934 0.9339105063414346 0.162322213130819 0.3782311485148515 0.54379465526711 -0.8734308371605191
44555 10866934 0.9339140689508016 0.1623196611072368 0.3778463762376238 0.54379465526711 -0.8734308371605191
44556 10866934 0.9339176315601688 0.16231710908365465 0.3774616039603961 0.54379465526711 -0.8734308371605191
44557 10866934 0.933921194169536 0.1623145570600725 0.3770768316831684 0.54379465526711 -0.8734308371605191
44558 10866934 0.933924756778903 0.16231200503649035 0.37669205940594064 0.54379465526711 -0.8734308371605191
44559 10866934 0.93392831938827 0.16230945301290814 0.3763072871287129 0.54379465526711 -0.8734308371605191
44560 10866934 0.9339318819976372 0.162306900989326 0.3759225148514852 0.54379465526711 -0.8734308371605191
44561 10866934 0.9339354446070042 0.16230434896574386 0.3755377425742574 0.54379465526711 -0.8734308371605191
44562 10866934 0.9339390072163712 0.1623017969421617 0.3751529702970297 0.54379465526711 -0.8734308371605191
44563 10866934 0.9339425698257384 0.16229924491857953 0.374768198019802 0.54379465526711 -0.8734308371605191
44564 10866934 0.9339461324351056 0.16229669289499735 0.3743834257425743 0.54379465526711 -0.8734308371605191
44565 10866934 0.9339496950444726 0.16229414087141522 0.37399865346534655 0.54379465526711 -0.8734308371605191
44566 10866934 0.9339532576538396 0.16229158884783304 0.3736138811881188 0.54379465526711 -0.8734308371605191
44567 10866934 0.9339568202632068 0.1622890368242509 0.3732291089108911 0.54379465526711 -0.8734308371605191
44568 10866934 0.9339603828725738 0.16228648480066873 0.3728443366336634 0.54379465526711 -0.8734308371605191
44569 10866934 0.9339639454819408 0.16228393277708658 0.3724595643564357 0.54379465526711 -0.8734308371605191
44570 10866934 0.933967508091308 0.1622813807535044 0.372074792079208 0.54379465526711 -0.8734308371605191
44571 10866934 0.9339710707006751 0.16227882872992225 0.37169001980198013 0.54379465526711 -0.8734308371605191
44572 10866934 0.933974633310042 0.1622762767063401 0.3713052475247525 0.54379465526711 -0.8734308371605191
44573 10866934 0.9339781959194092 0.16227372468275794 0.3709204752475248 0.54379465526711 -0.8734308371605191
44574 10866934 0.9339817585287764 0.16227117265917576 0.370535702970297 0.54379465526711 -0.8734308371605191
44575 10866934 0.9339853211381434 0.1622686206355936 0.3701509306930693 0.54379465526711 -0.8734308371605191
44576 10866934 0.9339888837475104 0.16226606861201145 0.3697661584158416 0.54379465526711 -0.8734308371605191
44577 10866934 0.9339924463568776 0.16226351658842927 0.3693813861386139 0.54379465526711 -0.8734308371605191
44578 10866934 0.9339960089662446 0.16226096456484712 0.36899661386138616 0.54379465526711 -0.8734308371605191
44579 10866934 0.9339995715756116 0.16225841254126494 0.3686118415841584 0.54379465526711 -0.8734308371605191
44580 10866934 0.9340031341849788 0.16225586051768282 0.3682270693069307 0.54379465526711 -0.8734308371605191
44581 10866934 0.934006696794346 0.16225330849410066 0.36784229702970295 0.54379465526711 -0.8734308371605191
44582 10866934 0.9340102594037131 0.16225075647051848 0.3674575247524753 0.54379465526711 -0.8734308371605191
44583 10866934 0.9340138220130799 0.16224820444693633 0.3670727524752476 0.54379465526711 -0.8734308371605191
44584 10866934 0.9340173846224472 0.16224565242335418 0.3666879801980199 0.54379465526711 -0.8734308371605191
44585 10866934 0.9340209472318142 0.162243100399772 0.3663032079207921 0.54379465526711 -0.8734308371605191
44586 10866934 0.9340245098411812 0.16224054837618984 0.3659184356435644 0.54379465526711 -0.8734308371605191
44587 10866934 0.9340280724505484 0.1622379963526077 0.36553366336633664 0.54379465526711 -0.8734308371605191
