22026 10628960 0.6284572264729062 0.003158086109299213 0.36576 2.5465782646875845 -0.36214911544938266
22027 10628960 0.6211817765102782 0.003315678752143794 0.36576 2.5465782646875845 -0.36214911544938266
22028 10628960 0.6185738563104575 0.004167844195989104 0.36576 2.5465782646875845 -0.36214911544938266
22029 10628960 0.6159659361106368 0.005020009639834414 0.36576 2.5465782646875845 -0.36214911544938266
22030 10628960 0.6063366956138381 0.008166476815643656 0.36576 2.5465782646875845 -0.36214911544938266
22031 10628960 0.6052583221588199 0.0075842260876283485 0.36576 2.5465782646875845 -0.36214911544938266
22032 10628960 0.6009962949883986 0.011663941731242515 0.36576 2.5465782646875845 -0.36214911544938266
22033 10628960 0.5967342678179772 0.01574365737485668 0.36576 2.5465782646875845 -0.36214911544938266
22034 10628960 0.5915986801731703 0.017421785593515732 0.36576 2.5465782646875845 -0.36214911544938266
22035 10628960 0.5883707191320136 0.023850657024410027 0.36576 2.5465782646875845 -0.36214911544938266
22036 10628960 0.5867394962292947 0.02701231482243143 0.36576 2.5465782646875845 -0.36214911544938266
22037 10628960 0.5851082733265758 0.03017397262045284 0.36576 2.5465782646875845 -0.36214911544938266
22038 10628960 0.5849609595572796 0.03379996790642355 0.36576 2.5465782646875845 -0.36214911544938266
22039 10628960 0.5848136457879833 0.03742596319239426 0.36576 2.5465782646875845 -0.36214911544938266
22040 10628960 0.584666332018687 0.04105195847836497 0.36576 2.5465782646875845 -0.36214911544938266
22041 10628960 0.5845190182493908 0.044677953764335684 0.36576 2.5465782646875845 -0.36214911544938266
22042 10628960 0.5843717044800946 0.0483039490503064 0.36576 2.5465782646875845 -0.36214911544938266
22043 10628960 0.5842243907107982 0.05192994433627711 0.36576 2.5465782646875845 -0.36214911544938266
22044 10628960 0.5840770769415021 0.05555593962224782 0.36576 2.5465782646875845 -0.36214911544938266
22045 10628960 0.5839297631722058 0.05918193490821853 0.36576 2.5465782646875845 -0.36214911544938266
22046 10628960 0.5822985572647436 0.062343592752840536 0.36576 2.5465782646875845 -0.36214911544938266
22047 10628960 0.5806673513572813 0.06550525059746255 0.36576 2.5465782646875845 -0.36214911544938266
22048 10628960 0.581331336023109 0.0675372215150791 0.36576 2.5465782646875845 -0.36214911544938266
22049 10628960 0.5819953206889368 0.06956919243269563 0.36576 2.5465782646875845 -0.36214911544938266
22050 10628960 0.5826593053547645 0.07160116335031218 0.36576 2.5465782646875845 -0.36214911544938266
22051 10628960 0.5833232900205922 0.07363313426792872 0.36576 2.5465782646875845 -0.36214911544938266
22052 10628960 0.582288508717828 0.07046642633127036 0.36576 2.5465782646875845 -0.36214911544938266
22053 10628960 0.5823899578652464 0.07077688789428098 0.36576 2.5465782646875845 -0.36214911544938266
22054 10628960 0.5824914070126647 0.07108734945729159 0.36576 2.5465782646875845 -0.36214911544938266
22055 10628960 0.582592856160083 0.0713978110203022 0.36576 2.5465782646875845 -0.36214911544938266
22056 10628960 0.5826943053075013 0.07170827258331282 0.36576 2.5465782646875845 -0.36214911544938266
22057 10628960 0.5827957544549197 0.07201873414632343 0.36576 2.5465782646875845 -0.36214911544938266
22058 10628960 0.5828972036023381 0.07232919570933405 0.36576 2.5465782646875845 -0.36214911544938266
22059 10628960 0.5829986527497564 0.07263965727234466 0.36576 2.5465782646875845 -0.36214911544938266
22060 10628960 0.5831001018971748 0.07295011883535528 0.36576 2.5465782646875845 -0.36214911544938266
22061 10628960 0.583201551044593 0.07326058039836589 0.36576 2.5465782646875845 -0.36214911544938266
22062 10628960 0.5833030001920114 0.07357104196137651 0.36576 2.5465782646875845 -0.36214911544938266
22063 10628960 0.5834044493394297 0.07388150352438712 0.36576 2.5465782646875845 -0.36214911544938266
22064 10628960 0.5835058984868481 0.07419196508739774 0.36576 2.5465782646875845 -0.36214911544938266
22065 10628960 0.5836073476342665 0.07450242665040835 0.36576 2.5465782646875845 -0.36214911544938266
22066 10628960 0.5837087967816847 0.07481288821341897 0.36576 2.5465782646875845 -0.36214911544938266
22067 10628960 0.5838102459291031 0.07512334977642958 0.36576 2.5465782646875845 -0.36214911544938266
22068 10628960 0.5839116950765214 0.07543381133944019 0.36576 2.5465782646875845 -0.36214911544938266
22069 10628960 0.5840131442239398 0.07574427290245081 0.36576 2.5465782646875845 -0.36214911544938266
22070 10628960 0.5848754619822326 0.07838319620395863 0.36576 2.5465782646875845 -0.36214911544938266
22071 10628960 0.5842323270497571 0.08049180928259733 0.36576 2.5465782646875845 -0.36214911544938266
22072 10628960 0.5835891921172816 0.08260042236123605 0.36576 2.5465782646875845 -0.36214911544938266
22073 10628960 0.582946057184806 0.08470903543987475 0.36576 2.5465782646875845 -0.36214911544938266
22074 10628960 0.5823029222523304 0.08681764851851348 0.36576 2.5465782646875845 -0.36214911544938266
22075 10628960 0.5831307490528789 0.0893510143834898 0.36576 2.5465782646875845 -0.36214911544938266
22076 10628960 0.5839585758534274 0.09188438024846614 0.36576 2.5465782646875845 -0.36214911544938266
22077 10628960 0.5847864026539757 0.09441774611344247 0.36576 2.5465782646875845 -0.36214911544938266
22078 10628960 0.5856142294545242 0.0969511119784188 0.36576 2.5465782646875845 -0.36214911544938266
22079 10628960 0.5864420562550727 0.09948447784339516 0.36576 2.5465782646875845 -0.36214911544938266
22080 10628960 0.5855005546322148 0.10240129357529702 0.36576 2.5465782646875845 -0.36214911544938266
22081 10628960 0.5845590530093568 0.1053181093071989 0.36576 2.5465782646875845 -0.36214911544938266
22082 10628960 0.5836175513864991 0.10823492503910076 0.36576 2.5465782646875845 -0.36214911544938266
22083 10628960 0.5803094336949721 0.11469001580919228 0.36576 2.5465782646875845 -0.36214911544938266
22084 10628960 0.5875152447335297 0.12016285352345622 0.36576 2.5465782646875845 -0.36214911544938266
22085 10628960 0.5826204603406714 0.12176232580957085 0.36576 2.5465782646875845 -0.36214911544938266
22086 10628960 0.5842416283019823 0.1267234985442172 0.36576 2.5465782646875845 -0.36214911544938266
22087 10628960 0.5820994095069842 0.1290006950390613 0.36576 2.5465782646875845 -0.36214911544938266
22088 10628960 0.5799571907119859 0.13127789153390546 0.36576 2.5465782646875845 -0.36214911544938266
22089 10628960 0.581543869362962 0.13613350630889606 0.36576 2.5465782646875845 -0.36214911544938266
22090 10628960 0.5831305480139379 0.14098912108388667 0.36576 2.5465782646875845 -0.36214911544938266
22091 10628960 0.5843948086075063 0.1443144983990972 0.36576 2.5465782646875845 -0.36214911544938266
22092 10628960 0.5856590692010746 0.1476398757143077 0.36576 2.5465782646875845 -0.36214911544938266
22093 10628960 0.58105368107997 0.15229915070018324 0.36576 2.5465782646875845 -0.36214911544938266
22094 10628960 0.5821102597904892 0.1541736258154843 0.36576 2.5465782646875845 -0.36214911544938266
22095 10628960 0.5832376389224838 0.1583031156548554 0.36576 2.5465782646875845 -0.36214911544938266
22096 10628960 0.5843650180544783 0.16243260549422645 0.36576 2.5465782646875845 -0.36214911544938266
22097 10628960 0.5859861934683692 0.16739377613186468 0.36576 2.5465782646875845 -0.36214911544938266
22098 10628960 0.5868703058947329 0.16874046745401922 0.36576 2.5465782646875845 -0.36214911544938266
22099 10628960 0.587503889612963 0.17203827633995888 0.36576 2.5465782646875845 -0.36214911544938266
22100 10628960 0.5836424824656568 0.17516933216908528 0.36576 2.5465782646875845 -0.36214911544938266
22101 10628960 0.584333799685895 0.1789155886251394 0.36576 2.5465782646875845 -0.36214911544938266
22102 10628960 0.5879475828109807 0.18100589220636165 0.36576 2.5465782646875845 -0.36214911544938266
22103 10628960 0.5915613659360663 0.18309619578758396 0.36576 2.5465782646875845 -0.36214911544938266
22104 10628960 0.5923719535297237 0.18557678123740415 0.36576 2.5465782646875845 -0.36214911544938266
22105 10628960 0.5931825411233811 0.1880573666872244 0.36576 2.5465782646875845 -0.36214911544938266
22106 10628960 0.5935683196042371 0.18991738470541206 0.36576 2.5465782646875845 -0.36214911544938266
22107 10628960 0.5967365012268776 0.1905761197991279 0.36576 2.5465782646875845 -0.36214911544938266
22108 10628960 0.5999046828495183 0.19123485489284373 0.36576 2.5465782646875845 -0.36214911544938266
22109 10628960 0.5955407807556773 0.19663301667181268 0.36576 2.5465782646875845 -0.36214911544938266
22110 10628960 0.5982374039432206 0.19632429703398016 0.36576 2.5465782646875845 -0.36214911544938266
22111 10628960 0.6009340271307638 0.1960155773961476 0.36576 2.5465782646875845 -0.36214911544938266
22112 10628960 0.6036306503183071 0.1957068577583151 0.36576 2.5465782646875845 -0.36214911544938266
22113 10628960 0.6063272735058504 0.19539813812048254 0.36576 2.5465782646875845 -0.36214911544938266
22114 10628960 0.6090238966933936 0.19508941848265005 0.36576 2.5465782646875845 -0.36214911544938266
22115 10628960 0.611720519880937 0.1947806988448175 0.36576 2.5465782646875845 -0.36214911544938266
22116 10628960 0.6144171430684803 0.19447197920698495 0.36576 2.5465782646875845 -0.36214911544938266
22117 10628960 0.6171137662560235 0.19416325956915245 0.36576 2.5465782646875845 -0.36214911544938266
22118 10628960 0.6198103894435668 0.1938545399313199 0.36576 2.5465782646875845 -0.36214911544938266
22119 10628960 0.6225070126311101 0.19354582029348735 0.36576 2.5465782646875845 -0.36214911544938266
22120 10628960 0.6275974467102771 0.19281705192457985 0.36576 2.5465782646875845 -0.36214911544938266
22121 10628960 0.627321505551679 0.19197259611661616 0.36576 2.5465782646875845 -0.36214911544938266
22122 10628960 0.6324119401280587 0.19124383122972893 0.36576 2.5465782646875845 -0.36214911544938266
22123 10628960 0.6329384153179195 0.19013717207246567 0.36576 2.5465782646875845 -0.36214911544938266
22124 10628960 0.6338618650815002 0.18843348298895127 0.36576 2.5465782646875845 -0.36214911544938266
22125 10628960 0.634785314845081 0.1867297939054369 0.36576 2.5465782646875845 -0.36214911544938266
22126 10628960 0.6357087646086618 0.1850261048219225 0.36576 2.5465782646875845 -0.36214911544938266
22127 10628960 0.6360627786466111 0.18339166072765872 0.36576 2.5465782646875845 -0.36214911544938266
22128 10628960 0.6405232633562403 0.18345288967452605 0.36576 2.5465782646875845 -0.36214911544938266
22129 10628960 0.6344416317131047 0.1784304805183195 0.36576 2.5465782646875845 -0.36214911544938266
22130 10628960 0.6389021192472693 0.17849170853153945 0.36576 2.5465782646875845 -0.36214911544938266
22131 10628960 0.63731546757835 0.17363608447134232 0.36576 2.5465782646875845 -0.36214911544938266
22132 10628960 0.6365048955370298 0.1711554939397723 0.36576 2.5465782646875845 -0.36214911544938266
22133 10628960 0.6356943234957098 0.16867490340820232 0.36576 2.5465782646875845 -0.36214911544938266
22134 10628960 0.6358468215275425 0.168235645665733 0.36576 2.5465782646875845 -0.36214911544938266
22135 10628960 0.6359993195593752 0.16779638792326362 0.36576 2.5465782646875845 -0.36214911544938266
22136 10628960 0.6361518175912079 0.1673571301807943 0.36576 2.5465782646875845 -0.36214911544938266
22137 10628960 0.6349645467529517 0.1646296766437612 0.36576 2.5465782646875845 -0.36214911544938266
22138 10628960 0.6337772759146955 0.16190222310672805 0.36576 2.5465782646875845 -0.36214911544938266
22139 10628960 0.6325900050764393 0.15917476956969495 0.36576 2.5465782646875845 -0.36214911544938266
22140 10628960 0.6306641991505019 0.15980405845754148 0.36576 2.5465782646875845 -0.36214911544938266
22141 10628960 0.6287383932245646 0.160433347345388 0.36576 2.5465782646875845 -0.36214911544938266
22142 10628960 0.6268125872986272 0.16106263623323452 0.36576 2.5465782646875845 -0.36214911544938266
22143 10628960 0.6248867813726899 0.16169192512108105 0.36576 2.5465782646875845 -0.36214911544938266
22144 10628960 0.6229609754467526 0.16232121400892754 0.36576 2.5465782646875845 -0.36214911544938266
22145 10628960 0.6232115134755344 0.16037009782800973 0.36576 2.5465782646875845 -0.36214911544938266
22146 10628960 0.6213743171872901 0.15746559227500526 0.36576 2.5465782646875845 -0.36214911544938266
22147 10628960 0.6194844485726303 0.1598355609539694 0.36576 2.5465782646875845 -0.36214911544938266
22148 10628960 0.6175945799579706 0.1622055296329335 0.36576 2.5465782646875845 -0.36214911544938266
22149 10628960 0.6165598006667763 0.15903882051869145 0.36576 2.5465782646875845 -0.36214911544938266
22150 10628960 0.6160769036664562 0.15756102293781427 0.36576 2.5465782646875845 -0.36214911544938266
22151 10628960 0.6158742593906283 0.15694087574191626 0.36576 2.5465782646875845 -0.36214911544938266
22152 10628960 0.6156716151148005 0.1563207285460182 0.36576 2.5465782646875845 -0.36214911544938266
22153 10628960 0.6154689708389727 0.15570058135012013 0.36576 2.5465782646875845 -0.36214911544938266
22154 10628960 0.6152663265631448 0.1550804341542221 0.36576 2.5465782646875845 -0.36214911544938266
22155 10628960 0.6150636822873169 0.15446028695832406 0.36576 2.5465782646875845 -0.36214911544938266
22156 10628960 0.6148610380114891 0.153840139762426 0.36576 2.5465782646875845 -0.36214911544938266
22157 10628960 0.6146583937356612 0.15321999256652796 0.36576 2.5465782646875845 -0.36214911544938266
22158 10628960 0.6144557494598334 0.15259984537062993 0.36576 2.5465782646875845 -0.36214911544938266
22159 10628960 0.616233052620109 0.1526032204405578 0.36576 2.5465782646875845 -0.36214911544938266
22160 10628960 0.6180103557803845 0.1526065955104857 0.36576 2.5465782646875845 -0.36214911544938266
22161 10628960 0.6197876589406601 0.15260997058041356 0.36576 2.5465782646875845 -0.36214911544938266
22162 10628960 0.6198283777553779 0.15234631922046596 0.36576 2.5465782646875845 -0.36214911544938266
22163 10628960 0.6198690965700957 0.15208266786051836 0.36576 2.5465782646875845 -0.36214911544938266
22164 10628960 0.6199098153848135 0.15181901650057075 0.36576 2.5465782646875845 -0.36214911544938266
22165 10628960 0.6199505341995313 0.15155536514062318 0.36576 2.5465782646875845 -0.36214911544938266
22166 10628960 0.6199912530142491 0.15129171378067555 0.36576 2.5465782646875845 -0.36214911544938266
22167 10628960 0.6200319718289669 0.15102806242072794 0.36576 2.5465782646875845 -0.36214911544938266
22168 10628960 0.6200726906436846 0.15076441106078034 0.36576 2.5465782646875845 -0.36214911544938266
22169 10628960 0.619506073805406 0.1511442764883872 0.36576 2.5465782646875845 -0.36214911544938266
22170 10628960 0.6189394569671274 0.15152414191599406 0.36576 2.5465782646875845 -0.36214911544938266
22171 10628960 0.6183728401288487 0.15190400734360088 0.36576 2.5465782646875845 -0.36214911544938266
22172 10628960 0.6178062232905701 0.15228387277120772 0.36576 2.5465782646875845 -0.36214911544938266
22173 10628960 0.6172396064522916 0.15266373819881454 0.36576 2.5465782646875845 -0.36214911544938266
22174 10628960 0.616672989614013 0.1530436036264214 0.36576 2.5465782646875845 -0.36214911544938266
22175 10628960 0.6161063727757343 0.15342346905402826 0.36576 2.5465782646875845 -0.36214911544938266
22176 10628960 0.6155397559374557 0.15380333448163505 0.36576 2.5465782646875845 -0.36214911544938266
22177 10628960 0.6149731390991771 0.1541831999092419 0.36576 2.5465782646875845 -0.36214911544938266
22178 10628960 0.6149721449593665 0.1541875496647058 0.36576 2.5465782646875845 -0.36214911544938266
22179 10628960 0.6149711508195558 0.1541918994201697 0.36576 2.5465782646875845 -0.36214911544938266
22180 10628960 0.6149701566797452 0.1541962491756336 0.36576 2.5465782646875845 -0.36214911544938266
22181 10628960 0.6149691625399346 0.1542005989310975 0.36576 2.5465782646875845 -0.36214911544938266
22182 10628960 0.6149681684001239 0.1542049486865614 0.36576 2.5465782646875845 -0.36214911544938266
22183 10628960 0.6149671742603133 0.1542092984420253 0.36576 2.5465782646875845 -0.36214911544938266
22184 10628960 0.6149661801205026 0.1542136481974892 0.36576 2.5465782646875845 -0.36214911544938266
22185 10628960 0.6149651859806919 0.1542179979529531 0.36576 2.5465782646875845 -0.36214911544938266
22186 10628960 0.6149641918408815 0.154222347708417 0.36576 2.5465782646875845 -0.36214911544938266
22187 10628960 0.6149631977010708 0.1542266974638809 0.36576 2.5465782646875845 -0.36214911544938266
22188 10628960 0.6149622035612602 0.1542310472193448 0.36576 2.5465782646875845 -0.36214911544938266
22189 10628960 0.6149612094214496 0.1542353969748087 0.36576 2.5465782646875845 -0.36214911544938266
22190 10628960 0.6149602152816389 0.1542397467302726 0.36576 2.5465782646875845 -0.36214911544938266
22191 10628960 0.6149592211418283 0.1542440964857365 0.36576 2.5465782646875845 -0.36214911544938266
22192 10628960 0.6149582270020176 0.1542484462412004 0.36576 2.5465782646875845 -0.36214911544938266
22193 10628960 0.614957232862207 0.1542527959966643 0.36576 2.5465782646875845 -0.36214911544938266
22194 10628960 0.6149562387223965 0.1542571457521282 0.36576 2.5465782646875845 -0.36214911544938266
22195 10628960 0.6149552445825858 0.1542614955075921 0.36576 2.5465782646875845 -0.36214911544938266
22196 10628960 0.6149542504427752 0.15426584526305598 0.36576 2.5465782646875845 -0.36214911544938266
22197 10628960 0.6149532563029646 0.1542701950185199 0.36576 2.5465782646875845 -0.36214911544938266
22198 10628960 0.6149522621631539 0.1542745447739838 0.36576 2.5465782646875845 -0.36214911544938266
22199 10628960 0.6149512680233433 0.15427889452944776 0.36576 2.5465782646875845 -0.36214911544938266
22200 10628960 0.6149502738835326 0.15428324428491166 0.36576 2.5465782646875845 -0.36214911544938266
22201 10628960 0.614949279743722 0.15428759404037554 0.36576 2.5465782646875845 -0.36214911544938266
22202 10628960 0.6149482856039115 0.15429194379583944 0.36576 2.5465782646875845 -0.36214911544938266
22203 10628960 0.6149472914641008 0.15429629355130334 0.36576 0.21226888466662114 -1.0067452383807876
22204 10628960 0.6149462973242902 0.15430064330676724 0.36576 0.21226888466662114 -1.0067452383807876
22205 10628960 0.6149453031844796 0.15430499306223114 0.36576 0.21226888466662114 -1.0067452383807876
22206 10628960 0.6149443090446689 0.15430934281769504 0.36576 0.21226888466662114 -1.0067452383807876
22207 10628960 0.6149433149048583 0.15431369257315894 0.36576 0.21226888466662114 -1.0067452383807876
22208 10628960 0.6149423207650476 0.15431804232862284 0.36576 0.21226888466662114 -1.0067452383807876
22209 10628960 0.614941326625237 0.15432239208408674 0.36576 0.21226888466662114 -1.0067452383807876
22210 10628960 0.6149403324854265 0.15432674183955064 0.36576 0.21226888466662114 -1.0067452383807876
22211 10628960 0.6149393383456158 0.15433109159501454 0.36576 0.21226888466662114 -1.0067452383807876
22212 10628960 0.6149383442058052 0.15433544135047844 0.36576 0.21226888466662114 -1.0067452383807876
22213 10628960 0.6149373500659946 0.15433979110594234 0.36576 0.21226888466662114 -1.0067452383807876
22214 10628960 0.6149363559261839 0.15434414086140624 0.36576 0.21226888466662114 -1.0067452383807876
22215 10628960 0.6149353617863733 0.15434849061687014 0.36576 0.21226888466662114 -1.0067452383807876
22216 10628960 0.6149343676465626 0.15435284037233404 0.36576 0.21226888466662114 -1.0067452383807876
22217 10628960 0.6149333735067521 0.15435719012779794 0.36576 0.21226888466662114 -1.0067452383807876
22218 10628960 0.6149323793669415 0.15436153988326184 0.36576 0.21226888466662114 -1.0067452383807876
22219 10628960 0.6149313852271308 0.15436588963872575 0.36576 0.21226888466662114 -1.0067452383807876
22220 10628960 0.6149303910873202 0.15437023939418965 0.36576 0.21226888466662114 -1.0067452383807876
22221 10628960 0.6149293969475096 0.15437458914965355 0.36576 0.21226888466662114 -1.0067452383807876
22222 10628960 0.6149284028076989 0.15437893890511745 0.36576 0.21226888466662114 -1.0067452383807876
22223 10628960 0.6149274086678883 0.15438328866058135 0.36576 0.21226888466662114 -1.0067452383807876
22224 10628960 0.6149264145280776 0.15438763841604525 0.36576 0.21226888466662114 -1.0067452383807876
22225 10628960 0.6149254203882671 0.15439198817150915 0.36576 0.21226888466662114 -1.0067452383807876
22226 10628960 0.6149244262484564 0.15439633792697305 0.36576 0.21226888466662114 -1.0067452383807876
22227 10628960 0.6149234321086458 0.15440068768243695 0.36576 0.21226888466662114 -1.0067452383807876
22228 10628960 0.6149224379688352 0.15440503743790085 0.36576 0.21226888466662114 -1.0067452383807876
22229 10628960 0.6149214438290246 0.15440938719336475 0.36576 0.21226888466662114 -1.0067452383807876
22230 10628960 0.6149204496892139 0.15441373694882865 0.36576 0.21226888466662114 -1.0067452383807876
22231 10628960 0.6149194555494033 0.15441808670429255 0.36576 0.21226888466662114 -1.0067452383807876
22232 10628960 0.6149184614095926 0.15442243645975645 0.36576 0.21226888466662114 -1.0067452383807876
22233 10628960 0.614917467269782 0.15442678621522035 0.36576 0.21226888466662114 -1.0067452383807876
22234 10628960 0.6149164731299714 0.15443113597068425 0.36576 0.21226888466662114 -1.0067452383807876
22235 10628960 0.6149154789901607 0.15443548572614815 0.36576 0.21226888466662114 -1.0067452383807876
22236 10628960 0.6149144848503502 0.15443983548161205 0.36576 0.21226888466662114 -1.0067452383807876
22237 10628960 0.6149134907105396 0.15444418523707595 0.36576 0.21226888466662114 -1.0067452383807876
