22311 11388217 -3.9852678387386518 -0.3990416420802224 0.6858000000000001 0.21226888466662114 -1.0067452383807876
22312 11388217 -3.9310789967465327 -0.418067946663422 0.6858000000000001 0.21226888466662114 -1.0067452383807876
22313 11388217 -3.8628676542966622 -0.4403990977628493 0.6858000000000001 0.21226888466662114 -1.0067452383807876
22314 11388217 -3.801448212653684 -0.4644789230952092 0.6858000000000001 0.21226888466662114 -1.0067452383807876
22315 11388217 -3.736791878391978 -0.4868133975967578 0.6858000000000001 0.21226888466662114 -1.0067452383807876
22316 11388217 -3.6782098136537336 -0.5059903390938812 0.6858000000000001 0.21226888466662114 -1.0067452383807876
22317 11388217 -3.6160721316155193 -0.5251621546989443 0.6858000000000001 0.21226888466662114 -1.0067452383807876
22318 11388217 -3.5655147413191917 -0.5417112798749916 0.6858000000000001 0.21226888466662114 -1.0067452383807876
22319 11388217 -3.492030137641299 -0.5669329992388029 0.6858000000000001 0.21226888466662114 -1.0067452383807876
22320 11388217 -3.421896167701754 -0.5847474762969603 0.6858000000000001 0.21226888466662114 -1.0067452383807876
22321 11388217 -3.3874243670941038 -0.5927584672584602 0.6819900000000001 0.21226888466662114 -1.0067452383807876
22322 11388217 -3.352952566486453 -0.60076945821996 0.6781800000000001 0.21226888466662114 -1.0067452383807876
22323 11388217 -3.3011511151819786 -0.6135172388183968 0.6858000000000001 0.21226888466662114 -1.0067452383807876
22324 11388217 -3.2320050468284736 -0.6237619788454517 0.6858000000000001 0.21226888466662114 -1.0067452383807876
22325 11388217 -3.177308277736457 -0.6325488960960776 0.6781800000000001 0.21226888466662114 -1.0067452383807876
22326 11388217 -3.1225912092277923 -0.6434452370031375 0.6781800000000001 0.21226888466662114 -1.0067452383807876
22327 11388217 -3.0535040528620083 -0.6549542342453941 0.6781800000000001 0.21226888466662114 -1.0067452383807876
22328 11388217 -2.9719058215306218 -0.6678692650407679 0.6781800000000001 0.21226888466662114 -1.0067452383807876
22329 11388217 -2.9427187932012044 -0.6693581163312136 0.6781800000000001 0.21226888466662114 -1.0067452383807876
22330 11388217 -2.8529125708566667 -0.6854250859595141 0.6781800000000001 0.21226888466662114 -1.0067452383807876
22331 11388217 -2.8206638585313 -0.6873310815512362 0.6781800000000001 0.21226888466662114 -1.0067452383807876
22332 11388217 -2.7496447899861995 -0.6960985353789992 0.6781800000000001 0.21226888466662114 -1.0067452383807876
22333 11388217 -2.6786257214411 -0.7048659892067621 0.6781800000000001 0.21226888466662114 -1.0067452383807876
22334 11388217 -2.607606652895999 -0.713633443034525 0.6781800000000001 0.21226888466662114 -1.0067452383807876
22335 11388217 -2.5365875843508987 -0.7224008968622879 0.6781800000000001 0.21226888466662114 -1.0067452383807876
22336 11388217 -2.4655685158057987 -0.7311683506900508 0.6781800000000001 0.21226888466662114 -1.0067452383807876
22337 11388217 -2.3945494472606983 -0.7399358045178139 0.6781800000000001 0.21226888466662114 -1.0067452383807876
22338 11388217 -2.336033277264355 -0.748446823871197 0.6781800000000001 0.21226888466662114 -1.0067452383807876
22339 11388217 -2.2823624523229107 -0.7550213257888129 0.6781800000000001 0.21226888466662114 -1.0067452383807876
22340 11388217 -2.2286916273814668 -0.7615958277064286 0.6781800000000001 0.21226888466662114 -1.0067452383807876
22341 11388217 -2.1750208024400224 -0.7681703296240445 0.6781800000000001 0.21226888466662114 -1.0067452383807876
22342 11388217 -2.1178745936310994 -0.7761143823373994 0.6781800000000001 0.21226888466662114 -1.0067452383807876
22343 11388217 -2.060728384822177 -0.7840584350507542 0.6781800000000001 0.21226888466662114 -1.0067452383807876
22344 11388217 -1.999036708918153 -0.7937222475208531 0.6781800000000001 0.21226888466662114 -1.0067452383807876
22345 11388217 -1.9311359352931177 -0.7993408142308894 0.6781800000000001 0.21226888466662114 -1.0067452383807876
22346 11388217 -1.872848547393285 -0.8071890136018177 0.6781800000000001 0.21226888466662114 -1.0067452383807876
22347 11388217 -1.7809194909152393 -0.8221841135508416 0.6858000000000001 0.21226888466662114 -1.0067452383807876
22348 11388217 -1.7220650803215931 -0.8253093476372687 0.6858000000000001 0.21226888466662114 -1.0067452383807876
22349 11388217 -1.694156320657838 -0.8311070458083432 0.6858000000000001 0.21226888466662114 -1.0067452383807876
22350 11388217 -1.6662475609940828 -0.8369047439794175 0.6858000000000001 0.21226888466662114 -1.0067452383807876
22351 11388217 -1.569473096983148 -0.8465883835643555 0.6858000000000001 0.21226888466662114 -1.0067452383807876
22352 11388217 -1.5117941988003971 -0.8549356666730914 0.6858000000000001 0.21226888466662114 -1.0067452383807876
22353 11388217 -1.4531056772443949 -0.8629116253517805 0.6858000000000001 0.21226888466662114 -1.0067452383807876
22354 11388217 -1.3945897487462096 -0.8714148427297113 0.6858000000000001 0.21226888466662114 -1.0067452383807876
22355 11388217 -1.3439179286135865 -0.8794556150483784 0.69342 0.21226888466662114 -1.0067452383807876
22356 11388217 -1.2781878883480606 -0.8876296522621571 0.6858000000000001 0.21226888466662114 -1.0067452383807876
22357 11388217 -1.2135124118610003 -0.8952245986560236 0.6858000000000001 0.21226888466662114 -1.0067452383807876
22358 11388217 -1.1497655119690673 -0.9023985150883309 0.69342 0.21226888466662114 -1.0067452383807876
22359 11388217 -1.0911806404219058 -0.9106881171992176 0.69342 0.21226888466662114 -1.0067452383807876
22360 11388217 -1.0595969631231086 -0.91733431445561 0.6896100000000001 0.21226888466662114 -1.0067452383807876
22361 11388217 -1.0280132858243112 -0.9239805117120022 0.6858000000000001 0.21226888466662114 -1.0067452383807876
22362 11388217 -0.9658514687823024 -0.9335553892565917 0.6858000000000001 0.21226888466662114 -1.0067452383807876
22363 11388217 -0.8988743825301004 -0.9447039872069566 0.6858000000000001 0.21226888466662114 -1.0067452383807876
22364 11388217 -0.8381280168275325 -0.9588355171986918 0.6852138461538463 0.21226888466662114 -1.0067452383807876
22365 11388217 -0.7773816511249645 -0.9729670471904268 0.6846276923076924 0.21226888466662114 -1.0067452383807876
22366 11388217 -0.7166352854223965 -0.987098577182162 0.6840415384615386 0.21226888466662114 -1.0067452383807876
22367 11388217 -0.6558889197198285 -1.0012301071738972 0.6834553846153847 0.21226888466662114 -1.0067452383807876
22368 11388217 -0.5951425540172606 -1.0153616371656322 0.6828692307692309 0.21226888466662114 -1.0067452383807876
22369 11388217 -0.5343961883146927 -1.0294931671573675 0.682283076923077 0.21226888466662114 -1.0067452383807876
22370 11388217 -0.4736498226121248 -1.0436246971491026 0.6816969230769232 0.21226888466662114 -1.0067452383807876
22371 11388217 -0.4129034569095568 -1.0577562271408376 0.6811107692307693 0.21226888466662114 -1.0067452383807876
22372 11388217 -0.3521570912069888 -1.071887757132573 0.6805246153846155 0.21226888466662114 -1.0067452383807876
22373 11388217 -0.2914107255044208 -1.086019287124308 0.6799384615384616 0.21226888466662114 -1.0067452383807876
22374 11388217 -0.23066435980185285 -1.100150817116043 0.6793523076923078 0.21226888466662114 -1.0067452383807876
22375 11388217 -0.169917994099285 -1.1142823471077783 0.6787661538461539 0.21226888466662114 -1.0067452383807876
22376 11388217 -0.109171628396717 -1.1284138770995134 0.6781800000000001 0.21226888466662114 -1.0067452383807876
22377 11388217 -0.06762823649757321 -1.136382672727689 0.6781800000000001 0.21226888466662114 -1.0067452383807876
22378 11388217 -0.026084844598429413 -1.1443514683558642 0.6781800000000001 0.21226888466662114 -1.0067452383807876
22379 11388217 0.03560720734153888 -1.1539974898339675 0.6781800000000001 0.21226888466662114 -1.0067452383807876
22380 11388217 0.09096611259567078 -1.1667138637537626 0.6781800000000001 0.21226888466662114 -1.0067452383807876
22381 11388217 0.14791175640308807 -1.1745741995703718 0.6781800000000001 0.21226888466662114 -1.0067452383807876
22382 11388217 0.23756128376607555 -1.1872790811130411 0.6781800000000001 0.21226888466662114 -1.0067452383807876
22383 11388217 0.2866138011781152 -1.1986341718106959 0.6781800000000001 0.21226888466662114 -1.0067452383807876
22384 11388217 0.3483748825440658 -1.2080663440765746 0.67056 0.21226888466662114 -1.0067452383807876
22385 11388217 0.4007119855070789 -1.2137178805686584 0.6781800000000001 0.21226888466662114 -1.0067452383807876
22386 11388217 0.4546197202042448 -1.2199990345609073 0.6781800000000001 0.21226888466662114 -1.0067452383807876
22387 11388217 0.5347868362934436 -1.2301861336052362 0.6781800000000001 0.21226888466662114 -1.0067452383807876
22388 11388217 0.5993255612517767 -1.2365515537615237 0.6781800000000001 0.21226888466662114 -1.0067452383807876
22389 11388217 0.6581784563158063 -1.239656957737857 0.6781800000000001 0.21226888466662114 -1.0067452383807876
22390 11388217 0.719417667228309 -1.2414386319664257 0.6781800000000001 0.21226888466662114 -1.0067452383807876
22391 11388217 0.7499438215259407 -1.2445183657894117 0.6781800000000001 0.21226888466662114 -1.0067452383807876
22392 11388217 0.7804699758235725 -1.2475980996123976 0.6781800000000001 0.21226888466662114 -1.0067452383807876
22393 11388217 0.8390015787716779 -1.2505971262471824 0.6781800000000001 0.21226888466662114 -1.0067452383807876
22394 11388217 0.9040523884503032 -1.2540310438872422 0.6781800000000001 0.21226888466662114 -1.0067452383807876
22395 11388217 0.9691031981289286 -1.257464961527302 0.6781800000000001 0.21226888466662114 -1.0067452383807876
22396 11388217 1.0313275724473538 -1.260033211884401 0.6781800000000001 0.21226888466662114 -1.0067452383807876
22397 11388217 1.0790114780435602 -1.2608889248791677 0.6781800000000001 0.21226888466662114 -1.0067452383807876
22398 11388217 1.1271109172163167 -1.265910304869075 0.6781800000000001 0.21226888466662114 -1.0067452383807876
22399 11388217 1.1752103563890732 -1.2709316848589822 0.6781800000000001 0.21226888466662114 -1.0067452383807876
22400 11388217 1.2303134565522889 -1.272457370944615 0.6781800000000001 0.21226888466662114 -1.0067452383807876
22401 11388217 1.2854475469940716 -1.2787824949250364 0.6781800000000001 0.21226888466662114 -1.0067452383807876
22402 11388217 1.3582525543895536 -1.2870233407199323 0.6781800000000001 0.21226888466662114 -1.0067452383807876
22403 11388217 1.4069885091829315 -1.2917252227338392 0.67056 0.21226888466662114 -1.0067452383807876
22404 11388217 1.4545889528002165 -1.2966400505326563 0.6781800000000001 0.21226888466662114 -1.0067452383807876
22405 11388217 1.4938963070396818 -1.3041032059659987 0.67056 0.21226888466662114 -1.0067452383807876
22406 11388217 1.5247307289797682 -1.308682308951366 0.67056 0.21226888466662114 -1.0067452383807876
22407 11388217 1.5714714426108345 -1.3129651385489824 0.67056 0.21226888466662114 -1.0067452383807876
22408 11388217 1.6140440405702432 -1.3164121109339528 0.67056 0.21226888466662114 -1.0067452383807876
22409 11388217 1.6566166385296517 -1.3198590833189237 0.67056 0.21226888466662114 -1.0067452383807876
22410 11388217 1.7039303769322702 -1.3245618336289695 0.67056 0.21226888466662114 -1.0067452383807876
22411 11388217 1.765267275537875 -1.3325583356047004 0.6629400000000001 0.21226888466662114 -1.0067452383807876
22412 11388217 1.813383542990337 -1.337522427118316 0.6629400000000001 0.21226888466662114 -1.0067452383807876
22413 11388217 1.8566152995403529 -1.3411249399012537 0.65532 0.21226888466662114 -1.0067452383807876
22414 11388217 1.9064549282467822 -1.3408101758317448 0.65532 0.21226888466662114 -1.0067452383807876
22415 11388217 1.9281052264404863 -1.3425055831877712 0.65532 0.21226888466662114 -1.0067452383807876
22416 11388217 1.9497555246341909 -1.3442009905437975 0.65532 0.21226888466662114 -1.0067452383807876
22417 11388217 2.00951265128177 -1.3472405172300623 0.6477 0.21226888466662114 -1.0067452383807876
22418 11388217 2.0511424119820325 -1.3493547537641102 0.6457950000000001 0.21226888466662114 -1.0067452383807876
22419 11388217 2.0927721726822948 -1.3514689902981578 0.6438900000000001 0.21226888466662114 -1.0067452383807876
22420 11388217 2.1344019333825583 -1.3535832268322054 0.641985 0.21226888466662114 -1.0067452383807876
22421 11388217 2.1760316940828206 -1.3556974633662533 0.6400800000000001 0.21226888466662114 -1.0067452383807876
22422 11388217 2.2226358781396867 -1.3571279763845083 0.6400800000000001 0.21226888466662114 -1.0067452383807876
22423 11388217 2.260958224577545 -1.362162627087383 0.63246 0.21226888466662114 -1.0067452383807876
22424 11388217 2.3210731554398327 -1.360293350629423 0.63246 0.21226888466662114 -1.0067452383807876
22425 11388217 2.3541908289539832 -1.3622266209419651 0.63246 0.21226888466662114 -1.0067452383807876
22426 11388217 2.4024022197729837 -1.3600921210647279 0.6248400000000001 0.21226888466662114 -1.0067452383807876
22427 11388217 2.4412336076154544 -1.3567644073553533 0.6248400000000001 0.21226888466662114 -1.0067452383807876
22428 11388217 2.4651435501338015 -1.356976384630861 0.62103 0.21226888466662114 -1.0067452383807876
22429 11388217 2.489053492652149 -1.3571883619063678 0.61722 0.21226888466662114 -1.0067452383807876
22430 11388217 2.5485319202921817 -1.3436616118351468 0.61722 0.21226888466662114 -1.0067452383807876
22431 11388217 2.5825577172953325 -1.3275734004872333 0.614172 0.21226888466662114 -1.0067452383807876
22432 11388217 2.616583514298484 -1.3114851891393198 0.611124 0.21226888466662114 -1.0067452383807876
22433 11388217 2.6506093113016345 -1.2953969777914065 0.6080760000000001 0.21226888466662114 -1.0067452383807876
22434 11388217 2.6846351083047857 -1.279308766443493 0.605028 0.21226888466662114 -1.0067452383807876
22435 11388217 2.7186609053079365 -1.2632205550955795 0.6019800000000001 0.21226888466662114 -1.0067452383807876
22436 11388217 2.727414631287121 -1.2554476004445838 0.6019800000000001 0.21226888466662114 -1.0067452383807876
22437 11388217 2.760331783123797 -1.2226196887530036 0.6019800000000001 0.21226888466662114 -1.0067452383807876
22438 11388217 2.786453407635918 -1.1806815768017376 0.59436 0.21226888466662114 -1.0067452383807876
22439 11388217 2.8022951484146232 -1.1484714211277944 0.5867399999999999 0.21226888466662114 -1.0067452383807876
22440 11388217 2.8231928590881963 -1.096417521072338 0.5867399999999999 0.21226888466662114 -1.0067452383807876
22441 11388217 2.8264318324538062 -1.0864940851276277 0.57912 0.21226888466662114 -1.0067452383807876
22442 11388217 2.835313841599155 -1.0309855520815727 0.57912 0.21226888466662114 -1.0067452383807876
22443 11388217 2.834047598344244 -1.001672128040158 0.577596 0.21226888466662114 -1.0067452383807876
22444 11388217 2.8327813550893324 -0.9723587039987434 0.576072 0.21226888466662114 -1.0067452383807876
22445 11388217 2.8315151118344213 -0.9430452799573288 0.574548 0.21226888466662114 -1.0067452383807876
22446 11388217 2.8302488685795097 -0.913731855915914 0.573024 0.21226888466662114 -1.0067452383807876
22447 11388217 2.8289826253245987 -0.8844184318744993 0.5715 0.21226888466662114 -1.0067452383807876
22448 11388217 2.8231415090058785 -0.8506212080625163 0.56388 0.21226888466662114 -1.0067452383807876
22449 11388217 2.8037010200747874 -0.7959139348840117 0.5562600000000001 0.21226888466662114 -1.0067452383807876
22450 11388217 2.798008972004041 -0.7834257335042124 0.5562600000000001 0.21226888466662114 -1.0067452383807876
22451 11388217 2.777343655820545 -0.7365538684846954 0.55245 0.21226888466662114 -1.0067452383807876
22452 11388217 2.75667833963705 -0.6896820034651784 0.54864 0.21226888466662114 -1.0067452383807876
22453 11388217 2.735243476036792 -0.6560509740303473 0.54102 0.21226888466662114 -1.0067452383807876
22454 11388217 2.721270294929327 -0.6281264116419756 0.54102 0.21226888466662114 -1.0067452383807876
22455 11388217 2.7054157227760407 -0.6057397941668339 0.5372100000000001 0.21226888466662114 -1.0067452383807876
22456 11388217 2.6895611506227546 -0.5833531766916921 0.5334 0.21226888466662114 -1.0067452383807876
22457 11388217 2.6737065784694694 -0.5609665592165504 0.52959 0.21226888466662114 -1.0067452383807876
22458 11388217 2.6578520063161832 -0.5385799417414087 0.52578 0.21226888466662114 -1.0067452383807876
22459 11388217 2.6419974341628967 -0.5161933242662669 0.5219699999999999 0.21226888466662114 -1.0067452383807876
22460 11388217 2.626142862009611 -0.4938067067911252 0.5181600000000001 0.21226888466662114 -1.0067452383807876
22461 11388217 2.576639435684874 -0.44225002918456735 0.5143500000000001 0.21226888466662114 -1.0067452383807876
22462 11388217 2.5271360093601367 -0.3906933515780096 0.51054 0.21226888466662114 -1.0067452383807876
22463 11388217 2.5029323093537914 -0.3698478168207004 0.507492 0.21226888466662114 -1.0067452383807876
22464 11388217 2.4787286093474448 -0.34900228206339123 0.504444 0.21226888466662114 -1.0067452383807876
22465 11388217 2.4545249093410995 -0.3281567473060821 0.501396 0.21226888466662114 -1.0067452383807876
22466 11388217 2.4303212093347533 -0.30731121254877297 0.49834799999999996 0.21226888466662114 -1.0067452383807876
22467 11388217 2.4061175093284075 -0.2864656777914638 0.4953 0.21226888466662114 -1.0067452383807876
22468 11388217 2.3573303892801882 -0.24822442205673556 0.48768 0.21226888466662114 -1.0067452383807876
22469 11388217 2.3177295176068857 -0.2253649146466438 0.48006000000000004 0.21226888466662114 -1.0067452383807876
22470 11388217 2.2937817152002986 -0.2089594354037071 0.47625 0.21226888466662114 -1.0067452383807876
22471 11388217 2.269833912793712 -0.1925539561607704 0.47244 0.21226888466662114 -1.0067452383807876
22472 11388217 2.2324685233537127 -0.1710078453805511 0.47244 0.21226888466662114 -1.0067452383807876
22473 11388217 2.1995485134140904 -0.15488490202614505 0.4648200000000001 0.21226888466662114 -1.0067452383807876
22474 11388217 2.1618483575928757 -0.1370840694210921 0.4648200000000001 0.21226888466662114 -1.0067452383807876
22475 11388217 2.127806255695518 -0.11895883378023575 0.4572000000000001 0.21226888466662114 -1.0067452383807876
22476 11388217 2.0885394587702555 -0.10391655069642916 0.451485 0.21226888466662114 -1.0067452383807876
22477 11388217 2.049272661844992 -0.08887426761262254 0.4457700000000001 0.21226888466662114 -1.0067452383807876
22478 11388217 2.0100058649197288 -0.07383198452881594 0.4400550000000001 0.21226888466662114 -1.0067452383807876
22479 11388217 1.9707390679944652 -0.058789701445009335 0.4343400000000001 0.21226888466662114 -1.0067452383807876
22480 11388217 1.9534128126699468 -0.05202169380871312 0.4343400000000001 0.21226888466662114 -1.0067452383807876
22481 11388217 1.936086557345428 -0.0452536861724169 0.4343400000000001 0.21226888466662114 -1.0067452383807876
22482 11388217 1.897395796404146 -0.0348378932234118 0.4343400000000001 0.21226888466662114 -1.0067452383807876
22483 11388217 1.8591057080994369 -0.025370477756052917 0.42672 0.21226888466662114 -1.0067452383807876
22484 11388217 1.8225560487692465 -0.019274972716889327 0.4191 0.21226888466662114 -1.0067452383807876
22485 11388217 1.7755521066162885 -0.009297674720559895 0.4191 0.21226888466662114 -1.0067452383807876
22486 11388217 1.7389441978615805 -0.004467751654388313 0.41148 0.21226888466662114 -1.0067452383807876
22487 11388217 1.7020354474261778 -0.0032777052309060357 0.41148 0.21226888466662114 -1.0067452383807876
22488 11388217 1.6679821790042144 -0.0015014180165388302 0.40386 0.21226888466662114 -1.0067452383807876
22489 11388217 1.6191402282927398 0.003937033349478064 0.39624 0.21226888466662114 -1.0067452383807876
22490 11388217 1.6018816360347208 0.0013964365872458848 0.39624 0.21226888466662114 -1.0067452383807876
22491 11388217 1.5846230437767024 -0.0011441601749862945 0.39624 0.21226888466662114 -1.0067452383807876
22492 11388217 1.5513250824830394 -0.001132754069128522 0.38861999999999997 0.21226888466662114 -1.0067452383807876
22493 11388217 1.4969756250433648 -0.0003198902804363857 0.381 0.21226888466662114 -1.0067452383807876
22494 11388217 1.4544840080035448 0.0028117408622652523 0.381 0.21226888466662114 -1.0067452383807876
22495 11388217 1.4265051831360316 0.0014367060978762866 0.381 0.21226888466662114 -1.0067452383807876
22496 11388217 1.3912354211056348 0.0022097063332668088 0.381 0.21226888466662114 -1.0067452383807876
22497 11388217 1.356768055503267 0.002720761362614455 0.381 0.21226888466662114 -1.0067452383807876
22498 11388217 1.324172961383404 0.0026205098830465365 0.37846 0.21226888466662114 -1.0067452383807876
22499 11388217 1.2915778672635412 0.002520258403478618 0.37592 0.21226888466662114 -1.0067452383807876
22500 11388217 1.2589827731436782 0.0024200069239107003 0.37338000000000005 0.21226888466662114 -1.0067452383807876
22501 11388217 1.2315116496463436 0.005319153786976713 0.37338000000000005 0.21226888466662114 -1.0067452383807876
22502 11388217 1.1921446274611345 0.001707113253268569 0.37338000000000005 0.21226888466662114 -1.0067452383807876
22503 11388217 1.1648458771654615 0.0051343175624859886 0.37338000000000005 1.08758931053422 -1.7468616743210381
22504 11388217 1.1512654643957743 0.00470312835518764 0.37338000000000005 1.08758931053422 -1.7468616743210381
22505 11388217 1.137685051626086 0.004271939147889291 0.37338000000000005 1.08758931053422 -1.7468616743210381
22506 11388217 1.1241046388563984 0.003840749940590943 0.37338000000000005 1.08758931053422 -1.7468616743210381
22507 11388217 1.0755670761373282 0.0036925052040886475 0.37338000000000005 1.08758931053422 -1.7468616743210381
22508 11388217 1.047518820303458 0.002107844063514455 0.37338000000000005 1.08758931053422 -1.7468616743210381
22509 11388217 1.0150916059017046 0.0020707285400436426 0.37338000000000005 1.08758931053422 -1.7468616743210381
22510 11388217 1.0040046771566726 0.003473191233340389 0.37338000000000005 1.08758931053422 -1.7468616743210381
22511 11388217 0.9778152415420646 0.003501183496705473 0.37338000000000005 1.08758931053422 -1.7468616743210381
22512 11388217 0.9532463373391444 0.0035061394174362485 0.37338000000000005 1.08758931053422 -1.7468616743210381
22513 11388217 0.9286774331362244 0.003511095338167023 0.37338000000000005 1.08758931053422 -1.7468616743210381
22514 11388217 0.9041085289333044 0.0035160512588977982 0.37338000000000005 1.08758931053422 -1.7468616743210381
22515 11388217 0.8732641567140664 0.004247535888291645 0.37338000000000005 1.08758931053422 -1.7468616743210381
22516 11388217 0.8424197844948287 0.004979020517685492 0.37338000000000005 1.08758931053422 -1.7468616743210381
22517 11388217 0.8151736795067817 0.003133097081473052 0.37338000000000005 1.08758931053422 -1.7468616743210381
22518 11388217 0.7644774302542796 0.00018729250755680768 0.37338000000000005 1.08758931053422 -1.7468616743210381
22519 11388217 0.7427609725705202 0.001675252637142438 0.37338000000000005 1.08758931053422 -1.7468616743210381
22520 11388217 0.7042116302821094 0.0032893163339967326 0.37338000000000005 1.08758931053422 -1.7468616743210381
22521 11388217 0.6635658801366846 0.003018908140213577 0.37592 1.08758931053422 -1.7468616743210381
22522 11388217 0.6229201299912598 0.0027484999464304216 0.37846 1.08758931053422 -1.7468616743210381
22523 11388217 0.582274379845835 0.0024780917526472657 0.381 1.08758931053422 -1.7468616743210381
22524 11388217 0.5416286297004101 0.0022076835588641093 0.38354 1.08758931053422 -1.7468616743210381
22525 11388217 0.5009828795549853 0.0019372753650809536 0.38608 1.08758931053422 -1.7468616743210381
22526 11388217 0.4603371294095605 0.0016668671712977976 0.38861999999999997 1.08758931053422 -1.7468616743210381
22527 11388217 0.4034021009970196 -0.0013408170468011404 0.39624 1.08758931053422 -1.7468616743210381
22528 11388217 0.3577519488092397 -0.00242817967919734 0.39624 1.08758931053422 -1.7468616743210381
22529 11388217 0.33362378655518 -0.0015235950409182505 0.401955 1.08758931053422 -1.7468616743210381
22530 11388217 0.3094956243011204 -0.0006190104026391612 0.40767 1.08758931053422 -1.7468616743210381
22531 11388217 0.2421202846316478 -0.002959129706091218 0.41148 1.08758931053422 -1.7468616743210381
22532 11388217 0.21379873304615604 -0.0012970749785706779 0.4152900000000001 1.08758931053422 -1.7468616743210381
22533 11388217 0.18547718146066428 0.0003649797489498618 0.4191 1.08758931053422 -1.7468616743210381
22534 11388217 0.14624613547279952 -0.0028190536496352503 0.42672 1.08758931053422 -1.7468616743210381
22535 11388217 0.12561666524852155 -0.003437045682823186 0.4343400000000001 1.08758931053422 -1.7468616743210381
22536 11388217 0.07132444076480926 0.00028787384165962493 0.44196 1.08758931053422 -1.7468616743210381
22537 11388217 0.027808835261748488 0.001659209828303254 0.44196 1.08758931053422 -1.7468616743210381
22538 11388217 -0.012328436350292682 -0.00157834026643483 0.44958 1.08758931053422 -1.7468616743210381
22539 11388217 -0.05087875396566322 3.9828075958509006e-05 0.4572000000000001 1.08758931053422 -1.7468616743210381
22540 11388217 -0.10294034150677478 -0.001636349544506338 0.4648200000000001 1.08758931053422 -1.7468616743210381
22541 11388217 -0.12156197669957995 -0.0008654068866930098 0.4648200000000001 1.08758931053422 -1.7468616743210381
22542 11388217 -0.14018361189238515 -9.446422887968152e-05 0.4648200000000001 1.08758931053422 -1.7468616743210381
22543 11388217 -0.15997245039120167 0.0032194554772607964 0.47244 1.08758931053422 -1.7468616743210381
22544 11388217 -0.2170125312364453 -9.992015743928716e-05 0.48006000000000004 1.08758931053422 -1.7468616743210381
22545 11388217 -0.27033431519658313 -0.0001947363220205223 0.48006000000000004 1.08758931053422 -1.7468616743210381
22546 11388217 -0.3096697217965265 -0.003692915109341083 0.48768 1.08758931053422 -1.7468616743210381
22547 11388217 -0.3446311220527545 -0.0019613080405729566 0.48768 1.08758931053422 -1.7468616743210381
22548 11388217 -0.3782637223522889 -0.0015985870439751138 0.4953 1.08758931053422 -1.7468616743210381
22549 11388217 -0.41843628331488136 -0.004939399045046339 0.4953 1.08758931053422 -1.7468616743210381
22550 11388217 -0.4513010545228906 -0.004944207781730131 0.50292 1.08758931053422 -1.7468616743210381
