26674 11322591 1.996996107943056 0.00529839669066659 0.42672 3.1767939156932234 -1.695805880286572
26675 11322591 1.9650747143957856 0.005442608022448087 0.42672 3.1767939156932234 -1.695805880286572
26676 11322591 1.9297021952049545 0.0058963301378369285 0.42672 3.1767939156932234 -1.695805880286572
26677 11322591 1.8943296760141228 0.006350052253225769 0.42672 3.1767939156932234 -1.695805880286572
26678 11322591 1.86175313719776 0.004489033321054797 0.42672 3.1767939156932234 -1.695805880286572
26679 11322591 1.82902914265126 0.004895919595343662 0.42672 3.1767939156932234 -1.695805880286572
26680 11322591 1.7960399937015632 0.0034035669461204288 0.42672 3.1767939156932234 -1.695805880286572
26681 11322591 1.7637284261160948 0.0034423870054670898 0.42672 3.1767939156932234 -1.695805880286572
26682 11322591 1.7319132934184045 0.003007807129206064 0.41656 3.1767939156932234 -1.695805880286572
26683 11322591 1.700098160720714 0.0025732272529450373 0.4064 3.1767939156932234 -1.695805880286572
26684 11322591 1.6682830280230234 0.002138647376684011 0.39624 3.1767939156932234 -1.695805880286572
26685 11322591 1.6359181797608706 0.002740708388253008 0.39624 3.1767939156932234 -1.695805880286572
26686 11322591 1.603553331498718 0.0033427693998220047 0.39624 3.1767939156932234 -1.695805880286572
26687 11322591 1.5711884832365652 0.003944830411391001 0.39624 3.1767939156932234 -1.695805880286572
26688 11322591 1.541341628969119 0.0036468302394806204 0.39624 3.1767939156932234 -1.695805880286572
26689 11322591 1.5076659052756862 0.004541245036460029 0.39624 3.1767939156932234 -1.695805880286572
26690 11322591 1.4739901815822531 0.005435659833439438 0.39624 3.1767939156932234 -1.695805880286572
26691 11322591 1.444613399244627 0.005218134883399409 0.39624 3.1767939156932234 -1.695805880286572
26692 11322591 1.4152051842690514 0.003998621926464431 0.39624 3.1767939156932234 -1.695805880286572
26693 11322591 1.3857969692934755 0.0027791089695294547 0.39624 3.1767939156932234 -1.695805880286572
26694 11322591 1.3563887543178998 0.0015595960125944774 0.39624 3.1767939156932234 -1.695805880286572
26695 11322591 1.3264726772047375 0.0010513778703929721 0.36576 3.1767939156932234 -1.695805880286572
26696 11322591 1.296694493645829 0.0009655265810773472 0.36576 3.1767939156932234 -1.695805880286572
26697 11322591 1.2672392032028206 0.003227627415560597 0.36576 3.1767939156932234 -1.695805880286572
26698 11322591 1.2384483984776034 0.004805476966524447 0.36576 3.1767939156932234 -1.695805880286572
26699 11322591 1.2125397092572692 0.004332123608288045 0.36576 3.1767939156932234 -1.695805880286572
26700 11322591 1.186631020036935 0.0038587702500516435 0.36576 3.1767939156932234 -1.695805880286572
26701 11322591 1.1608084866935484 0.0036495045779991117 0.36576 3.1767939156932234 -1.695805880286572
26702 11322591 1.1349859533501618 0.00344023890594658 0.36576 3.1767939156932234 -1.695805880286572
26703 11322591 1.1122822569883015 0.0032637008531250736 0.36576 3.1767939156932234 -1.695805880286572
26704 11322591 1.089578560626441 0.003087162800303569 0.36576 3.1767939156932234 -1.695805880286572
26705 11322591 1.066874864264581 0.002910624747482063 0.36576 3.1767939156932234 -1.695805880286572
26706 11322591 1.0457667455251018 0.004899934769204639 0.36576 3.1767939156932234 -1.695805880286572
26707 11322591 1.0235769216935653 0.0022191917935696914 0.36576 3.1767939156932234 -1.695805880286572
26708 11322591 1.0013433366580664 0.002122974537793809 0.36576 3.1767939156932234 -1.695805880286572
26709 11322591 0.9778417062751208 0.0008639857051506369 0.36576 3.1767939156932234 -1.695805880286572
26710 11322591 0.9543400758921754 -0.0003950031274925353 0.36576 3.1767939156932234 -1.695805880286572
26711 11322591 0.9305705255109604 0.0002444516191060647 0.36576 3.1767939156932234 -1.695805880286572
26712 11322591 0.9038432069017652 0.0016166885682546706 0.36576 3.1767939156932234 -1.695805880286572
26713 11322591 0.8750214742788791 0.0009279446051338873 0.36576 3.1767939156932234 -1.695805880286572
26714 11322591 0.8461997416559929 0.0002392006420131043 0.36576 3.1767939156932234 -1.695805880286572
26715 11322591 0.8191260730399372 -0.0010789474203177496 0.36576 3.1767939156932234 -1.695805880286572
26716 11322591 0.7865042844187875 -0.00035057954594426566 0.36576 3.1767939156932234 -1.695805880286572
26717 11322591 0.7566677658717242 -0.0008826159830821467 0.36576 3.1767939156932234 -1.695805880286572
26718 11322591 0.7244013716265488 -0.00015328031088338026 0.36576 3.1767939156932234 -1.695805880286572
26719 11322591 0.6910206774693795 -0.0017467420076154178 0.36576 3.1767939156932234 -1.695805880286572
26720 11322591 0.6587826944361068 -0.0012015906465840318 0.36576 3.1767939156932234 -1.695805880286572
26721 11322591 0.6265447114028343 -0.0006564392855526457 0.36576 3.1767939156932234 -1.695805880286572
26722 11322591 0.5917328888209994 0.0004378829649836352 0.39624 3.1767939156932234 -1.695805880286572
26723 11322591 0.5564261546573046 -0.0005256473850106108 0.39624 3.1767939156932234 -1.695805880286572
26724 11322591 0.5215572242936435 0.000938218251592758 0.39624 3.1767939156932234 -1.695805880286572
26725 11322591 0.4866882939299825 0.002402083888196127 0.39624 3.1767939156932234 -1.695805880286572
26726 11322591 0.4495605053467284 0.004020206939537599 0.39624 3.1767939156932234 -1.695805880286572
26727 11322591 0.4107439012569107 0.002101392761201387 0.39624 3.1767939156932234 -1.695805880286572
26728 11322591 0.3725481375342936 0.0020827996986085007 0.39624 3.1767939156932234 -1.695805880286572
26729 11322591 0.33540895634099643 0.003938855901953475 0.39624 3.1767939156932234 -1.695805880286572
26730 11322591 0.2992282081797064 0.0005750418317168603 0.39624 3.1767939156932234 -1.695805880286572
26731 11322591 0.2616067031183122 0.0017713663431075386 0.39624 3.1767939156932234 -1.695805880286572
26732 11322591 0.223985198056918 0.0029676908544982172 0.39624 3.1767939156932234 -1.695805880286572
26733 11322591 0.1862706300617406 0.0027927503728684693 0.39624 3.1767939156932234 -1.695805880286572
26734 11322591 0.14807454441310866 0.002775365233094046 0.39624 3.1767939156932234 -1.695805880286572
26735 11322591 0.10977490699420467 0.0024415209052124076 0.42672 3.1767939156932234 -1.695805880286572
26736 11322591 0.07021685875519712 0.005323091247513512 0.42672 3.1767939156932234 -1.695805880286572
26737 11322591 0.031777581419853866 0.0029323223444278623 0.42672 3.1767939156932234 -1.695805880286572
26738 11322591 -0.006418727274223546 0.002915768501948024 0.42672 3.1767939156932234 -1.695805880286572
26739 11322591 -0.043959574429383134 0.004904950184827589 0.42672 3.1767939156932234 -1.695805880286572
26740 11322591 -0.08173754230942315 0.0048105393607316424 0.42672 3.1767939156932234 -1.695805880286572
26741 11322591 -0.11951551018946314 0.004716128536635693 0.42672 3.1767939156932234 -1.695805880286572
26742 11322591 -0.1577120300159216 0.004700388997641664 0.42672 3.1767939156932234 -1.695805880286572
26743 11322591 -0.1975223472895984 0.00789947911369529 0.42672 3.1767939156932234 -1.695805880286572
26744 11322591 -0.2352375040222856 0.007726778480138834 0.4572000000000001 3.1767939156932234 -1.695805880286572
26745 11322591 -0.27321671542954995 0.007290079907566888 0.4572000000000001 3.1767939156932234 -1.695805880286572
26746 11322591 -0.3137862515780099 0.008167653425355942 0.4572000000000001 3.1767939156932234 -1.695805880286572
26747 11322591 -0.3512239257904659 0.010475121872240785 0.4572000000000001 3.1767939156932234 -1.695805880286572
26748 11322591 -0.392140231731964 0.008662486413009401 0.4572000000000001 3.1767939156932234 -1.695805880286572
26749 11322591 -0.4293260315837064 0.01065433414589792 0.4572000000000001 3.1767939156932234 -1.695805880286572
26750 11322591 -0.4695334765845599 0.0126412140034802 0.4572000000000001 3.1767939156932234 -1.695805880286572
26751 11322591 -0.5097409215854134 0.014628093861062482 0.4572000000000001 3.1767939156932234 -1.695805880286572
26752 11322591 -0.5492538962221449 0.017381338572186406 0.4572000000000001 3.1767939156932234 -1.695805880286572
26753 11322591 -0.5896749615921908 0.018036693803602344 0.47243999999999997 3.1767939156932234 -1.695805880286572
26754 11322591 -0.6300960269622367 0.018692049035018282 0.48768 3.1767939156932234 -1.695805880286572
26755 11322591 -0.6685543320662599 0.021276457472031638 0.48768 3.1767939156932234 -1.695805880286572
26756 11322591 -0.7070126371702832 0.023860865909044987 0.48768 3.1767939156932234 -1.695805880286572
26757 11322591 -0.7433247557990039 0.028255805101944725 0.48768 3.1767939156932234 -1.695805880286572
26758 11322591 -0.7807628331368337 0.030565544609069382 0.48768 3.1767939156932234 -1.695805880286572
26759 11322591 -0.8188911728755868 0.030764467974622595 0.48768 3.1767939156932234 -1.695805880286572
26760 11322591 -0.8572008005567333 0.033125982420250305 0.50292 3.1767939156932234 -1.695805880286572
26761 11322591 -0.8955104282378799 0.035487496865878015 0.5181600000000001 3.1767939156932234 -1.695805880286572
26762 11322591 -0.9329831609412405 0.03769249083063128 0.5181600000000001 3.1767939156932234 -1.695805880286572
26763 11322591 -0.9697656556593328 0.04200868347647377 0.5181600000000001 3.1767939156932234 -1.695805880286572
26764 11322591 -1.0063669846921297 0.044162780390651885 0.5181600000000001 3.1767939156932234 -1.695805880286572
26765 11322591 -1.0463161328491577 0.04694444518018834 0.5181600000000001 3.1767939156932234 -1.695805880286572
26766 11322591 -1.084595722762606 0.05075775875933439 0.5181600000000001 3.1767939156932234 -1.695805880286572
26767 11322591 -1.122875312676054 0.054571072338480436 0.5181600000000001 3.1767939156932234 -1.695805880286572
26768 11322591 -1.1623085742407555 0.05730149958486828 0.5181600000000001 3.1767939156932234 -1.695805880286572
26769 11322591 -1.2018678384681094 0.06019017797139501 0.5181600000000001 3.1767939156932234 -1.695805880286572
26770 11322591 -1.238546917672908 0.0648244162609721 0.5181600000000001 3.1767939156932234 -1.695805880286572
26771 11322591 -1.2777023309633846 0.07003501012532873 0.54864 3.1767939156932234 -1.695805880286572
26772 11322591 -1.3167844732194118 0.07411200651819469 0.54864 3.1767939156932234 -1.695805880286572
26773 11322591 -1.3558666154754389 0.07818900291106065 0.54864 3.1767939156932234 -1.695805880286572
26774 11322591 -1.3949530266983703 0.08361134331131168 0.54864 3.1767939156932234 -1.695805880286572
26775 11322591 -1.4349714862801255 0.08618410745617552 0.54864 3.1767939156932234 -1.695805880286572
26776 11322591 -1.4736333925807148 0.0918185513764865 0.54864 3.1767939156932234 -1.695805880286572
26777 11322591 -1.5106941296512848 0.09365804430921984 0.54864 3.1767939156932234 -1.695805880286572
26778 11322591 -1.5522569178719767 0.09965750294793826 0.54864 3.1767939156932234 -1.695805880286572
26779 11322591 -1.5914124344919325 0.10486983593234052 0.54864 3.1767939156932234 -1.695805880286572
26780 11322591 -1.6281606848584735 0.1092950030977635 0.54864 3.1767939156932234 -1.695805880286572
26781 11322591 -1.6656595912801535 0.11414124630657176 0.5638799999999999 3.1767939156932234 -1.695805880286572
26782 11322591 -1.7031584977018337 0.11898748951538005 0.57912 3.1767939156932234 -1.695805880286572
26783 11322591 -1.7415890388770892 0.12641713473701285 0.57912 3.1767939156932234 -1.695805880286572
26784 11322591 -1.7801296822832904 0.1328315587752115 0.57912 3.1767939156932234 -1.695805880286572
26785 11322591 -1.818670325689492 0.13924598281341016 0.57912 3.1767939156932234 -1.695805880286572
26786 11322591 -1.8548382263847691 0.1447678090097537 0.57912 3.1767939156932234 -1.695805880286572
26787 11322591 -1.8910061270800465 0.15028963520609726 0.57912 3.1767939156932234 -1.695805880286572
26788 11322591 -1.9269603094269971 0.1571439101666595 0.57912 3.1767939156932234 -1.695805880286572
26789 11322591 -1.9647712296644155 0.16483945716780798 0.57912 3.1767939156932234 -1.695805880286572
26790 11322591 -2.002061767131834 0.16652293584516184 0.6096 3.1767939156932234 -1.695805880286572
26791 11322591 -2.0400137264008875 0.17134410402756847 0.6096 3.1767939156932234 -1.695805880286572
26792 11322591 -2.077965685669941 0.1761652722099751 0.6096 3.1767939156932234 -1.695805880286572
26793 11322591 -2.118954678711378 0.18256453628075628 0.6096 3.1767939156932234 -1.695805880286572
26794 11322591 -2.1553018266356068 0.1868611887217447 0.6096 3.1767939156932234 -1.695805880286572
26795 11322591 -2.194457441613846 0.1920768665126725 0.6096 3.1767939156932234 -1.695805880286572
26796 11322591 -2.233613065187619 0.19729276144399294 0.6096 3.1767939156932234 -1.695805880286572
26797 11322591 -2.271341522197213 0.19736824446893705 0.6400800000000001 3.1767939156932234 -1.695805880286572
26798 11322591 -2.3068354492505536 0.19612859389164525 0.6400800000000001 3.1767939156932234 -1.695805880286572
26799 11322591 -2.3254737022387792 0.19346361934134276 0.6400800000000001 3.1767939156932234 -1.695805880286572
26800 11322591 -2.344111955227004 0.19079864479104025 0.6400800000000001 3.1767939156932234 -1.695805880286572
26801 11322591 -2.4144397900045504 0.1659040509182281 0.6400800000000001 3.1767939156932234 -1.695805880286572
26802 11322591 -2.450207226970794 0.14781226919621746 0.6400800000000001 3.1767939156932234 -1.695805880286572
26803 11322591 -2.4787306835067384 0.12688295126586088 0.6400800000000001 3.1767939156932234 -1.695805880286572
26804 11322591 -2.5079907477060734 0.10397473187738064 0.6400800000000001 3.1767939156932234 -1.695805880286572
26805 11322591 -2.537250811905408 0.08106651248890037 0.6400800000000001 3.1767939156932234 -1.695805880286572
26806 11322591 -2.5627457704150114 0.052018968638696345 0.6400800000000001 3.1767939156932234 -1.695805880286572
26807 11322591 -2.5851809966873978 0.016712323011961766 0.6400800000000001 3.1767939156932234 -1.695805880286572
26808 11322591 -2.607616222959784 -0.01859432261477281 0.6400800000000001 3.1767939156932234 -1.695805880286572
26809 11322591 -2.629492430019977 -0.051513308009124265 0.6400800000000001 3.1767939156932234 -1.695805880286572
26810 11322591 -2.650183348456556 -0.0903117689494072 0.6400800000000001 3.1767939156932234 -1.695805880286572
26811 11322591 -2.664436454095922 -0.1257251643793064 0.6400800000000001 3.1767939156932234 -1.695805880286572
26812 11322591 -2.680105550557437 -0.16546579639149864 0.67056 3.1767939156932234 -1.695805880286572
26813 11322591 -2.69426522110176 -0.20873827107500376 0.67056 3.1767939156932234 -1.695805880286572
26814 11322591 -2.706905316303496 -0.24736686785120054 0.67056 3.1767939156932234 -1.695805880286572
26815 11322591 -2.718450358408706 -0.2907938368861448 0.67056 3.1767939156932234 -1.695805880286572
26816 11322591 -2.7294082484928066 -0.3324265899299863 0.67056 3.1767939156932234 -1.695805880286572
26817 11322591 -2.740366138576907 -0.3740593429738278 0.67056 3.1767939156932234 -1.695805880286572
26818 11322591 -2.7512894492456685 -0.4155865617788171 0.67056 3.1767939156932234 -1.695805880286572
26819 11322591 -2.7621781952105007 -0.4570082435335704 0.67056 3.1767939156932234 -1.695805880286572
26820 11322591 -2.7705451141509942 -0.4995472152117415 0.67056 3.1767939156932234 -1.695805880286572
26821 11322591 -2.7789120330914865 -0.5420861868899126 0.67056 3.1767939156932234 -1.695805880286572
26822 11322591 -2.7859887295943784 -0.5847552179342155 0.6858000000000001 3.1767939156932234 -1.695805880286572
26823 11322591 -2.7930654260972703 -0.6274242489785183 0.7010400000000001 3.1767939156932234 -1.695805880286572
26824 11322591 -2.7993115440694303 -0.6709492596267311 0.7010400000000001 3.1767939156932234 -1.695805880286572
26825 11322591 -2.8053503640692568 -0.7138410310792108 0.7010400000000001 3.1767939156932234 -1.695805880286572
26826 11322591 -2.81145816733319 -0.7569439052400783 0.7010400000000001 3.1767939156932234 -1.695805880286572
26827 11322591 -2.811739005310184 -0.7996165545604754 0.7010400000000001 3.1767939156932234 -1.695805880286572
26828 11322591 -2.8156422346644523 -0.8408702057681992 0.7010400000000001 3.1767939156932234 -1.695805880286572
26829 11322591 -2.819545464018721 -0.8821238569759229 0.7010400000000001 3.1767939156932234 -1.695805880286572
26830 11322591 -2.8208376192793674 -0.9268023873686794 0.7010400000000001 3.1767939156932234 -1.695805880286572
26831 11322591 -2.8224420668913237 -0.9690418432118166 0.7010400000000001 3.1767939156932234 -1.695805880286572
26832 11322591 -2.824046514503281 -1.011281299054954 0.7010400000000001 3.1767939156932234 -1.695805880286572
26833 11322591 -2.8224947625404644 -1.0567734405491571 0.7010400000000001 3.1767939156932234 -1.695805880286572
26834 11322591 -2.818176684197768 -1.1006001449705445 0.7010400000000001 3.1767939156932234 -1.695805880286572
26835 11322591 -2.8079509288628888 -1.1440228735451266 0.7010400000000001 3.1767939156932234 -1.695805880286572
26836 11322591 -2.797725173528009 -1.1874456021197086 0.7010400000000001 3.1767939156932234 -1.695805880286572
26837 11322591 -2.7792184382794436 -1.2313576363644303 0.7010400000000001 3.1767939156932234 -1.695805880286572
26838 11322591 -2.757265772092719 -1.2712559300807778 0.7010400000000001 3.1767939156932234 -1.695805880286572
26839 11322591 -2.7282768590852853 -1.3070297525804024 0.7010400000000001 3.1767939156932234 -1.695805880286572
26840 11322591 -2.699287946077852 -1.3428035750800271 0.7010400000000001 3.1767939156932234 -1.695805880286572
26841 11322591 -2.666659828479536 -1.3761456124436493 0.7010400000000001 3.1767939156932234 -1.695805880286572
26842 11322591 -2.6261943733035094 -1.4018276993410177 0.7010400000000001 3.1767939156932234 -1.695805880286572
26843 11322591 -2.585728918127483 -1.427509786238386 0.7010400000000001 3.1767939156932234 -1.695805880286572
26844 11322591 -2.5441512371167136 -1.448706387672413 0.7010400000000001 3.1767939156932234 -1.695805880286572
26845 11322591 -2.499232105792129 -1.4634008579631688 0.7010400000000001 3.1767939156932234 -1.695805880286572
26846 11322591 -2.454312974467544 -1.4780953282539242 0.7010400000000001 3.1767939156932234 -1.695805880286572
26847 11322591 -2.4093938431429587 -1.4927897985446796 0.7010400000000001 3.1767939156932234 -1.695805880286572
26848 11322591 -2.3606786573447183 -1.5011308062962778 0.7010400000000001 3.1767939156932234 -1.695805880286572
26849 11322591 -2.3133467759822963 -1.5052799768019347 0.7010400000000001 3.1767939156932234 -1.695805880286572
26850 11322591 -2.2660148946198744 -1.5094291473075918 0.7010400000000001 3.1767939156932234 -1.695805880286572
26851 11322591 -2.216727326478724 -1.5081419337699693 0.7010400000000001 3.1767939156932234 -1.695805880286572
26852 11322591 -2.1665812257971098 -1.508303451518076 0.7010400000000001 3.1767939156932234 -1.695805880286572
26853 11322591 -2.116435125115496 -1.508464969266183 0.7010400000000001 3.1767939156932234 -1.695805880286572
26854 11322591 -2.0670097777712515 -1.5067545301105159 0.7010400000000001 3.1767939156932234 -1.695805880286572
26855 11322591 -2.015545034562095 -1.506956728049339 0.69088 3.1767939156932234 -1.695805880286572
26856 11322591 -1.9640802913529385 -1.507158925988162 0.6807200000000001 3.1767939156932234 -1.695805880286572
26857 11322591 -1.9126155481437817 -1.507361123926985 0.67056 3.1767939156932234 -1.695805880286572
26858 11322591 -1.8631906285607456 -1.505649267775934 0.7010400000000001 3.1767939156932234 -1.695805880286572
26859 11322591 -1.8123203420060647 -1.5035917716880483 0.7010400000000001 3.1767939156932234 -1.695805880286572
26860 11322591 -1.7614500554513846 -1.501534275600162 0.7010400000000001 3.1767939156932234 -1.695805880286572
26861 11322591 -1.712590901684405 -1.4974748460112512 0.7010400000000001 3.1767939156932234 -1.695805880286572
26862 11322591 -1.6637317479174254 -1.4934154164223403 0.7010400000000001 3.1767939156932234 -1.695805880286572
26863 11322591 -1.6142665253594264 -1.490897202097491 0.7010400000000001 3.1767939156932234 -1.695805880286572
26864 11322591 -1.5648013028014274 -1.4883789877726419 0.7010400000000001 3.1767939156932234 -1.695805880286572
26865 11322591 -1.5153426945636332 -1.486559167372823 0.7010400000000001 3.1767939156932234 -1.695805880286572
26866 11322591 -1.4681065933439368 -1.4820261086914988 0.7010400000000001 3.1767939156932234 -1.695805880286572
26867 11322591 -1.4220569133351542 -1.4824792543775591 0.7010400000000001 3.1767939156932234 -1.695805880286572
26868 11322591 -1.3735092523231875 -1.479367452494087 0.7010400000000001 3.1767939156932234 -1.695805880286572
26869 11322591 -1.3249615913112212 -1.4762556506106153 0.7010400000000001 3.1767939156932234 -1.695805880286572
26870 11322591 -1.274882353552142 -1.4725342529430694 0.7010400000000001 3.1767939156932234 -1.695805880286572
26871 11322591 -1.2271765569007644 -1.4679197078394377 0.7010400000000001 3.1767939156932234 -1.695805880286572
26872 11322591 -1.1786144023648888 -1.4630393642254746 0.7010400000000001 3.1767939156932234 -1.695805880286572
26873 11322591 -1.1300522478290134 -1.4581590206115114 0.7010400000000001 3.1767939156932234 -1.695805880286572
26874 11322591 -1.0814900932931375 -1.4532786769975483 0.7010400000000001 3.1767939156932234 -1.695805880286572
26875 11322591 -1.0332207056081155 -1.4463937769132424 0.7010400000000001 3.1767939156932234 -1.695805880286572
26876 11322591 -0.9868641674368176 -1.4366634260061877 0.7010400000000001 3.1767939156932234 -1.695805880286572
26877 11322591 -0.9391592293312688 -1.4320469588989615 0.7010400000000001 3.1767939156932234 -1.695805880286572
26878 11322591 -0.8931376015129558 -1.4244264448447432 0.7010400000000001 3.1767939156932234 -1.695805880286572
26879 11322591 -0.8448118494416446 -1.4179094081045958 0.7010400000000001 3.1767939156932234 -1.695805880286572
26880 11322591 -0.7987905358029199 -1.4102882887503505 0.7010400000000001 3.1767939156932234 -1.695805880286572
26881 11322591 -0.7482403291995708 -1.4040305419078218 0.7010400000000001 3.1767939156932234 -1.695805880286572
26882 11322591 -0.7031044275716207 -1.3985729462583223 0.7010400000000001 3.1767939156932234 -1.695805880286572
26883 11322591 -0.6542106733706536 -1.3973810812193574 0.7010400000000001 3.1767939156932234 -1.695805880286572
26884 11322591 -0.6071967606161324 -1.3948734636389843 0.7010400000000001 3.1767939156932234 -1.695805880286572
26885 11322591 -0.5592169858033739 -1.3894098710579037 0.7010400000000001 3.1767939156932234 -1.695805880286572
26886 11322591 -0.5112372109906154 -1.383946278476823 0.7010400000000001 3.1767939156932234 -1.695805880286572
26887 11322591 -0.4642927191695129 -1.3816486717346286 0.71628 3.1767939156932234 -1.695805880286572
26888 11322591 -0.4173482273484106 -1.379351064992434 0.73152 3.1767939156932234 -1.695805880286572
26889 11322591 -0.37047289565145225 -1.3772641030417978 0.73152 3.1767939156932234 -1.695805880286572
26890 11322591 -0.32420072795754074 -1.3762063129256998 0.73152 3.1767939156932234 -1.695805880286572
26891 11322591 -0.2779285602636292 -1.3751485228096014 0.73152 3.1767939156932234 -1.695805880286572
26892 11322591 -0.23120208292884106 -1.3724279459668782 0.73152 3.1767939156932234 -1.695805880286572
26893 11322591 -0.18742487685292608 -1.3716639756172682 0.73152 3.1767939156932234 -1.695805880286572
26894 11322591 -0.14452397398298136 -1.3695033912693284 0.73152 3.1767939156932234 -1.695805880286572
26895 11322591 -0.1016230711130366 -1.3673428069213889 0.73152 3.1767939156932234 -1.695805880286572
26896 11322591 -0.07832902611749304 -1.3661930519105194 0.73152 3.1767939156932234 -1.695805880286572
26897 11322591 -0.05503498112194949 -1.3650432968996502 0.73152 3.1767939156932234 -1.695805880286572
26898 11322591 0.03520374648401425 -1.3618201300193675 0.73152 3.1767939156932234 -1.695805880286572
26899 11322591 0.08142270563698129 -1.3617357615413999 0.73152 3.1767939156932234 -1.695805880286572
26900 11322591 0.12585466993425753 -1.3589642885688928 0.73152 3.1767939156932234 -1.695805880286572
26901 11322591 0.17283227533842838 -1.3565570779112348 0.73152 3.1767939156932234 -1.695805880286572
26902 11322591 0.21733301370669 -1.3535739205791792 0.73152 3.1767939156932234 -1.695805880286572
26903 11322591 0.26385140357481784 -1.3514834378421583 0.7010400000000001 3.1767939156932234 -1.695805880286572
26904 11322591 0.31089825881323113 -1.348046471785466 0.7010400000000001 3.1767939156932234 -1.695805880286572
26905 11322591 0.3579451140516444 -1.3446095057287737 0.7010400000000001 3.1767939156932234 -1.695805880286572
26906 11322591 0.40808869091967903 -1.3406651759268071 0.7010400000000001 3.1767939156932234 -1.695805880286572
26907 11322591 0.4561315002595944 -1.3390715094900971 0.7010400000000001 3.1767939156932234 -1.695805880286572
26908 11322591 0.5041743095995098 -1.3374778430533876 0.7010400000000001 3.1767939156932234 -1.695805880286572
26909 11322591 0.5544209635594125 -1.3332158084008547 0.7010400000000001 3.1767939156932234 -1.695805880286572
26910 11322591 0.6060751437699697 -1.3328012450618234 0.7010400000000001 3.1767939156932234 -1.695805880286572
26911 11322591 0.6553559357028722 -1.331494145759217 0.7010400000000001 3.1767939156932234 -1.695805880286572
26912 11322591 0.7023667931729531 -1.3289778825746008 0.7010400000000001 3.1767939156932234 -1.695805880286572
26913 11322591 0.750854233964058 -1.330097984423949 0.7010400000000001 3.1767939156932234 -1.695805880286572
