25234 11322591 -0.25155091556363485 0.00020784028581269376 0.4572000000000001 3.1767939156932234 -1.695805880286572
25235 11322591 -0.2923290764636433 -0.0011831583097417775 0.4572000000000001 3.1767939156932234 -1.695805880286572
25236 11322591 -0.3309985064027081 -0.003730611534527611 0.4572000000000001 3.1767939156932234 -1.695805880286572
25237 11322591 -0.3667880559333709 -0.004532165956714657 0.4572000000000001 3.1767939156932234 -1.695805880286572
25238 11322591 -0.4054231254112324 -0.0069736622275497215 0.4572000000000001 3.1767939156932234 -1.695805880286572
25239 11322591 -0.4431386478535775 -0.007145260503019695 0.4572000000000001 3.1767939156932234 -1.695805880286572
25240 11322591 -0.4813356886072528 -0.007159260389786231 0.48768 3.1767939156932234 -1.695805880286572
25241 11322591 -0.5193322028210546 -0.0072385366992746844 0.48768 3.1767939156932234 -1.695805880286572
25242 11322591 -0.5573287170348564 -0.007317813008763135 0.48768 3.1767939156932234 -1.695805880286572
25243 11322591 -0.5958838871003216 -0.009784508755293604 0.48768 3.1767939156932234 -1.695805880286572
25244 11322591 -0.6356685657801586 -0.014653060141002122 0.48768 3.1767939156932234 -1.695805880286572
25245 11322591 -0.6754795203974313 -0.011451286226738772 0.48768 3.1767939156932234 -1.695805880286572
25246 11322591 -0.7112608872729342 -0.014941141011050957 0.48768 3.1767939156932234 -1.695805880286572
25247 11322591 -0.7526594067428372 -0.01659429134039156 0.48768 3.1767939156932234 -1.695805880286572
25248 11322591 -0.790282340194385 -0.015392389632399972 0.48768 3.1767939156932234 -1.695805880286572
25249 11322591 -0.8279052736459329 -0.014190487924408385 0.48768 3.1767939156932234 -1.695805880286572
25250 11322591 -0.8643306719335468 -0.013671867710396662 0.50292 3.1767939156932234 -1.695805880286572
25251 11322591 -0.9007560702211608 -0.01315324749638494 0.5181600000000001 3.1767939156932234 -1.695805880286572
25252 11322591 -0.9399741329963436 -0.012889474792470074 0.5181600000000001 3.1767939156932234 -1.695805880286572
25253 11322591 -0.9791921957715264 -0.012625702088555207 0.5181600000000001 3.1767939156932234 -1.695805880286572
25254 11322591 -1.0169197892872033 -0.012556914323765295 0.5181600000000001 3.1767939156932234 -1.695805880286572
25255 11322591 -1.0538053384202088 -0.013172128803475708 0.5181600000000001 3.1767939156932234 -1.695805880286572
25256 11322591 -1.0906908875532142 -0.013787343283186121 0.5181600000000001 3.1767939156932234 -1.695805880286572
25257 11322591 -1.1381360521991497 -0.017900971009379846 0.5181600000000001 3.1767939156932234 -1.695805880286572
25258 11322591 -1.1760364750425547 -0.018359085104439867 0.5181600000000001 3.1767939156932234 -1.695805880286572
25259 11322591 -1.2181261608384495 -0.022120508224594687 0.5181600000000001 3.1767939156932234 -1.695805880286572
25260 11322591 -1.2595256051120696 -0.023770707036648547 0.5181600000000001 3.1767939156932234 -1.695805880286572
25261 11322591 -1.2996954836333312 -0.0230187097690481 0.5181600000000001 3.1767939156932234 -1.695805880286572
25262 11322591 -1.3382865343960977 -0.025586931443560973 0.5181600000000001 3.1767939156932234 -1.695805880286572
25263 11322591 -1.3788922733573017 -0.02480882063170145 0.54864 3.1767939156932234 -1.695805880286572
25264 11322591 -1.4202574934875103 -0.02635253528244788 0.54864 3.1767939156932234 -1.695805880286572
25265 11322591 -1.4605768984964531 -0.02578448011690973 0.54864 3.1767939156932234 -1.695805880286572
25266 11322591 -1.4989153977426355 -0.02785033516903904 0.54864 3.1767939156932234 -1.695805880286572
25267 11322591 -1.5420667855197443 -0.02670614301955368 0.54864 3.1767939156932234 -1.695805880286572
25268 11322591 -1.581878828693689 -0.023499276980411796 0.54864 3.1767939156932234 -1.695805880286572
25269 11322591 -1.6224503881353438 -0.02261422477640898 0.54864 3.1767939156932234 -1.695805880286572
25270 11322591 -1.6626553317873638 -0.021965605929763737 0.54864 3.1767939156932234 -1.695805880286572
25271 11322591 -1.7028602754393842 -0.02131698708311849 0.54864 3.1767939156932234 -1.695805880286572
25272 11322591 -1.7426599188359468 -0.022144175245696927 0.5638799999999999 3.1767939156932234 -1.695805880286572
25273 11322591 -1.7824595622325101 -0.022971363408275356 0.57912 3.1767939156932234 -1.695805880286572
25274 11322591 -1.8185293716183109 -0.026245115425063387 0.57912 3.1767939156932234 -1.695805880286572
25275 11322591 -1.858814832595413 -0.02556925144924929 0.57912 3.1767939156932234 -1.695805880286572
25276 11322591 -1.8978080976794909 -0.02800319375106644 0.57912 3.1767939156932234 -1.695805880286572
25277 11322591 -1.9373673516267451 -0.02890804086687318 0.57912 3.1767939156932234 -1.695805880286572
25278 11322591 -1.976926605574 -0.02981288798267992 0.57912 3.1767939156932234 -1.695805880286572
25279 11322591 -2.014770462740435 -0.02981809506319369 0.6096 3.1767939156932234 -1.695805880286572
25280 11322591 -2.050562555724161 -0.030611169374756525 0.6096 3.1767939156932234 -1.695805880286572
25281 11322591 -2.0891549590975633 -0.03317531781386365 0.6096 3.1767939156932234 -1.695805880286572
25282 11322591 -2.126953276653896 -0.03331172385120576 0.6096 3.1767939156932234 -1.695805880286572
25283 11322591 -2.169735548995117 -0.03917842023163956 0.6096 3.1767939156932234 -1.695805880286572
25284 11322591 -2.19577503996258 -0.03568360554518382 0.6096 3.1767939156932234 -1.695805880286572
25285 11322591 -2.2352361303093717 -0.040358013352167016 0.6096 3.1767939156932234 -1.695805880286572
25286 11322591 -2.2746972206561624 -0.04503242115915021 0.6096 3.1767939156932234 -1.695805880286572
25287 11322591 -2.311155708043989 -0.05600523157757256 0.6400800000000001 3.1767939156932234 -1.695805880286572
25288 11322591 -2.3470109341271934 -0.07056363291928178 0.6400800000000001 3.1767939156932234 -1.695805880286572
25289 11322591 -2.382866160210397 -0.08512203426099099 0.6400800000000001 3.1767939156932234 -1.695805880286572
25290 11322591 -2.4129327434884544 -0.10642313472000173 0.6400800000000001 3.1767939156932234 -1.695805880286572
25291 11322591 -2.442999326766512 -0.12772423517901246 0.6400800000000001 3.1767939156932234 -1.695805880286572
25292 11322591 -2.4726871427846504 -0.1532970689133996 0.6400800000000001 3.1767939156932234 -1.695805880286572
25293 11322591 -2.50056395724567 -0.18419449606589053 0.6400800000000001 3.1767939156932234 -1.695805880286572
25294 11322591 -2.528440771706689 -0.21509192321838147 0.6400800000000001 3.1767939156932234 -1.695805880286572
25295 11322591 -2.5483367655617157 -0.25146325038480755 0.6400800000000001 3.1767939156932234 -1.695805880286572
25296 11322591 -2.5674040262614755 -0.2853015028857173 0.6400800000000001 3.1767939156932234 -1.695805880286572
25297 11322591 -2.5847546122169343 -0.3220382964408469 0.67056 3.1767939156932234 -1.695805880286572
25298 11322591 -2.598188256475395 -0.36309462106345103 0.67056 3.1767939156932234 -1.695805880286572
25299 11322591 -2.611483764590565 -0.4037287699769141 0.67056 3.1767939156932234 -1.695805880286572
25300 11322591 -2.6256080825292027 -0.4468959537975372 0.67056 3.1767939156932234 -1.695805880286572
25301 11322591 -2.636496094887732 -0.4883178276564661 0.67056 3.1767939156932234 -1.695805880286572
25302 11322591 -2.6473841072462614 -0.5297397015153951 0.67056 3.1767939156932234 -1.695805880286572
25303 11322591 -2.6600234432259384 -0.5683685271058979 0.67056 3.1767939156932234 -1.695805880286572
25304 11322591 -2.6673173469500653 -0.6110247978219194 0.67056 3.1767939156932234 -1.695805880286572
25305 11322591 -2.674611250674192 -0.6536810685379408 0.67056 3.1767939156932234 -1.695805880286572
25306 11322591 -2.6848775021058904 -0.693203195679947 0.67056 3.1767939156932234 -1.695805880286572
25307 11322591 -2.6909502001487327 -0.7362006008974312 0.67056 3.1767939156932234 -1.695805880286572
25308 11322591 -2.6962934376676624 -0.7783266614359104 0.6858000000000001 3.1767939156932234 -1.695805880286572
25309 11322591 -2.701636675186592 -0.8204527219743897 0.7010400000000001 3.1767939156932234 -1.695805880286572
25310 11322591 -2.7076745771184845 -0.863344635413433 0.7010400000000001 3.1767939156932234 -1.695805880286572
25311 11322591 -2.7114428429787574 -0.9074465033475628 0.7010400000000001 3.1767939156932234 -1.695805880286572
25312 11322591 -2.7152111088390303 -0.9515483712816925 0.7010400000000001 3.1767939156932234 -1.695805880286572
25313 11322591 -2.714927029116677 -0.9927697597322178 0.7010400000000001 3.1767939156932234 -1.695805880286572
25314 11322591 -2.714642949394324 -1.0339911481827433 0.7010400000000001 3.1767939156932234 -1.695805880286572
25315 11322591 -2.7094675883994195 -1.0758780824161445 0.7010400000000001 3.1767939156932234 -1.695805880286572
25316 11322591 -2.704292227404516 -1.1177650166495456 0.7010400000000001 3.1767939156932234 -1.695805880286572
25317 11322591 -2.6934098903152908 -1.159182236203043 0.7010400000000001 3.1767939156932234 -1.695805880286572
25318 11322591 -2.676814060640888 -1.1994307956918906 0.7010400000000001 3.1767939156932234 -1.695805880286572
25319 11322591 -2.657257729707875 -1.2387783585372367 0.7010400000000001 3.1767939156932234 -1.695805880286572
25320 11322591 -2.633994285043533 -1.2763007431112183 0.7010400000000001 3.1767939156932234 -1.695805880286572
25321 11322591 -2.601987957958234 -1.3115422561838403 0.7010400000000001 3.1767939156932234 -1.695805880286572
25322 11322591 -2.5698301402918147 -1.34496363212071 0.7010400000000001 3.1767939156932234 -1.695805880286572
25323 11322591 -2.531845938184515 -1.3723453933527687 0.7010400000000001 3.1767939156932234 -1.695805880286572
25324 11322591 -2.4938617360772155 -1.3997271545848278 0.7010400000000001 3.1767939156932234 -1.695805880286572
25325 11322591 -2.4558775339699155 -1.4271089158168866 0.7010400000000001 3.1767939156932234 -1.695805880286572
25326 11322591 -2.413219118977379 -1.4460877666837837 0.7010400000000001 3.1767939156932234 -1.695805880286572
25327 11322591 -2.3674622284710285 -1.4637430812269865 0.7010400000000001 3.1767939156932234 -1.695805880286572
25328 11322591 -2.3201170536361 -1.4765429856707863 0.7010400000000001 3.1767939156932234 -1.695805880286572
25329 11322591 -2.272909907574664 -1.4897647565253118 0.7010400000000001 3.1767939156932234 -1.695805880286572
25330 11322591 -2.223786627004836 -1.4971282154581897 0.7010400000000001 3.1767939156932234 -1.695805880286572
25331 11322591 -2.174663346435008 -1.504491674391068 0.7010400000000001 3.1767939156932234 -1.695805880286572
25332 11322591 -2.1254508958337857 -1.508865133841725 0.7010400000000001 3.1767939156932234 -1.695805880286572
25333 11322591 -2.0762384452325646 -1.5132385932923818 0.7010400000000001 3.1767939156932234 -1.695805880286572
25334 11322591 -2.027025994631344 -1.5176120527430388 0.7010400000000001 3.1767939156932234 -1.695805880286572
25335 11322591 -1.975986914718613 -1.519116084761773 0.67056 3.1767939156932234 -1.695805880286572
25336 11322591 -1.9249824349334188 -1.5207252972008891 0.67056 3.1767939156932234 -1.695805880286572
25337 11322591 -1.8741161095831185 -1.5227563347137505 0.67056 3.1767939156932234 -1.695805880286572
25338 11322591 -1.8230772674060405 -1.5242592661002676 0.67056 3.1767939156932234 -1.695805880286572
25339 11322591 -1.7720385058729209 -1.5257618301484916 0.7010400000000001 3.1767939156932234 -1.695805880286572
25340 11322591 -1.720999824988474 -1.527264026858281 0.7010400000000001 3.1767939156932234 -1.695805880286572
25341 11322591 -1.6699612247550408 -1.5287658562311968 0.7010400000000001 3.1767939156932234 -1.695805880286572
25342 11322591 -1.6214686020519948 -1.5299021350599584 0.7010400000000001 3.1767939156932234 -1.695805880286572
25343 11322591 -1.5704301608528402 -1.5314032481306472 0.7010400000000001 3.1767939156932234 -1.695805880286572
25344 11322591 -1.5225934584956071 -1.5345442884574398 0.7010400000000001 3.1767939156932234 -1.695805880286572
25345 11322591 -1.4709684371003602 -1.5342503428689542 0.7010400000000001 3.1767939156932234 -1.695805880286572
25346 11322591 -1.4251472148223898 -1.5340445297416312 0.7010400000000001 3.1767939156932234 -1.695805880286572
25347 11322591 -1.3767176248382436 -1.534691160807876 0.7010400000000001 3.1767939156932234 -1.695805880286572
25348 11322591 -1.3282880348540973 -1.535337791874121 0.7010400000000001 3.1767939156932234 -1.695805880286572
25349 11322591 -1.2817206911184271 -1.5342066097242943 0.7010400000000001 3.1767939156932234 -1.695805880286572
25350 11322591 -1.2351533473827574 -1.5330754275744682 0.7010400000000001 3.1767939156932234 -1.695805880286572
25351 11322591 -1.1853067748806327 -1.5327819781922585 0.7010400000000001 3.1767939156932234 -1.695805880286572
25352 11322591 -1.135460202378508 -1.5324885288100487 0.7010400000000001 3.1767939156932234 -1.695805880286572
25353 11322591 -1.0856136298763832 -1.5321950794278392 0.7010400000000001 3.1767939156932234 -1.695805880286572
25354 11322591 -1.034675860139172 -1.5299209097843038 0.7010400000000001 3.1767939156932234 -1.695805880286572
25355 11322591 -0.9837380904019606 -1.5276467401407687 0.7010400000000001 3.1767939156932234 -1.695805880286572
25356 11322591 -0.9320106629821904 -1.5270322225742636 0.7010400000000001 3.1767939156932234 -1.695805880286572
25357 11322591 -0.8820010707430275 -1.5235191526666487 0.7010400000000001 3.1767939156932234 -1.695805880286572
25358 11322591 -0.8302394244907579 -1.5227981538847393 0.7010400000000001 3.1767939156932234 -1.695805880286572
25359 11322591 -0.7784777782384884 -1.5220771551028298 0.7010400000000001 3.1767939156932234 -1.695805880286572
25360 11322591 -0.7292276393553392 -1.5208851754646102 0.7010400000000001 3.1767939156932234 -1.695805880286572
25361 11322591 -0.6773627578128165 -1.5198465924993687 0.7010400000000001 3.1767939156932234 -1.695805880286572
25362 11322591 -0.6257050020089283 -1.5194409525680634 0.7010400000000001 3.1767939156932234 -1.695805880286572
25363 11322591 -0.5740473520030591 -1.519034937002157 0.7010400000000001 3.1767939156932234 -1.695805880286572
25364 11322591 -0.5230108174584699 -1.5205285184199886 0.7010400000000001 3.1767939156932234 -1.695805880286572
25365 11322591 -0.4715019115806711 -1.519489052825616 0.7010400000000001 3.1767939156932234 -1.695805880286572
25366 11322591 -0.4230571455184995 -1.5204853577601216 0.7010400000000001 3.1767939156932234 -1.695805880286572
25367 11322591 -0.3720208676700612 -1.5219778529305517 0.7010400000000001 3.1767939156932234 -1.695805880286572
25368 11322591 -0.3203637103079953 -1.5215699918055494 0.7010400000000001 3.1767939156932234 -1.695805880286572
25369 11322591 -0.268568670385368 -1.5207395343561207 0.7010400000000001 3.1767939156932234 -1.695805880286572
25370 11322591 -0.21843179277192687 -1.520768622148689 0.7010400000000001 3.1767939156932234 -1.695805880286572
25371 11322591 -0.16829491515848582 -1.5207977099412566 0.7010400000000001 3.1767939156932234 -1.695805880286572
25372 11322591 -0.1158792816707208 -1.5180661385389898 0.7010400000000001 3.1767939156932234 -1.695805880286572
25373 11322591 -0.06757243450414817 -1.5186646631888236 0.7010400000000001 3.1767939156932234 -1.695805880286572
25374 11322591 -0.01584691883323086 -1.518043475787635 0.7010400000000001 3.1767939156932234 -1.695805880286572
25375 11322591 0.03656834804571396 -1.5153107811916098 0.7010400000000001 3.1767939156932234 -1.695805880286572
25376 11322591 0.08588580235966492 -1.5139020400839418 0.7010400000000001 3.1767939156932234 -1.695805880286572
25377 11322591 0.1369211457515569 -1.5153908757312555 0.7010400000000001 3.1767939156932234 -1.695805880286572
25378 11322591 0.18933604587059935 -1.5126570555531458 0.7010400000000001 3.1767939156932234 -1.695805880286572
25379 11322591 0.23875664623716275 -1.510930582417492 0.7010400000000001 3.1767939156932234 -1.695805880286572
25380 11322591 0.2928548339322934 -1.511199449464225 0.7010400000000001 3.1767939156932234 -1.695805880286572
25381 11322591 0.34451059637457826 -1.5107867546132323 0.7010400000000001 3.1767939156932234 -1.695805880286572
25382 11322591 0.3958903004087394 -1.5112179632490748 0.7010400000000001 3.1767939156932234 -1.695805880286572
25383 11322591 0.4472700044429006 -1.5116491718849172 0.7010400000000001 3.1767939156932234 -1.695805880286572
25384 11322591 0.4996841690893584 -1.5089130647073028 0.7010400000000001 3.1767939156932234 -1.695805880286572
25385 11322591 0.5531265838258629 -1.5111855618967052 0.7010400000000001 3.1767939156932234 -1.695805880286572
25386 11322591 0.6060891405081381 -1.5108474087026793 0.7010400000000001 3.1767939156932234 -1.695805880286572
25387 11322591 0.6590516971904132 -1.5105092555086534 0.7010400000000001 3.1767939156932234 -1.695805880286572
25388 11322591 0.7116002354381568 -1.5114370299101298 0.7010400000000001 3.1767939156932234 -1.695805880286572
25389 11322591 0.7641487736859002 -1.5123648043116065 0.7010400000000001 3.1767939156932234 -1.695805880286572
25390 11322591 0.8167976495016039 -1.5170631888772688 0.7010400000000001 3.1767939156932234 -1.695805880286572
25391 11322591 0.8686248066474063 -1.5161188808024784 0.7010400000000001 3.1767939156932234 -1.695805880286572
25392 11322591 0.92192869455551 -1.518810838910048 0.7010400000000001 3.1767939156932234 -1.695805880286572
25393 11322591 0.9721695505498964 -1.5227215570672792 0.7010400000000001 3.1767939156932234 -1.695805880286572
25394 11322591 1.023168909131318 -1.5243095773642583 0.7010400000000001 3.1767939156932234 -1.695805880286572
25395 11322591 1.0742026672116918 -1.5257916696046596 0.7010400000000001 3.1767939156932234 -1.695805880286572
25396 11322591 1.1251673490505143 -1.5274843341565305 0.7010400000000001 3.1767939156932234 -1.695805880286572
25397 11322591 1.1761320308893377 -1.529176998708401 0.7010400000000001 3.1767939156932234 -1.695805880286572
25398 11322591 1.2279240393147328 -1.5283356284934928 0.7010400000000001 3.1767939156932234 -1.695805880286572
25399 11322591 1.2805723472889186 -1.5330305641450972 0.7010400000000001 3.1767939156932234 -1.695805880286572
25400 11322591 1.3323468707300703 -1.5322410242203581 0.7010400000000001 3.1767939156932234 -1.695805880286572
25401 11322591 1.3841213941712225 -1.5314514842956186 0.7010400000000001 3.1767939156932234 -1.695805880286572
25402 11322591 1.4350511002568505 -1.5332474845180566 0.6858000000000001 3.1767939156932234 -1.695805880286572
25403 11322591 1.4859808063424786 -1.5350434847404948 0.67056 3.1767939156932234 -1.695805880286572
25404 11322591 1.5370138152566053 -1.5365222462200299 0.67056 3.1767939156932234 -1.695805880286572
25405 11322591 1.5880122714354026 -1.5381062038800333 0.67056 3.1767939156932234 -1.695805880286572
25406 11322591 1.638941705761995 -1.5399009221476625 0.67056 3.1767939156932234 -1.695805880286572
25407 11322591 1.6868772247571269 -1.542703613370005 0.67056 3.1767939156932234 -1.695805880286572
25408 11322591 1.7371171200653608 -1.5466089047716338 0.67056 3.1767939156932234 -1.695805880286572
25409 11322591 1.7856040386883982 -1.5477219007872811 0.67056 3.1767939156932234 -1.695805880286572
25410 11322591 1.8351544520866707 -1.553737784172853 0.67056 3.1767939156932234 -1.695805880286572
25411 11322591 1.8805785109319093 -1.5560696589970469 0.67056 3.1767939156932234 -1.695805880286572
25412 11322591 1.928410362134884 -1.5591874092700422 0.67056 3.1767939156932234 -1.695805880286572
25413 11322591 1.9734788029179704 -1.5615194310780969 0.67056 3.1767939156932234 -1.695805880286572
25414 11322591 2.0187766467420847 -1.5636924442076658 0.67056 3.1767939156932234 -1.695805880286572
25415 11322591 2.065597989547066 -1.5688157586335891 0.67056 3.1767939156932234 -1.695805880286572
25416 11322591 2.111814484553334 -1.5687181396623429 0.67056 3.1767939156932234 -1.695805880286572
25417 11322591 2.1561181365818225 -1.5744789992501171 0.67056 3.1767939156932234 -1.695805880286572
25418 11322591 2.2004217886103112 -1.5802398588378914 0.67056 3.1767939156932234 -1.695805880286572
25419 11322591 2.2458110002818588 -1.582674956558484 0.6400800000000001 3.1767939156932234 -1.695805880286572
25420 11322591 2.2909072110302326 -1.5860069367468568 0.6400800000000001 3.1767939156932234 -1.695805880286572
25421 11322591 2.3360034217786065 -1.5893389169352294 0.6400800000000001 3.1767939156932234 -1.695805880286572
25422 11322591 2.382910460942384 -1.5946048426563373 0.6400800000000001 3.1767939156932234 -1.695805880286572
25423 11322591 2.4298175001061613 -1.5998707683774451 0.6400800000000001 3.1767939156932234 -1.695805880286572
25424 11322591 2.4755377897986133 -1.6046903058539854 0.6400800000000001 3.1767939156932234 -1.695805880286572
25425 11322591 2.521258079491065 -1.6095098433305255 0.6400800000000001 3.1767939156932234 -1.695805880286572
25426 11322591 2.5658199907059958 -1.614476514698152 0.6400800000000001 3.1767939156932234 -1.695805880286572
25427 11322591 2.612203966006277 -1.6220234971578291 0.6400800000000001 3.1767939156932234 -1.695805880286572
25428 11322591 2.6569725881640984 -1.6263561843401888 0.6096 3.1767939156932234 -1.695805880286572
25429 11322591 2.7009486833617022 -1.633116666063636 0.6096 3.1767939156932234 -1.695805880286572
25430 11322591 2.7471603724779032 -1.6411906046274087 0.6096 3.1767939156932234 -1.695805880286572
25431 11322591 2.7919978502722813 -1.6453112984940466 0.6096 3.1767939156932234 -1.695805880286572
25432 11322591 2.8347915204679133 -1.654605389117532 0.6096 3.1767939156932234 -1.695805880286572
25433 11322591 2.881095236437053 -1.6621244090311322 0.6096 3.1767939156932234 -1.695805880286572
25434 11322591 2.9251979784948063 -1.667814959205989 0.6096 3.1767939156932234 -1.695805880286572
25435 11322591 2.9693007205525586 -1.6735055093808455 0.6096 3.1767939156932234 -1.695805880286572
25436 11322591 3.0146893380689024 -1.6759356722326542 0.6096 3.1767939156932234 -1.695805880286572
25437 11322591 3.0578078231362813 -1.6771574833564835 0.6096 3.1767939156932234 -1.695805880286572
25438 11322591 3.1009397624447983 -1.6737108165704928 0.59436 3.1767939156932234 -1.695805880286572
25439 11322591 3.1440717017533157 -1.670264149784502 0.57912 3.1767939156932234 -1.695805880286572
25440 11322591 3.187194280501668 -1.6616743426636549 0.57912 3.1767939156932234 -1.695805880286572
25441 11322591 3.2278409228205054 -1.65005687616215 0.57912 3.1767939156932234 -1.695805880286572
25442 11322591 3.2684875651393432 -1.6384394096606456 0.57912 3.1767939156932234 -1.695805880286572
25443 11322591 3.304723054667256 -1.6172054741846724 0.57912 3.1767939156932234 -1.695805880286572
25444 11322591 3.339192847408757 -1.5945775498480006 0.57912 3.1767939156932234 -1.695805880286572
25445 11322591 3.3736626401502594 -1.5719496255113286 0.57912 3.1767939156932234 -1.695805880286572
25446 11322591 3.403559254795584 -1.5429232495260659 0.57912 3.1767939156932234 -1.695805880286572
25447 11322591 3.4334558694409085 -1.5138968735408034 0.57912 3.1767939156932234 -1.695805880286572
25448 11322591 3.4609116949066316 -1.4801024271395602 0.57912 3.1767939156932234 -1.695805880286572
25449 11322591 3.4815462887864275 -1.44162923099056 0.57912 3.1767939156932234 -1.695805880286572
25450 11322591 3.4990837291674484 -1.4052993721441374 0.57912 3.1767939156932234 -1.695805880286572
25451 11322591 3.511725644659568 -1.366554487695017 0.54864 3.1767939156932234 -1.695805880286572
25452 11322591 3.5191965463635144 -1.3262391802023556 0.54864 3.1767939156932234 -1.695805880286572
25453 11322591 3.5261160053951017 -1.2884305996328846 0.54864 3.1767939156932234 -1.695805880286572
25454 11322591 3.5269130637275965 -1.2485659252616927 0.54864 3.1767939156932234 -1.695805880286572
25455 11322591 3.5277101220600917 -1.208701250890501 0.54864 3.1767939156932234 -1.695805880286572
25456 11322591 3.5274869233185733 -1.1685620474328495 0.54864 3.1767939156932234 -1.695805880286572
25457 11322591 3.5236970289030847 -1.129828881109094 0.54864 3.1767939156932234 -1.695805880286572
25458 11322591 3.519287228554228 -1.0929960166312875 0.54864 3.1767939156932234 -1.695805880286572
25459 11322591 3.5175831826711024 -1.0573964383022796 0.54864 3.1767939156932234 -1.695805880286572
25460 11322591 3.514963177445575 -1.0191617018590642 0.54864 3.1767939156932234 -1.695805880286572
25461 11322591 3.5123431722200475 -0.9809269654158482 0.54864 3.1767939156932234 -1.695805880286572
25462 11322591 3.5090930751014326 -0.9419025186635696 0.54864 3.1767939156932234 -1.695805880286572
25463 11322591 3.5066913541054445 -0.903680508803298 0.54864 3.1767939156932234 -1.695805880286572
25464 11322591 3.5042896331094573 -0.8654584989430265 0.54864 3.1767939156932234 -1.695805880286572
25465 11322591 3.502219525320766 -0.8296224937137312 0.5181600000000001 3.1767939156932234 -1.695805880286572
25466 11322591 3.5012053390538633 -0.7919115885245029 0.54864 3.1767939156932234 -1.695805880286572
25467 11322591 3.5002946241728363 -0.7538839854014936 0.5181600000000001 3.1767939156932234 -1.695805880286572
25468 11322591 3.499660415571067 -0.7133767099560545 0.5181600000000001 3.1767939156932234 -1.695805880286572
25469 11322591 3.500078595602224 -0.6783525785693935 0.5181600000000001 3.1767939156932234 -1.695805880286572
25470 11322591 3.499099343626136 -0.6405361641350545 0.5181600000000001 3.1767939156932234 -1.695805880286572
25471 11322591 3.4980857645804266 -0.6028253358957347 0.5181600000000001 3.1767939156932234 -1.695805880286572
25472 11322591 3.4991819142874343 -0.5654525017385126 0.5181600000000001 3.1767939156932234 -1.695805880286572
25473 11322591 3.4977673218386025 -0.5276107661667616 0.5181600000000001 3.1767939156932234 -1.695805880286572
