35580 11217673 1.2868877797142395 0.6682030812869867 1.08966 3.4937233486420762 2.17517862106844
35581 11217673 1.2807760328351994 0.7079344992889969 1.08966 3.4937233486420762 2.17517862106844
35582 11217673 1.2725551278430416 0.7480045546224454 1.09728 3.4937233486420762 2.17517862106844
35583 11217673 1.26556795693519 0.7891319564822049 1.10109 3.4937233486420762 2.17517862106844
35584 11217673 1.258580786027338 0.8302593583419645 1.1049 3.4937233486420762 2.17517862106844
35585 11217673 1.2484144858222632 0.8738858291787028 1.1049 3.4937233486420762 2.17517862106844
35586 11217673 1.2398967090244477 0.9144036015063379 1.1049 3.4937233486420762 2.17517862106844
35587 11217673 1.231676841910956 0.9544736248873672 1.09728 3.4937233486420762 2.17517862106844
35588 11217673 1.222689341584436 0.9949113368899912 1.1125200000000002 3.4937233486420762 2.17517862106844
35589 11217673 1.2112424415158105 1.0414098628224395 1.1125200000000002 3.4937233486420762 2.17517862106844
35590 11217673 1.2030360442880526 1.08287763753062 1.1163299999999998 3.4937233486420762 2.17517862106844
35591 11217673 1.1948296470602946 1.1243454122388004 1.12014 3.4937233486420762 2.17517862106844
35592 11217673 1.1853892999547406 1.1701885760436683 1.12776 3.4937233486420762 2.17517862106844
35593 11217673 1.1775628504138649 1.21281747224381 1.12776 3.4937233486420762 2.17517862106844
35594 11217673 1.1701722590177637 1.2554208465032906 1.12776 3.4937233486420762 2.17517862106844
35595 11217673 1.1619451044268765 1.2981807955048006 1.12776 3.4937233486420762 2.17517862106844
35596 11217673 1.1505000397612002 1.3446792864128818 1.12776 3.4937233486420762 2.17517862106844
35597 11217673 1.1427427856938142 1.3773263063957089 1.12776 3.4937233486420762 2.17517862106844
35598 11217673 1.134985531626428 1.4099733263785357 1.12776 3.4937233486420762 2.17517862106844
35599 11217673 1.1214548136549658 1.4657112492678992 1.12776 3.4937233486420762 2.17517862106844
35600 11217673 1.1079240956835037 1.5214491721572625 1.12776 3.4937233486420762 2.17517862106844
35601 11217673 1.0982500512927442 1.5639425150367905 1.1303 3.4937233486420762 2.17517862106844
35602 11217673 1.0885760069019843 1.6064358579163183 1.13284 3.4937233486420762 2.17517862106844
35603 11217673 1.078901962511225 1.648929200795846 1.1353799999999998 3.4937233486420762 2.17517862106844
35604 11217673 1.0678359152078734 1.6937273923820162 1.13919 3.4937233486420762 2.17517862106844
35605 11217673 1.0567698679045217 1.738525583968186 1.143 3.4937233486420762 2.17517862106844
35606 11217673 1.0457504881763466 1.7836007724773149 1.143 3.4937233486420762 2.17517862106844
35607 11217673 1.0347311084481716 1.828675960986444 1.143 3.4937233486420762 2.17517862106844
35608 11217673 1.025260423044374 1.8744134750055732 1.143 3.4937233486420762 2.17517862106844
35609 11217673 1.0182078901379088 1.9191271747633083 1.143 3.4937233486420762 2.17517862106844
35610 11217673 1.0111331278756233 1.9643155193569757 1.143 3.4937233486420762 2.17517862106844
35611 11217673 1.0059542498219414 2.0136743634580907 1.143 3.4937233486420762 2.17517862106844
35612 11217673 1.004394332736522 2.059163507256205 1.143 3.4937233486420762 2.17517862106844
35613 11217673 1.0053101831116986 2.10407725902138 1.1506200000000002 3.4937233486420762 2.17517862106844
35614 11217673 1.0058338677904364 2.146432116601119 1.1506200000000002 3.4937233486420762 2.17517862106844
35615 11217673 1.0064752406882294 2.1687706524939867 1.1544299999999998 3.4937233486420762 2.17517862106844
35616 11217673 1.0071166135860226 2.1911091883868545 1.15824 3.4937233486420762 2.17517862106844
35617 11217673 1.002385208873553 2.2853015465415907 1.1506200000000002 3.4937233486420762 2.17517862106844
35618 11217673 1.0054195212902224 2.3271865045363302 1.1506200000000002 3.4937233486420762 2.17517862106844
35619 11217673 1.0132324524289216 2.3673929274352083 1.15824 3.4937233486420762 2.17517862106844
35620 11217673 1.013599040011718 2.389704500397148 1.15824 3.4937233486420762 2.17517862106844
35621 11217673 1.0139656275945148 2.412016073359088 1.15824 3.4937233486420762 2.17517862106844
35622 11217673 1.016143152357576 2.5012636826126995 1.1506200000000002 3.4937233486420762 2.17517862106844
35623 11217673 1.0184190939213824 2.5408263167479177 1.1506200000000002 3.4937233486420762 2.17517862106844
35624 11217673 1.019353883011712 2.585792593969191 1.1506200000000002 3.4937233486420762 2.17517862106844
35625 11217673 1.0202886721020414 2.6307588711904635 1.1506200000000002 3.4937233486420762 2.17517862106844
35626 11217673 1.021504011895841 2.675224590826063 1.1506200000000002 3.4937233486420762 2.17517862106844
35627 11217673 1.0259883448780631 2.72154270023584 1.1506200000000002 3.4937233486420762 2.17517862106844
35628 11217673 1.0296405686545251 2.766672412068187 1.13919 3.4937233486420762 2.17517862106844
35629 11217673 1.0332927924309872 2.811802123900534 1.12776 3.4937233486420762 2.17517862106844
35630 11217673 1.0369150215409408 2.8554812823104787 1.12776 3.4937233486420762 2.17517862106844
35631 11217673 1.039787008690542 2.905013546155535 1.143 3.4937233486420762 2.17517862106844
35632 11217673 1.0434784907976529 2.948903771202163 1.143 3.4937233486420762 2.17517862106844
35633 11217673 1.0482758098433722 2.9978068103093682 1.1353799999999998 3.4937233486420762 2.17517862106844
35634 11217673 1.049826922098322 3.0443827590566404 1.12776 3.4937233486420762 2.17517862106844
35635 11217673 1.0591075720356626 3.0890749737819947 1.12776 3.4937233486420762 2.17517862106844
35636 11217673 1.0683882219730032 3.133767188507349 1.12776 3.4937233486420762 2.17517862106844
35637 11217673 1.0735982637638035 3.1823017349500464 1.12776 3.4937233486420762 2.17517862106844
35638 11217673 1.080203812566061 3.228043559989102 1.1353799999999998 3.4937233486420762 2.17517862106844
35639 11217673 1.0876020808166125 3.2753956013891097 1.12776 3.4937233486420762 2.17517862106844
35640 11217673 1.091652439892028 3.3217389449001167 1.12776 3.4937233486420762 2.17517862106844
35641 11217673 1.0981306539455833 3.366003626143629 1.1239500000000002 3.4937233486420762 2.17517862106844
35642 11217673 1.1046088679991386 3.4102683073871414 1.12014 3.4937233486420762 2.17517862106844
35643 11217673 1.11146672406982 3.4556940661597038 1.12014 3.4937233486420762 2.17517862106844
35644 11217673 1.118124209639841 3.501185334033134 1.12014 3.4937233486420762 2.17517862106844
35645 11217673 1.1247816952098617 3.5466766019065643 1.12014 3.4937233486420762 2.17517862106844
35646 11217673 1.129522753917087 3.5951309141161163 1.1125200000000002 3.4937233486420762 2.17517862106844
35647 11217673 1.1363464991136007 3.6404510406514072 1.12776 3.4937233486420762 2.17517862106844
35648 11217673 1.145645390313672 3.6851958239580114 1.1125200000000002 3.4937233486420762 2.17517862106844
35649 11217673 1.1537068612686658 3.7302282471080463 1.1125200000000002 3.4937233486420762 2.17517862106844
35650 11217673 1.1617683322236598 3.775260670258081 1.1125200000000002 3.4937233486420762 2.17517862106844
35651 11217673 1.1667865970401923 3.8199442491232634 1.10871 3.4937233486420762 2.17517862106844
35652 11217673 1.1718048618567243 3.864627827988444 1.1049 3.4937233486420762 2.17517862106844
35653 11217673 1.174220936947716 3.9138421972815367 1.09728 3.4937233486420762 2.17517862106844
35654 11217673 1.184934888881164 3.9629146185203608 1.1049 3.4937233486420762 2.17517862106844
35655 11217673 1.1869474953608394 4.009807433978333 1.09728 3.4937233486420762 2.17517862106844
35656 11217673 1.1911488984709804 4.056335325574839 1.09728 3.4937233486420762 2.17517862106844
35657 11217673 1.1937565105260637 4.076804861874044 1.09728 3.4937233486420762 2.17517862106844
35658 11217673 1.1963641225811463 4.09727439817325 1.09728 3.4937233486420762 2.17517862106844
35659 11217673 1.2049157915262674 4.189697446633861 1.08966 3.4937233486420762 2.17517862106844
35660 11217673 1.2093004503178797 4.235698178132409 1.09728 3.4937233486420762 2.17517862106844
35661 11217673 1.2142270281325358 4.284442600303655 1.08204 3.4937233486420762 2.17517862106844
35662 11217673 1.216840728020598 4.329912354863 1.08204 3.4937233486420762 2.17517862106844
35663 11217673 1.21945442790866 4.375382109422344 1.08204 3.4937233486420762 2.17517862106844
35664 11217673 1.2230508128734554 4.423042591712486 1.0744200000000002 3.4937233486420762 2.17517862106844
35665 11217673 1.2266471978382507 4.470703074002628 1.0668 3.4937233486420762 2.17517862106844
35666 11217673 1.2288612097033376 4.507073772872691 1.0668 3.4937233486420762 2.17517862106844
35667 11217673 1.2310752215684246 4.543444471742757 1.0668 3.4937233486420762 2.17517862106844
35668 11217673 1.2343360342998118 4.578129431712194 1.0668 3.4937233486420762 2.17517862106844
35669 11217673 1.2375968470311989 4.61281439168163 1.0668 3.4937233486420762 2.17517862106844
35670 11217673 1.242708977262465 4.7112692110349235 1.0668 3.4937233486420762 2.17517862106844
35671 11217673 1.2442884597116517 4.7581871523212484 1.05918 3.4937233486420762 2.17517862106844
35672 11217673 1.250493801850976 4.801606790092909 1.05156 3.4937233486420762 2.17517862106844
35673 11217673 1.2556047675138993 4.849823850422706 1.05156 3.4937233486420762 2.17517862106844
35674 11217673 1.2588361366903786 4.8977207078363785 1.0477500000000002 3.4937233486420762 2.17517862106844
35675 11217673 1.262067505866858 4.9456175652500525 1.0439399999999999 3.4937233486420762 2.17517862106844
35676 11217673 1.2642608838949014 4.9686177455783875 1.0439399999999999 3.4937233486420762 2.17517862106844
35677 11217673 1.2664542619229449 4.9916179259067235 1.0439399999999999 3.4937233486420762 2.17517862106844
35678 11217673 1.275366165181277 5.084040794991368 1.03632 3.4937233486420762 2.17517862106844
35679 11217673 1.275389662683691 5.084036153230553 1.036299349593496 3.4937233486420762 2.17517862106844
35680 11217673 1.275413160186105 5.084031511469738 1.0362786991869921 3.4937233486420762 2.17517862106844
35681 11217673 1.2754366576885188 5.084026869708925 1.036258048780488 3.4937233486420762 2.17517862106844
35682 11217673 1.2754601551909328 5.084022227948111 1.036237398373984 3.4937233486420762 2.17517862106844
35683 11217673 1.2754836526933466 5.084017586187297 1.0362167479674798 3.4937233486420762 2.17517862106844
35684 11217673 1.2755071501957609 5.084012944426483 1.0361960975609756 3.4937233486420762 2.17517862106844
35685 11217673 1.2755306476981745 5.084008302665668 1.0361754471544715 3.4937233486420762 2.17517862106844
35686 11217673 1.2755541452005883 5.084003660904855 1.0361547967479676 3.4937233486420762 2.17517862106844
35687 11217673 1.2755776427030023 5.0839990191440405 1.0361341463414635 3.4937233486420762 2.17517862106844
35688 11217673 1.2756011402054162 5.083994377383228 1.0361134959349594 3.4937233486420762 2.17517862106844
35689 11217673 1.2756246377078302 5.083989735622414 1.0360928455284557 3.4937233486420762 2.17517862106844
35690 11217673 1.2756481352102442 5.0839850938616005 1.0360721951219514 3.4937233486420762 2.17517862106844
35691 11217673 1.2756716327126578 5.0839804521007865 1.0360515447154472 3.4937233486420762 2.17517862106844
35692 11217673 1.275695130215072 5.083975810339973 1.0360308943089431 3.4937233486420762 2.17517862106844
35693 11217673 1.2757186277174857 5.0839711685791595 1.0360102439024392 3.4937233486420762 2.17517862106844
35694 11217673 1.2757421252198995 5.083966526818345 1.0359895934959351 3.4937233486420762 2.17517862106844
35695 11217673 1.2757656227223135 5.083961885057531 1.035968943089431 3.4937233486420762 2.17517862106844
35696 11217673 1.2757891202247276 5.083957243296717 1.0359482926829269 3.4937233486420762 2.17517862106844
35697 11217673 1.2758126177271414 5.083952601535903 1.035927642276423 3.4937233486420762 2.17517862106844
35698 11217673 1.2758361152295554 5.083947959775089 1.0359069918699189 3.4937233486420762 2.17517862106844
35699 11217673 1.2758596127319692 5.083943318014275 1.0358863414634147 3.4937233486420762 2.17517862106844
35700 11217673 1.275883110234383 5.083938676253461 1.0358656910569106 3.4937233486420762 2.17517862106844
35701 11217673 1.275906607736797 5.083934034492646 1.0358450406504067 3.4937233486420762 2.17517862106844
35702 11217673 1.275930105239211 5.083929392731833 1.0358243902439026 3.4937233486420762 2.17517862106844
35703 11217673 1.275953602741625 5.083924750971018 1.0358037398373985 2.6800637823521534 2.4052100301063666
35704 11217673 1.2759771002440388 5.083920109210205 1.0357830894308944 2.6800637823521534 2.4052100301063666
35705 11217673 1.2760005977464528 5.083915467449391 1.0357624390243905 2.6800637823521534 2.4052100301063666
35706 11217673 1.2760240952488666 5.083910825688577 1.0357417886178863 2.6800637823521534 2.4052100301063666
35707 11217673 1.2760475927512804 5.083906183927764 1.0357211382113822 2.6800637823521534 2.4052100301063666
35708 11217673 1.2760710902536945 5.0839015421669504 1.035700487804878 2.6800637823521534 2.4052100301063666
35709 11217673 1.2760945877561083 5.0838969004061365 1.0356798373983742 2.6800637823521534 2.4052100301063666
35710 11217673 1.2761180852585223 5.0838922586453235 1.0356591869918699 2.6800637823521534 2.4052100301063666
35711 11217673 1.276141582760936 5.083887616884509 1.035638536585366 2.6800637823521534 2.4052100301063666
35712 11217673 1.2761650802633502 5.083882975123695 1.035617886178862 2.6800637823521534 2.4052100301063666
35713 11217673 1.2761885777657642 5.083878333362881 1.035597235772358 2.6800637823521534 2.4052100301063666
35714 11217673 1.2762120752681778 5.083873691602066 1.0355765853658538 2.6800637823521534 2.4052100301063666
35715 11217673 1.276235572770592 5.083869049841253 1.0355559349593495 2.6800637823521534 2.4052100301063666
35716 11217673 1.2762590702730057 5.083864408080438 1.0355352845528456 2.6800637823521534 2.4052100301063666
35717 11217673 1.2762825677754197 5.083859766319625 1.0355146341463417 2.6800637823521534 2.4052100301063666
35718 11217673 1.2763060652778335 5.083855124558812 1.0354939837398376 2.6800637823521534 2.4052100301063666
35719 11217673 1.2763295627802476 5.083850482797997 1.0354733333333337 2.6800637823521534 2.4052100301063666
35720 11217673 1.2763530602826614 5.083845841037183 1.0354526829268291 2.6800637823521534 2.4052100301063666
35721 11217673 1.2763765577850752 5.083841199276369 1.0354320325203252 2.6800637823521534 2.4052100301063666
35722 11217673 1.2764000552874892 5.083836557515554 1.035411382113821 2.6800637823521534 2.4052100301063666
35723 11217673 1.276423552789903 5.083831915754741 1.0353907317073172 2.6800637823521534 2.4052100301063666
35724 11217673 1.276447050292317 5.0838272739939265 1.0353700813008129 2.6800637823521534 2.4052100301063666
35725 11217673 1.276470547794731 5.0838226322331135 1.0353494308943092 2.6800637823521534 2.4052100301063666
35726 11217673 1.276494045297145 5.0838179904723 1.035328780487805 2.6800637823521534 2.4052100301063666
35727 11217673 1.2765175427995588 5.0838133487114865 1.035308130081301 2.6800637823521534 2.4052100301063666
35728 11217673 1.2765410403019726 5.0838087069506726 1.0352874796747968 2.6800637823521534 2.4052100301063666
35729 11217673 1.2765645378043866 5.083804065189859 1.0352668292682927 2.6800637823521534 2.4052100301063666
35730 11217673 1.2765880353068004 5.083799423429045 1.0352461788617888 2.6800637823521534 2.4052100301063666
35731 11217673 1.2766115328092145 5.083794781668232 1.0352255284552847 2.6800637823521534 2.4052100301063666
35732 11217673 1.2766350303116285 5.083790139907417 1.0352048780487806 2.6800637823521534 2.4052100301063666
35733 11217673 1.2766585278140423 5.083785498146604 1.0351842276422765 2.6800637823521534 2.4052100301063666
35734 11217673 1.276682025316456 5.083780856385789 1.0351635772357726 2.6800637823521534 2.4052100301063666
35735 11217673 1.2767055228188702 5.083776214624975 1.0351429268292685 2.6800637823521534 2.4052100301063666
35736 11217673 1.2767290203212842 5.083771572864161 1.0351222764227643 2.6800637823521534 2.4052100301063666
35737 11217673 1.2767525178236978 5.083766931103347 1.0351016260162602 2.6800637823521534 2.4052100301063666
35738 11217673 1.2767760153261118 5.083762289342533 1.0350809756097563 2.6800637823521534 2.4052100301063666
