38451 10561439 1.1921446274611345 0.001707113253268569 0.39624 2.037262611750068 -0.2897192923595061
38452 10561439 1.1500505502610898 0.0006216999319063332 0.39624 2.037262611750068 -0.2897192923595061
38453 10561439 1.1368667067980949 0.0037604233216776413 0.39624 2.037262611750068 -0.2897192923595061
38454 10561439 1.1040934977854209 0.001305082431330191 0.39624 2.037262611750068 -0.2897192923595061
38455 10561439 1.0713202887727462 -0.0011502584590172605 0.39624 2.037262611750068 -0.2897192923595061
38456 10561439 1.0385470797600718 -0.0036055993493647118 0.39624 2.037262611750068 -0.2897192923595061
38457 10561439 1.0057738707473975 -0.0060609402397121615 0.39624 2.037262611750068 -0.2897192923595061
38458 10561439 0.9730006617347232 -0.008516281130059613 0.39624 2.037262611750068 -0.2897192923595061
38459 10561439 0.9402274527220488 -0.010971622020407064 0.39624 2.037262611750068 -0.2897192923595061
38460 10561439 0.9116294203510036 -0.011519368703008077 0.39624 2.037262611750068 -0.2897192923595061
38461 10561439 0.8830313879799586 -0.012067115385609084 0.39624 2.037262611750068 -0.2897192923595061
38462 10561439 0.8544333556089136 -0.012614862068210095 0.39624 2.037262611750068 -0.2897192923595061
38463 10561439 0.807868856170687 -0.011069445265129874 0.4114800000000001 2.5465782646875845 -0.36214911544938266
38464 10561439 0.7613043567324606 -0.009524028462049652 0.42672 2.5465782646875845 -0.36214911544938266
38465 10561439 0.7239459781475036 -0.00970114453011263 0.42672 2.5465782646875845 -0.36214911544938266
38466 10561439 0.7062085761751389 -0.007994470229159112 0.42672 2.5465782646875845 -0.36214911544938266
38467 10561439 0.6702375001252042 -0.008274142194458878 0.42672 2.5465782646875845 -0.36214911544938266
38468 10561439 0.6434004614404285 -0.007507658982429859 0.42672 2.5465782646875845 -0.36214911544938266
38469 10561439 0.6165634227556527 -0.006741175770400842 0.42672 2.5465782646875845 -0.36214911544938266
38470 10561439 0.5799291890731395 -0.0047008324281748596 0.42672 2.5465782646875845 -0.36214911544938266
38471 10561439 0.546468743455248 -0.0054498329208640395 0.4572000000000001 2.5465782646875845 -0.36214911544938266
38472 10561439 0.5091805053083193 -0.003779580362991003 0.4572000000000001 2.5465782646875845 -0.36214911544938266
38473 10561439 0.4715712541137128 -0.002004242915455118 0.4572000000000001 2.5465782646875845 -0.36214911544938266
38474 10561439 0.4442901722104568 -0.003954302602413751 0.4572000000000001 2.5465782646875845 -0.36214911544938266
38475 10561439 0.40821672721056695 -0.00291419107648401 0.4572000000000001 2.5465782646875845 -0.36214911544938266
38476 10561439 0.3789182143752409 -0.00397109250719896 0.4572000000000001 2.5465782646875845 -0.36214911544938266
38477 10561439 0.3468681299428642 -0.004479163816423687 0.4572000000000001 2.5465782646875845 -0.36214911544938266
38478 10561439 0.31211976565173205 -0.008895296196295949 0.4572000000000001 2.5465782646875845 -0.36214911544938266
38479 10561439 0.2616038106179951 -0.013999762214445238 0.48768 2.5465782646875845 -0.36214911544938266
38480 10561439 0.22766143532450256 -0.014589914691301888 0.48768 2.5465782646875845 -0.36214911544938266
38481 10561439 0.19519489572562956 -0.01881665760190421 0.48768 2.5465782646875845 -0.36214911544938266
38482 10561439 0.1590048265450118 -0.019489736877631253 0.48768 2.5465782646875845 -0.36214911544938266
38483 10561439 0.14386078569023766 -0.0216668906056592 0.48768 2.5465782646875845 -0.36214911544938266
38484 10561439 0.12871674483546347 -0.023844044333687142 0.48768 2.5465782646875845 -0.36214911544938266
38485 10561439 0.08481780647778747 -0.02772198429443276 0.48768 2.5465782646875845 -0.36214911544938266
38486 10561439 0.04721496479167708 -0.030678319738309007 0.5181600000000001 2.5465782646875845 -0.36214911544938266
38487 10561439 0.01181969383521192 -0.033333690362262025 0.5181600000000001 2.5465782646875845 -0.36214911544938266
38488 10561439 -0.023575577121253244 -0.035989060986215037 0.5181600000000001 2.5465782646875845 -0.36214911544938266
38489 10561439 -0.046810674105809635 -0.03914307520079843 0.5181600000000001 2.5465782646875845 -0.36214911544938266
38490 10561439 -0.07795780980658817 -0.042047543468803884 0.5181600000000001 2.5465782646875845 -0.36214911544938266
38491 10561439 -0.11459689167385625 -0.04409143550965658 0.5181600000000001 2.5465782646875845 -0.36214911544938266
38492 10561439 -0.14595506519306567 -0.051716752427970615 0.5181600000000001 2.5465782646875845 -0.36214911544938266
38493 10561439 -0.20121805734731568 -0.0550330825789179 0.5181600000000001 2.5465782646875845 -0.36214911544938266
38494 10561439 -0.21450311282576107 -0.06143904311519158 0.5181600000000001 2.5465782646875845 -0.36214911544938266
38495 10561439 -0.2532536982937872 -0.06477826405627499 0.54864 2.5465782646875845 -0.36214911544938266
38496 10561439 -0.2924858368033436 -0.06795988938682393 0.54864 2.5465782646875845 -0.36214911544938266
38497 10561439 -0.3215216344582141 -0.07187484888729058 0.54864 2.5465782646875845 -0.36214911544938266
38498 10561439 -0.35055743211308465 -0.07578980838775723 0.54864 2.5465782646875845 -0.36214911544938266
38499 10561439 -0.3934525598679568 -0.07794880405182311 0.54864 2.5465782646875845 -0.36214911544938266
38500 10561439 -0.4209074862947047 -0.08042331769556546 0.54864 2.5465782646875845 -0.36214911544938266
38501 10561439 -0.4379956320378363 -0.0824312180622897 0.5638799999999999 2.5465782646875845 -0.36214911544938266
38502 10561439 -0.4550837777809679 -0.08443911842901394 0.57912 2.5465782646875845 -0.36214911544938266
38503 10561439 -0.48337575903689506 -0.08675661714595276 0.57912 2.5465782646875845 -0.36214911544938266
38504 10561439 -0.5321936828100512 -0.08855586760756959 0.57912 2.5465782646875845 -0.36214911544938266
38505 10561439 -0.5595264282587826 -0.0890252320429307 0.57912 2.5465782646875845 -0.36214911544938266
38506 10561439 -0.5868591737075141 -0.0894945964782918 0.57912 2.5465782646875845 -0.36214911544938266
38507 10561439 -0.6182014722072873 -0.09163222474144098 0.57912 2.5465782646875845 -0.36214911544938266
38508 10561439 -0.6527577467835599 -0.09680814819373576 0.57912 2.5465782646875845 -0.36214911544938266
38509 10561439 -0.6825426608378821 -0.10097353919089601 0.6096 2.5465782646875845 -0.36214911544938266
38510 10561439 -0.7169697843799145 -0.10303690924213653 0.6096 2.5465782646875845 -0.36214911544938266
38511 10561439 -0.7445304124762357 -0.10746196457131882 0.6096 2.5465782646875845 -0.36214911544938266
38512 10561439 -0.7834426644721348 -0.11074583395602396 0.6096 2.5465782646875845 -0.36214911544938266
38513 10561439 -0.8027788748517537 -0.11283582746686795 0.6096 2.5465782646875845 -0.36214911544938266
38514 10561439 -0.8450753022123703 -0.11723278145268197 0.6096 2.5465782646875845 -0.36214911544938266
38515 10561439 -0.8775440360209854 -0.12145465139193536 0.6096 2.5465782646875845 -0.36214911544938266
38516 10561439 -0.8943436377050553 -0.12121927985334888 0.6096 2.5465782646875845 -0.36214911544938266
38517 10561439 -0.9457692127216072 -0.12636947758925413 0.6400800000000001 2.5465782646875845 -0.36214911544938266
38518 10561439 -0.963985594220732 -0.13209664055358994 0.6400800000000001 2.5465782646875845 -0.36214911544938266
38519 10561439 -1.017709217308765 -0.13041954119865964 0.6400800000000001 2.5465782646875845 -0.36214911544938266
38520 10561439 -1.0371966895555766 -0.13432889605903656 0.6400800000000001 2.5465782646875845 -0.36214911544938266
38521 10561439 -1.0696675375514548 -0.14018502865463248 0.6400800000000001 2.5465782646875845 -0.36214911544938266
38522 10561439 -1.1053879514492195 -0.13913664507826676 0.6400800000000001 2.5465782646875845 -0.36214911544938266
38523 10561439 -1.1463477440043073 -0.14759105775300732 0.6400800000000001 2.5465782646875845 -0.36214911544938266
38524 10561439 -1.1753500963628702 -0.148271850500749 0.6400800000000001 2.5465782646875845 -0.36214911544938266
38525 10561439 -1.2010991520103094 -0.15217782899268664 0.6400800000000001 2.5465782646875845 -0.36214911544938266
38526 10561439 -1.2268482076577485 -0.15608380748462428 0.6400800000000001 2.5465782646875845 -0.36214911544938266
38527 10561439 -1.2608169148971609 -0.15741846679781765 0.6400800000000001 2.5465782646875845 -0.36214911544938266
38528 10561439 -1.2947856221365737 -0.15875312611101106 0.6400800000000001 2.5465782646875845 -0.36214911544938266
38529 10561439 -1.3296797426319225 -0.15680558072761167 0.67056 2.5465782646875845 -0.36214911544938266
38530 10561439 -1.3646859872605357 -0.1524844625584946 0.67056 2.5465782646875845 -0.36214911544938266
38531 10561439 -1.3999939712706817 -0.1409374181900455 0.67056 2.5465782646875845 -0.36214911544938266
38532 10561439 -1.4343483655992852 -0.12783264567181354 0.67056 2.5465782646875845 -0.36214911544938266
38533 10561439 -1.4537753003208358 -0.1179739860178596 0.7010400000000001 2.5465782646875845 -0.36214911544938266
38534 10561439 -1.4997317952006586 -0.09172734782603599 0.7010400000000001 2.5465782646875845 -0.36214911544938266
38535 10561439 -1.5243075590084476 -0.07153847096724378 0.7010400000000001 2.5465782646875845 -0.36214911544938266
38536 10561439 -1.5539413337864862 -0.05214876679555061 0.7010400000000001 2.5465782646875845 -0.36214911544938266
38537 10561439 -1.573686407996587 -0.029683932161567755 0.7010400000000001 2.5465782646875845 -0.36214911544938266
38538 10561439 -1.5998956590467428 -0.004170025837110597 0.7010400000000001 2.5465782646875845 -0.36214911544938266
38539 10561439 -1.6342150229268226 0.039185733466115515 0.7010400000000001 2.5465782646875845 -0.36214911544938266
38540 10561439 -1.6550410110072586 0.0787124693269092 0.7010400000000001 2.5465782646875845 -0.36214911544938266
38541 10561439 -1.6759087180974246 0.1115931705713463 0.7010400000000001 2.5465782646875845 -0.36214911544938266
38542 10561439 -1.6918953515570128 0.15070565189444282 0.7010400000000001 2.5465782646875845 -0.36214911544938266
38543 10561439 -1.7043146838945844 0.19040396977331506 0.73152 2.5465782646875845 -0.36214911544938266
38544 10561439 -1.7105648272995249 0.20985747306065675 0.73152 2.5465782646875845 -0.36214911544938266
38545 10561439 -1.716814970704465 0.22931097634799846 0.73152 2.5465782646875845 -0.36214911544938266
38546 10561439 -1.7262023130508881 0.2725744255738185 0.73152 2.5465782646875845 -0.36214911544938266
38547 10561439 -1.7323555175737824 0.3159484293828072 0.73152 2.5465782646875845 -0.36214911544938266
38548 10561439 -1.730286665370708 0.3592034371130515 0.73152 2.5465782646875845 -0.36214911544938266
38549 10561439 -1.7294483593773078 0.42856576928542267 0.762 2.5465782646875845 -0.36214911544938266
38550 10561439 -1.7283152128166386 0.4657007221788592 0.762 2.5465782646875845 -0.36214911544938266
38551 10561439 -1.7215288444362946 0.5027390306661625 0.762 2.5465782646875845 -0.36214911544938266
38552 10561439 -1.7102195339317685 0.5536038596144949 0.762 2.5465782646875845 -0.36214911544938266
38553 10561439 -1.6968580132191797 0.594450178137485 0.7924800000000001 2.5465782646875845 -0.36214911544938266
38554 10561439 -1.6797331687118775 0.6468010192955401 0.7924800000000001 2.5465782646875845 -0.36214911544938266
38555 10561439 -1.6651827027108388 0.6749902154760564 0.7924800000000001 2.5465782646875845 -0.36214911544938266
38556 10561439 -1.647766637972507 0.7119397571226729 0.7924800000000001 2.5465782646875845 -0.36214911544938266
38557 10561439 -1.6295385976519456 0.7375239044821703 0.80772 2.5465782646875845 -0.36214911544938266
38558 10561439 -1.6113105573313842 0.7631080518416677 0.82296 2.5465782646875845 -0.36214911544938266
38559 10561439 -1.5890417497110334 0.7926282462167744 0.82296 2.5465782646875845 -0.36214911544938266
38560 10561439 -1.5667729420906829 0.822148440591881 0.82296 2.5465782646875845 -0.36214911544938266
38561 10561439 -1.5381798975432832 0.8473800135733042 0.8534400000000001 2.5465782646875845 -0.36214911544938266
38562 10561439 -1.5158778166705706 0.8761883547781236 0.8534400000000001 2.5465782646875845 -0.36214911544938266
38563 10561439 -1.4836750475696383 0.909469599028098 0.8534400000000001 2.5465782646875845 -0.36214911544938266
38564 10561439 -1.456024814931509 0.9329066017421452 0.8534400000000001 2.5465782646875845 -0.36214911544938266
38565 10561439 -1.4189179951309512 0.9635323191485551 0.88392 2.5465782646875845 -0.36214911544938266
38566 10561439 -1.390590726685324 0.9876827075056512 0.88392 2.5465782646875845 -0.36214911544938266
38567 10561439 -1.360650667397696 1.0086183248371832 0.88392 2.5465782646875845 -0.36214911544938266
38568 10561439 -1.3267521911009563 1.0318812838812967 0.88392 2.5465782646875845 -0.36214911544938266
38569 10561439 -1.2959129264303308 1.057196494203708 0.88392 2.5465782646875845 -0.36214911544938266
38570 10561439 -1.2621343657597957 1.076292646413015 0.88392 2.5465782646875845 -0.36214911544938266
38571 10561439 -1.2280535828507044 1.099028885784875 0.9144 2.5465782646875845 -0.36214911544938266
38572 10561439 -1.1923600456343917 1.1185504482759414 0.9144 2.5465782646875845 -0.36214911544938266
38573 10561439 -1.1553465644805692 1.139392990417407 0.9144 2.5465782646875845 -0.36214911544938266
38574 10561439 -1.1222131445262256 1.1662950384335025 0.9144 2.5465782646875845 -0.36214911544938266
38575 10561439 -1.085866179370223 1.186187403049234 0.9144 2.5465782646875845 -0.36214911544938266
38576 10561439 -1.0259295236320771 1.2200966869634824 0.9144 2.5465782646875845 -0.36214911544938266
38577 10561439 -1.0123322151583791 1.2290860525474483 0.9296399999999999 2.5465782646875845 -0.36214911544938266
38578 10561439 -0.9987349066846808 1.2380754181314142 0.94488 2.5465782646875845 -0.36214911544938266
38579 10561439 -0.9580038764876128 1.2621426001354719 0.94488 2.5465782646875845 -0.36214911544938266
38580 10561439 -0.9308785798089504 1.2799104774318228 0.94488 2.5465782646875845 -0.36214911544938266
38581 10561439 -0.8837463942420118 1.3072590100679449 0.94488 2.5465782646875845 -0.36214911544938266
38582 10561439 -0.8456645352078731 1.3313750854435196 0.94488 2.5465782646875845 -0.36214911544938266
38583 10561439 -0.8142343977629642 1.3541614550549952 0.94488 2.5465782646875845 -0.36214911544938266
38584 10561439 -0.7671375488316943 1.3814051663592102 0.94488 2.5465782646875845 -0.36214911544938266
38585 10561439 -0.7320341226687386 1.4083649940005014 0.94488 2.5465782646875845 -0.36214911544938266
38586 10561439 -0.6912599398993502 1.4314842753616015 0.94488 2.5465782646875845 -0.36214911544938266
38587 10561439 -0.6546540945362267 1.4592382051284447 0.94488 2.5465782646875845 -0.36214911544938266
38588 10561439 -0.6009929192630488 1.4929818732111533 0.94488 2.5465782646875845 -0.36214911544938266
38589 10561439 -0.5638530403354847 1.5169395055694632 0.94488 2.5465782646875845 -0.36214911544938266
38590 10561439 -0.5247506665336859 1.5428259181818471 0.94488 2.5465782646875845 -0.36214911544938266
38591 10561439 -0.4811801170165924 1.566083046961385 0.94488 2.5465782646875845 -0.36214911544938266
38592 10561439 -0.4436612653288872 1.5912023207942676 0.94488 2.5465782646875845 -0.36214911544938266
38593 10561439 -0.40016481918649816 1.6101610691864594 0.94488 2.5465782646875845 -0.36214911544938266
38594 10561439 -0.3472135090113746 1.6363100152693018 0.94488 2.5465782646875845 -0.36214911544938266
38595 10561439 -0.3029583324530805 1.6575914517620343 0.94488 2.5465782646875845 -0.36214911544938266
38596 10561439 -0.2745809371529529 1.669693859156683 0.94488 2.5465782646875845 -0.36214911544938266
38597 10561439 -0.24620354185282545 1.681796266551332 0.94488 2.5465782646875845 -0.36214911544938266
38598 10561439 -0.1999608413605951 1.6969370533536774 0.94488 2.5465782646875845 -0.36214911544938266
38599 10561439 -0.14895824169452654 1.7141436855167629 0.94488 2.5465782646875845 -0.36214911544938266
38600 10561439 -0.0870356344786698 1.7367766162859466 0.94488 2.5465782646875845 -0.36214911544938266
38601 10561439 -0.0575765178372325 1.7426842225746535 0.94488 2.5465782646875845 -0.36214911544938266
38602 10561439 0.02747938240721504 1.763830170472418 0.94488 2.5465782646875845 -0.36214911544938266
38603 10561439 0.07659322024725279 1.7741781335665865 0.94488 2.5465782646875845 -0.36214911544938266
38604 10561439 0.14501231596341846 1.783823245617281 0.94488 2.5465782646875845 -0.36214911544938266
38605 10561439 0.1979557305567492 1.7950229537861604 0.94488 2.5465782646875845 -0.36214911544938266
38606 10561439 0.24906153057765645 1.803318701927856 0.94488 2.5465782646875845 -0.36214911544938266
38607 10561439 0.2794687219218085 1.8066976846215392 0.94488 2.5465782646875845 -0.36214911544938266
38608 10561439 0.33310600043083616 1.8132317546126597 0.94488 2.5465782646875845 -0.36214911544938266
38609 10561439 0.4014781454770354 1.8230110938916664 0.97536 2.5465782646875845 -0.36214911544938266
38610 10561439 0.442036117134866 1.8313676952953524 0.97536 2.5465782646875845 -0.36214911544938266
38611 10561439 0.5103387240132227 1.8409369651942464 0.97536 2.5465782646875845 -0.36214911544938266
38612 10561439 0.5719999464406035 1.8473032960042723 0.97536 2.5465782646875845 -0.36214911544938266
38613 10561439 0.628469745554276 1.8557173658673485 0.97536 2.5465782646875845 -0.36214911544938266
38614 10561439 0.6914606177597468 1.8623509716444488 0.97536 2.5465782646875845 -0.36214911544938266
38615 10561439 0.7196435393888458 1.8664001448406575 0.97536 2.5465782646875845 -0.36214911544938266
38616 10561439 0.7478264610179448 1.8704493180368664 0.97536 2.5465782646875845 -0.36214911544938266
38617 10561439 0.8208206239813669 1.8784878242206828 0.97536 2.5465782646875845 -0.36214911544938266
38618 10561439 0.8630342469979605 1.8843776675926909 0.97536 2.5465782646875845 -0.36214911544938266
38619 10561439 0.905247870014554 1.8902675109646991 0.97536 2.5465782646875845 -0.36214911544938266
38620 10561439 0.9681341483668756 1.896586887812416 0.97536 2.5465782646875845 -0.36214911544938266
38621 10561439 1.0095848784821566 1.9052385315013856 0.97536 2.5465782646875845 -0.36214911544938266
38622 10561439 1.096238763945629 1.915007412092945 0.97536 2.5465782646875845 -0.36214911544938266
38623 10561439 1.13798671746164 1.9232120517506777 0.97536 2.5465782646875845 -0.36214911544938266
38624 10561439 1.1896370829147702 1.9291157090801407 0.97536 2.5465782646875845 -0.36214911544938266
38625 10561439 1.2120636248544996 1.9325356599004304 0.97536 2.5465782646875845 -0.36214911544938266
38626 10561439 1.2969049833829802 1.9421979029347995 0.97536 2.5465782646875845 -0.36214911544938266
38627 10561439 1.3357244469764529 1.9455190004692642 0.97536 2.5465782646875845 -0.36214911544938266
38628 10561439 1.4250118224003616 1.9538466488469792 0.97536 2.5465782646875845 -0.36214911544938266
38629 10561439 1.465784121307165 1.961787519675078 0.97536 2.5465782646875845 -0.36214911544938266
38630 10561439 1.5322781283810318 1.9669323768248668 0.97536 2.5465782646875845 -0.36214911544938266
38631 10561439 1.5864373125069613 1.972369278190003 0.97536 2.5465782646875845 -0.36214911544938266
38632 10561439 1.6325959497513285 1.979135281995824 0.97536 2.5465782646875845 -0.36214911544938266
38633 10561439 1.6899763685654283 1.9849223672533955 0.97536 2.5465782646875845 -0.36214911544938266
38634 10561439 1.7340092929311424 1.986542096817273 0.97536 2.5465782646875845 -0.36214911544938266
38635 10561439 1.8232600555790253 1.9947691682653788 0.94488 2.5465782646875845 -0.36214911544938266
38636 10561439 1.8685123243820017 2.001482083171927 0.94488 2.5465782646875845 -0.36214911544938266
38637 10561439 1.930144359527168 2.006699711270634 0.94488 2.5465782646875845 -0.36214911544938266
38638 10561439 1.9996329816000795 2.016944986955577 0.94488 2.5465782646875845 -0.36214911544938266
38639 10561439 2.041887419112333 2.0208706322338763 0.94488 2.5465782646875845 -0.36214911544938266
38640 10561439 2.084141856624586 2.0247962775121757 0.94488 2.5465782646875845 -0.36214911544938266
38641 10561439 2.144893560753169 2.0304493103877386 0.94488 2.5465782646875845 -0.36214911544938266
38642 10561439 2.2056452648817517 2.0361023432633014 0.94488 2.5465782646875845 -0.36214911544938266
38643 10561439 2.2544664755640964 2.0420606041283182 0.94488 2.5465782646875845 -0.36214911544938266
38644 10561439 2.303287686246441 2.048018864993334 0.94488 2.5465782646875845 -0.36214911544938266
38645 10561439 2.3627521817769543 2.0539476643119188 0.94488 2.5465782646875845 -0.36214911544938266
38646 10561439 2.4231777555901672 2.057927484226308 0.94488 2.5465782646875845 -0.36214911544938266
38647 10561439 2.4801543376336705 2.0638519216662248 0.94488 2.5465782646875845 -0.36214911544938266
38648 10561439 2.5427461324718683 2.0679429139436074 0.94488 2.5465782646875845 -0.36214911544938266
38649 10561439 2.5969709660552924 2.073598609721335 0.94488 2.5465782646875845 -0.36214911544938266
38650 10561439 2.657431548419467 2.0793210539535254 0.94488 2.5465782646875845 -0.36214911544938266
38651 10561439 2.7255943317076605 2.08416422066318 0.94488 2.5465782646875845 -0.36214911544938266
38652 10561439 2.8067644150582973 2.085344564597923 0.94488 2.5465782646875845 -0.36214911544938266
38653 10561439 2.8418858875852955 2.0841560986072967 0.94488 2.5465782646875845 -0.36214911544938266
38654 10561439 2.897685960900149 2.0824070006540394 0.94488 2.5465782646875845 -0.36214911544938266
38655 10561439 2.9767497588952767 2.0730621626606327 0.94488 2.5465782646875845 -0.36214911544938266
38656 10561439 3.032728322508965 2.0650643418995527 0.94488 2.5465782646875845 -0.36214911544938266
38657 10561439 3.092959164774697 2.0564963101233693 0.9144 2.5465782646875845 -0.36214911544938266
38658 10561439 3.1350559366662605 2.0481253603674725 0.94488 2.5465782646875845 -0.36214911544938266
38659 10561439 3.1909732339797863 2.034775124549344 0.94488 2.5465782646875845 -0.36214911544938266
38660 10561439 3.247082530298093 2.017390838130104 0.94488 2.5465782646875845 -0.36214911544938266
38661 10561439 3.2989503616407014 1.999522668227095 0.94488 2.5465782646875845 -0.36214911544938266
38662 10561439 3.3639103314361583 1.983688997986589 0.94488 2.5465782646875845 -0.36214911544938266
38663 10561439 3.402965077888521 1.9687198009876845 0.94488 2.5465782646875845 -0.36214911544938266
38664 10561439 3.442019824340884 1.95375060398878 0.94488 2.5465782646875845 -0.36214911544938266
38665 10561439 3.4946903674588743 1.935621994163328 0.94488 2.5465782646875845 -0.36214911544938266
38666 10561439 3.54570805332072 1.9140615949234945 0.94488 2.5465782646875845 -0.36214911544938266
38667 10561439 3.6006025233166223 1.8956751848149915 0.94488 2.5465782646875845 -0.36214911544938266
38668 10561439 3.644724741929317 1.881272760507981 0.94488 2.5465782646875845 -0.36214911544938266
38669 10561439 3.706549822064469 1.85583553794978 0.9144 2.5465782646875845 -0.36214911544938266
38670 10561439 3.7580495753548084 1.8341195660913068 0.94488 2.5465782646875845 -0.36214911544938266
38671 10561439 3.8214796213241566 1.8081596592686031 0.94488 2.5465782646875845 -0.36214911544938266
38672 10561439 3.855482421748525 1.7964775287403998 0.94488 2.5465782646875845 -0.36214911544938266
38673 10561439 3.904896906354869 1.7754434042157132 0.94488 2.5465782646875845 -0.36214911544938266
38674 10561439 3.96829314112212 1.7493792505505164 0.94488 2.5465782646875845 -0.36214911544938266
38675 10561439 4.023509821009277 1.7308914104342874 0.94488 2.5465782646875845 -0.36214911544938266
38676 10561439 4.096567921991894 1.7017921902164932 0.94488 2.5465782646875845 -0.36214911544938266
38677 10561439 4.122992764094618 1.6875615642289579 0.94488 2.5465782646875845 -0.36214911544938266
38678 10561439 4.2097240713346045 1.6541184134796978 0.94488 2.5465782646875845 -0.36214911544938266
38679 10561439 4.2474495975769635 1.6364342709173945 0.94488 2.5465782646875845 -0.36214911544938266
38680 10561439 4.309598201108137 1.6108976276470792 0.94488 2.5465782646875845 -0.36214911544938266
38681 10561439 4.3405652201624045 1.6007928355528482 0.94488 2.5465782646875845 -0.36214911544938266
38682 10561439 4.395975245229484 1.5774559135408617 0.94488 2.5465782646875845 -0.36214911544938266
38683 10561439 4.476206667702585 1.5404136616719024 0.9144 2.5465782646875845 -0.36214911544938266
38684 10561439 4.4957818654732105 1.534026624137051 0.9144 2.5465782646875845 -0.36214911544938266
38685 10561439 4.558023130475865 1.5082286759494918 0.94488 2.5465782646875845 -0.36214911544938266
38686 10561439 4.6084482248470096 1.485936096743898 0.9144 2.5465782646875845 -0.36214911544938266
38687 10561439 4.653836119962904 1.4645282844224716 0.9144 2.5465782646875845 -0.36214911544938266
38688 10561439 4.699224015078797 1.4431204721010449 0.9144 2.5465782646875845 -0.36214911544938266
38689 10561439 4.7372327371465035 1.4269824998633092 0.9144 2.5465782646875845 -0.36214911544938266
38690 10561439 4.775241459214212 1.4108445276255732 0.9144 2.5465782646875845 -0.36214911544938266
