41191 10608166 1.153664826297363 0.0035298529877016843 0.37338000000000005 2.5465782646875845 -0.36214911544938266
41192 10608166 1.1134952104746014 0.00018039115229166736 0.37338000000000005 2.5465782646875845 -0.36214911544938266
41193 10608166 1.097213007816234 0.0003593255824754782 0.37338000000000005 2.5465782646875845 -0.36214911544938266
41194 10608166 1.0550555019069443 0.0014371772060833106 0.37846 2.5465782646875845 -0.36214911544938266
41195 10608166 1.0128979959976547 0.0025150288296911425 0.38354 2.5465782646875845 -0.36214911544938266
41196 10608166 0.9707404900883649 0.0035928804532989744 0.38861999999999997 2.5465782646875845 -0.36214911544938266
41197 10608166 0.9328029145762552 0.0030008689509671885 0.38989 2.5465782646875845 -0.36214911544938266
41198 10608166 0.8948653390641454 0.002408857448635402 0.39116 2.5465782646875845 -0.36214911544938266
41199 10608166 0.8569277635520356 0.0018168459463036165 0.3924300000000001 2.5465782646875845 -0.36214911544938266
41200 10608166 0.8189901880399257 0.0012248344439718304 0.3937000000000001 2.5465782646875845 -0.36214911544938266
41201 10608166 0.7810526125278159 0.0006328229416400445 0.39497 2.5465782646875845 -0.36214911544938266
41202 10608166 0.7431150370157061 4.0811439308258146e-05 0.39624 2.5465782646875845 -0.36214911544938266
41203 10608166 0.7010237018527329 0.003045866312280099 0.40386 2.5465782646875845 -0.36214911544938266
41204 10608166 0.657380217377427 0.0013010905295134376 0.41148 2.5465782646875845 -0.36214911544938266
41205 10608166 0.5927317351936837 0.0018639142853944665 0.41148 2.5465782646875845 -0.36214911544938266
41206 10608166 0.5499180289470168 0.005105854016815611 0.4191 2.5465782646875845 -0.36214911544938266
41207 10608166 0.5229601935935686 0.005503345438732868 0.42291000000000006 2.5465782646875845 -0.36214911544938266
41208 10608166 0.4960023582401205 0.005900836860650127 0.42672 2.5465782646875845 -0.36214911544938266
41209 10608166 0.44749813692062856 0.0058624435091542285 0.4343400000000001 2.5465782646875845 -0.36214911544938266
41210 10608166 0.4033494933199908 0.003933671370024317 0.44196 2.5465782646875845 -0.36214911544938266
41211 10608166 0.3433080743973829 0.0022920558331763485 0.44958 2.5465782646875845 -0.36214911544938266
41212 10608166 0.3104442788685697 0.00228372141867067 0.44958 2.5465782646875845 -0.36214911544938266
41213 10608166 0.2673085029867277 0.004814702330288051 0.44958 2.5465782646875845 -0.36214911544938266
41214 10608166 0.22205934905186556 0.0035970904721343844 0.4572000000000001 2.5465782646875845 -0.36214911544938266
41215 10608166 0.15420009978922655 0.005212910287974742 0.4648200000000001 2.5465782646875845 -0.36214911544938266
41216 10608166 0.1101543937803976 0.00360262483489171 0.4648200000000001 2.5465782646875845 -0.36214911544938266
41217 10608166 0.06288095042022968 0.008421735631689575 0.47244 2.5465782646875845 -0.36214911544938266
41218 10608166 0.025694120228379053 0.0087761804115749 0.47625 2.5465782646875845 -0.36214911544938266
41219 10608166 -0.01149270996347157 0.009130625191460226 0.48006000000000004 2.5465782646875845 -0.36214911544938266
41220 10608166 -0.046619842794080574 0.011031961666731406 0.48386999999999997 2.5465782646875845 -0.36214911544938266
41221 10608166 -0.08174697562468958 0.012933298142002586 0.48768 2.5465782646875845 -0.36214911544938266
41222 10608166 -0.13545681463873627 0.01436640469682346 0.4953 2.5465782646875845 -0.36214911544938266
41223 10608166 -0.18276500012992392 0.019081603103362016 0.50292 2.5465782646875845 -0.36214911544938266
41224 10608166 -0.22992396642872406 0.02398199471163173 0.50292 2.5465782646875845 -0.36214911544938266
41225 10608166 -0.276945743651551 0.02848734955254137 0.51054 2.5465782646875845 -0.36214911544938266
41226 10608166 -0.3194049152202953 0.031735176221293036 0.5181600000000001 2.5465782646875845 -0.36214911544938266
41227 10608166 -0.3935466742985063 0.035876950285898296 0.52578 2.5465782646875845 -0.36214911544938266
41228 10608166 -0.4215621523207391 0.034403642101933564 0.5334 2.5465782646875845 -0.36214911544938266
41229 10608166 -0.4874815222316686 0.03924651626785977 0.54102 2.5465782646875845 -0.36214911544938266
41230 10608166 -0.5347209847350924 0.04417517354391379 0.54864 2.5465782646875845 -0.36214911544938266
41231 10608166 -0.584712855323843 0.0488356544748875 0.5562600000000001 2.5465782646875845 -0.36214911544938266
41232 10608166 -0.6175086111647252 0.04904272509318955 0.5562600000000001 2.5465782646875845 -0.36214911544938266
41233 10608166 -0.6632642656508487 0.058510959910886264 0.56388 2.5465782646875845 -0.36214911544938266
41234 10608166 -0.7114097899333478 0.06338649516740089 0.5715 2.5465782646875845 -0.36214911544938266
41235 10608166 -0.7674761080600034 0.07120263404020291 0.5715 2.5465782646875845 -0.36214911544938266
41236 10608166 -0.8011866408939715 0.07404637982783943 0.5791200000000001 2.5465782646875845 -0.36214911544938266
41237 10608166 -0.8348971737279396 0.07689012561547595 0.5867399999999999 2.5465782646875845 -0.36214911544938266
41238 10608166 -0.8830082916975588 0.0818723804944693 0.5867399999999999 2.5465782646875845 -0.36214911544938266
41239 10608166 -0.9398080875674462 0.09016336416152533 0.59436 2.5465782646875845 -0.36214911544938266
41240 10608166 -0.9950159953231604 0.09653223506890027 0.6019800000000001 2.5465782646875845 -0.36214911544938266
41241 10608166 -1.0411037851197529 0.10634521510939984 0.6096 2.5465782646875845 -0.36214911544938266
41242 10608166 -1.0883951791638515 0.11655209545877117 0.61722 2.5465782646875845 -0.36214911544938266
41243 10608166 -1.1374223532400298 0.13340243049931552 0.6248400000000001 2.5465782646875845 -0.36214911544938266
41244 10608166 -1.1751599809126654 0.15544079907180716 0.6248400000000001 2.5465782646875845 -0.36214911544938266
41245 10608166 -1.219050935726812 0.18147797393831155 0.63246 2.5465782646875845 -0.36214911544938266
41246 10608166 -1.262604954229815 0.21126094029074824 0.6400800000000001 2.5465782646875845 -0.36214911544938266
41247 10608166 -1.3006838032942782 0.24556287237486205 0.6400800000000001 2.5465782646875845 -0.36214911544938266
41248 10608166 -1.3189808845287387 0.2649832220157306 0.6438900000000001 2.5465782646875845 -0.36214911544938266
41249 10608166 -1.3372779657631992 0.28440357165659913 0.6477 2.5465782646875845 -0.36214911544938266
41250 10608166 -1.3785231217984537 0.34731547510276195 0.65532 2.5465782646875845 -0.36214911544938266
41251 10608166 -1.4003420345102444 0.3903209427608561 0.65532 2.5465782646875845 -0.36214911544938266
41252 10608166 -1.42489332197567 0.4602752356471109 0.6629400000000001 2.5465782646875845 -0.36214911544938266
41253 10608166 -1.4358184788265096 0.5126870908777065 0.67056 2.5465782646875845 -0.36214911544938266
41254 10608166 -1.4462273406280193 0.5650470198249851 0.6781800000000001 2.5465782646875845 -0.36214911544938266
41255 10608166 -1.4529282793469191 0.6108196596139907 0.6858000000000001 2.5465782646875845 -0.36214911544938266
41256 10608166 -1.4570602338371568 0.6666181115800511 0.6858000000000001 2.5465782646875845 -0.36214911544938266
41257 10608166 -1.4566072716219958 0.7206832782154493 0.69342 2.5465782646875845 -0.36214911544938266
41258 10608166 -1.4520563713018655 0.7611399832836399 0.7010400000000001 2.5465782646875845 -0.36214911544938266
41259 10608166 -1.447505470981735 0.8015966883518304 0.7086600000000001 2.5465782646875845 -0.36214911544938266
41260 10608166 -1.443561939845465 0.8373448330963845 0.7124700000000002 2.5465782646875845 -0.36214911544938266
41261 10608166 -1.439618408709196 0.8730929778409386 0.7162800000000001 2.5465782646875845 -0.36214911544938266
41262 10608166 -1.4315537020040037 0.9249021864093672 0.73152 2.5465782646875845 -0.36214911544938266
41263 10608166 -1.4238506692644914 0.9810359303495008 0.7391399999999999 2.5465782646875845 -0.36214911544938266
41264 10608166 -1.407387362885429 1.0515964749788291 0.7467600000000001 2.5465782646875845 -0.36214911544938266
41265 10608166 -1.3967669304962873 1.0948583508470042 0.75057 2.5465782646875845 -0.36214911544938266
41266 10608166 -1.3861464981071456 1.1381202267151789 0.75438 2.5465782646875845 -0.36214911544938266
41267 10608166 -1.375445419360567 1.1792526198224829 0.762 2.5465782646875845 -0.36214911544938266
41268 10608166 -1.360452127531112 1.233235464660254 0.762 2.5465782646875845 -0.36214911544938266
41269 10608166 -1.3471271419709523 1.2823893966128397 0.76962 2.5465782646875845 -0.36214911544938266
41270 10608166 -1.3169614657756097 1.358048806419203 0.7772399999999999 2.5465782646875845 -0.36214911544938266
41271 10608166 -1.3008718762414084 1.3988207180818684 0.7772399999999999 2.5465782646875845 -0.36214911544938266
41272 10608166 -1.284852671611885 1.4477944260118514 0.7772399999999999 2.5465782646875845 -0.36214911544938266
41273 10608166 -1.268862959773748 1.4818807440904864 0.78105 2.5465782646875845 -0.36214911544938266
41274 10608166 -1.2528732479356106 1.5159670621691217 0.78486 2.5465782646875845 -0.36214911544938266
41275 10608166 -1.2323932395844854 1.5561792028656851 0.78486 2.5465782646875845 -0.36214911544938266
41276 10608166 -1.2119132312333605 1.5963913435622488 0.78486 2.5465782646875845 -0.36214911544938266
41277 10608166 -1.188027880977993 1.6368332893792068 0.7924800000000001 2.5465782646875845 -0.36214911544938266
41278 10608166 -1.1575766749886722 1.6837737336265794 0.7924800000000001 2.5465782646875845 -0.36214911544938266
41279 10608166 -1.1351760898051146 1.7196772819968464 0.8001 2.5465782646875845 -0.36214911544938266
41280 10608166 -1.089079482660061 1.7916449073160352 0.8001 2.5465782646875845 -0.36214911544938266
41281 10608166 -1.0577037138719991 1.8357125896953248 0.8001 2.5465782646875845 -0.36214911544938266
41282 10608166 -1.028915358815736 1.8734994241246907 0.8001 2.5465782646875845 -0.36214911544938266
41283 10608166 -0.992254527510364 1.9177079800279937 0.80772 2.5465782646875845 -0.36214911544938266
41284 10608166 -0.9633153084873662 1.957314981803343 0.80772 2.5465782646875845 -0.36214911544938266
41285 10608166 -0.9451008677387214 1.9785225402394129 0.8115300000000001 2.5465782646875845 -0.36214911544938266
41286 10608166 -0.9268864269900764 1.9997300986754825 0.8153400000000001 2.5465782646875845 -0.36214911544938266
41287 10608166 -0.8679687362836908 2.066920539175402 0.8153400000000001 2.5465782646875845 -0.36214911544938266
41288 10608166 -0.833260352167404 2.0997335994909565 0.8153400000000001 2.5465782646875845 -0.36214911544938266
41289 10608166 -0.7987412323185403 2.1373990132461294 0.82296 2.5465782646875845 -0.36214911544938266
41290 10608166 -0.7588933731379497 2.1734385281553217 0.82296 2.5465782646875845 -0.36214911544938266
41291 10608166 -0.708075994623032 2.2272719220381583 0.8305800000000001 2.5465782646875845 -0.36214911544938266
41292 10608166 -0.6669841393373511 2.268746721012966 0.8305800000000001 2.5465782646875845 -0.36214911544938266
41293 10608166 -0.6209434451746767 2.3074347542594325 0.8382000000000001 2.5465782646875845 -0.36214911544938266
41294 10608166 -0.5896422526600957 2.3396100766577934 0.8382000000000001 2.5465782646875845 -0.36214911544938266
41295 10608166 -0.5574744497994093 2.3657478291955387 0.8401050000000001 2.5465782646875845 -0.36214911544938266
41296 10608166 -0.525306646938723 2.3918855817332845 0.84201 2.5465782646875845 -0.36214911544938266
41297 10608166 -0.4976300593742496 2.415695008903094 0.843915 2.5465782646875845 -0.36214911544938266
41298 10608166 -0.4699534718097762 2.4395044360729043 0.8458200000000001 2.5465782646875845 -0.36214911544938266
41299 10608166 -0.4313467247815197 2.4750159850576345 0.8534400000000001 2.5465782646875845 -0.36214911544938266
41300 10608166 -0.3677537982952812 2.521225877385122 0.8572500000000001 2.5465782646875845 -0.36214911544938266
41301 10608166 -0.32799457436833035 2.5504898177101207 0.8591550000000001 2.5465782646875845 -0.36214911544938266
41302 10608166 -0.2882353504413795 2.5797537580351193 0.86106 2.5465782646875845 -0.36214911544938266
41303 10608166 -0.24498322617259616 2.608839594038668 0.8686800000000001 2.5465782646875845 -0.36214911544938266
41304 10608166 -0.19697797994834665 2.6443161886785664 0.8686800000000001 2.5465782646875845 -0.36214911544938266
41305 10608166 -0.15148785662870498 2.676175609714598 0.8686800000000001 2.5465782646875845 -0.36214911544938266
41306 10608166 -0.11327794344102073 2.70749484224249 0.8686800000000001 2.5465782646875845 -0.36214911544938266
41307 10608166 -0.07082916240634585 2.7368439484903346 0.8686800000000001 2.5465782646875845 -0.36214911544938266
41308 10608166 -0.020995420032485116 2.7686855628934337 0.8686800000000001 2.5465782646875845 -0.36214911544938266
41309 10608166 0.02393573944146876 2.80399977065326 0.8763000000000001 2.5465782646875845 -0.36214911544938266
41310 10608166 0.07125695918949415 2.834677076461741 0.8763000000000001 2.5465782646875845 -0.36214911544938266
41311 10608166 0.09542852753058524 2.8509002725025927 0.8763000000000001 2.5465782646875845 -0.36214911544938266
41312 10608166 0.1196000958716763 2.8671234685434435 0.8763000000000001 2.5465782646875845 -0.36214911544938266
41313 10608166 0.1615427150413239 2.8962883411532987 0.8763000000000001 2.5465782646875845 -0.36214911544938266
41314 10608166 0.2038515937775951 2.9252167658726527 0.8763000000000001 2.5465782646875845 -0.36214911544938266
41315 10608166 0.273278869416399 2.971917328022577 0.88392 2.5465782646875845 -0.36214911544938266
41316 10608166 0.3139669300852541 2.9975205008256944 0.8763000000000001 2.5465782646875845 -0.36214911544938266
41317 10608166 0.3619398149491668 3.0285700302196386 0.8763000000000001 2.5465782646875845 -0.36214911544938266
41318 10608166 0.4106472815734289 3.0607815987699025 0.8763000000000001 2.5465782646875845 -0.36214911544938266
41319 10608166 0.4574116715814784 3.088137401682252 0.88392 2.5465782646875845 -0.36214911544938266
41320 10608166 0.5038259666201671 3.1203980330156926 0.88392 2.5465782646875845 -0.36214911544938266
41321 10608166 0.5530024140153612 3.1526905097739726 0.88392 2.5465782646875845 -0.36214911544938266
41322 10608166 0.5960202875927261 3.1824399797553897 0.88392 2.5465782646875845 -0.36214911544938266
41323 10608166 0.6320990980808368 3.2086163540561827 0.8915400000000001 2.5465782646875845 -0.36214911544938266
41324 10608166 0.6964677776921474 3.256155117212949 0.8991600000000001 2.5465782646875845 -0.36214911544938266
41325 10608166 0.7428960671127117 3.2922675286516587 0.8991600000000001 2.5465782646875845 -0.36214911544938266
41326 10608166 0.7723966957957791 3.3151619616203525 0.90297 2.5465782646875845 -0.36214911544938266
41327 10608166 0.8018973244788462 3.3380563945890445 0.90678 2.5465782646875845 -0.36214911544938266
41328 10608166 0.8480935426800792 3.372375702647305 0.9144 2.5465782646875845 -0.36214911544938266
41329 10608166 0.8920539583151281 3.4063745171821185 0.9144 2.5465782646875845 -0.36214911544938266
41330 10608166 0.9273634577626452 3.432919998643776 0.9144 2.5465782646875845 -0.36214911544938266
41331 10608166 0.9661660059822316 3.4674367085223685 0.92202 2.5465782646875845 -0.36214911544938266
41332 10608166 1.0313089189108098 3.513555683417908 0.92202 2.5465782646875845 -0.36214911544938266
41333 10608166 1.072674560197949 3.5447814316611077 0.92964 2.5465782646875845 -0.36214911544938266
41334 10608166 1.1055984010116842 3.570822006928684 0.92964 2.5465782646875845 -0.36214911544938266
41335 10608166 1.1537225261360875 3.609419148334856 0.92964 2.5465782646875845 -0.36214911544938266
41336 10608166 1.1952226266566504 3.6386151879044415 0.92964 2.5465782646875845 -0.36214911544938266
41337 10608166 1.2307414887273187 3.664450512436781 0.92964 2.5465782646875845 -0.36214911544938266
41338 10608166 1.266260350797987 3.6902858369691214 0.92964 2.5465782646875845 -0.36214911544938266
41339 10608166 1.3117441671334091 3.72624156084148 0.93726 2.5465782646875845 -0.36214911544938266
41340 10608166 1.355839142118383 3.7606652250773847 0.93726 2.5465782646875845 -0.36214911544938266
41341 10608166 1.4035557854131004 3.7953073470728715 0.94488 2.5465782646875845 -0.36214911544938266
41342 10608166 1.4553598967355883 3.837025576058015 0.94488 2.5465782646875845 -0.36214911544938266
41343 10608166 1.4746774449681015 3.852676374873535 0.94488 2.5465782646875845 -0.36214911544938266
41344 10608166 1.5489268792345174 3.909841388204737 0.9525 2.5465782646875845 -0.36214911544938266
41345 10608166 1.586286680336192 3.938872955839406 0.9601200000000001 2.5465782646875845 -0.36214911544938266
41346 10608166 1.6391240464815182 3.9837590973644272 0.9601200000000001 2.5465782646875845 -0.36214911544938266
41347 10608166 1.6588375953122467 3.995191694333608 0.9601200000000001 2.5465782646875845 -0.36214911544938266
41348 10608166 1.7104496452641025 4.030898502059208 0.9677399999999999 2.5465782646875845 -0.36214911544938266
41349 10608166 1.7419016930160311 4.055844419849887 0.97155 2.5465782646875845 -0.36214911544938266
41350 10608166 1.7733537407679594 4.080790337640565 0.97536 2.5465782646875845 -0.36214911544938266
41351 10608166 1.8203901359106351 4.114721614326127 0.97536 2.5465782646875845 -0.36214911544938266
41352 10608166 1.863627590582679 4.143819349279236 0.98298 2.5465782646875845 -0.36214911544938266
41353 10608166 1.9058428928602065 4.171148322088826 0.98298 2.5465782646875845 -0.36214911544938266
41354 10608166 1.9511967574397069 4.208083282539712 0.9906 2.5465782646875845 -0.36214911544938266
41355 10608166 1.99960718054726 4.242150366047629 0.9906 2.5465782646875845 -0.36214911544938266
41356 10608166 2.0578043625731217 4.28715599524867 0.9982200000000001 2.5465782646875845 -0.36214911544938266
41357 10608166 2.0993672929765657 4.316568025516763 1.00584 2.5465782646875845 -0.36214911544938266
41358 10608166 2.1473755762682964 4.350767057703728 1.00584 2.5465782646875845 -0.36214911544938266
41359 10608166 2.1792004568947267 4.372788307103339 1.0096500000000002 2.5465782646875845 -0.36214911544938266
41360 10608166 2.2110253375211584 4.39480955650295 1.01346 2.5465782646875845 -0.36214911544938266
41361 10608166 2.2466332446369695 4.418223504347772 1.01346 2.5465782646875845 -0.36214911544938266
41362 10608166 2.3042030142479133 4.457243351229579 1.01346 2.5465782646875845 -0.36214911544938266
41363 10608166 2.345203792973561 4.48765764050334 1.02108 2.5465782646875845 -0.36214911544938266
41364 10608166 2.3880997516620686 4.511377850608013 1.02108 2.5465782646875845 -0.36214911544938266
41365 10608166 2.453475981150764 4.553922891537146 1.0287 2.5465782646875845 -0.36214911544938266
41366 10608166 2.4937033413518446 4.579800441301441 1.0287 2.5465782646875845 -0.36214911544938266
41367 10608166 2.5416338029343395 4.608068227485725 1.03632 2.5465782646875845 -0.36214911544938266
41368 10608166 2.591048483954728 4.6425104289530505 1.03632 2.5465782646875845 -0.36214911544938266
41369 10608166 2.6325733971578025 4.671819799113052 1.03632 2.5465782646875845 -0.36214911544938266
41370 10608166 2.674744996063838 4.694959906069446 1.0287 2.5465782646875845 -0.36214911544938266
41371 10608166 2.7397992212121625 4.739247227230598 1.0287 2.5465782646875845 -0.36214911544938266
41372 10608166 2.7402153615973264 4.738831236450023 1.0286333174224342 2.5465782646875845 -0.36214911544938266
41373 10608166 2.740631501982491 4.738415245669452 1.0285666348448688 2.5465782646875845 -0.36214911544938266
41374 10608166 2.7410476423676555 4.737999254888878 1.028499952267303 2.5465782646875845 -0.36214911544938266
41375 10608166 2.7414637827528208 4.737583264108305 1.0284332696897374 2.5465782646875845 -0.36214911544938266
41376 10608166 2.7418799231379847 4.7371672733277315 1.028366587112172 2.5465782646875845 -0.36214911544938266
41377 10608166 2.74229606352315 4.736751282547159 1.0282999045346062 2.5465782646875845 -0.36214911544938266
41378 10608166 2.7427122039083143 4.7363352917665855 1.0282332219570405 2.5465782646875845 -0.36214911544938266
41379 10608166 2.7431283442934786 4.735919300986013 1.028166539379475 2.5465782646875845 -0.36214911544938266
41380 10608166 2.743544484678644 4.7355033102054405 1.0280998568019093 2.5465782646875845 -0.36214911544938266
41381 10608166 2.743960625063808 4.735087319424866 1.0280331742243436 2.5465782646875845 -0.36214911544938266
41382 10608166 2.744376765448973 4.7346713286442945 1.027966491646778 2.5465782646875845 -0.36214911544938266
41383 10608166 2.7447929058341383 4.734255337863719 1.0278998090692124 2.5465782646875845 -0.36214911544938266
41384 10608166 2.7452090462193017 4.733839347083147 1.0278331264916467 2.5465782646875845 -0.36214911544938266
41385 10608166 2.745625186604467 4.733423356302574 1.0277664439140808 2.5465782646875845 -0.36214911544938266
41386 10608166 2.7460413269896318 4.733007365522001 1.0276997613365155 2.5465782646875845 -0.36214911544938266
41387 10608166 2.7464574673747957 4.7325913747414265 1.0276330787589498 2.5465782646875845 -0.36214911544938266
41388 10608166 2.746873607759961 4.732175383960856 1.027566396181384 2.5465782646875845 -0.36214911544938266
41389 10608166 2.7472897481451253 4.7317593931802815 1.0274997136038186 2.5465782646875845 -0.36214911544938266
41390 10608166 2.74770588853029 4.731343402399708 1.027433031026253 2.5465782646875845 -0.36214911544938266
41391 10608166 2.7481220289154553 4.730927411619136 1.0273663484486872 2.5465782646875845 -0.36214911544938266
41392 10608166 2.7485381693006192 4.730511420838561 1.0272996658711218 2.5465782646875845 -0.36214911544938266
41393 10608166 2.748954309685784 4.730095430057988 1.027232983293556 2.5465782646875845 -0.36214911544938266
41394 10608166 2.7493704500709484 4.729679439277416 1.0271663007159904 2.5465782646875845 -0.36214911544938266
41395 10608166 2.749786590456113 4.729263448496843 1.0270996181384249 2.5465782646875845 -0.36214911544938266
41396 10608166 2.7502027308412784 4.7288474577162685 1.0270329355608592 2.5465782646875845 -0.36214911544938266
41397 10608166 2.7506188712264423 4.728431466935697 1.0269662529832937 2.5465782646875845 -0.36214911544938266
41398 10608166 2.751035011611607 4.728015476155123 1.0268995704057278 2.5465782646875845 -0.36214911544938266
41399 10608166 2.7514511519967715 4.72759948537455 1.0268328878281625 2.5465782646875845 -0.36214911544938266
41400 10608166 2.7518672923819363 4.7271834945939775 1.0267662052505966 2.5465782646875845 -0.36214911544938266
41401 10608166 2.752283432767101 4.726767503813403 1.0266995226730309 2.5465782646875845 -0.36214911544938266
41402 10608166 2.752699573152265 4.726351513032831 1.0266328400954654 2.5465782646875845 -0.36214911544938266
41403 10608166 2.7531157135374302 4.725935522252258 1.0265661575178997 1.359486638167775 -2.183577092901297
41404 10608166 2.7535318539225955 4.725519531471685 1.0264994749403342 1.359486638167775 -2.183577092901297
41405 10608166 2.7539479943077594 4.725103540691111 1.0264327923627683 1.359486638167775 -2.183577092901297
41406 10608166 2.754364134692924 4.724687549910539 1.0263661097852028 1.359486638167775 -2.183577092901297
41407 10608166 2.7547802750780885 4.724271559129964 1.0262994272076371 1.359486638167775 -2.183577092901297
41408 10608166 2.7551964154632533 4.723855568349394 1.0262327446300716 1.359486638167775 -2.183577092901297
41409 10608166 2.7556125558484177 4.7234395775688185 1.026166062052506 1.359486638167775 -2.183577092901297
41410 10608166 2.7560286962335825 4.723023586788246 1.0260993794749402 1.359486638167775 -2.183577092901297
41411 10608166 2.7564448366187477 4.722607596007673 1.0260326968973748 1.359486638167775 -2.183577092901297
41412 10608166 2.7568609770039125 4.7221916052271 1.025966014319809 1.359486638167775 -2.183577092901297
41413 10608166 2.7572771173890764 4.7217756144465275 1.0258993317422431 1.359486638167775 -2.183577092901297
41414 10608166 2.757693257774241 4.721359623665954 1.0258326491646776 1.359486638167775 -2.183577092901297
41415 10608166 2.7581093981594056 4.720943632885381 1.0257659665871122 1.359486638167775 -2.183577092901297
41416 10608166 2.7585255385445704 4.720527642104807 1.0256992840095465 1.359486638167775 -2.183577092901297
41417 10608166 2.7589416789297347 4.720111651324236 1.0256326014319808 1.359486638167775 -2.183577092901297
41418 10608166 2.7593578193148995 4.719695660543661 1.0255659188544153 1.359486638167775 -2.183577092901297
41419 10608166 2.7597739597000643 4.719279669763088 1.0254992362768496 1.359486638167775 -2.183577092901297
41420 10608166 2.760190100085229 4.7188636789825145 1.025432553699284 1.359486638167775 -2.183577092901297
41421 10608166 2.760606240470393 4.718447688201941 1.0253658711217184 1.359486638167775 -2.183577092901297
41422 10608166 2.7610223808555583 4.7180316974213685 1.0252991885441527 1.359486638167775 -2.183577092901297
41423 10608166 2.761438521240723 4.717615706640796 1.025232505966587 1.359486638167775 -2.183577092901297
41424 10608166 2.7618546616258874 4.717199715860223 1.0251658233890215 1.359486638167775 -2.183577092901297
41425 10608166 2.762270802011052 4.716783725079648 1.0250991408114558 1.359486638167775 -2.183577092901297
41426 10608166 2.7626869423962166 4.7163677342990775 1.02503245823389 1.359486638167775 -2.183577092901297
41427 10608166 2.7631030827813814 4.715951743518502 1.0249657756563246 1.359486638167775 -2.183577092901297
41428 10608166 2.7635192231665457 4.71553575273793 1.024899093078759 1.359486638167775 -2.183577092901297
41429 10608166 2.7639353635517105 4.715119761957356 1.0248324105011932 1.359486638167775 -2.183577092901297
41430 10608166 2.764351503936876 4.714703771176784 1.0247657279236275 1.359486638167775 -2.183577092901297
