46136 11322591 2.198248716960908 4.88265357993553 0.88392 2.5465782646875845 -0.36214911544938266
46137 11322591 2.186615969087981 4.838905412647783 0.88392 2.5465782646875845 -0.36214911544938266
46138 11322591 2.1734010082854267 4.794389142279911 0.88392 2.5465782646875845 -0.36214911544938266
46139 11322591 2.1601860474828727 4.749872871912038 0.88392 2.5465782646875845 -0.36214911544938266
46140 11322591 2.146147675100238 4.7069107825953616 0.88392 2.5465782646875845 -0.36214911544938266
46141 11322591 2.131315980550367 4.661520863525269 0.88392 2.5465782646875845 -0.36214911544938266
46142 11322591 2.1173121025338104 4.6186643383959565 0.9144 2.5465782646875845 -0.36214911544938266
46143 11322591 2.1032047485933494 4.575491142495023 0.9144 2.5465782646875845 -0.36214911544938266
46144 11322591 2.0891318879675547 4.532423507588247 0.9144 2.5465782646875845 -0.36214911544938266
46145 11322591 2.075093520647872 4.489461433649128 0.88392 2.5465782646875845 -0.36214911544938266
46146 11322591 2.0609516774316856 4.446182689021923 0.9144 2.5465782646875845 -0.36214911544938266
46147 11322591 2.0481852076447757 4.4030386734767335 0.9144 2.5465782646875845 -0.36214911544938266
46148 11322591 2.035418737857865 4.359894657931542 0.9144 2.5465782646875845 -0.36214911544938266
46149 11322591 2.0236827484180653 4.315829783591668 0.9144 2.5465782646875845 -0.36214911544938266
46150 11322591 2.0096099237908245 4.272762158878702 0.9144 2.5465782646875845 -0.36214911544938266
46151 11322591 1.9955370991635841 4.229694534165737 0.9144 2.5465782646875845 -0.36214911544938266
46152 11322591 1.9814642760430363 4.18662691402967 0.9144 2.5465782646875845 -0.36214911544938266
46153 11322591 1.9657443884499983 4.14666772339095 0.9144 2.5465782646875845 -0.36214911544938266
46154 11322591 1.9516715525503248 4.103600114013618 0.9144 2.5465782646875845 -0.36214911544938266
46155 11322591 1.9375987176562357 4.060532507690878 0.9144 2.5465782646875845 -0.36214911544938266
46156 11322591 1.923215454144127 4.01651488538958 0.9144 2.5465782646875845 -0.36214911544938266
46157 11322591 1.9088321906320187 3.972497263088283 0.9144 2.5465782646875845 -0.36214911544938266
46158 11322591 1.8946903743302157 3.9292185503952037 0.88392 2.5465782646875845 -0.36214911544938266
46159 11322591 1.8790048826926065 3.8893649691290255 0.88392 2.5465782646875845 -0.36214911544938266
46160 11322591 1.8625432735521281 3.847136356866167 0.88392 2.5465782646875845 -0.36214911544938266
46161 11322591 1.8460816644116491 3.804907744603308 0.88392 2.5465782646875845 -0.36214911544938266
46162 11322591 1.82741660083047 3.765443646981587 0.88392 2.5465782646875845 -0.36214911544938266
46163 11322591 1.8134471750173875 3.7226927629986863 0.88392 2.5465782646875845 -0.36214911544938266
46164 11322591 1.797623575750943 3.682417016224628 0.88392 2.5465782646875845 -0.36214911544938266
46165 11322591 1.7836196448146402 3.639560585210887 0.88392 2.5465782646875845 -0.36214911544938266
46166 11322591 1.7696157148737877 3.5967041572191984 0.88392 2.5465782646875845 -0.36214911544938266
46167 11322591 1.753022008641084 3.5543434925092807 0.9144 2.5465782646875845 -0.36214911544938266
46168 11322591 1.7371889459078185 3.5105075826358867 0.9144 2.5465782646875845 -0.36214911544938266
46169 11322591 1.7213558831745532 3.4666716727624936 0.9144 2.5465782646875845 -0.36214911544938266
46170 11322591 1.7061488481185911 3.4242083925100952 0.9144 2.5465782646875845 -0.36214911544938266
46171 11322591 1.690941813062629 3.3817451122576965 0.9144 2.5465782646875845 -0.36214911544938266
46172 11322591 1.6764549477634283 3.3374109127664724 0.9144 2.5465782646875845 -0.36214911544938266
46173 11322591 1.661968082464228 3.2930767132752483 0.9144 2.5465782646875845 -0.36214911544938266
46174 11322591 1.6454889285356602 3.2507954724768533 0.9144 2.5465782646875845 -0.36214911544938266
46175 11322591 1.6307950953139143 3.2058279404389767 0.9144 2.5465782646875845 -0.36214911544938266
46176 11322591 1.6151050960691142 3.1618868979837886 0.9144 2.5465782646875845 -0.36214911544938266
46177 11322591 1.5994150968243137 3.1179458555286 0.9144 2.5465782646875845 -0.36214911544938266
46178 11322591 1.5854455959410836 3.0751950469201086 0.9144 2.5465782646875845 -0.36214911544938266
46179 11322591 1.5705792886824659 3.029699745260161 0.9144 2.5465782646875845 -0.36214911544938266
46180 11322591 1.5558509528994555 2.984626677135773 0.9144 2.5465782646875845 -0.36214911544938266
46181 11322591 1.539406163843742 2.942451061759332 0.9144 2.5465782646875845 -0.36214911544938266
46182 11322591 1.5240366642380316 2.898132715061203 0.9144 2.5465782646875845 -0.36214911544938266
46183 11322591 1.508667164632321 2.8538143683630737 0.9144 2.5465782646875845 -0.36214911544938266
46184 11322591 1.4932976650266108 2.8094960216649447 0.9144 2.5465782646875845 -0.36214911544938266
46185 11322591 1.476404371391444 2.7659482098016315 0.9144 2.5465782646875845 -0.36214911544938266
46186 11322591 1.4595110777562768 2.72240039793832 0.9144 2.5465782646875845 -0.36214911544938266
46187 11322591 1.4447826878876002 2.677327372999581 0.9144 2.5465782646875845 -0.36214911544938266
46188 11322591 1.4300887918331222 2.6323599088261433 0.9144 2.5465782646875845 -0.36214911544938266
46189 11322591 1.4127815131156582 2.5875454457036664 0.9144 2.5465782646875845 -0.36214911544938266
46190 11322591 1.3955776681341516 2.5430476763324292 0.9144 2.5465782646875845 -0.36214911544938266
46191 11322591 1.378373823152645 2.498549906961191 0.9144 2.5465782646875845 -0.36214911544938266
46192 11322591 1.3587979537561412 2.4549440770967585 0.9144 2.5465782646875845 -0.36214911544938266
46193 11322591 1.3414905408385018 2.410129677453724 0.9144 2.5465782646875845 -0.36214911544938266
46194 11322591 1.3315076273038322 2.388273653724429 0.9144 2.5465782646875845 -0.36214911544938266
46195 11322591 1.3215247137691624 2.366417629995134 0.9144 2.5465782646875845 -0.36214911544938266
46196 11322591 1.2846876661869246 2.278683300392472 0.9144 2.5465782646875845 -0.36214911544938266
46197 11322591 1.267414593877524 2.233974528500249 0.9144 2.5465782646875845 -0.36214911544938266
46198 11322591 1.2497861235225396 2.189265066928303 0.9144 2.5465782646875845 -0.36214911544938266
46199 11322591 1.2326509624833877 2.144978553316137 0.9144 2.5465782646875845 -0.36214911544938266
46200 11322591 1.2113579575407496 2.1042704611683294 0.94488 2.5465782646875845 -0.36214911544938266
46201 11322591 1.2043213231060814 2.082736808407395 0.94488 2.5465782646875845 -0.36214911544938266
46202 11322591 1.1972846886714132 2.061203155646461 0.94488 2.5465782646875845 -0.36214911544938266
46203 11322591 1.1636350132962785 1.9745302657552872 0.9144 3.2389230595520804 -2.539071146049632
46204 11322591 1.1495617180369786 1.9314629791675395 0.9144 3.2389230595520804 -2.539071146049632
46205 11322591 1.1319607066129844 1.885751536724413 0.9144 3.2389230595520804 -2.539071146049632
46206 11322591 1.1143596951889905 1.8400400942812876 0.9144 3.2389230595520804 -2.539071146049632
46207 11322591 1.0971552983229302 1.7955425867937076 0.9144 3.2389230595520804 -2.539071146049632
46208 11322591 1.0799509014568702 1.7510450793061276 0.9144 3.2389230595520804 -2.539071146049632
46209 11322591 1.0620220959243054 1.7043308968815136 0.9144 3.2389230595520804 -2.539071146049632
46210 11322591 1.047293356274952 1.659258071460045 0.9144 3.2389230595520804 -2.539071146049632
46211 11322591 1.0276476168210054 1.615441525583377 0.9144 3.2389230595520804 -2.539071146049632
46212 11322591 1.0128153677513303 1.5700520461719136 0.9144 3.2389230595520804 -2.539071146049632
46213 11322591 0.9955763289981624 1.5254490550663662 0.9144 3.2389230595520804 -2.539071146049632
46214 11322591 0.9868480815728441 1.5033583347701838 0.9144 3.2389230595520804 -2.539071146049632
46215 11322591 0.9781198341475258 1.4812676144740011 0.9144 3.2389230595520804 -2.539071146049632
46216 11322591 0.9460027067196976 1.3914069764305386 0.9144 3.2389230595520804 -2.539071146049632
46217 11322591 0.9270353452229808 1.3499390134597338 0.9144 3.2389230595520804 -2.539071146049632
46218 11322591 0.9125652072339676 1.3056579287506866 0.9144 3.2389230595520804 -2.539071146049632
46219 11322591 0.8980950692449545 1.2613768440416395 0.9144 3.2389230595520804 -2.539071146049632
46220 11322591 0.8841595862670055 1.2187318945969199 0.9144 3.2389230595520804 -2.539071146049632
46221 11322591 0.8692237850648015 1.1730258011144294 0.9144 3.2389230595520804 -2.539071146049632
46222 11322591 0.8561887495384711 1.1247124945047864 0.9144 3.2389230595520804 -2.539071146049632
46223 11322591 0.838869273420807 1.0801358295690149 0.9144 3.2389230595520804 -2.539071146049632
46224 11322591 0.8265875290827431 1.0342634315037609 0.9144 3.2389230595520804 -2.539071146049632
46225 11322591 0.8143057847446793 0.9883910334385076 0.9144 3.2389230595520804 -2.539071146049632
46226 11322591 0.8011328776642928 0.9396554837737244 0.9144 3.2389230595520804 -2.539071146049632
46227 11322591 0.7897784197131744 0.8921365561763449 0.9144 3.2389230595520804 -2.539071146049632
46228 11322591 0.7784239617620561 0.8446176285789654 0.9144 3.2389230595520804 -2.539071146049632
46229 11322591 0.7659642929204069 0.7983360805338844 0.9144 3.2389230595520804 -2.539071146049632
46230 11322591 0.7548424507489947 0.7479956898145942 0.9144 3.2389230595520804 -2.539071146049632
46231 11322591 0.7437206085775825 0.697655299095304 0.9144 3.2389230595520804 -2.539071146049632
46232 11322591 0.7323229239491821 0.6464704316050794 0.9144 3.2389230595520804 -2.539071146049632
46233 11322591 0.7238033837387158 0.5953965330079609 0.9144 3.2389230595520804 -2.539071146049632
46234 11322591 0.7152838435282496 0.5443226344108424 0.9144 3.2389230595520804 -2.539071146049632
46235 11322591 0.7038631649948319 0.492794824081307 0.9144 3.2389230595520804 -2.539071146049632
46236 11322591 0.6959640101797377 0.4428033416385857 0.9144 3.2389230595520804 -2.539071146049632
46237 11322591 0.6852565879684713 0.393729527012502 0.9144 3.2389230595520804 -2.539071146049632
46238 11322591 0.676094111347957 0.3412301784082403 0.9144 3.2389230595520804 -2.539071146049632
46239 11322591 0.6660766939195095 0.29426747163616856 0.9144 3.2389230595520804 -2.539071146049632
46240 11322591 0.6615817819669096 0.2682816700402287 0.9144 3.2389230595520804 -2.539071146049632
46241 11322591 0.6570868700143097 0.2422958684442888 0.9144 3.2389230595520804 -2.539071146049632
46242 11322591 0.6390907791711474 0.14536774852155304 0.9144 3.2389230595520804 -2.539071146049632
46243 11322591 0.6284640562326039 0.09626761663295656 0.9144 3.2389230595520804 -2.539071146049632
46244 11322591 0.6181583745230329 0.04706258834956183 0.9144 3.2389230595520804 -2.539071146049632
46245 11322591 0.6086552454706036 -0.0024046701243490213 0.8991600000000001 3.2389230595520804 -2.539071146049632
46246 11322591 0.5991521164181743 -0.05187192859825987 0.88392 3.2389230595520804 -2.539071146049632
46247 11322591 0.5904561829681608 -0.1029464439324217 0.88392 3.2389230595520804 -2.539071146049632
46248 11322591 0.5817602495181473 -0.15402095926658352 0.88392 3.2389230595520804 -2.539071146049632
46249 11322591 0.5724408468215386 -0.20360662359748136 0.88392 3.2389230595520804 -2.539071146049632
46250 11322591 0.5631214441249299 -0.2531922879283792 0.88392 3.2389230595520804 -2.539071146049632
46251 11322591 0.5558790803366047 -0.3011784835190512 0.88392 3.2389230595520804 -2.539071146049632
46252 11322591 0.5491943793989866 -0.3542536390584465 0.88392 3.2389230595520804 -2.539071146049632
46253 11322591 0.5408956654895662 -0.4041143620571561 0.88392 3.2389230595520804 -2.539071146049632
46254 11322591 0.5325970526801749 -0.4539751057747471 0.88392 3.2389230595520804 -2.539071146049632
46255 11322591 0.5256684768438837 -0.5044003165208508 0.8991600000000001 3.2389230595520804 -2.539071146049632
46256 11322591 0.5187399010075927 -0.5548255272669546 0.9144 3.2389230595520804 -2.539071146049632
46257 11322591 0.5151124597806758 -0.6073807814924255 0.9144 3.2389230595520804 -2.539071146049632
46258 11322591 0.5114850185537587 -0.6599360357178964 0.9144 3.2389230595520804 -2.539071146049632
46259 11322591 0.5111042008603588 -0.7113907396072112 0.9144 3.2389230595520804 -2.539071146049632
46260 11322591 0.5107233831669589 -0.7628454434965262 0.9144 3.2389230595520804 -2.539071146049632
46261 11322591 0.5141619958152939 -0.8140292643684754 0.9144 3.2389230595520804 -2.539071146049632
46262 11322591 0.5176006084636288 -0.8652130852404248 0.9144 3.2389230595520804 -2.539071146049632
46263 11322591 0.5225126929982067 -0.9170534919517879 0.9144 3.2389230595520804 -2.539071146049632
46264 11322591 0.5293511663026498 -0.9695232391473289 0.9144 3.2389230595520804 -2.539071146049632
46265 11322591 0.5370959611206121 -1.0219385472230424 0.9144 3.2389230595520804 -2.539071146049632
46266 11322591 0.5459024481297956 -1.0738244082511632 0.9144 3.2389230595520804 -2.539071146049632
46267 11322591 0.5547089351389791 -1.1257102692792842 0.9144 3.2389230595520804 -2.539071146049632
46268 11322591 0.5648530263539386 -1.1762222083726577 0.9144 3.2389230595520804 -2.539071146049632
46269 11322591 0.5731853604162519 -1.2268430891778714 0.9144 3.2389230595520804 -2.539071146049632
46270 11322591 0.5832611079793146 -1.2775661684996054 0.9144 3.2389230595520804 -2.539071146049632
46271 11322591 0.5916285398696597 -1.328081519103785 0.9144 3.2389230595520804 -2.539071146049632
46272 11322591 0.6008427699069839 -1.3814435939819634 0.9144 3.2389230595520804 -2.539071146049632
46273 11322591 0.6085337851814093 -1.4326723532555157 0.9144 3.2389230595520804 -2.539071146049632
46274 11322591 0.6162248004558346 -1.4839011125290678 0.9144 3.2389230595520804 -2.539071146049632
46275 11322591 0.6226607605086192 -1.5348949411519166 0.9144 3.2389230595520804 -2.539071146049632
46276 11322591 0.6290967205614039 -1.5858887697747654 0.9144 3.2389230595520804 -2.539071146049632
46277 11322591 0.634100058275334 -1.6246151482049107 0.90678 3.2389230595520804 -2.539071146049632
46278 11322591 0.6391033959892641 -1.6633415266350564 0.8991600000000001 3.2389230595520804 -2.539071146049632
46279 11322591 0.6457869562527148 -1.7261568473376852 0.90678 3.2389230595520804 -2.539071146049632
46280 11322591 0.6524705165161653 -1.7889721680403141 0.9144 3.2389230595520804 -2.539071146049632
46281 11322591 0.6575958280062495 -1.8385444531828656 0.9144 3.2389230595520804 -2.539071146049632
46282 11322591 0.6645526931345574 -1.8933879512514808 0.9144 3.2389230595520804 -2.539071146049632
46283 11322591 0.6671182525252102 -1.9306751454119968 0.9144 3.2389230595520804 -2.539071146049632
46284 11322591 0.6696838119158629 -1.9679623395725123 0.9144 3.2389230595520804 -2.539071146049632
46285 11322591 0.6770843341897369 -2.045380771403192 0.9144 3.2389230595520804 -2.539071146049632
46286 11322591 0.6816247655939991 -2.096747692639533 0.9144 3.2389230595520804 -2.539071146049632
46287 11322591 0.6892382659648459 -2.149585666907775 0.9144 3.2389230595520804 -2.539071146049632
46288 11322591 0.6938938557756988 -2.2012820976924687 0.9144 3.2389230595520804 -2.539071146049632
46289 11322591 0.6985494455865517 -2.252978528477162 0.9144 3.2389230595520804 -2.539071146049632
46290 11322591 0.7034923153984106 -2.304476643705192 0.9144 3.2389230595520804 -2.539071146049632
46291 11322591 0.7086769501803748 -2.3552358698875104 0.9144 3.2389230595520804 -2.539071146049632
46292 11322591 0.7138615849623391 -2.4059950960698293 0.9144 3.2389230595520804 -2.539071146049632
46293 11322591 0.7160302310633772 -2.456470043939532 0.9144 3.2389230595520804 -2.539071146049632
46294 11322591 0.7212156469957565 -2.507229340861437 0.9144 3.2389230595520804 -2.539071146049632
46295 11322591 0.7264010629281357 -2.5579886377833407 0.9144 3.2389230595520804 -2.539071146049632
46296 11322591 0.7308311208193766 -2.60698239833435 0.9144 3.2389230595520804 -2.539071146049632
46297 11322591 0.7352611787106176 -2.655976158885359 0.9144 3.2389230595520804 -2.539071146049632
46298 11322591 0.737890409732984 -2.705725084859953 0.9144 3.2389230595520804 -2.539071146049632
46299 11322591 0.7405196407553505 -2.7554740108345466 0.9144 3.2389230595520804 -2.539071146049632
46300 11322591 0.7406140942407758 -2.805504783263165 0.9144 3.2389230595520804 -2.539071146049632
46301 11322591 0.7423789557408087 -2.853686215421199 0.9144 3.2389230595520804 -2.539071146049632
46302 11322591 0.7441438172408413 -2.901867647579232 0.9144 3.2389230595520804 -2.539071146049632
46303 11322591 0.744750722576202 -2.9497876241727163 0.9144 3.2389230595520804 -2.539071146049632
46304 11322591 0.7453576279115628 -2.997707600766201 0.9144 3.2389230595520804 -2.539071146049632
46305 11322591 0.7432290192645208 -3.0458438924604554 0.9144 3.2389230595520804 -2.539071146049632
46306 11322591 0.7411004106174789 -3.093980184154709 0.9144 3.2389230595520804 -2.539071146049632
46307 11322591 0.7370231764829548 -3.1401949805703224 0.88392 3.2389230595520804 -2.539071146049632
46308 11322591 0.7342404015151501 -3.189519419325453 0.88392 3.2389230595520804 -2.539071146049632
46309 11322591 0.7320951851207901 -3.2377085937465866 0.88392 3.2389230595520804 -2.539071146049632
46310 11322591 0.7299499687264301 -3.2858977681677204 0.88392 3.2389230595520804 -2.539071146049632
46311 11322591 0.7249769296127445 -3.3348572714225684 0.88392 3.2389230595520804 -2.539071146049632
46312 11322591 0.7190968144156938 -3.3855064759869378 0.88392 3.2389230595520804 -2.539071146049632
46313 11322591 0.7137911704013995 -3.434941412873473 0.8686800000000001 3.2389230595520804 -2.539071146049632
46314 11322591 0.7084855263871049 -3.484376349760008 0.8534400000000001 3.2389230595520804 -2.539071146049632
46315 11322591 0.7043785170998094 -3.5344947546406966 0.8534400000000001 3.2389230595520804 -2.539071146049632
46316 11322591 0.7002715078125137 -3.584613159521387 0.8534400000000001 3.2389230595520804 -2.539071146049632
46317 11322591 0.6919835311446714 -3.6344759040147316 0.8534400000000001 3.2389230595520804 -2.539071146049632
46318 11322591 0.6885128001375563 -3.685911851490216 0.8534400000000001 3.2389230595520804 -2.539071146049632
46319 11322591 0.6821238786623461 -3.735401770643368 0.8534400000000001 3.2389230595520804 -2.539071146049632
46320 11322591 0.6757349571871359 -3.784891689796521 0.8534400000000001 3.2389230595520804 -2.539071146049632
46321 11322591 0.6715752067689361 -3.838438966722319 0.8534400000000001 3.2389230595520804 -2.539071146049632
46322 11322591 0.6639773044338548 -3.886190581971072 0.82296 3.2389230595520804 -2.539071146049632
46323 11322591 0.6580986811170964 -3.936840066345473 0.82296 3.2389230595520804 -2.539071146049632
46324 11322591 0.6508221471108198 -3.9846966043576986 0.82296 3.2389230595520804 -2.539071146049632
46325 11322591 0.6426956641456367 -4.0346119720309614 0.82296 3.2389230595520804 -2.539071146049632
46326 11322591 0.6340403968754722 -4.086691051681189 0.82296 3.2389230595520804 -2.539071146049632
46327 11322591 0.628058849081716 -4.13765732045823 0.82296 3.2389230595520804 -2.539071146049632
46328 11322591 0.6158142906937005 -4.1873960230343 0.82296 3.2389230595520804 -2.539071146049632
46329 11322591 0.603569732305685 -4.237134725610368 0.82296 3.2389230595520804 -2.539071146049632
46330 11322591 0.5887118058741005 -4.282632193297136 0.7924800000000001 3.2389230595520804 -2.539071146049632
46331 11322591 0.5707900981363838 -4.329348716002917 0.82296 3.2389230595520804 -2.539071146049632
46332 11322591 0.5504595510135553 -4.3752785864411585 0.82296 3.2389230595520804 -2.539071146049632
46333 11322591 0.5259662883194407 -4.4176294513312175 0.7924800000000001 3.2389230595520804 -2.539071146049632
46334 11322591 0.5004164365097048 -4.46185483556741 0.7924800000000001 3.2389230595520804 -2.539071146049632
46335 11322591 0.4690877970530183 -4.49928654679308 0.7924800000000001 3.2389230595520804 -2.539071146049632
46336 11322591 0.4357860493919781 -4.535957017866416 0.7924800000000001 3.2389230595520804 -2.539071146049632
46337 11322591 0.3999617392827925 -4.569467196412066 0.7924800000000001 3.2389230595520804 -2.539071146049632
46338 11322591 0.3592303909242027 -4.59623461700145 0.7924800000000001 3.2389230595520804 -2.539071146049632
46339 11322591 0.3194152085597055 -4.625637533576091 0.7924800000000001 3.2389230595520804 -2.539071146049632
46340 11322591 0.276447698009088 -4.649454776653164 0.762 3.2389230595520804 -2.539071146049632
46341 11322591 0.2328175172384561 -4.667681649394871 0.762 3.2389230595520804 -2.539071146049632
46342 11322591 0.18536999957158706 -4.679638252623129 0.762 3.2389230595520804 -2.539071146049632
46343 11322591 0.13861173458084175 -4.689483171472384 0.762 3.2389230595520804 -2.539071146049632
46344 11322591 0.09185346959009644 -4.699328090321638 0.762 3.2389230595520804 -2.539071146049632
46345 11322591 0.04348669041004921 -4.7023971321913285 0.762 3.2389230595520804 -2.539071146049632
46346 11322591 -0.0048800887699980144 -4.7054661740610175 0.762 3.2389230595520804 -2.539071146049632
46347 11322591 -0.05514186981868996 -4.701548968430023 0.762 3.2389230595520804 -2.539071146049632
46348 11322591 -0.10291448371878698 -4.698444496029535 0.762 3.2389230595520804 -2.539071146049632
46349 11322591 -0.15096955811204915 -4.687770768739008 0.762 3.2389230595520804 -2.539071146049632
46350 11322591 -0.2006404156070467 -4.673881950440412 0.762 3.2389230595520804 -2.539071146049632
46351 11322591 -0.24832251995618135 -4.6536329937306276 0.73152 3.2389230595520804 -2.539071146049632
46352 11322591 -0.2708154398880631 -4.643598255621695 0.73152 3.2389230595520804 -2.539071146049632
46353 11322591 -0.29330835981994485 -4.633563517512763 0.73152 3.2389230595520804 -2.539071146049632
46354 11322591 -0.3590167403849083 -4.598312586619097 0.73152 3.2389230595520804 -2.539071146049632
46355 11322591 -0.4170101824074355 -4.555768142760524 0.73152 3.2389230595520804 -2.539071146049632
46356 11322591 -0.45347152781962 -4.518855727537459 0.73152 3.2389230595520804 -2.539071146049632
46357 11322591 -0.4877068901331705 -4.482202958938825 0.73152 3.2389230595520804 -2.539071146049632
46358 11322591 -0.5170179495924676 -4.442719282975773 0.73152 3.2389230595520804 -2.539071146049632
46359 11322591 -0.5463290090517647 -4.403235607012722 0.73152 3.2389230595520804 -2.539071146049632
46360 11322591 -0.5693141269357425 -4.357991114589834 0.73152 3.2389230595520804 -2.539071146049632
46361 11322591 -0.5841148349720442 -4.324416086582799 0.73152 3.2389230595520804 -2.539071146049632
46362 11322591 -0.5989155430083459 -4.290841058575763 0.73152 3.2389230595520804 -2.539071146049632
46363 11322591 -0.6157396298821579 -4.230143577192083 0.73152 3.2389230595520804 -2.539071146049632
46364 11322591 -0.6325637167559699 -4.169446095808404 0.73152 3.2389230595520804 -2.539071146049632
46365 11322591 -0.6404224094617432 -4.118979434662259 0.73152 3.2389230595520804 -2.539071146049632
46366 11322591 -0.6461361576507301 -4.069564037499995 0.73152 3.2389230595520804 -2.539071146049632
46367 11322591 -0.6515058728964167 -4.020728297037453 0.73152 3.2389230595520804 -2.539071146049632
46368 11322591 -0.6547069615614456 -3.971783320649051 0.73152 3.2389230595520804 -2.539071146049632
46369 11322591 -0.6529388482165355 -3.9209572009977203 0.73152 3.2389230595520804 -2.539071146049632
46370 11322591 -0.6511707348716254 -3.870131081346389 0.73152 3.2389230595520804 -2.539071146049632
46371 11322591 -0.6458696339760049 -3.8204593530942326 0.73152 3.2389230595520804 -2.539071146049632
46372 11322591 -0.6405685330803845 -3.7707876248420775 0.73152 3.2389230595520804 -2.539071146049632
46373 11322591 -0.6311773620133051 -3.721108843105765 0.71628 3.2389230595520804 -2.539071146049632
46374 11322591 -0.6217861909462257 -3.671430061369453 0.7010400000000001 3.2389230595520804 -2.539071146049632
46375 11322591 -0.6080868632531187 -3.6213482039217104 0.7010400000000001 3.2389230595520804 -2.539071146049632
