48664 10926744 -2.830699876228977 0.004163370798003635 0.57912 1.3435223177691895 -3.3410664387372035
48665 10926744 -2.7861997816784085 0.0071276106245655455 0.57912 1.3435223177691895 -3.3410664387372035
48666 10926744 -2.7416996871278405 0.010091850451127454 0.57912 1.3435223177691895 -3.3410664387372035
48667 10926744 -2.6976355562807415 0.013082392292648598 0.57912 1.3435223177691895 -3.3410664387372035
48668 10926744 -2.6535714254336438 0.016072934134169742 0.57912 1.3435223177691895 -3.3410664387372035
48669 10926744 -2.6090026249695706 0.01924922636064505 0.57912 1.3435223177691895 -3.3410664387372035
48670 10926744 -2.566052051147872 0.02155326345689143 0.57912 1.3435223177691895 -3.3410664387372035
48671 10926744 -2.5231014773261733 0.023857300553137808 0.57912 1.3435223177691895 -3.3410664387372035
48672 10926744 -2.480046484701472 0.027296056260844945 0.57912 1.3435223177691895 -3.3410664387372035
48673 10926744 -2.4369914920767703 0.030734811968552076 0.57912 1.3435223177691895 -3.3410664387372035
48674 10926744 -2.392998135393124 0.032698580020936764 0.57912 1.3435223177691895 -3.3410664387372035
48675 10926744 -2.349004778709477 0.034662348073321435 0.57912 1.3435223177691895 -3.3410664387372035
48676 10926744 -2.3036523801038555 0.032092360943740544 0.57912 1.3435223177691895 -3.3410664387372035
48677 10926744 -2.2558064279971464 0.02899908907818219 0.57912 1.3435223177691895 -3.3410664387372035
48678 10926744 -2.207960475890437 0.025905817212623836 0.57912 1.3435223177691895 -3.3410664387372035
48679 10926744 -2.1608224579919213 0.02064936390159497 0.57912 1.3435223177691895 -3.3410664387372035
48680 10926744 -2.114513159085199 0.01286014679097311 0.57912 1.3435223177691895 -3.3410664387372035
48681 10926744 -2.068421242923057 0.005492873536064064 0.57912 1.3435223177691895 -3.3410664387372035
48682 10926744 -2.021189304678749 -0.0076217048520899324 0.57912 1.3435223177691895 -3.3410664387372035
48683 10926744 -1.9763874399220804 -0.0198824248702891 0.57912 1.3435223177691895 -3.3410664387372035
48684 10926744 -1.931585575165412 -0.03214314488848827 0.57912 1.3435223177691895 -3.3410664387372035
48685 10926744 -1.8902598176586012 -0.045661538320669576 0.57912 1.3435223177691895 -3.3410664387372035
48686 10926744 -1.8454755924281887 -0.06354318845361343 0.57912 1.3435223177691895 -3.3410664387372035
48687 10926744 -1.8006913671977762 -0.08142483858655727 0.57912 1.3435223177691895 -3.3410664387372035
48688 10926744 -1.7559071419673635 -0.09930648871950112 0.57912 1.3435223177691895 -3.3410664387372035
48689 10926744 -1.7124030762002558 -0.12381803617909352 0.57912 1.3435223177691895 -3.3410664387372035
48690 10926744 -1.668432635117285 -0.14690429276557868 0.57912 1.3435223177691895 -3.3410664387372035
48691 10926744 -1.6244621940343136 -0.16999054935206384 0.57912 1.3435223177691895 -3.3410664387372035
48692 10926744 -1.584020751029756 -0.1957193247102616 0.57912 1.3435223177691895 -3.3410664387372035
48693 10926744 -1.542888672624806 -0.219336913707748 0.57912 1.3435223177691895 -3.3410664387372035
48694 10926744 -1.504491618606729 -0.243169525686566 0.57912 1.3435223177691895 -3.3410664387372035
48695 10926744 -1.466094564588652 -0.26700213766538405 0.57912 1.3435223177691895 -3.3410664387372035
48696 10926744 -1.42558320117376 -0.2925189126340681 0.57912 1.3435223177691895 -3.3410664387372035
48697 10926744 -1.3968512261690051 -0.3120215720496312 0.57912 1.3435223177691895 -3.3410664387372035
48698 10926744 -1.3681192511642504 -0.33152423146519416 0.57912 1.3435223177691895 -3.3410664387372035
48699 10926744 -1.3061747868953977 -0.3742140891544395 0.57912 1.3435223177691895 -3.3410664387372035
48700 10926744 -1.2687536482416726 -0.4003546784155307 0.57912 1.3435223177691895 -3.3410664387372035
48701 10926744 -1.2313325095879477 -0.4264952676766219 0.57912 1.3435223177691895 -3.3410664387372035
48702 10926744 -1.1916480823669489 -0.4545438947904578 0.57912 1.3435223177691895 -3.3410664387372035
48703 10926744 -1.149452375336678 -0.4830628703090735 0.57912 1.3435223177691895 -3.3410664387372035
48704 10926744 -1.1146169047490206 -0.5096421787200448 0.57912 1.3435223177691895 -3.3410664387372035
48705 10926744 -1.0757600022662408 -0.5402233624324166 0.57912 1.3435223177691895 -3.3410664387372035
48706 10926744 -1.0356602612696837 -0.5670044037372841 0.57912 1.3435223177691895 -3.3410664387372035
48707 10926744 -0.9955605202731264 -0.5937854450421517 0.57912 1.3435223177691895 -3.3410664387372035
48708 10926744 -0.9576263624594692 -0.6190401374521272 0.57912 1.3435223177691895 -3.3410664387372035
48709 10926744 -0.9162531096473712 -0.6460029718995371 0.59436 1.3435223177691895 -3.3410664387372035
48710 10926744 -0.8748798568352729 -0.6729658063469471 0.6096 1.3435223177691895 -3.3410664387372035
48711 10926744 -0.8374152865942459 -0.6982997719157723 0.6096 1.3435223177691895 -3.3410664387372035
48712 10926744 -0.7977740551803711 -0.7262144138323748 0.6096 1.3435223177691895 -3.3410664387372035
48713 10926744 -0.7548510781200051 -0.7525144596379016 0.6096 1.3435223177691895 -3.3410664387372035
48714 10926744 -0.7149271458942089 -0.7792939950232831 0.6096 1.3435223177691895 -3.3410664387372035
48715 10926744 -0.6750032136684128 -0.8060735304086645 0.6096 1.3435223177691895 -3.3410664387372035
48716 10926744 -0.6346596192585248 -0.8321135539956629 0.6096 1.3435223177691895 -3.3410664387372035
48717 10926744 -0.5901216556948088 -0.8616273564781414 0.6096 1.3435223177691895 -3.3410664387372035
48718 10926744 -0.5448588160092822 -0.8889242641349332 0.6096 1.3435223177691895 -3.3410664387372035
48719 10926744 -0.503755401774415 -0.9126413742851552 0.6096 1.3435223177691895 -3.3410664387372035
48720 10926744 -0.4592337066532489 -0.9422069921566164 0.6096 1.3435223177691895 -3.3410664387372035
48721 10926744 -0.4147120115320828 -0.9717726100280778 0.6096 1.3435223177691895 -3.3410664387372035
48722 10926744 -0.3687235826697559 -0.9968517622451954 0.6096 1.3435223177691895 -3.3410664387372035
48723 10926744 -0.3242663765970638 -1.0225397730321963 0.6096 1.3435223177691895 -3.3410664387372035
48724 10926744 -0.2798091705243717 -1.0482277838191971 0.6096 1.3435223177691895 -3.3410664387372035
48725 10926744 -0.2362622016336529 -1.0726247070784207 0.6096 1.3435223177691895 -3.3410664387372035
48726 10926744 -0.19199055342349933 -1.0948047078443748 0.6096 1.3435223177691895 -3.3410664387372035
48727 10926744 -0.14524202358496985 -1.117560196356392 0.6096 1.3435223177691895 -3.3410664387372035
48728 10926744 -0.10014206696771001 -1.137206295722846 0.6096 1.3435223177691895 -3.3410664387372035
48729 10926744 -0.054421026111795 -1.154952104592664 0.6096 1.3435223177691895 -3.3410664387372035
48730 10926744 -0.007357946755129573 -1.1726686501030756 0.6096 1.3435223177691895 -3.3410664387372035
48731 10926744 0.03970513260153585 -1.190385195613487 0.6096 1.3435223177691895 -3.3410664387372035
48732 10926744 0.08615438794326248 -1.2018253895419615 0.6096 1.3435223177691895 -3.3410664387372035
48733 10926744 0.13260364328498908 -1.213265583470436 0.6096 1.3435223177691895 -3.3410664387372035
48734 10926744 0.1830094966790361 -1.2248298957647037 0.6096 1.3435223177691895 -3.3410664387372035
48735 10926744 0.2305971083110461 -1.2327857553079484 0.6096 1.3435223177691895 -3.3410664387372035
48736 10926744 0.27818471994305616 -1.2407416148511936 0.6096 1.3435223177691895 -3.3410664387372035
48737 10926744 0.3240716420786983 -1.2457462010125662 0.6096 1.3435223177691895 -3.3410664387372035
48738 10926744 0.3699585642143404 -1.250750787173939 0.6096 1.3435223177691895 -3.3410664387372035
48739 10926744 0.4150209383194863 -1.2542003042674872 0.6096 1.3435223177691895 -3.3410664387372035
48740 10926744 0.4600833124246321 -1.2576498213610354 0.6096 1.3435223177691895 -3.3410664387372035
48741 10926744 0.5049449614022421 -1.2610332113468514 0.6096 1.3435223177691895 -3.3410664387372035
48742 10926744 0.5498066103798521 -1.2644166013326672 0.6096 1.3435223177691895 -3.3410664387372035
48743 10926744 0.5958892957711517 -1.2681399463521332 0.59436 1.3435223177691895 -3.3410664387372035
48744 10926744 0.6419719811624511 -1.271863291371599 0.57912 1.3435223177691895 -3.3410664387372035
48745 10926744 0.6873962314574946 -1.2742028486654262 0.57912 1.3435223177691895 -3.3410664387372035
48746 10926744 0.7337139213330167 -1.2778852846423132 0.57912 1.3435223177691895 -3.3410664387372035
48747 10926744 0.7800316112085388 -1.2815677206192002 0.57912 1.3435223177691895 -3.3410664387372035
48748 10926744 0.8229789964903849 -1.2833309677441582 0.57912 1.3435223177691895 -3.3410664387372035
48749 10926744 0.8659952953975385 -1.2848828346781689 0.57912 1.3435223177691895 -3.3410664387372035
48750 10926744 0.9109397909835946 -1.2920876129116774 0.57912 1.3435223177691895 -3.3410664387372035
48751 10926744 0.9558842865696509 -1.2992923911451857 0.57912 1.3435223177691895 -3.3410664387372035
48752 10926744 1.0029116328328311 -1.3046069729038479 0.57912 1.3435223177691895 -3.3410664387372035
48753 10926744 1.0431989865540725 -1.3052664147051716 0.57912 1.3435223177691895 -3.3410664387372035
48754 10926744 1.0895479726297994 -1.3129289725722302 0.57912 1.3435223177691895 -3.3410664387372035
48755 10926744 1.133061082902718 -1.3170363084611771 0.57912 1.3435223177691895 -3.3410664387372035
48756 10926744 1.1765741931756368 -1.321143644350124 0.57912 1.3435223177691895 -3.3410664387372035
48757 10926744 1.2202486094014748 -1.3240765131487602 0.57912 1.3435223177691895 -3.3410664387372035
48758 10926744 1.2639230256273128 -1.3270093819473965 0.57912 1.3435223177691895 -3.3410664387372035
48759 10926744 1.3063245221519253 -1.3297596540614691 0.57912 1.3435223177691895 -3.3410664387372035
48760 10926744 1.3487260186765375 -1.332509926175542 0.57912 1.3435223177691895 -3.3410664387372035
48761 10926744 1.3934945431335348 -1.3368506327134837 0.57912 1.3435223177691895 -3.3410664387372035
48762 10926744 1.4381940753050997 -1.341402039611354 0.57912 1.3435223177691895 -3.3410664387372035
48763 10926744 1.482893607476664 -1.3459534465092244 0.57912 1.3435223177691895 -3.3410664387372035
48764 10926744 1.5258747973264797 -1.3476068659508025 0.57912 1.3435223177691895 -3.3410664387372035
48765 10926744 1.5707298895140325 -1.3508648296846903 0.57912 1.3435223177691895 -3.3410664387372035
48766 10926744 1.6155849817015846 -1.354122793418578 0.57912 1.3435223177691895 -3.3410664387372035
48767 10926744 1.6575210790939552 -1.357887408470586 0.57912 1.3435223177691895 -3.3410664387372035
48768 10926744 1.7009156999953912 -1.3582728700493751 0.57912 1.3435223177691895 -3.3410664387372035
48769 10926744 1.7443103208968274 -1.3586583316281646 0.57912 1.3435223177691895 -3.3410664387372035
48770 10926744 1.7877884411029816 -1.362867204308045 0.57912 1.3435223177691895 -3.3410664387372035
48771 10926744 1.831266561309136 -1.367076076987925 0.57912 1.3435223177691895 -3.3410664387372035
48772 10926744 1.873225624513664 -1.370496513871284 0.57912 1.3435223177691895 -3.3410664387372035
48773 10926744 1.915643794899911 -1.373190353323721 0.57912 1.3435223177691895 -3.3410664387372035
48774 10926744 1.9580619652861584 -1.3758841927761578 0.57912 1.3435223177691895 -3.3410664387372035
48775 10926744 1.999595011334512 -1.381968464924075 0.57912 1.3435223177691895 -3.3410664387372035
48776 10926744 2.0451705578814305 -1.3879119694249482 0.57912 1.3435223177691895 -3.3410664387372035
48777 10926744 2.0907461044283493 -1.3938554739258209 0.57912 1.3435223177691895 -3.3410664387372035
48778 10926744 2.132647395224062 -1.397722837346415 0.57912 1.3435223177691895 -3.3410664387372035
48779 10926744 2.1746747132378497 -1.4017479239039772 0.57912 1.3435223177691895 -3.3410664387372035
48780 10926744 2.2168743088053926 -1.4052448040112302 0.57912 1.3435223177691895 -3.3410664387372035
48781 10926744 2.2590739043729355 -1.4087416841184834 0.57912 1.3435223177691895 -3.3410664387372035
48782 10926744 2.3008848400882718 -1.4098916822972942 0.57912 1.3435223177691895 -3.3410664387372035
48783 10926744 2.3426957758036067 -1.411041680476105 0.57912 1.3435223177691895 -3.3410664387372035
48784 10926744 2.3869244054681884 -1.4156673611789283 0.57912 1.3435223177691895 -3.3410664387372035
48785 10926744 2.4303781623033913 -1.4181315717572247 0.57912 1.3435223177691895 -3.3410664387372035
48786 10926744 2.4738319191385933 -1.4205957823355209 0.57912 1.3435223177691895 -3.3410664387372035
48787 10926744 2.5172856759737954 -1.4230599929138172 0.57912 1.3435223177691895 -3.3410664387372035
48788 10926744 2.5572377097790207 -1.4258214015272634 0.57912 1.3435223177691895 -3.3410664387372035
48789 10926744 2.6028280163818813 -1.4357965180303605 0.57912 1.3435223177691895 -3.3410664387372035
48790 10926744 2.6474922452346075 -1.4404459898084632 0.57912 1.3435223177691895 -3.3410664387372035
48791 10926744 2.6889359309998118 -1.4413571440423534 0.57912 1.3435223177691895 -3.3410664387372035
48792 10926744 2.7303796167650174 -1.4422682982762438 0.57912 1.3435223177691895 -3.3410664387372035
48793 10926744 2.771709703600564 -1.440805636208678 0.57912 1.3435223177691895 -3.3410664387372035
48794 10926744 2.8130397904361097 -1.439342974141112 0.57912 1.3435223177691895 -3.3410664387372035
48795 10926744 2.8538670689095507 -1.4339777261991506 0.57912 1.3435223177691895 -3.3410664387372035
48796 10926744 2.894694347382991 -1.4286124782571892 0.57912 1.3435223177691895 -3.3410664387372035
48797 10926744 2.9362347657033445 -1.418339767841046 0.57912 1.3435223177691895 -3.3410664387372035
48798 10926744 2.977775184023698 -1.4080670574249028 0.57912 1.3435223177691895 -3.3410664387372035
48799 10926744 3.0151551876613825 -1.3925814411841555 0.57912 1.3435223177691895 -3.3410664387372035
48800 10926744 3.0511757845746166 -1.373459026709042 0.57912 1.3435223177691895 -3.3410664387372035
48801 10926744 3.087196381487851 -1.3543366122339282 0.57912 1.3435223177691895 -3.3410664387372035
48802 10926744 3.1232169784010857 -1.3352141977588146 0.57912 1.3435223177691895 -3.3410664387372035
48803 10926744 3.1547987186388573 -1.3091916649130264 0.57912 1.3435223177691895 -3.3410664387372035
48804 10926744 3.186380458876629 -1.2831691320672385 0.57912 1.3435223177691895 -3.3410664387372035
48805 10926744 3.2144313511393774 -1.2543588791739266 0.57912 1.3435223177691895 -3.3410664387372035
48806 10926744 3.237003725615087 -1.2192050541492088 0.57912 1.3435223177691895 -3.3410664387372035
48807 10926744 3.259576100090797 -1.1840512291244911 0.57912 1.3435223177691895 -3.3410664387372035
48808 10926744 3.276966075089817 -1.1470893954918484 0.57912 1.3435223177691895 -3.3410664387372035
48809 10926744 3.2912592920930948 -1.1114532508843291 0.57912 1.3435223177691895 -3.3410664387372035
48810 10926744 3.3025955368040627 -1.0726327108658111 0.57912 1.3435223177691895 -3.3410664387372035
48811 10926744 3.3139317815150315 -1.033812170847293 0.57912 1.3435223177691895 -3.3410664387372035
48812 10926744 3.3193522691048254 -0.9927106974312764 0.57912 1.3435223177691895 -3.3410664387372035
48813 10926744 3.321204081035195 -0.957102973798327 0.57912 1.3435223177691895 -3.3410664387372035
48814 10926744 3.3230558929655647 -0.9214952501653776 0.57912 1.3435223177691895 -3.3410664387372035
48815 10926744 3.3244001821345353 -0.8806405019814346 0.57912 1.3435223177691895 -3.3410664387372035
48816 10926744 3.325744471303505 -0.8397857537974917 0.57912 1.3435223177691895 -3.3410664387372035
48817 10926744 3.325523406423605 -0.7996466777824811 0.57912 1.3435223177691895 -3.3410664387372035
48818 10926744 3.3214722422398597 -0.7603602986505037 0.57912 1.3435223177691895 -3.3410664387372035
48819 10926744 3.3188438962097595 -0.7194355665112497 0.57912 1.3435223177691895 -3.3410664387372035
48820 10926744 3.317899754877237 -0.6815135154882754 0.57912 1.3435223177691895 -3.3410664387372035
48821 10926744 3.315313042121094 -0.6422766010191154 0.57912 1.3435223177691895 -3.3410664387372035
48822 10926744 3.3127263293649514 -0.6030396865499555 0.57912 1.3435223177691895 -3.3410664387372035
48823 10926744 3.310139616608808 -0.5638027720807955 0.57912 1.3435223177691895 -3.3410664387372035
48824 10926744 3.3072254821786027 -0.5226677916221127 0.57912 1.3435223177691895 -3.3410664387372035
48825 10926744 3.3009166529593905 -0.4832284273777483 0.57912 1.3435223177691895 -3.3410664387372035
48826 10926744 3.294578878684577 -0.4448308698368171 0.57912 1.3435223177691895 -3.3410664387372035
48827 10926744 3.2882411044097646 -0.406433312295886 0.57912 1.3435223177691895 -3.3410664387372035
48828 10926744 3.2733436638307185 -0.3690969735276161 0.57912 1.3435223177691895 -3.3410664387372035
48829 10926744 3.259719188306397 -0.3319423243372673 0.57912 1.3435223177691895 -3.3410664387372035
48830 10926744 3.2460947127820763 -0.2947876751469185 0.57912 1.3435223177691895 -3.3410664387372035
48831 10926744 3.2236980009847915 -0.260026421199497 0.57912 1.3435223177691895 -3.3410664387372035
48832 10926744 3.2013012891875072 -0.22526516725207546 0.57912 1.3435223177691895 -3.3410664387372035
48833 10926744 3.1759217897262686 -0.19420274838367851 0.57912 1.3435223177691895 -3.3410664387372035
48834 10926744 3.146550138672305 -0.1672106560858251 0.57912 1.3435223177691895 -3.3410664387372035
48835 10926744 3.115275936104834 -0.13924693886978626 0.57912 1.3435223177691895 -3.3410664387372035
48836 10926744 3.0800439983319787 -0.11524789065677507 0.57912 1.3435223177691895 -3.3410664387372035
48837 10926744 3.0421155260250443 -0.09543019199431366 0.57912 1.3435223177691895 -3.3410664387372035
48838 10926744 3.004187053718109 -0.07561249333185224 0.57912 1.3435223177691895 -3.3410664387372035
48839 10926744 2.9662585814111746 -0.05579479466939083 0.57912 1.3435223177691895 -3.3410664387372035
48840 10926744 2.9262841211415664 -0.044965549587677206 0.57912 1.3435223177691895 -3.3410664387372035
48841 10926744 2.8840855183903624 -0.03387728650368063 0.57912 1.3435223177691895 -3.3410664387372035
48842 10926744 2.8454147068103617 -0.028846688978679005 0.54864 1.3435223177691895 -3.3410664387372035
48843 10926744 2.8043350396821065 -0.025482561064459702 0.54864 1.3435223177691895 -3.3410664387372035
48844 10926744 2.763255372553851 -0.0221184331502404 0.54864 1.3435223177691895 -3.3410664387372035
48845 10926744 2.7223533634271098 -0.01875343866965268 0.54864 1.3435223177691895 -3.3410664387372035
48846 10926744 2.681451354300368 -0.01538844418906496 0.54864 1.3435223177691895 -3.3410664387372035
48847 10926744 2.6410921879978497 -0.014711813281905324 0.54864 1.3435223177691895 -3.3410664387372035
48848 10926744 2.600733021695332 -0.014035182374745686 0.54864 1.3435223177691895 -3.3410664387372035
48849 10926744 2.5561111172188538 -0.009279694655142863 0.54864 1.3435223177691895 -3.3410664387372035
48850 10926744 2.5165362002359237 -0.010143460370833746 0.5334000000000001 1.3435223177691895 -3.3410664387372035
48851 10926744 2.4769612832529933 -0.01100722608652463 0.5181600000000001 1.3435223177691895 -3.3410664387372035
48852 10926744 2.4335622934820496 -0.012023955261350113 0.5181600000000001 1.3435223177691895 -3.3410664387372035
48853 10926744 2.3921693197766025 -0.013695426108009306 0.5181600000000001 1.3435223177691895 -3.3410664387372035
48854 10926744 2.353183583209594 -0.016152677539736118 0.5181600000000001 1.3435223177691895 -3.3410664387372035
48855 10926744 2.3137944577488145 -0.01304581414245934 0.5181600000000001 1.3435223177691895 -3.3410664387372035
48856 10926744 2.2744053322880347 -0.009938950745182557 0.5181600000000001 1.3435223177691895 -3.3410664387372035
48857 10926744 2.236143245270873 -0.010178599377530184 0.5181600000000001 1.3435223177691895 -3.3410664387372035
48858 10926744 2.197881158253712 -0.010418248009877812 0.5181600000000001 1.3435223177691895 -3.3410664387372035
48859 10926744 2.1569811080214123 -0.011665336837582335 0.5181600000000001 1.3435223177691895 -3.3410664387372035
48860 10926744 2.1215731773288606 -0.012953340716274436 0.48768 1.3435223177691895 -3.3410664387372035
48861 10926744 2.083758994531259 -0.011819839346073654 0.48768 1.3435223177691895 -3.3410664387372035
48862 10926744 2.0459448117336576 -0.010686337975872873 0.48768 1.3435223177691895 -3.3410664387372035
48863 10926744 2.011295125906792 -0.009651392779472162 0.48768 1.3435223177691895 -3.3410664387372035
48864 10926744 1.9736757762922927 -0.008464150854637975 0.48768 1.3435223177691895 -3.3410664387372035
48865 10926744 1.936056426677793 -0.007276908929803787 0.48768 1.3435223177691895 -3.3410664387372035
48866 10926744 1.9036647458019929 -0.007212521699894975 0.48768 1.3435223177691895 -3.3410664387372035
48867 10926744 1.8680302702918417 -0.0041613155882133926 0.47243999999999997 1.3435223177691895 -3.3410664387372035
48868 10926744 1.832395794781691 -0.0011101094765318118 0.4572000000000001 1.3435223177691895 -3.3410664387372035
48869 10926744 1.7970106071188126 -0.002053599687797586 0.4572000000000001 1.3435223177691895 -3.3410664387372035
48870 10926744 1.7608668831527454 -0.005319284488921966 0.4572000000000001 1.3435223177691895 -3.3410664387372035
48871 10926744 1.7233625803015349 -0.0032339006511559747 0.4572000000000001 1.3435223177691895 -3.3410664387372035
48872 10926744 1.6895945900255331 -0.0033031479951789178 0.4572000000000001 1.3435223177691895 -3.3410664387372035
48873 10926744 1.6558265997495312 -0.003372395339201861 0.4572000000000001 1.3435223177691895 -3.3410664387372035
48874 10926744 1.6217544763257916 -0.003692482444857044 0.44196 1.3435223177691895 -3.3410664387372035
48875 10926744 1.5876823529020518 -0.0040125695505122275 0.42672 1.3435223177691895 -3.3410664387372035
48876 10926744 1.5506825087199745 -0.0017406343692065868 0.42672 1.3435223177691895 -3.3410664387372035
48877 10926744 1.5130745351416617 2.9178459995227172e-05 0.42672 1.3435223177691895 -3.3410664387372035
48878 10926744 1.4796510943679169 0.001016540778378712 0.42672 1.3435223177691895 -3.3410664387372035
48879 10926744 1.4462276535941725 0.002003903096762197 0.42672 1.3435223177691895 -3.3410664387372035
48880 10926744 1.4072403204807469 -0.00044815820904844933 0.42672 1.3435223177691895 -3.3410664387372035
48881 10926744 1.374279046794179 -0.0021230298698078627 0.42672 1.3435223177691895 -3.3410664387372035
48882 10926744 1.3413177731076107 -0.0037979015305672774 0.42672 1.3435223177691895 -3.3410664387372035
48883 10926744 1.3155416180009425 -0.0035263249107265367 0.4114800000000001 1.3435223177691895 -3.3410664387372035
48884 10926744 1.289765462894274 -0.0032547482908857964 0.39624 1.3435223177691895 -3.3410664387372035
48885 10926744 1.258984973965267 -0.001990763704454061 0.39624 1.3435223177691895 -3.3410664387372035
48886 10926744 1.2282044850362597 -0.0007267791180223249 0.39624 1.3435223177691895 -3.3410664387372035
48887 10926744 1.2059866568535282 -0.002814732914348861 0.39624 1.3435223177691895 -3.3410664387372035
48888 10926744 1.1837688286707968 -0.004902686710675397 0.39624 1.3435223177691895 -3.3410664387372035
48889 10926744 1.1255224934356347 -0.0010618090925643836 0.39624 1.3435223177691895 -3.3410664387372035
48890 10926744 1.0945496901001597 -0.003443606819217959 0.39624 1.3435223177691895 -3.3410664387372035
48891 10926744 1.0696660989432454 -0.005127622716689359 0.39624 1.3435223177691895 -3.3410664387372035
48892 10926744 1.0421457003840051 -0.0061837696878327825 0.39624 1.3435223177691895 -3.3410664387372035
48893 10926744 1.0174093279764609 -0.003067406743117604 0.39624 1.3435223177691895 -3.3410664387372035
48894 10926744 0.9926729555689164 4.895620159757474e-05 0.39624 1.3435223177691895 -3.3410664387372035
48895 10926744 0.9687654894129492 0.00026604752247577634 0.39624 1.3435223177691895 -3.3410664387372035
48896 10926744 0.9440555654419052 0.0007453870066485012 0.39624 1.3435223177691895 -3.3410664387372035
48897 10926744 0.9225852428901172 0.0016267308487744533 0.39624 1.3435223177691895 -3.3410664387372035
48898 10926744 0.9011149203383292 0.002508074690900405 0.39624 1.3435223177691895 -3.3410664387372035
48899 10926744 0.8843603394373588 0.00015478419004837096 0.39624 1.3435223177691895 -3.3410664387372035
