46542 10926744 1.2082968304664137 -0.0032189763542702365 0.39624 1.3744057314893527 -1.5314650184869447
46543 10926744 1.1780562462235156 -0.0006415228737319395 0.39624 1.3744057314893527 -1.5314650184869447
46544 10926744 1.1478156619806177 0.0019359306068063573 0.39624 1.3744057314893527 -1.5314650184869447
46545 10926744 1.1221389893265452 -0.002176138290801544 0.39624 1.3744057314893527 -1.5314650184869447
46546 10926744 1.0873277506393682 -0.0010842486628451498 0.39624 1.3744057314893527 -1.5314650184869447
46547 10926744 1.071841321280365 -0.0022750643599738912 0.39624 1.3744057314893527 -1.5314650184869447
46548 10926744 1.0563548919213621 -0.0034658800571026327 0.39624 1.3744057314893527 -1.5314650184869447
46549 10926744 0.9904313108993577 -0.00681236962853371 0.42672 1.3744057314893527 -1.5314650184869447
46550 10926744 0.9564131045559424 -0.003291983952926292 0.42672 1.3744057314893527 -1.5314650184869447
46551 10926744 0.9217621514626172 -0.0022517150808157305 0.42672 1.3744057314893527 -1.5314650184869447
46552 10926744 0.8891749646280859 -0.0014182608913251155 0.39624 1.3744057314893527 -1.5314650184869447
46553 10926744 0.8538228986129286 -0.002251493872837809 0.39624 1.3744057314893527 -1.5314650184869447
46554 10926744 0.8191260730399372 -0.0010789474203177496 0.42672 1.3744057314893527 -1.5314650184869447
46555 10926744 0.7838780509671013 -0.0007775091108920272 0.42672 1.3744057314893527 -1.5314650184869447
46556 10926744 0.7486300288942652 -0.0004760708014663051 0.42672 1.3744057314893527 -1.5314650184869447
46557 10926744 0.7130137772250493 -0.0015727489436383885 0.42672 1.3744057314893527 -1.5314650184869447
46558 10926744 0.6773975255558333 -0.002669427085810472 0.42672 1.3744057314893527 -1.5314650184869447
46559 10926744 0.6424245361993925 -0.002340389721595525 0.42672 1.3744057314893527 -1.5314650184869447
46560 10926744 0.6074515468429518 -0.0020113523573805775 0.42672 1.3744057314893527 -1.5314650184869447
46561 10926744 0.5710304839313413 -0.005297794709407867 0.44196 1.3744057314893527 -1.5314650184869447
46562 10926744 0.5346094210197307 -0.008584237061435157 0.4572000000000001 1.3744057314893527 -1.5314650184869447
46563 10926744 0.4990790558445682 -0.00941595208228998 0.4572000000000001 1.3744057314893527 -1.5314650184869447
46564 10926744 0.4635486906694056 -0.0102476671031448 0.4572000000000001 1.3744057314893527 -1.5314650184869447
46565 10926744 0.4268017166095095 -0.005833180026675266 0.4572000000000001 1.3744057314893527 -1.5314650184869447
46566 10926744 0.3882940193494007 -0.008436990926440456 0.4572000000000001 1.3744057314893527 -1.5314650184869447
46567 10926744 0.35282646733262396 -0.009347064327295096 0.4572000000000001 1.3744057314893527 -1.5314650184869447
46568 10926744 0.3346217126478998 -0.010699567344104585 0.4572000000000001 1.3744057314893527 -1.5314650184869447
46569 10926744 0.3164169579631756 -0.012052070360914073 0.4572000000000001 1.3744057314893527 -1.5314650184869447
46570 10926744 0.2448486210227652 -0.016351550096984885 0.4572000000000001 1.3744057314893527 -1.5314650184869447
46571 10926744 0.20585909523376653 -0.01879702636476624 0.48768 1.3744057314893527 -1.5314650184869447
46572 10926744 0.17116143883323387 -0.017621311791093358 0.48768 1.3744057314893527 -1.5314650184869447
46573 10926744 0.1383460291175227 -0.0269911648327118 0.48768 1.3744057314893527 -1.5314650184869447
46574 10926744 0.10197058519143788 -0.02958952080743585 0.48768 1.3744057314893527 -1.5314650184869447
46575 10926744 0.06586953911165616 -0.03297838030809011 0.48768 1.3744057314893527 -1.5314650184869447
46576 10926744 0.025483274552933755 -0.032629878476231805 0.48768 1.3744057314893527 -1.5314650184869447
46577 10926744 -0.012644199914191743 -0.03243529457079525 0.48768 1.3744057314893527 -1.5314650184869447
46578 10926744 -0.04818358538604961 -0.029756682737005064 0.48768 1.3744057314893527 -1.5314650184869447
46579 10926744 -0.08372297085790747 -0.027078070903214874 0.48768 1.3744057314893527 -1.5314650184869447
46580 10926744 -0.12346435503865695 -0.023668292246593253 0.5181600000000001 1.3744057314893527 -1.5314650184869447
46581 10926744 -0.15935719244085256 -0.024787556320658016 0.5181600000000001 1.3744057314893527 -1.5314650184869447
46582 10926744 -0.1972561887501152 -0.02525089513687198 0.5181600000000001 1.3744057314893527 -1.5314650184869447
46583 10926744 -0.23422365330881775 -0.02286409009881526 0.5181600000000001 1.3744057314893527 -1.5314650184869447
46584 10926744 -0.27321404984445063 -0.025306940391461055 0.5181600000000001 1.3744057314893527 -1.5314650184869447
46585 10926744 -0.31061292633714666 -0.024239053682200033 0.5181600000000001 1.3744057314893527 -1.5314650184869447
46586 10926744 -0.3480118028298427 -0.023171166972939 0.5181600000000001 1.3744057314893527 -1.5314650184869447
46587 10926744 -0.3837669509468702 -0.02386708563631137 0.5181600000000001 1.3744057314893527 -1.5314650184869447
46588 10926744 -0.42371568780058455 -0.021088938468890175 0.5181600000000001 1.3744057314893527 -1.5314650184869447
46589 10926744 -0.4615115421608662 -0.021234208740600752 0.5181600000000001 1.3744057314893527 -1.5314650184869447
46590 10926744 -0.4992384380022734 -0.02116817340895752 0.5181600000000001 1.3744057314893527 -1.5314650184869447
46591 10926744 -0.5391355542205756 -0.01823093444468385 0.5334000000000001 1.3744057314893527 -1.5314650184869447
46592 10926744 -0.5790326704388777 -0.015293695480410182 0.54864 1.3744057314893527 -1.5314650184869447
46593 10926744 -0.6161385533486095 -0.013327104667603756 0.54864 1.3744057314893527 -1.5314650184869447
46594 10926744 -0.6554382977421573 -0.009240955178045823 0.54864 1.3744057314893527 -1.5314650184869447
46595 10926744 -0.6947380421357052 -0.00515480568848789 0.54864 1.3744057314893527 -1.5314650184869447
46596 10926744 -0.7329354382859292 -0.00516745154863571 0.54864 1.3744057314893527 -1.5314650184869447
46597 10926744 -0.7725290143316037 -0.002386728213217476 0.54864 1.3744057314893527 -1.5314650184869447
46598 10926744 -0.8102105369735426 -0.002450824933490497 0.54864 1.3744057314893527 -1.5314650184869447
46599 10926744 -0.8524634543405012 0.001433497425689184 0.54864 1.3744057314893527 -1.5314650184869447
46600 10926744 -0.8914548332256758 -0.0010059586109535668 0.54864 1.3744057314893527 -1.5314650184869447
46601 10926744 -0.9292624950565064 -0.000911397431772848 0.54864 1.3744057314893527 -1.5314650184869447
46602 10926744 -0.9687993344063291 0.0015012959682618454 0.54864 1.3744057314893527 -1.5314650184869447
46603 10926744 -1.0069625839114955 0.0015956755274092185 0.57912 1.3744057314893527 -1.5314650184869447
46604 10926744 -1.0467738813557963 0.004799537693212702 0.57912 1.3744057314893527 -1.5314650184869447
46605 10926744 -1.0860037259993396 0.004892675452574019 0.57912 1.3744057314893527 -1.5314650184869447
46606 10926744 -1.1252335706428829 0.004985813211935336 0.57912 1.3744057314893527 -1.5314650184869447
46607 10926744 -1.1670622886350996 0.009083699983371524 0.57912 1.3744057314893527 -1.5314650184869447
46608 10926744 -1.20536385533947 0.008756950433500194 0.57912 1.3744057314893527 -1.5314650184869447
46609 10926744 -1.244559398125448 0.008956513809973005 0.57912 1.3744057314893527 -1.5314650184869447
46610 10926744 -1.2837549409114262 0.009156077186445816 0.57912 1.3744057314893527 -1.5314650184869447
46611 10926744 -1.3240394609142685 0.009828910292252495 0.57912 1.3744057314893527 -1.5314650184869447
46612 10926744 -1.3646450105504282 0.010606944495822971 0.6096 1.3744057314893527 -1.5314650184869447
46613 10926744 -1.402808787333514 0.010703453377591238 0.6096 1.3744057314893527 -1.5314650184869447
46614 10926744 -1.4430132287297008 0.011350718568832048 0.6096 1.3744057314893527 -1.5314650184869447
46615 10926744 -1.4808104168575185 0.01121087905420856 0.6096 1.3744057314893527 -1.5314650184869447
46616 10926744 -1.5231675969974707 0.014782560904486904 0.6096 1.3744057314893527 -1.5314650184869447
46617 10926744 -1.5595801822418214 0.012087162425323678 0.6096 1.3744057314893527 -1.5314650184869447
46618 10926744 -1.601501711742079 0.015633633660562557 0.6096 1.3744057314893527 -1.5314650184869447
46619 10926744 -1.6393336330742951 0.015389091392930291 0.6096 1.3744057314893527 -1.5314650184869447
46620 10926744 -1.6792836741851025 0.018174321129625217 0.6400800000000001 1.3744057314893527 -1.5314650184869447
46621 10926744 -1.7186072030806605 0.02233227184474404 0.6400800000000001 1.3744057314893527 -1.5314650184869447
46622 10926744 -1.7579307319762179 0.026490222559862855 0.6400800000000001 1.3744057314893527 -1.5314650184869447
46623 10926744 -1.8009925557751685 0.03578543303743262 0.6400800000000001 1.3744057314893527 -1.5314650184869447
46624 10926744 -1.839022358738185 0.043084363245999714 0.6400800000000001 1.3744057314893527 -1.5314650184869447
46625 10926744 -1.875490129000715 0.05244311466911058 0.6400800000000001 1.3744057314893527 -1.5314650184869447
46626 10926744 -1.9119578992632449 0.06180186609222145 0.6400800000000001 1.3744057314893527 -1.5314650184869447
46627 10926744 -1.9501273340933931 0.07709223737746093 0.67056 1.3744057314893527 -1.5314650184869447
46628 10926744 -1.9858670140392605 0.09112062832129916 0.67056 1.3744057314893527 -1.5314650184869447
46629 10926744 -2.018852115724284 0.1070522728635381 0.67056 1.3744057314893527 -1.5314650184869447
46630 10926744 -2.0534847571599717 0.12609359070331247 0.67056 1.3744057314893527 -1.5314650184869447
46631 10926744 -2.084836564831507 0.14593125187741682 0.67056 1.3744057314893527 -1.5314650184869447
46632 10926744 -2.1158205725505086 0.16634981672313695 0.67056 1.3744057314893527 -1.5314650184869447
46633 10926744 -2.147424006974279 0.186503850562744 0.67056 1.3744057314893527 -1.5314650184869447
46634 10926744 -2.1777339159749927 0.21400494491497926 0.6858000000000001 1.3744057314893527 -1.5314650184869447
46635 10926744 -2.2080438249757064 0.2415060392672147 0.7010400000000001 1.3744057314893527 -1.5314650184869447
46636 10926744 -2.2321865494330275 0.2668144003005745 0.7010400000000001 1.3744057314893527 -1.5314650184869447
46637 10926744 -2.2565921766486934 0.29267628275638546 0.7010400000000001 1.3744057314893527 -1.5314650184869447
46638 10926744 -2.2804358814199115 0.32296979864199743 0.7010400000000001 1.3744057314893527 -1.5314650184869447
46639 10926744 -2.3042795861911296 0.3532633145276094 0.7010400000000001 1.3744057314893527 -1.5314650184869447
46640 10926744 -2.3276444786214974 0.3809467554822159 0.7010400000000001 1.3744057314893527 -1.5314650184869447
46641 10926744 -2.351009371051865 0.4086301964368224 0.7010400000000001 1.3744057314893527 -1.5314650184869447
46642 10926744 -2.3763707761115773 0.4397129235890598 0.7010400000000001 1.3744057314893527 -1.5314650184869447
46643 10926744 -2.3991765144462147 0.469375354921219 0.7010400000000001 1.3744057314893527 -1.5314650184869447
46644 10926744 -2.420685934756213 0.4991980275677315 0.7010400000000001 1.3744057314893527 -1.5314650184869447
46645 10926744 -2.442195355066212 0.5290207002142441 0.7010400000000001 1.3744057314893527 -1.5314650184869447
46646 10926744 -2.4535176778989167 0.5438257586014932 0.7010400000000001 1.3744057314893527 -1.5314650184869447
46647 10926744 -2.4648400007316225 0.5586308169887424 0.7010400000000001 1.3744057314893527 -1.5314650184869447
46648 10926744 -2.51297044537026 0.6194822408773242 0.7010400000000001 1.3744057314893527 -1.5314650184869447
46649 10926744 -2.5359497233886747 0.6469822409999925 0.73152 1.3744057314893527 -1.5314650184869447
46650 10926744 -2.562069180436743 0.6757436644127971 0.73152 1.3744057314893527 -1.5314650184869447
46651 10926744 -2.587463115541237 0.7067215603867594 0.73152 1.3744057314893527 -1.5314650184869447
46652 10926744 -2.6089911633525187 0.7386545443466601 0.73152 1.3744057314893527 -1.5314650184869447
46653 10926744 -2.635800747536729 0.7653053913382755 0.73152 1.3744057314893527 -1.5314650184869447
46654 10926744 -2.662022959060688 0.7937505418292393 0.73152 1.3744057314893527 -1.5314650184869447
46655 10926744 -2.6849319628521697 0.8214620836023349 0.73152 1.3744057314893527 -1.5314650184869447
46656 10926744 -2.7110846809632383 0.8501184907126275 0.73152 1.3744057314893527 -1.5314650184869447
46657 10926744 -2.7369507917563656 0.8785644146315376 0.73152 1.3744057314893527 -1.5314650184869447
46658 10926744 -2.7601455982663894 0.906486763692034 0.73152 1.3744057314893527 -1.5314650184869447
46659 10926744 -2.7839597795698285 0.9341445772315736 0.73152 1.3744057314893527 -1.5314650184869447
46660 10926744 -2.81295765644252 0.9611621907973912 0.73152 1.3744057314893527 -1.5314650184869447
46661 10926744 -2.8362900491134937 0.9886626156916798 0.762 1.3744057314893527 -1.5314650184869447
46662 10926744 -2.862655365617118 1.0159874729121336 0.762 1.3744057314893527 -1.5314650184869447
46663 10926744 -2.8890206821207425 1.0433123301325875 0.762 1.3744057314893527 -1.5314650184869447
46664 10926744 -2.9147705848660537 1.0718381575041445 0.762 1.3744057314893527 -1.5314650184869447
46665 10926744 -2.9433283691406977 1.101283211794892 0.762 1.3744057314893527 -1.5314650184869447
46666 10926744 -2.9693886483817367 1.1288594183364151 0.762 1.3744057314893527 -1.5314650184869447
46667 10926744 -2.995448927622776 1.1564356248779386 0.762 1.3744057314893527 -1.5314650184869447
46668 10926744 -3.02442049164758 1.1846145793537481 0.762 1.3744057314893527 -1.5314650184869447
46669 10926744 -3.053392055672384 1.2127935338295572 0.762 1.3744057314893527 -1.5314650184869447
46670 10926744 -3.0771963322508102 1.2377622698989832 0.762 1.3744057314893527 -1.5314650184869447
46671 10926744 -3.1061154395275716 1.26609985771176 0.762 1.3744057314893527 -1.5314650184869447
46672 10926744 -3.1350345468043344 1.2944374455245364 0.762 1.3744057314893527 -1.5314650184869447
46673 10926744 -3.150735563073433 1.3083409059880182 0.762 1.3744057314893527 -1.5314650184869447
46674 10926744 -3.1664365793425318 1.3222443664515002 0.762 1.3744057314893527 -1.5314650184869447
46675 10926744 -3.223066533548772 1.3809789688613796 0.7924800000000001 1.3744057314893527 -1.5314650184869447
46676 10926744 -3.2516563969712395 1.4103196900313082 0.7924800000000001 1.3744057314893527 -1.5314650184869447
46677 10926744 -3.2801384653594363 1.4386321822140644 0.7924800000000001 1.3744057314893527 -1.5314650184869447
46678 10926744 -3.3086205337476318 1.4669446743968209 0.7924800000000001 1.3744057314893527 -1.5314650184869447
46679 10926744 -3.3365532213312 1.4982909434483016 0.7924800000000001 1.3744057314893527 -1.5314650184869447
46680 10926744 -3.3651076044291766 1.5277376453936626 0.7924800000000001 1.3744057314893527 -1.5314650184869447
46681 10926744 -3.39240266031022 1.5556038136095065 0.80772 1.3744057314893527 -1.5314650184869447
46682 10926744 -3.419697716191264 1.5834699818253501 0.82296 1.3744057314893527 -1.5314650184869447
46683 10926744 -3.448251422478009 1.6129170083142796 0.82296 1.3744057314893527 -1.5314650184869447
46684 10926744 -3.4764037701000747 1.6422328104272466 0.82296 1.3744057314893527 -1.5314650184869447
46685 10926744 -3.5039676359120837 1.6699539907122505 0.8382000000000001 1.3744057314893527 -1.5314650184869447
46686 10926744 -3.531531501724092 1.6976751709972542 0.8534400000000001 1.3744057314893527 -1.5314650184869447
46687 10926744 -3.5588943882379653 1.725330888496441 0.8534400000000001 1.3744057314893527 -1.5314650184869447
46688 10926744 -3.586257274751839 1.7529866059956283 0.8534400000000001 1.3744057314893527 -1.5314650184869447
46689 10926744 -3.6130595141770985 1.7796410386887105 0.8534400000000001 1.3744057314893527 -1.5314650184869447
46690 10926744 -3.6417682911116898 1.8077964086251228 0.8534400000000001 1.3744057314893527 -1.5314650184869447
46691 10926744 -3.6704770680462815 1.835951778561536 0.8534400000000001 1.3744057314893527 -1.5314650184869447
46692 10926744 -3.6945856907789216 1.8616078173114567 0.88392 1.3744057314893527 -1.5314650184869447
46693 10926744 -3.723932038997786 1.8886286059257256 0.88392 1.3744057314893527 -1.5314650184869447
46694 10926744 -3.752082196276596 1.9179454698822709 0.88392 1.3744057314893527 -1.5314650184869447
46695 10926744 -3.779311561722277 1.9419363200930544 0.88392 1.3744057314893527 -1.5314650184869447
46696 10926744 -3.7794863763495763 1.9409249397054256 0.8837945033453423 1.3744057314893527 -1.5314650184869447
46697 10926744 -3.779661190976876 1.9399135593177967 0.8836690066906846 1.3744057314893527 -1.5314650184869447
46698 10926744 -3.779836005604175 1.9389021789301681 0.8835435100360268 1.3744057314893527 -1.5314650184869447
46699 10926744 -3.7800108202314746 1.937890798542539 0.8834180133813689 1.3744057314893527 -1.5314650184869447
46700 10926744 -3.780185634858774 1.9368794181549105 0.8832925167267113 1.3744057314893527 -1.5314650184869447
46701 10926744 -3.780360449486073 1.9358680377672812 0.8831670200720536 1.3744057314893527 -1.5314650184869447
46702 10926744 -3.7805352641133734 1.9348566573796528 0.8830415234173958 1.3744057314893527 -1.5314650184869447
46703 10926744 -3.7807100787406718 1.933845276992024 0.8829160267627381 1.3744057314893527 -1.5314650184869447
46704 10926744 -3.780884893367972 1.932833896604395 0.8827905301080803 1.3744057314893527 -1.5314650184869447
46705 10926744 -3.7810597079952712 1.9318225162167664 0.8826650334534226 1.3744057314893527 -1.5314650184869447
46706 10926744 -3.7812345226225705 1.930811135829137 0.8825395367987648 1.3744057314893527 -1.5314650184869447
46707 10926744 -3.7814093372498703 1.9297997554415085 0.8824140401441071 1.3744057314893527 -1.5314650184869447
46708 10926744 -3.7815841518771696 1.92878837505388 0.8822885434894493 1.3744057314893527 -1.5314650184869447
46709 10926744 -3.781758966504469 1.9277769946662509 0.8821630468347916 1.3744057314893527 -1.5314650184869447
46710 10926744 -3.7819337811317686 1.926765614278622 0.8820375501801339 1.3744057314893527 -1.5314650184869447
46711 10926744 -3.7821085957590683 1.9257542338909928 0.8819120535254761 1.3744057314893527 -1.5314650184869447
46712 10926744 -3.782283410386368 1.9247428535033648 0.8817865568708184 1.3744057314893527 -1.5314650184869447
46713 10926744 -3.782458225013667 1.923731473115736 0.8816610602161606 1.3744057314893527 -1.5314650184869447
46714 10926744 -3.782633039640966 1.922720092728107 0.8815355635615029 1.3744057314893527 -1.5314650184869447
46715 10926744 -3.782807854268266 1.921708712340478 0.8814100669068451 1.3744057314893527 -1.5314650184869447
46716 10926744 -3.782982668895565 1.9206973319528493 0.8812845702521874 1.3744057314893527 -1.5314650184869447
46717 10926744 -3.783157483522865 1.9196859515652205 0.8811590735975297 1.3744057314893527 -1.5314650184869447
46718 10926744 -3.783332298150164 1.918674571177592 0.8810335769428719 1.3744057314893527 -1.5314650184869447
46719 10926744 -3.783507112777464 1.9176631907899628 0.8809080802882141 1.3744057314893527 -1.5314650184869447
46720 10926744 -3.7836819274047633 1.916651810402334 0.8807825836335564 1.3744057314893527 -1.5314650184869447
46721 10926744 -3.783856742032063 1.9156404300147047 0.8806570869788987 1.3744057314893527 -1.5314650184869447
46722 10926744 -3.784031556659362 1.9146290496270764 0.8805315903242409 1.3744057314893527 -1.5314650184869447
46723 10926744 -3.7842063712866616 1.9136176692394475 0.8804060936695831 1.3744057314893527 -1.5314650184869447
46724 10926744 -3.7843811859139613 1.9126062888518187 0.8802805970149254 1.3744057314893527 -1.5314650184869447
46725 10926744 -3.7845560005412606 1.9115949084641901 0.8801551003602677 1.3744057314893527 -1.5314650184869447
46726 10926744 -3.7847308151685604 1.910583528076561 0.8800296037056099 1.3744057314893527 -1.5314650184869447
46727 10926744 -3.7849056297958588 1.909572147688932 0.8799041070509521 1.3744057314893527 -1.5314650184869447
46728 10926744 -3.785080444423159 1.9085607673013036 0.8797786103962945 1.3744057314893527 -1.5314650184869447
46729 10926744 -3.785255259050458 1.9075493869136744 0.8796531137416367 1.3744057314893527 -1.5314650184869447
46730 10926744 -3.7854300736777575 1.9065380065260455 0.8795276170869789 1.3744057314893527 -1.5314650184869447
46731 10926744 -3.785604888305057 1.9055266261384172 0.8794021204323212 1.3744057314893527 -1.5314650184869447
46732 10926744 -3.785779702932357 1.904515245750788 0.8792766237776635 1.3744057314893527 -1.5314650184869447
46733 10926744 -3.785954517559656 1.9035038653631595 0.8791511271230057 1.3744057314893527 -1.5314650184869447
46734 10926744 -3.786129332186956 1.9024924849755305 0.8790256304683479 1.3744057314893527 -1.5314650184869447
46735 10926744 -3.7863041468142553 1.9014811045879016 0.8789001338136903 1.3744057314893527 -1.5314650184869447
46736 10926744 -3.7864789614415546 1.9004697242002728 0.8787746371590325 1.3744057314893527 -1.5314650184869447
46737 10926744 -3.786653776068854 1.8994583438126442 0.8786491405043747 1.3744057314893527 -1.5314650184869447
46738 10926744 -3.7868285906961536 1.8984469634250152 0.8785236438497169 1.3744057314893527 -1.5314650184869447
46739 10926744 -3.787003405323453 1.8974355830373864 0.8783981471950593 1.3744057314893527 -1.5314650184869447
46740 10926744 -3.7871782199507518 1.8964242026497573 0.8782726505404015 1.3744057314893527 -1.5314650184869447
46741 10926744 -3.7873530345780515 1.8954128222621287 0.8781471538857437 1.3744057314893527 -1.5314650184869447
46742 10926744 -3.7875278492053512 1.8944014418745 0.8780216572310859 1.3744057314893527 -1.5314650184869447
46743 10926744 -3.7877026638326505 1.8933900614868708 0.8778961605764283 1.3744057314893527 -1.5314650184869447
46744 10926744 -3.7878774784599503 1.8923786810992425 0.8777706639217705 1.3744057314893527 -1.5314650184869447
46745 10926744 -3.7880522930872496 1.8913673007116132 0.8776451672671127 1.3744057314893527 -1.5314650184869447
46746 10926744 -3.788227107714549 1.8903559203239848 0.8775196706124551 1.3744057314893527 -1.5314650184869447
46747 10926744 -3.7884019223418486 1.889344539936356 0.8773941739577973 1.3744057314893527 -1.5314650184869447
46748 10926744 -3.788576736969148 1.8883331595487272 0.8772686773031395 1.3744057314893527 -1.5314650184869447
46749 10926744 -3.788751551596448 1.8873217791610983 0.8771431806484817 1.3744057314893527 -1.5314650184869447
46750 10926744 -3.7889263662237473 1.8863103987734693 0.8770176839938241 1.3744057314893527 -1.5314650184869447
46751 10926744 -3.789101180851047 1.885299018385841 0.8768921873391663 1.3744057314893527 -1.5314650184869447
46752 10926744 -3.7892759954783464 1.884287637998212 0.8767666906845085 1.3744057314893527 -1.5314650184869447
46753 10926744 -3.789450810105645 1.883276257610583 0.8766411940298507 1.3744057314893527 -1.5314650184869447
46754 10926744 -3.789625624732945 1.8822648772229544 0.8765156973751931 1.3744057314893527 -1.5314650184869447
46755 10926744 -3.789800439360244 1.8812534968353252 0.8763902007205353 1.3744057314893527 -1.5314650184869447
48638 10926744 -4.1189763825651315 -0.023175773069738087 0.6400800000000001 1.3435223177691895 -3.3410664387372035
48639 10926744 -4.065535312019366 -0.02548332118628829 0.6400800000000001 1.3435223177691895 -3.3410664387372035
48640 10926744 -4.0133671290173565 -0.027607248250150623 0.6400800000000001 1.3435223177691895 -3.3410664387372035
48641 10926744 -3.9611989460153456 -0.029731175314012957 0.6400800000000001 1.3435223177691895 -3.3410664387372035
48642 10926744 -3.910423948847464 -0.0274253823888663 0.6400800000000001 1.3435223177691895 -3.3410664387372035
48643 10926744 -3.859648951679581 -0.025119589463719644 0.6400800000000001 1.3435223177691895 -3.3410664387372035
48644 10926744 -3.8111032115582186 -0.025822656171848785 0.6400800000000001 1.3435223177691895 -3.3410664387372035
48645 10926744 -3.76108363052082 -0.022158540227604582 0.6400800000000001 1.3435223177691895 -3.3410664387372035
48646 10926744 -3.711064049483421 -0.01849442428336037 0.6400800000000001 1.3435223177691895 -3.3410664387372035
48647 10926744 -3.659039132684619 -0.015895300138602103 0.6400800000000001 1.3435223177691895 -3.3410664387372035
48648 10926744 -3.6096534748908207 -0.014301423209860081 0.6096 1.3435223177691895 -3.3410664387372035
48649 10926744 -3.5579297073110228 -0.013706323171914477 0.6096 1.3435223177691895 -3.3410664387372035
48650 10926744 -3.5103297271502054 -0.009424021446032743 0.6096 1.3435223177691895 -3.3410664387372035
48651 10926744 -3.45705157437138 -0.004078946954393287 0.6096 1.3435223177691895 -3.3410664387372035
48652 10926744 -3.4060191033239104 -0.005593520961907933 0.6096 1.3435223177691895 -3.3410664387372035
48653 10926744 -3.355534056511708 -0.004708313297503347 0.6096 1.3435223177691895 -3.3410664387372035
48654 10926744 -3.305049009699505 -0.0038231056330987607 0.6096 1.3435223177691895 -3.3410664387372035
48655 10926744 -3.2556641468812133 -0.0022267710988747307 0.6096 1.3435223177691895 -3.3410664387372035
48656 10926744 -3.205588521717518 0.001480707416462751 0.6096 1.3435223177691895 -3.3410664387372035
48657 10926744 -3.159371150445395 0.0015437517638160205 0.6096 1.3435223177691895 -3.3410664387372035
48658 10926744 -3.107717474857914 0.0019310468208280922 0.6096 1.3435223177691895 -3.3410664387372035
48659 10926744 -3.061787280818304 0.0017966810194914586 0.6096 1.3435223177691895 -3.3410664387372035
48660 10926744 -3.0158570867786936 0.001662315218154825 0.6096 1.3435223177691895 -3.3410664387372035
48661 10926744 -2.967232738083972 0.0009387536611261404 0.57912 1.3435223177691895 -3.3410664387372035
48662 10926744 -2.921417001590528 0.0011346536649173564 0.57912 1.3435223177691895 -3.3410664387372035
48663 10926744 -2.8760584389097517 0.0026490122314604962 0.57912 1.3435223177691895 -3.3410664387372035
