47837 11133865 0.2927242548642567 -1.1310017122776483 0.6858000000000001 0.5306722116665529 -2.5168630959519693
47838 11133865 0.3480271138481884 -1.1275757312388972 0.6858000000000001 0.5306722116665529 -2.5168630959519693
47839 11133865 0.39685890818834585 -1.1276427105937334 0.6858000000000001 0.5306722116665529 -2.5168630959519693
47840 11133865 0.4521614874007832 -1.1242159205348352 0.6858000000000001 0.5306722116665529 -2.5168630959519693
47841 11133865 0.5283119341969622 -1.122226214408904 0.6858000000000001 0.5306722116665529 -2.5168630959519693
47842 11133865 0.5533703586147235 -1.1216513242996218 0.6858000000000001 0.5306722116665529 -2.5168630959519693
47843 11133865 0.6324454642870515 -1.1188637639259489 0.69342 0.5306722116665529 -2.5168630959519693
47844 11133865 0.6808973395844011 -1.1200899365910282 0.69342 0.5306722116665529 -2.5168630959519693
47845 11133865 0.7253613998165259 -1.1172092053527969 0.7010400000000001 0.5306722116665529 -2.5168630959519693
47846 11133865 0.7837165836937048 -1.1098707426100631 0.7010400000000001 0.5306722116665529 -2.5168630959519693
47847 11133865 0.8310614249819634 -1.103608028375795 0.7086600000000001 0.5306722116665529 -2.5168630959519693
47848 11133865 0.8706971596964378 -1.1005510016524442 0.7086600000000001 0.5306722116665529 -2.5168630959519693
47849 11133865 0.910332894410912 -1.0974939749290935 0.7086600000000001 0.5306722116665529 -2.5168630959519693
47850 11133865 0.9552886013199868 -1.0958240208629155 0.7010400000000001 0.5306722116665529 -2.5168630959519693
47851 11133865 1.0016472820269735 -1.0887709030852557 0.7010400000000001 0.5306722116665529 -2.5168630959519693
47852 11133865 1.061720705214229 -1.0826927188456918 0.69342 0.5306722116665529 -2.5168630959519693
47853 11133865 1.1167015182873588 -1.0775207697743094 0.69342 0.5306722116665529 -2.5168630959519693
47854 11133865 1.1713564154436191 -1.078784099299594 0.6858000000000001 0.5306722116665529 -2.5168630959519693
47855 11133865 1.2424808337259532 -1.077482405561413 0.6858000000000001 0.5306722116665529 -2.5168630959519693
47856 11133865 1.3076637899621075 -1.0775105463910488 0.6858000000000001 0.5306722116665529 -2.5168630959519693
47857 11133865 1.3542678267342414 -1.078946806353285 0.6858000000000001 0.5306722116665529 -2.5168630959519693
47858 11133865 1.394293317990673 -1.0828485945278166 0.6819900000000001 0.5306722116665529 -2.5168630959519693
47859 11133865 1.4343188092471038 -1.086750382702348 0.6781800000000001 0.5306722116665529 -2.5168630959519693
47860 11133865 1.4843053175622112 -1.0887064219687144 0.6781800000000001 0.5306722116665529 -2.5168630959519693
47861 11133865 1.550203994429331 -1.0979614867377259 0.6781800000000001 0.5306722116665529 -2.5168630959519693
47862 11133865 1.5973700980355652 -1.0987620466329526 0.67056 0.5306722116665529 -2.5168630959519693
47863 11133865 1.6509544615933935 -1.104929267299699 0.6629400000000001 0.5306722116665529 -2.5168630959519693
47864 11133865 1.718090821465624 -1.1152879017966508 0.65532 0.5306722116665529 -2.5168630959519693
47865 11133865 1.7653688137645098 -1.1200958293181824 0.65532 0.5306722116665529 -2.5168630959519693
47866 11133865 1.820890048995152 -1.1279456416166675 0.6477 0.5306722116665529 -2.5168630959519693
47867 11133865 1.8483759439246008 -1.1310797603926908 0.6477 0.5306722116665529 -2.5168630959519693
47868 11133865 1.9208313341687997 -1.1444583284732417 0.6400800000000001 0.5306722116665529 -2.5168630959519693
47869 11133865 1.9738651014490058 -1.1506769942236106 0.6400800000000001 0.5306722116665529 -2.5168630959519693
47870 11133865 2.0107636723881983 -1.1573511315982612 0.6400800000000001 0.5306722116665529 -2.5168630959519693
47871 11133865 2.057293096322466 -1.167169571574949 0.6400800000000001 0.5306722116665529 -2.5168630959519693
47872 11133865 2.1094060875665392 -1.1789275156831394 0.6400800000000001 0.5306722116665529 -2.5168630959519693
47873 11133865 2.1504554368598474 -1.1864888332975687 0.6400800000000001 0.5306722116665529 -2.5168630959519693
47874 11133865 2.2089693426203247 -1.194962203228617 0.63246 0.5306722116665529 -2.5168630959519693
47875 11133865 2.247885744893264 -1.2025274922412847 0.63246 0.5306722116665529 -2.5168630959519693
47876 11133865 2.2972819127399884 -1.2128129481879302 0.63246 0.5306722116665529 -2.5168630959519693
47877 11133865 2.3440060108885588 -1.2233938998979992 0.63246 0.5306722116665529 -2.5168630959519693
47878 11133865 2.3897330573717013 -1.2329481373416755 0.63246 0.5306722116665529 -2.5168630959519693
47879 11133865 2.4301744462096417 -1.241010225258497 0.63246 0.5306722116665529 -2.5168630959519693
47880 11133865 2.4711205276174617 -1.2488863767264673 0.63246 0.5306722116665529 -2.5168630959519693
47881 11133865 2.5055317129263184 -1.253928176785671 0.6248400000000001 0.5306722116665529 -2.5168630959519693
47882 11133865 2.5305767092796008 -1.253926489594974 0.6248400000000001 0.5306722116665529 -2.5168630959519693
47883 11133865 2.555621705632883 -1.253924802404277 0.6248400000000001 0.5306722116665529 -2.5168630959519693
47884 11133865 2.6065277317129456 -1.2503325493805937 0.61722 0.5306722116665529 -2.5168630959519693
47885 11133865 2.6559734608460768 -1.2430508465100534 0.61341 0.5306722116665529 -2.5168630959519693
47886 11133865 2.6839155076111227 -1.2344446570428338 0.611505 0.5306722116665529 -2.5168630959519693
47887 11133865 2.7118575543761687 -1.2258384675756144 0.6096 0.5306722116665529 -2.5168630959519693
47888 11133865 2.7547223518759125 -1.204434631317815 0.6019800000000001 0.5306722116665529 -2.5168630959519693
47889 11133865 2.784434775915796 -1.1814244821722482 0.59436 0.5306722116665529 -2.5168630959519693
47890 11133865 2.8151908190937727 -1.1579371942564596 0.59436 0.5306722116665529 -2.5168630959519693
47891 11133865 2.8305305767784037 -1.142501361212728 0.59436 0.5306722116665529 -2.5168630959519693
47892 11133865 2.8584253003696944 -1.1079171445888876 0.59055 0.5306722116665529 -2.5168630959519693
47893 11133865 2.8863200239609856 -1.0733329279650474 0.5867399999999999 0.5306722116665529 -2.5168630959519693
47894 11133865 2.908355000512149 -1.0384715192177514 0.5867399999999999 0.5306722116665529 -2.5168630959519693
47895 11133865 2.924998105631936 -0.997002444675774 0.5829300000000001 0.5306722116665529 -2.5168630959519693
47896 11133865 2.941641210751724 -0.9555333701337966 0.57912 0.5306722116665529 -2.5168630959519693
47897 11133865 2.9464995335775552 -0.9406481669377385 0.57912 0.5306722116665529 -2.5168630959519693
47898 11133865 2.957274273320846 -0.9049151048312472 0.57912 0.5306722116665529 -2.5168630959519693
47899 11133865 2.9666550166803085 -0.8598491282744073 0.57912 0.5306722116665529 -2.5168630959519693
47900 11133865 2.9696958525946853 -0.8342078215131763 0.57912 0.5306722116665529 -2.5168630959519693
47901 11133865 2.9759067140067734 -0.7988541947046915 0.57912 0.5306722116665529 -2.5168630959519693
47902 11133865 2.9781595369910896 -0.7674653699200604 0.57531 0.5306722116665529 -2.5168630959519693
47903 11133865 2.9804123599754067 -0.7360765451354294 0.5715 0.5306722116665529 -2.5168630959519693
47904 11133865 2.978593785550701 -0.7062792110396634 0.5715 0.5306722116665529 -2.5168630959519693
47905 11133865 2.976095051950129 -0.6622420376058327 0.56388 0.5306722116665529 -2.5168630959519693
47906 11133865 2.9727583573857834 -0.6411775468981465 0.5600700000000001 0.5306722116665529 -2.5168630959519693
47907 11133865 2.9694216628214374 -0.6201130561904604 0.5562600000000001 0.5306722116665529 -2.5168630959519693
47908 11133865 2.9603020735394714 -0.5854794437593004 0.5562600000000001 0.5306722116665529 -2.5168630959519693
47909 11133865 2.9511824842575054 -0.5508458313281404 0.5562600000000001 0.5306722116665529 -2.5168630959519693
47910 11133865 2.943726177839366 -0.5154700706104604 0.5562600000000001 0.5306722116665529 -2.5168630959519693
47911 11133865 2.9317816178347256 -0.4688167328455691 0.5562600000000001 0.5306722116665529 -2.5168630959519693
47912 11133865 2.9251933737924567 -0.4400322573392952 0.5562600000000001 0.5306722116665529 -2.5168630959519693
47913 11133865 2.9183703551386704 -0.4160481615251746 0.5543549999999999 0.5306722116665529 -2.5168630959519693
47914 11133865 2.911547336484884 -0.39206406571105396 0.55245 0.5306722116665529 -2.5168630959519693
47915 11133865 2.9023182208690472 -0.3652502353147716 0.5505450000000001 0.5306722116665529 -2.5168630959519693
47916 11133865 2.8930891052532104 -0.33843640491848925 0.54864 0.5306722116665529 -2.5168630959519693
47917 11133865 2.8912953731288886 -0.3273374354988414 0.54864 0.5306722116665529 -2.5168630959519693
47918 11133865 2.872596636621036 -0.2908613585407149 0.54356 0.5306722116665529 -2.5168630959519693
47919 11133865 2.8538979001131817 -0.25438528158258833 0.5384800000000001 0.5306722116665529 -2.5168630959519693
47920 11133865 2.8351991636053286 -0.2179092046244618 0.5334 0.5306722116665529 -2.5168630959519693
47921 11133865 2.8094607782312573 -0.1896482933039092 0.5334 0.5306722116665529 -2.5168630959519693
47922 11133865 2.7837223928571864 -0.16138738198335653 0.5334 0.5306722116665529 -2.5168630959519693
47923 11133865 2.762364556843546 -0.1421493363448785 0.52959 0.5306722116665529 -2.5168630959519693
47924 11133865 2.741006720829908 -0.12291129070640047 0.52578 0.5306722116665529 -2.5168630959519693
47925 11133865 2.690344248419289 -0.09585858481041107 0.5181600000000001 0.5306722116665529 -2.5168630959519693
47926 11133865 2.6662512510476746 -0.08261948623225976 0.5181600000000001 0.5306722116665529 -2.5168630959519693
47927 11133865 2.6493114010314094 -0.07194920121930745 0.51054 0.5306722116665529 -2.5168630959519693
47928 11133865 2.5940610819112866 -0.04807056469344265 0.50292 0.5306722116665529 -2.5168630959519693
47929 11133865 2.5748024599549355 -0.04178302898082567 0.4953 0.5306722116665529 -2.5168630959519693
47930 11133865 2.5643707135778846 -0.038377258470224135 0.4953 0.5306722116665529 -2.5168630959519693
47931 11133865 2.543247426162412 -0.03440127457282552 0.49149 0.5306722116665529 -2.5168630959519693
47932 11133865 2.522124138746939 -0.030425290675426906 0.48768 0.5306722116665529 -2.5168630959519693
47933 11133865 2.4471843661614248 -0.011097904985951174 0.48006000000000004 0.5306722116665529 -2.5168630959519693
47934 11133865 2.4191183993672665 -0.007307979084277633 0.48006000000000004 0.5306722116665529 -2.5168630959519693
47935 11133865 2.383028051459525 -0.0008979100288612761 0.47244 0.5306722116665529 -2.5168630959519693
47936 11133865 2.3541100347213666 -0.002436853784482468 0.47244 0.5306722116665529 -2.5168630959519693
47937 11133865 2.316518202094445 0.004814264190016876 0.4648200000000001 0.5306722116665529 -2.5168630959519693
47938 11133865 2.2796446886967634 0.006106870470530629 0.4648200000000001 0.5306722116665529 -2.5168630959519693
47939 11133865 2.2468177883886917 0.006195136236432725 0.4572000000000001 0.5306722116665529 -2.5168630959519693
47940 11133865 2.2091417576477266 0.0077501285020983015 0.4572000000000001 0.5306722116665529 -2.5168630959519693
47941 11133865 2.1630813482998907 0.005384392569753121 0.44958 0.5306722116665529 -2.5168630959519693
47942 11133865 2.1282261778573623 0.007420498385801583 0.44958 0.5306722116665529 -2.5168630959519693
47943 11133865 2.104959393838037 0.004153906757337039 0.44196 0.5306722116665529 -2.5168630959519693
47944 11133865 2.0564569717851064 0.0024694038285043296 0.44196 0.5306722116665529 -2.5168630959519693
47945 11133865 2.0355782691454385 0.0037969247026174713 0.44196 0.5306722116665529 -2.5168630959519693
47946 11133865 1.9864016121474064 0.005487202249334772 0.44196 0.5306722116665529 -2.5168630959519693
47947 11133865 1.9569315305650707 0.002260862274457265 0.4343400000000001 0.5306722116665529 -2.5168630959519693
47948 11133865 1.9334724863931791 0.003029506045942168 0.4343400000000001 0.5306722116665529 -2.5168630959519693
47949 11133865 1.9100134422212875 0.003798149817427071 0.4343400000000001 0.5306722116665529 -2.5168630959519693
47950 11133865 1.8774725777740917 0.003677737674055048 0.42672 0.5306722116665529 -2.5168630959519693
47951 11133865 1.8446796481921772 0.003873426021483994 0.42672 0.5306722116665529 -2.5168630959519693
47952 11133865 1.8136764227660944 0.005470725930815545 0.4191 0.5306722116665529 -2.5168630959519693
47953 11133865 1.7797582036021238 0.00358093544433552 0.4191 0.5306722116665529 -2.5168630959519693
47954 11133865 1.730935357086847 0.003638600920267021 0.41148 0.5306722116665529 -2.5168630959519693
47955 11133865 1.7010166850781172 -0.0009589880034424347 0.41148 0.5306722116665529 -2.5168630959519693
47956 11133865 1.6840465027040596 -0.001257523514176323 0.41148 0.5306722116665529 -2.5168630959519693
47957 11133865 1.6496628039164092 0.0033136937972363945 0.41148 0.5306722116665529 -2.5168630959519693
47958 11133865 1.6143256067638343 0.0055095791632068245 0.41148 0.5306722116665529 -2.5168630959519693
47959 11133865 1.5757429117975732 0.007013343485987478 0.40386 0.5306722116665529 -2.5168630959519693
47960 11133865 1.547419454238785 0.004582218451590125 0.40386 0.5306722116665529 -2.5168630959519693
47961 11133865 1.5185991140454604 0.004708428281152501 0.401955 0.5306722116665529 -2.5168630959519693
47962 11133865 1.4897787738521362 0.004834638110714877 0.40005 0.5306722116665529 -2.5168630959519693
47963 11133865 1.4478356969295132 0.00556747906691106 0.39624 0.5306722116665529 -2.5168630959519693
47964 11133865 1.4168759377349824 0.00458206453024676 0.39624 0.5306722116665529 -2.5168630959519693
47965 11133865 1.3932778977172875 0.00411270308019585 0.39624 0.5306722116665529 -2.5168630959519693
47966 11133865 1.3696798576995923 0.0036433416301449376 0.39624 0.5306722116665529 -2.5168630959519693
47967 11133865 1.3471249443615751 0.0028333554791286947 0.39624 0.5306722116665529 -2.5168630959519693
47968 11133865 1.324570031023558 0.002023369328112451 0.39624 0.5306722116665529 -2.5168630959519693
47969 11133865 1.287065247600656 0.004111062584916364 0.38861999999999997 0.5306722116665529 -2.5168630959519693
47970 11133865 1.2589827731436782 0.0024200069239107003 0.38861999999999997 0.5306722116665529 -2.5168630959519693
47971 11133865 1.2430216362383637 0.002493754223105854 0.38861999999999997 0.5306722116665529 -2.5168630959519693
47972 11133865 1.2034635930427684 0.003733877519708814 0.38861999999999997 0.5306722116665529 -2.5168630959519693
47973 11133865 1.1785642096700657 0.0036318652537052493 0.38861999999999997 0.5306722116665529 -2.5168630959519693
47974 11133865 1.153664826297363 0.0035298529877016843 0.38861999999999997 0.5306722116665529 -2.5168630959519693
47975 11133865 1.1404213037461794 0.003767436532754007 0.38861999999999997 0.5306722116665529 -2.5168630959519693
47976 11133865 1.0923181401172577 0.0019584434496282416 0.38861999999999997 0.5306722116665529 -2.5168630959519693
47977 11133865 1.0753707649908808 0.0020042557356102775 0.38861999999999997 0.5306722116665529 -2.5168630959519693
47978 11133865 1.058734423435258 0.0038177012821453827 0.38861999999999997 0.5306722116665529 -2.5168630959519693
47979 11133865 1.0203671731055517 0.0032678268652927838 0.38861999999999997 0.5306722116665529 -2.5168630959519693
47980 11133865 0.9991098116230068 0.005072373913351039 0.38861999999999997 0.5306722116665529 -2.5168630959519693
47981 11133865 0.9755551129265372 0.002019894452508608 0.38861999999999997 0.5306722116665529 -2.5168630959519693
47982 11133865 0.9529134217636616 0.0030307666859890657 0.39116 0.5306722116665529 -2.5168630959519693
47983 11133865 0.9302717306007859 0.004041638919469522 0.3937000000000001 0.5306722116665529 -2.5168630959519693
47984 11133865 0.9076300394379104 0.005052511152949982 0.39624 0.5306722116665529 -2.5168630959519693
47985 11133865 0.8893409194293365 0.005069886002635476 0.39624 0.5306722116665529 -2.5168630959519693
47986 11133865 0.8710517994207625 0.005087260852320971 0.39624 0.5306722116665529 -2.5168630959519693
47987 11133865 0.8527626794121885 0.005104635702006466 0.39624 0.5306722116665529 -2.5168630959519693
47988 11133865 0.8344735594036146 0.005122010551691961 0.39624 0.5306722116665529 -2.5168630959519693
47989 11133865 0.8161844393950406 0.0051393854013774545 0.39624 0.5306722116665529 -2.5168630959519693
47990 11133865 0.7887461103424783 0.006510686384986128 0.39624 0.5306722116665529 -2.5168630959519693
47991 11133865 0.7660294771053664 0.004937395212633283 0.39624 0.5306722116665529 -2.5168630959519693
47992 11133865 0.7498026937040452 0.003112893299644176 0.39624 0.5306722116665529 -2.5168630959519693
47993 11133865 0.7042116302821094 0.0032893163339967326 0.39624 0.5306722116665529 -2.5168630959519693
47994 11133865 0.6619569079977586 0.003076922192278078 0.39624 0.5306722116665529 -2.5168630959519693
47995 11133865 0.6197021857134078 0.002864528050559423 0.39624 0.5306722116665529 -2.5168630959519693
47996 11133865 0.6047500587668729 0.003310849361281704 0.39624 0.5306722116665529 -2.5168630959519693
47997 11133865 0.5577586294738122 0.002193438593288008 0.40005 0.5306722116665529 -2.5168630959519693
47998 11133865 0.5107672001807514 0.0010760278252943123 0.40386 0.5306722116665529 -2.5168630959519693
47999 11133865 0.4841565126887536 0.001856760374606529 0.40386 0.5306722116665529 -2.5168630959519693
48000 11133865 0.4575458251967559 0.002637492923918745 0.40386 0.5306722116665529 -2.5168630959519693
48001 11133865 0.4190254077414488 0.0017609908908385215 0.40386 0.5306722116665529 -2.5168630959519693
48002 11133865 0.3805049902861418 0.0008844888577582977 0.40386 0.5306722116665529 -2.5168630959519693
48003 11133865 0.33817247694039343 0.0039703689348353785 0.41148 0.978001393910093 -0.3195423726361111
48004 11133865 0.2944135843544212 0.002148490402492015 0.4191 0.978001393910093 -0.3195423726361111
48005 11133865 0.2203344848250344 -0.0016806797062891288 0.4191 0.978001393910093 -0.3195423726361111
48006 11133865 0.1966933231916389 0.0020734803185711304 0.4191 0.978001393910093 -0.3195423726361111
48007 11133865 0.14888595882703015 -0.00017691822308260607 0.4191 0.978001393910093 -0.3195423726361111
48008 11133865 0.10074110622269727 0.004693087528082146 0.42672 0.978001393910093 -0.3195423726361111
48009 11133865 0.05592736097548312 0.0034509568805924096 0.42672 0.978001393910093 -0.3195423726361111
48010 11133865 0.010941026282649036 0.0016813364140826625 0.4343400000000001 0.978001393910093 -0.3195423726361111
48011 11133865 -0.06690967750261423 -9.458727971220492e-05 0.44196 0.978001393910093 -0.3195423726361111
48012 11133865 -0.11256959110488284 0.0015111010006769454 0.44196 0.978001393910093 -0.3195423726361111
48013 11133865 -0.1497241628135727 -7.188272889920022e-05 0.4476750000000001 0.978001393910093 -0.3195423726361111
48014 11133865 -0.18687873452226256 -0.001654866458475346 0.4533900000000001 0.978001393910093 -0.3195423726361111
48015 11133865 -0.2243528100375281 -0.0014974567878249107 0.4591050000000001 0.978001393910093 -0.3195423726361111
48016 11133865 -0.26182688555279365 -0.0013400471171744757 0.4648200000000001 0.978001393910093 -0.3195423726361111
48017 11133865 -0.3128626361685189 0.002841941324926406 0.47244 0.978001393910093 -0.3195423726361111
48018 11133865 -0.3569092196854056 0.0012345507436912484 0.48768 0.978001393910093 -0.3195423726361111
48019 11133865 -0.40389678300995535 0.005846298646537046 0.48768 0.978001393910093 -0.3195423726361111
48020 11133865 -0.4691102793467692 0.005784856314683923 0.4953 0.978001393910093 -0.3195423726361111
48021 11133865 -0.5082565375186061 0.008301154738312805 0.50292 0.978001393910093 -0.3195423726361111
48022 11133865 -0.5364792883125993 0.006194983369487178 0.50292 0.978001393910093 -0.3195423726361111
48023 11133865 -0.6073733816518523 0.013483020629466907 0.51054 0.978001393910093 -0.3195423726361111
48024 11133865 -0.6562350742130552 0.013451556308456264 0.5181600000000001 0.978001393910093 -0.3195423726361111
48025 11133865 -0.6998810233367805 0.011715118594989998 0.5181600000000001 0.978001393910093 -0.3195423726361111
48026 11133865 -0.7703912859545429 0.013387990915547071 0.5181600000000001 0.978001393910093 -0.3195423726361111
48027 11133865 -0.8124454922354132 0.009729725317406207 0.52578 0.978001393910093 -0.3195423726361111
48028 11133865 -0.8466998625481449 0.008194836085222784 0.52959 0.978001393910093 -0.3195423726361111
48029 11133865 -0.8809542328608766 0.006659946853039361 0.5334 0.978001393910093 -0.3195423726361111
48030 11133865 -0.9256575936657704 0.003050623425724236 0.54102 0.978001393910093 -0.3195423726361111
48031 11133865 -0.9734629607124772 0.0048956056694385575 0.54102 0.978001393910093 -0.3195423726361111
48032 11133865 -1.0255265166056091 0.003226189507962801 0.54864 0.978001393910093 -0.3195423726361111
48033 11133865 -1.0747557458452253 0.0034343498664386185 0.5562600000000001 0.978001393910093 -0.3195423726361111
48034 11133865 -1.1279948120782322 -0.003458136202120904 0.56388 0.978001393910093 -0.3195423726361111
48035 11133865 -1.1832236584906248 -0.005026138946832043 0.5715 0.978001393910093 -0.3195423726361111
48036 11133865 -1.233829466703871 -0.004951007141458713 0.57912 0.978001393910093 -0.3195423726361111
48037 11133865 -1.2794656022246575 -0.01140793037501478 0.5867399999999999 0.978001393910093 -0.3195423726361111
48038 11133865 -1.3244200413038083 -0.013063551034086213 0.59436 0.978001393910093 -0.3195423726361111
48039 11133865 -1.3831546123322636 -0.021545452413859773 0.6096 0.978001393910093 -0.3195423726361111
48040 11133865 -1.4359961801574628 -0.03101956317839008 0.6096 0.978001393910093 -0.3195423726361111
48041 11133865 -1.4760503675291092 -0.039417852404163206 0.61722 0.978001393910093 -0.3195423726361111
48042 11133865 -1.513904482196551 -0.049236548876275404 0.6248400000000001 0.978001393910093 -0.3195423726361111
48043 11133865 -1.553596803972502 -0.061959021198329876 0.6248400000000001 0.978001393910093 -0.3195423726361111
48044 11133865 -1.6016438993482585 -0.08012740788837139 0.63246 0.978001393910093 -0.3195423726361111
48045 11133865 -1.6478847482950538 -0.10309253732624717 0.63246 0.978001393910093 -0.3195423726361111
48046 11133865 -1.6911772320915959 -0.1349668653951384 0.6400800000000001 0.978001393910093 -0.3195423726361111
48047 11133865 -1.7106924420227794 -0.15253570121613946 0.6400800000000001 0.978001393910093 -0.3195423726361111
48048 11133865 -1.7302076519539626 -0.17010453703714049 0.6400800000000001 0.978001393910093 -0.3195423726361111
48049 11133865 -1.7748572158272151 -0.22513619161769094 0.6477 0.978001393910093 -0.3195423726361111
48050 11133865 -1.802007002421529 -0.2701185241216381 0.65532 0.978001393910093 -0.3195423726361111
48051 11133865 -1.8232810918005704 -0.3215794540400421 0.65532 0.978001393910093 -0.3195423726361111
48052 11133865 -1.8390928520211571 -0.3699198243146479 0.6629400000000001 0.978001393910093 -0.3195423726361111
48053 11133865 -1.8453868054631024 -0.4190366049496427 0.67056 0.978001393910093 -0.3195423726361111
48054 11133865 -1.8502567295031356 -0.4665160540458835 0.6781800000000001 0.978001393910093 -0.3195423726361111
48055 11133865 -1.8471712542357213 -0.5276972796767737 0.6858000000000001 0.978001393910093 -0.3195423726361111
48056 11133865 -1.8402031649319823 -0.5732067619755344 0.69342 0.978001393910093 -0.3195423726361111
48057 11133865 -1.8247759198810285 -0.6439159835764096 0.7010400000000001 0.978001393910093 -0.3195423726361111
48058 11133865 -1.806380087119492 -0.6854516738848319 0.7086600000000001 0.978001393910093 -0.3195423726361111
48059 11133865 -1.785300221268178 -0.7269303879230232 0.7086600000000001 0.978001393910093 -0.3195423726361111
48060 11133865 -1.7533233989559347 -0.7883302322398623 0.7162800000000001 0.978001393910093 -0.3195423726361111
48061 11133865 -1.7259502151716946 -0.8333857083619615 0.7239000000000001 0.978001393910093 -0.3195423726361111
48062 11133865 -1.7060254950582172 -0.8729671659073854 0.7239000000000001 0.978001393910093 -0.3195423726361111
48063 11133865 -1.6765321490127174 -0.9202345035118046 0.7239000000000001 0.978001393910093 -0.3195423726361111
48064 11133865 -1.6602604005561936 -0.9443667976774944 0.7239000000000001 0.978001393910093 -0.3195423726361111
48065 11133865 -1.6439886520996698 -0.9684990918431844 0.7239000000000001 0.978001393910093 -0.3195423726361111
48066 11133865 -1.5985190346277485 -1.038632932075385 0.7239000000000001 0.978001393910093 -0.3195423726361111
48067 11133865 -1.5729315844505656 -1.0826358000385037 0.7239000000000001 0.978001393910093 -0.3195423726361111
48068 11133865 -1.5495098270427767 -1.1251123912471872 0.7239000000000001 0.978001393910093 -0.3195423726361111
48069 11133865 -1.5252851446283755 -1.167851367056842 0.7239000000000001 0.978001393910093 -0.3195423726361111
48070 11133865 -1.493344567237982 -1.2250305422832453 0.7239000000000001 0.978001393910093 -0.3195423726361111
48071 11133865 -1.4521473520032264 -1.2932979146288779 0.7239000000000001 0.978001393910093 -0.3195423726361111
48072 11133865 -1.4340535438358941 -1.3208290098450983 0.7239000000000001 0.978001393910093 -0.3195423726361111
48073 11133865 -1.4009553468753906 -1.3690389717338036 0.7239000000000001 0.978001393910093 -0.3195423726361111
48074 11133865 -1.3710846539231645 -1.4108189004561773 0.7239000000000001 0.978001393910093 -0.3195423726361111
48075 11133865 -1.3377350767081893 -1.460979827603305 0.73152 0.978001393910093 -0.3195423726361111
48076 11133865 -1.3048858142022366 -1.5072381492228837 0.73152 0.978001393910093 -0.3195423726361111
