42865 11034691 4.676090865520255 2.3828820277084786 0.73533 4.538277022418892 -2.4225798289808167
42866 11034691 4.661234362276532 2.3115095583546914 0.73152 4.538277022418892 -2.4225798289808167
42867 11034691 4.642644484325354 2.241842015265205 0.73152 4.538277022418892 -2.4225798289808167
42868 11034691 4.624054606374176 2.1721744721757186 0.73152 4.538277022418892 -2.4225798289808167
42869 11034691 4.605464728422999 2.1025069290862324 0.73152 4.538277022418892 -2.4225798289808167
42870 11034691 4.5960386887389415 2.065457576698768 0.73152 4.538277022418892 -2.4225798289808167
42871 11034691 4.586612649054882 2.0284082243113044 0.73152 4.538277022418892 -2.4225798289808167
42872 11034691 4.569345242868248 1.9591658275559265 0.73152 4.538277022418892 -2.4225798289808167
42873 11034691 4.5388969437994495 1.8508869430541803 0.73152 4.538277022418892 -2.4225798289808167
42874 11034691 4.520101837199406 1.7756015715764637 0.7391399999999999 4.538277022418892 -2.4225798289808167
42875 11034691 4.498893343454443 1.7095141377824423 0.7391399999999999 4.538277022418892 -2.4225798289808167
42876 11034691 4.483291092131165 1.6451018227690757 0.7391399999999999 4.538277022418892 -2.4225798289808167
42877 11034691 4.459224915129086 1.5727044890401407 0.7391399999999999 4.538277022418892 -2.4225798289808167
42878 11034691 4.431416384944409 1.4695217751102587 0.7391399999999999 4.538277022418892 -2.4225798289808167
42879 11034691 4.419618336131618 1.4333632411481891 0.74295 4.538277022418892 -2.4225798289808167
42880 11034691 4.407820287318828 1.3972047071861196 0.7467600000000001 4.538277022418892 -2.4225798289808167
42881 11034691 4.396728399970138 1.3632104096497475 0.7391399999999999 4.538277022418892 -2.4225798289808167
42882 11034691 4.367037316672596 1.2548013964170972 0.7391399999999999 4.538277022418892 -2.4225798289808167
42883 11034691 4.338136477097117 1.1662261962458873 0.7391399999999999 4.538277022418892 -2.4225798289808167
42884 11034691 4.322178948578075 1.1009953815478792 0.7391399999999999 4.538277022418892 -2.4225798289808167
42885 11034691 4.300994234206693 1.0360683880461825 0.7391399999999999 4.538277022418892 -2.4225798289808167
42886 11034691 4.285140182088116 0.9711542643853528 0.73152 4.538277022418892 -2.4225798289808167
42887 11034691 4.26285322467743 0.9028489552890422 0.7391399999999999 4.538277022418892 -2.4225798289808167
42888 11034691 4.245173644783241 0.8323394704900065 0.7391399999999999 4.538277022418892 -2.4225798289808167
42889 11034691 4.214680080630435 0.7225570476564982 0.7391399999999999 4.538277022418892 -2.4225798289808167
42890 11034691 4.200307576831974 0.662182466956155 0.7391399999999999 4.538277022418892 -2.4225798289808167
42891 11034691 4.187873358999702 0.6145503977908154 0.7391399999999999 4.538277022418892 -2.4225798289808167
42892 11034691 4.1754391411674305 0.5669183286254759 0.7391399999999999 4.538277022418892 -2.4225798289808167
42893 11034691 4.157759998584051 0.4964087576149186 0.7391399999999999 4.538277022418892 -2.4225798289808167
42894 11034691 4.141160943532864 0.4305696820316625 0.7391399999999999 4.538277022418892 -2.4225798289808167
42895 11034691 4.1101047618666735 0.31770020524266473 0.7391399999999999 4.538277022418892 -2.4225798289808167
42896 11034691 4.0960184726620765 0.2554801292021145 0.7391399999999999 4.538277022418892 -2.4225798289808167
42897 11034691 4.086442491796575 0.2261309952201604 0.7391399999999999 4.538277022418892 -2.4225798289808167
42898 11034691 4.071410098735513 0.16305151813878954 0.73533 4.538277022418892 -2.4225798289808167
42899 11034691 4.0563777056744525 0.09997204105741872 0.73152 4.538277022418892 -2.4225798289808167
42900 11034691 4.029203520424022 8.701977439548593e-05 0.7391399999999999 4.538277022418892 -2.4225798289808167
42901 11034691 4.005160396335197 -0.07360255002998409 0.7391399999999999 4.538277022418892 -2.4225798289808167
42902 11034691 3.987837482780909 -0.14411143312609234 0.7467600000000001 4.538277022418892 -2.4225798289808167
42903 11034691 3.970372329673012 -0.22485327676588265 0.73152 4.538277022418892 -2.4225798289808167
42904 11034691 3.9482583006934817 -0.29263080621148885 0.7391399999999999 4.538277022418892 -2.4225798289808167
42905 11034691 3.9330137664615212 -0.35704272692676675 0.73152 4.538277022418892 -2.4225798289808167
42906 11034691 3.9052861560550807 -0.4651574784040954 0.7391399999999999 4.538277022418892 -2.4225798289808167
42907 11034691 3.8988858828179063 -0.4956595289275215 0.73152 4.538277022418892 -2.4225798289808167
42908 11034691 3.873141333351111 -0.5800077634459616 0.73152 4.538277022418892 -2.4225798289808167
42909 11034691 3.844337855482123 -0.6846175412139482 0.7391399999999999 4.538277022418892 -2.4225798289808167
42910 11034691 3.836308534586729 -0.7173915269466679 0.73533 4.538277022418892 -2.4225798289808167
42911 11034691 3.828279213691334 -0.7501655126793875 0.73152 4.538277022418892 -2.4225798289808167
42912 11034691 3.8060688544523686 -0.8291253941755551 0.73152 4.538277022418892 -2.4225798289808167
42913 11034691 3.7809169146513635 -0.9225445491199794 0.7391399999999999 4.538277022418892 -2.4225798289808167
42914 11034691 3.763687432844272 -0.9916820436310416 0.7391399999999999 4.538277022418892 -2.4225798289808167
42915 11034691 3.7409572692129007 -1.0531842939758964 0.7391399999999999 4.538277022418892 -2.4225798289808167
42916 11034691 3.7232801209381767 -1.1236942516722208 0.73152 4.538277022418892 -2.4225798289808167
42917 11034691 3.700822074201354 -1.1925275376183502 0.73152 4.538277022418892 -2.4225798289808167
42918 11034691 3.684867311942288 -1.2577588958511734 0.7391399999999999 4.538277022418892 -2.4225798289808167
42919 11034691 3.658141530938837 -1.3315075235604503 0.7391399999999999 4.538277022418892 -2.4225798289808167
42920 11034691 3.6399513237331433 -1.3954254602397904 0.7391399999999999 4.538277022418892 -2.4225798289808167
42921 11034691 3.615908873689256 -1.4691150653339091 0.7391399999999999 4.538277022418892 -2.4225798289808167
42922 11034691 3.597014524106081 -1.5447179323872955 0.7467600000000001 4.538277022418892 -2.4225798289808167
42923 11034691 3.5656666095870166 -1.6489645864451692 0.7391399999999999 4.538277022418892 -2.4225798289808167
42924 11034691 3.552861164710444 -1.6971956254954341 0.7366 4.538277022418892 -2.4225798289808167
42925 11034691 3.5400557198338705 -1.7454266645456984 0.7340599999999999 4.538277022418892 -2.4225798289808167
42926 11034691 3.5272502749572974 -1.793657703595963 0.73152 4.538277022418892 -2.4225798289808167
42927 11034691 3.5063626717743084 -1.8647554429679243 0.73152 4.538277022418892 -2.4225798289808167
42928 11034691 3.4874526506854684 -1.9227147490329408 0.73152 4.538277022418892 -2.4225798289808167
42929 11034691 3.4616041774301056 -2.011467646752976 0.7391399999999999 4.538277022418892 -2.4225798289808167
42930 11034691 3.4519941803345606 -2.040922373451376 0.73152 4.538277022418892 -2.4225798289808167
42931 11034691 3.4261292094843405 -2.1433366859796568 0.7467600000000001 4.538277022418892 -2.4225798289808167
42932 11034691 3.397886283115225 -2.2571234132168265 0.75438 4.538277022418892 -2.4225798289808167
42933 11034691 3.3841819989061053 -2.3181828285534687 0.7391399999999999 4.538277022418892 -2.4225798289808167
42934 11034691 3.364966768350018 -2.396133874461452 0.7467600000000001 4.538277022418892 -2.4225798289808167
42935 11034691 3.3569847957425227 -2.4274046500770767 0.74295 4.538277022418892 -2.4225798289808167
42936 11034691 3.3490028231350277 -2.458675425692701 0.7391399999999999 4.538277022418892 -2.4225798289808167
42937 11034691 3.330809166704946 -2.5348571575645304 0.73152 4.538277022418892 -2.4225798289808167
42938 11034691 3.30065028173092 -2.653158320393726 0.73533 4.538277022418892 -2.4225798289808167
42939 11034691 3.2795268016211425 -2.7287929717452477 0.733425 4.538277022418892 -2.4225798289808167
42940 11034691 3.258403321511365 -2.8044276230967684 0.73152 4.538277022418892 -2.4225798289808167
42941 11034691 3.2433564875170253 -2.8696045263183088 0.73152 4.538277022418892 -2.4225798289808167
42942 11034691 3.226815578185048 -2.927110153519409 0.73152 4.538277022418892 -2.4225798289808167
42943 11034691 3.2102746688530712 -2.98461578072051 0.73152 4.538277022418892 -2.4225798289808167
42944 11034691 3.2006649353931054 -3.0140705423100984 0.73152 4.538277022418892 -2.4225798289808167
42945 11034691 3.175400668532978 -3.1092047553641815 0.73152 4.538277022418892 -2.4225798289808167
42946 11034691 3.150136401672853 -3.2043389684182646 0.73152 4.538277022418892 -2.4225798289808167
42947 11034691 3.1326339932109386 -3.2743215447205536 0.73152 4.538277022418892 -2.4225798289808167
42948 11034691 3.124505387119192 -3.299236689451311 0.7391399999999999 4.538277022418892 -2.4225798289808167
42949 11034691 3.0975193163223667 -3.3996496007080927 0.73152 4.538277022418892 -2.4225798289808167
42950 11034691 3.0800629853738255 -3.469763988040377 0.73152 4.538277022418892 -2.4225798289808167
42951 11034691 3.0464465365476032 -3.572802900316704 0.73152 4.538277022418892 -2.4225798289808167
42952 11034691 3.0311196894366006 -3.6265344200918608 0.7330439999999999 4.538277022418892 -2.4225798289808167
42953 11034691 3.015792842325598 -3.6802659398670174 0.734568 4.538277022418892 -2.4225798289808167
42954 11034691 3.000465995214596 -3.733997459642176 0.736092 4.538277022418892 -2.4225798289808167
42955 11034691 2.9851391481035927 -3.787728979417333 0.7376159999999999 4.538277022418892 -2.4225798289808167
42956 11034691 2.9698123009925896 -3.84146049919249 0.7391399999999999 4.538277022418892 -2.4225798289808167
42957 11034691 2.945768825008812 -3.923326110290597 0.7391399999999999 4.538277022418892 -2.4225798289808167
42958 11034691 2.921725349025033 -4.005191721388703 0.7391399999999999 5.37900766650551 -1.757483049498611
42959 11034691 2.898418266722886 -4.0793545126612765 0.7391399999999999 5.37900766650551 -1.757483049498611
42960 11034691 2.8825152884892478 -4.134907149780863 0.7391399999999999 5.37900766650551 -1.757483049498611
42961 11034691 2.8666123102556083 -4.1904597869004485 0.7391399999999999 5.37900766650551 -1.757483049498611
42962 11034691 2.8445000622621466 -4.2582374149770095 0.7391399999999999 5.37900766650551 -1.757483049498611
42963 11034691 2.8263550826940014 -4.332916194898742 0.7391399999999999 5.37900766650551 -1.757483049498611
42964 11034691 2.8083953590731947 -4.401581311289098 0.7391399999999999 5.37900766650551 -1.757483049498611
42965 11034691 2.7879127794070517 -4.467087160491546 0.7391399999999999 5.37900766650551 -1.757483049498611
42966 11034691 2.787961584364169 -4.467063417849545 0.7391391574524547 5.37900766650551 -1.757483049498611
42967 11034691 2.788010389321286 -4.467039675207545 0.7391383149049093 5.37900766650551 -1.757483049498611
42968 11034691 2.788059194278404 -4.467015932565545 0.739137472357364 5.37900766650551 -1.757483049498611
42969 11034691 2.7881079992355207 -4.466992189923545 0.7391366298098186 5.37900766650551 -1.757483049498611
42970 11034691 2.7881568041926377 -4.466968447281545 0.7391357872622734 5.37900766650551 -1.757483049498611
42971 11034691 2.7882056091497547 -4.466944704639545 0.7391349447147281 5.37900766650551 -1.757483049498611
42972 11034691 2.788254414106872 -4.466920961997545 0.7391341021671827 5.37900766650551 -1.757483049498611
42973 11034691 2.7883032190639896 -4.466897219355545 0.7391332596196374 5.37900766650551 -1.757483049498611
42974 11034691 2.7883520240211057 -4.466873476713545 0.739132417072092 5.37900766650551 -1.757483049498611
42975 11034691 2.788400828978223 -4.466849734071545 0.7391315745245467 5.37900766650551 -1.757483049498611
42976 11034691 2.78844963393534 -4.466825991429545 0.7391307319770013 5.37900766650551 -1.757483049498611
42977 11034691 2.7884984388924576 -4.466802248787545 0.739129889429456 5.37900766650551 -1.757483049498611
42978 11034691 2.788547243849574 -4.466778506145545 0.7391290468819107 5.37900766650551 -1.757483049498611
42979 11034691 2.788596048806692 -4.466754763503545 0.7391282043343653 5.37900766650551 -1.757483049498611
42980 11034691 2.7886448537638087 -4.466731020861546 0.73912736178682 5.37900766650551 -1.757483049498611
42981 11034691 2.788693658720926 -4.466707278219545 0.7391265192392746 5.37900766650551 -1.757483049498611
42982 11034691 2.7887424636780427 -4.466683535577546 0.7391256766917293 5.37900766650551 -1.757483049498611
42983 11034691 2.78879126863516 -4.466659792935545 0.7391248341441841 5.37900766650551 -1.757483049498611
42984 11034691 2.7888400735922767 -4.466636050293545 0.7391239915966387 5.37900766650551 -1.757483049498611
42985 11034691 2.788888878549394 -4.466612307651545 0.7391231490490934 5.37900766650551 -1.757483049498611
42986 11034691 2.788937683506512 -4.466588565009545 0.739122306501548 5.37900766650551 -1.757483049498611
42987 11034691 2.7889864884636286 -4.466564822367545 0.7391214639540027 5.37900766650551 -1.757483049498611
42988 11034691 2.7890352934207456 -4.466541079725545 0.7391206214064573 5.37900766650551 -1.757483049498611
42989 11034691 2.789084098377862 -4.466517337083545 0.739119778858912 5.37900766650551 -1.757483049498611
42990 11034691 2.78913290333498 -4.466493594441545 0.7391189363113667 5.37900766650551 -1.757483049498611
42991 11034691 2.7891817082920967 -4.466469851799545 0.7391180937638213 5.37900766650551 -1.757483049498611
42992 11034691 2.7892305132492137 -4.466446109157545 0.7391172512162758 5.37900766650551 -1.757483049498611
42993 11034691 2.789279318206331 -4.466422366515545 0.7391164086687306 5.37900766650551 -1.757483049498611
42994 11034691 2.789328123163448 -4.466398623873545 0.7391155661211853 5.37900766650551 -1.757483049498611
42995 11034691 2.7893769281205656 -4.466374881231546 0.7391147235736399 5.37900766650551 -1.757483049498611
42996 11034691 2.7894257330776826 -4.466351138589545 0.7391138810260947 5.37900766650551 -1.757483049498611
42997 11034691 2.7894745380348 -4.466327395947546 0.7391130384785494 5.37900766650551 -1.757483049498611
42998 11034691 2.7895233429919166 -4.466303653305545 0.739112195931004 5.37900766650551 -1.757483049498611
42999 11034691 2.789572147949034 -4.466279910663546 0.7391113533834587 5.37900766650551 -1.757483049498611
43000 11034691 2.7896209529061506 -4.466256168021545 0.7391105108359133 5.37900766650551 -1.757483049498611
43001 11034691 2.789669757863268 -4.466232425379545 0.739109668288368 5.37900766650551 -1.757483049498611
43002 11034691 2.7897185628203847 -4.466208682737545 0.7391088257408227 5.37900766650551 -1.757483049498611
43003 11034691 2.789767367777502 -4.466184940095545 0.7391079831932773 5.37900766650551 -1.757483049498611
43004 11034691 2.78981617273462 -4.466161197453545 0.739107140645732 5.37900766650551 -1.757483049498611
43005 11034691 2.7898649776917366 -4.466137454811545 0.7391062980981866 5.37900766650551 -1.757483049498611
43006 11034691 2.7899137826488536 -4.466113712169545 0.7391054555506413 5.37900766650551 -1.757483049498611
43007 11034691 2.7899625876059706 -4.466089969527545 0.7391046130030959 5.37900766650551 -1.757483049498611
43008 11034691 2.790011392563088 -4.466066226885545 0.7391037704555506 5.37900766650551 -1.757483049498611
43009 11034691 2.7900601975202046 -4.466042484243545 0.7391029279080054 5.37900766650551 -1.757483049498611
43010 11034691 2.7901090024773216 -4.4660187416015455 0.73910208536046 5.37900766650551 -1.757483049498611
43011 11034691 2.790157807434439 -4.465994998959545 0.7391012428129147 5.37900766650551 -1.757483049498611
43012 11034691 2.790206612391556 -4.4659712563175455 0.7391004002653693 5.37900766650551 -1.757483049498611
43013 11034691 2.7902554173486736 -4.465947513675545 0.7390995577178241 5.37900766650551 -1.757483049498611
43014 11034691 2.7903042223057906 -4.4659237710335455 0.7390987151702787 5.37900766650551 -1.757483049498611
43015 11034691 2.790353027262908 -4.465900028391545 0.7390978726227333 5.37900766650551 -1.757483049498611
43016 11034691 2.7904018322200246 -4.4658762857495455 0.739097030075188 5.37900766650551 -1.757483049498611
43017 11034691 2.790450637177142 -4.465852543107545 0.7390961875276426 5.37900766650551 -1.757483049498611
43018 11034691 2.7904994421342595 -4.465828800465545 0.7390953449800973 5.37900766650551 -1.757483049498611
43019 11034691 2.790548247091376 -4.465805057823545 0.7390945024325519 5.37900766650551 -1.757483049498611
43020 11034691 2.790597052048493 -4.465781315181545 0.7390936598850066 5.37900766650551 -1.757483049498611
43021 11034691 2.79064585700561 -4.465757572539545 0.7390928173374613 5.37900766650551 -1.757483049498611
43022 11034691 2.7906946619627275 -4.465733829897545 0.7390919747899158 5.37900766650551 -1.757483049498611
43023 11034691 2.7907434669198445 -4.465710087255545 0.7390911322423707 5.37900766650551 -1.757483049498611
43024 11034691 2.790792271876961 -4.465686344613545 0.7390902896948253 5.37900766650551 -1.757483049498611
43025 11034691 2.7908410768340786 -4.4656626019715455 0.73908944714728 5.37900766650551 -1.757483049498611
