52301 10532852 1.2869617989746556 0.00379438206810849 0.37338000000000005 5.37900766650551 -1.757483049498611
52302 10532852 1.270232727377557 0.004235757046791966 0.37338000000000005 5.37900766650551 -1.757483049498611
52303 10532852 1.2483441918510525 0.0051943674205642 0.37338000000000005 5.37900766650551 -1.757483049498611
52304 10532852 1.2151890560711278 0.005102221995285343 0.36957 5.37900766650551 -1.757483049498611
52305 10532852 1.1820339202912034 0.005010076570006489 0.36576 5.37900766650551 -1.757483049498611
52306 10532852 1.1500505502610898 0.0006216999319063332 0.37338000000000005 5.37900766650551 -1.757483049498611
52307 10532852 1.1292402364095124 0.002163010210140634 0.37338000000000005 5.37900766650551 -1.757483049498611
52308 10532852 1.0966753322416412 0.002112736488359675 0.375666 5.37900766650551 -1.757483049498611
52309 10532852 1.0641104280737699 0.002062462766578716 0.377952 5.37900766650551 -1.757483049498611
52310 10532852 1.031545523905899 0.002012189044797756 0.380238 5.37900766650551 -1.757483049498611
52311 10532852 0.9989806197380278 0.0019619153230167967 0.382524 5.37900766650551 -1.757483049498611
52312 10532852 0.9664157155701566 0.001911641601235837 0.38481 5.37900766650551 -1.757483049498611
52313 10532852 0.9338508114022854 0.0018613678794548786 0.387096 5.37900766650551 -1.757483049498611
52314 10532852 0.9012859072344144 0.0018110941576739191 0.389382 5.37900766650551 -1.757483049498611
52315 10532852 0.8687210030665431 0.0017608204358929593 0.39166799999999996 5.37900766650551 -1.757483049498611
52316 10532852 0.8361560988986719 0.0017105467141120005 0.39395399999999997 5.37900766650551 -1.757483049498611
52317 10532852 0.8035911947308008 0.001660272992331041 0.39624 5.37900766650551 -1.757483049498611
52318 10532852 0.7623868307781296 0.0026228914820728287 0.40005 5.37900766650551 -1.757483049498611
52319 10532852 0.7211824668254585 0.0035855099718146155 0.40386 5.37900766650551 -1.757483049498611
52320 10532852 0.6873557064547751 0.0033451826647295517 0.40894 5.37900766650551 -1.757483049498611
52321 10532852 0.6535289460840914 0.003104855357644487 0.41402 5.37900766650551 -1.757483049498611
52322 10532852 0.6197021857134078 0.002864528050559423 0.4191 5.37900766650551 -1.757483049498611
52323 10532852 0.5815158397193299 0.00015479038831162084 0.4191 5.37900766650551 -1.757483049498611
52324 10532852 0.5366790010930484 -0.002250827865052943 0.42672 5.37900766650551 -1.757483049498611
52325 10532852 0.5155818247416855 -0.000497272773060789 0.42672 5.37900766650551 -1.757483049498611
52326 10532852 0.4785718541152213 -0.0017800055717748925 0.42672 5.37900766650551 -1.757483049498611
52327 10532852 0.4415618834887571 -0.003062738370488996 0.42672 5.37900766650551 -1.757483049498611
52328 10532852 0.4034021009970196 -0.0013408170468011404 0.4343400000000001 5.37900766650551 -1.757483049498611
52329 10532852 0.3652992803453911 1.2194980213098285e-05 0.44196 5.37900766650551 -1.757483049498611
52330 10532852 0.3152589026013421 0.0007102838118515643 0.44196 5.37900766650551 -1.757483049498611
52331 10532852 0.2992282081797064 0.0005750418317168603 0.4343400000000001 5.37900766650551 -1.757483049498611
52332 10532852 0.24370714589737785 0.0018964234192665184 0.44958 5.37900766650551 -1.757483049498611
52333 10532852 0.1939065374282486 0.0016991311714963098 0.4572000000000001 5.37900766650551 -1.757483049498611
52334 10532852 0.15542549353372534 0.003527288935786965 0.4572000000000001 5.37900766650551 -1.757483049498611
52335 10532852 0.1271645972782246 0.00265799731848973 0.46101 5.37900766650551 -1.757483049498611
52336 10532852 0.09890370102272383 0.0017887057011924945 0.4648200000000001 5.37900766650551 -1.757483049498611
52337 10532852 0.06129397526507485 0.0035662201450455118 0.47244 5.37900766650551 -1.757483049498611
52338 10532852 0.019270809482982317 0.006786434775495703 0.47244 5.37900766650551 -1.757483049498611
52339 10532852 -0.018041274174286137 0.008116570581807897 0.47244 5.37900766650551 -1.757483049498611
52340 10532852 -0.06373556910710965 0.009616391347107428 0.48006000000000004 5.37900766650551 -1.757483049498611
52341 10532852 -0.11901576590966713 0.011679492290978338 0.48768 5.37900766650551 -1.757483049498611
52342 10532852 -0.1631053266887157 0.012655376208828034 0.48768 5.37900766650551 -1.757483049498611
52343 10532852 -0.2020826261683415 0.01160993298910104 0.4953 5.37900766650551 -1.757483049498611
52344 10532852 -0.22318258432358884 0.010912997162012078 0.50292 5.37900766650551 -1.757483049498611
52345 10532852 -0.2667635969612061 0.01616285561031996 0.51054 5.37900766650551 -1.757483049498611
52346 10532852 -0.30813551704722864 0.017302703786506918 0.51054 5.37900766650551 -1.757483049498611
52347 10532852 -0.35012858241464073 0.016542842553337517 0.5181600000000001 5.37900766650551 -1.757483049498611
52348 10532852 -0.3826914451076375 0.020177724677856692 0.52578 5.37900766650551 -1.757483049498611
52349 10532852 -0.4203016745552903 0.021957795890678672 0.5334 5.37900766650551 -1.757483049498611
52350 10532852 -0.4701250777187933 0.023057404665686367 0.54102 5.37900766650551 -1.757483049498611
52351 10532852 -0.50687682105263 0.023388919259654226 0.54864 5.37900766650551 -1.757483049498611
52352 10532852 -0.5440057265007927 0.025012247204519417 0.5562600000000001 5.37900766650551 -1.757483049498611
52353 10532852 -0.5619085141435683 0.028119605829964037 0.5600700000000001 5.37900766650551 -1.757483049498611
52354 10532852 -0.579811301786344 0.03122696445540865 0.56388 5.37900766650551 -1.757483049498611
52355 10532852 -0.6167228141165915 0.032429082145525784 0.56388 5.37900766650551 -1.757483049498611
52356 10532852 -0.649919888373995 0.03276747341557515 0.5715 5.37900766650551 -1.757483049498611
52357 10532852 -0.6879316033172739 0.034680140426673306 0.57912 5.37900766650551 -1.757483049498611
52358 10532852 -0.7296578362592643 0.03745697013760965 0.57912 5.37900766650551 -1.757483049498611
52359 10532852 -0.7812030073978262 0.03736903720981419 0.59436 5.37900766650551 -1.757483049498611
52360 10532852 -0.8028513483094644 0.0390728381742704 0.59436 5.37900766650551 -1.757483049498611
52361 10532852 -0.8582578413512056 0.04211729620038249 0.6019800000000001 5.37900766650551 -1.757483049498611
52362 10532852 -0.8894102891177194 0.045994254919002525 0.6019800000000001 5.37900766650551 -1.757483049498611
52363 10532852 -0.9279960165927084 0.047511646997305895 0.6096 5.37900766650551 -1.757483049498611
52364 10532852 -0.9608612224086625 0.04750920350830054 0.61722 5.37900766650551 -1.757483049498611
52365 10532852 -0.9799707776153649 0.048149721785913514 0.61722 5.37900766650551 -1.757483049498611
52366 10532852 -0.9990803328220677 0.04879024006352648 0.61722 5.37900766650551 -1.757483049498611
52367 10532852 -1.0475240091910736 0.054115903868249576 0.63246 5.37900766650551 -1.757483049498611
52368 10532852 -1.081476473814598 0.05622205399307065 0.63246 5.37900766650551 -1.757483049498611
52369 10532852 -1.1351533891159291 0.057768286663273126 0.6477 5.37900766650551 -1.757483049498611
52370 10532852 -1.1688472057198231 0.05523362481979074 0.6477 5.37900766650551 -1.757483049498611
52371 10532852 -1.2048619163822607 0.0591830831463703 0.65532 5.37900766650551 -1.757483049498611
52372 10532852 -1.253758975310722 0.059050190560635964 0.65532 5.37900766650551 -1.757483049498611
52373 10532852 -1.285494207866791 0.05978961719433538 0.65532 5.37900766650551 -1.757483049498611
52374 10532852 -1.3172294404228602 0.060529043828034784 0.65532 5.37900766650551 -1.757483049498611
52375 10532852 -1.35151885042821 0.05889096388382351 0.6629400000000001 5.37900766650551 -1.757483049498611
52376 10532852 -1.4118488516428755 0.05910985015195978 0.6629400000000001 5.37900766650551 -1.757483049498611
52377 10532852 -1.4444299857940643 0.05726399004346557 0.6629400000000001 5.37900766650551 -1.757483049498611
52378 10532852 -1.4746898492256808 0.05980000035296471 0.6667500000000001 3.1767939156932234 -1.695805880286572
52379 10532852 -1.5049497126572973 0.062336010662463824 0.67056 3.1767939156932234 -1.695805880286572
52380 10532852 -1.5470396969735785 0.05857654875627824 0.67056 3.1767939156932234 -1.695805880286572
52381 10532852 -1.5891447820313036 0.061832555030082864 0.6781800000000001 3.1767939156932234 -1.695805880286572
52382 10532852 -1.6313413423594538 0.06535239818912783 0.6781800000000001 3.1767939156932234 -1.695805880286572
52383 10532852 -1.6688045326017633 0.06650637753708552 0.6781800000000001 3.1767939156932234 -1.695805880286572
52384 10532852 -1.7065275636544164 0.0760996406631331 0.6858000000000001 3.1767939156932234 -1.695805880286572
52385 10532852 -1.7442505947070697 0.08569290378918068 0.69342 3.1767939156932234 -1.695805880286572
52386 10532852 -1.783518279989084 0.09327970284243843 0.69342 3.1767939156932234 -1.695805880286572
52387 10532852 -1.8135290223764364 0.10309646484869114 0.69342 3.1767939156932234 -1.695805880286572
52388 10532852 -1.856417548596412 0.12296790123332033 0.7010400000000001 3.1767939156932234 -1.695805880286572
52389 10532852 -1.8926979269448658 0.1451178934366257 0.7010400000000001 3.1767939156932234 -1.695805880286572
52390 10532852 -1.9154687450172967 0.15805830682226904 0.7010400000000001 3.1767939156932234 -1.695805880286572
52391 10532852 -1.9534898519658912 0.18194655030859405 0.7086600000000001 3.1767939156932234 -1.695805880286572
52392 10532852 -1.9737386929874103 0.1987942725715489 0.7086600000000001 3.1767939156932234 -1.695805880286572
52393 10532852 -1.9939875340089293 0.21564199483450386 0.7086600000000001 3.1767939156932234 -1.695805880286572
52394 10532852 -2.022613126704369 0.2421823036157028 0.7162800000000001 3.1767939156932234 -1.695805880286572
52395 10532852 -2.0634966339114182 0.288272894526317 0.7239000000000001 3.1767939156932234 -1.695805880286572
52396 10532852 -2.0796943419839393 0.3025688584173753 0.7239000000000001 3.1767939156932234 -1.695805880286572
52397 10532852 -2.11398851679824 0.3538652265814769 0.7239000000000001 3.1767939156932234 -1.695805880286572
52398 10532852 -2.1292141293124613 0.3752043757408973 0.73152 3.1767939156932234 -1.695805880286572
52399 10532852 -2.164012275308556 0.4263155886637836 0.73152 3.1767939156932234 -1.695805880286572
52400 10532852 -2.183803176656028 0.4649223083612462 0.7391399999999999 3.1767939156932234 -1.695805880286572
52401 10532852 -2.2035937961150784 0.5035290723091419 0.7467600000000001 3.1767939156932234 -1.695805880286572
52402 10532852 -2.2137657173930285 0.5308098974930553 0.75057 3.1767939156932234 -1.695805880286572
52403 10532852 -2.2239376386709786 0.5580907226769687 0.75438 3.1767939156932234 -1.695805880286572
52404 10532852 -2.233545732071687 0.5775923680369401 0.76962 3.1767939156932234 -1.695805880286572
52405 10532852 -2.2506772845130993 0.6419696167522042 0.7772399999999999 3.1767939156932234 -1.695805880286572
52406 10532852 -2.2557060562580205 0.6917542928733077 0.7924800000000001 3.1767939156932234 -1.695805880286572
52407 10532852 -2.2631012939276163 0.7288763974834213 0.80772 3.1767939156932234 -1.695805880286572
52408 10532852 -2.2686073245569665 0.7636277457390465 0.8153400000000001 3.1767939156932234 -1.695805880286572
52409 10532852 -2.270590117253241 0.7915009923661619 0.8153400000000001 3.1767939156932234 -1.695805880286572
52410 10532852 -2.272572909949515 0.8193742389932775 0.8153400000000001 3.1767939156932234 -1.695805880286572
52411 10532852 -2.269402294101585 0.8779268575770999 0.82296 3.1767939156932234 -1.695805880286572
52412 10532852 -2.268127380253269 0.9154837830051398 0.82296 3.1767939156932234 -1.695805880286572
52413 10532852 -2.2681094103883632 0.9339975859880892 0.8267700000000001 3.1767939156932234 -1.695805880286572
52414 10532852 -2.268091440523456 0.9525113889710384 0.8305800000000001 3.1767939156932234 -1.695805880286572
52415 10532852 -2.259336455036313 1.0107557674429721 0.8305800000000001 3.1767939156932234 -1.695805880286572
52416 10532852 -2.2548148646929302 1.0582336743753904 0.8382000000000001 3.1767939156932234 -1.695805880286572
52417 10532852 -2.2455462341423478 1.1055604025111456 0.8382000000000001 3.1767939156932234 -1.695805880286572
52418 10532852 -2.239550433118609 1.1401705212311684 0.8458200000000001 3.1767939156932234 -1.695805880286572
52419 10532852 -2.223401071652692 1.2058102410066276 0.8458200000000001 3.1767939156932234 -1.695805880286572
52420 10532852 -2.217951068948597 1.230608832487608 0.8458200000000001 3.1767939156932234 -1.695805880286572
52421 10532852 -2.212501066244502 1.2554074239685882 0.8458200000000001 3.1767939156932234 -1.695805880286572
52422 10532852 -2.204661431195552 1.2793656584396522 0.8458200000000001 3.1767939156932234 -1.695805880286572
52423 10532852 -2.188131986629473 1.3461663115069515 0.8458200000000001 3.1767939156932234 -1.695805880286572
52424 10532852 -2.1792428539799262 1.392331983256388 0.8534400000000001 3.1767939156932234 -1.695805880286572
52425 10532852 -2.156725379734449 1.4611459271857907 0.8534400000000001 3.1767939156932234 -1.695805880286572
52426 10532852 -2.1422202567941437 1.5054739319601151 0.86106 3.1767939156932234 -1.695805880286572
52427 10532852 -2.1323669971684045 1.5260858672631654 0.86106 3.1767939156932234 -1.695805880286572
52428 10532852 -2.1225137375426657 1.5466978025662157 0.86106 3.1767939156932234 -1.695805880286572
52429 10532852 -2.098856626075229 1.6189946983002923 0.86106 3.1767939156932234 -1.695805880286572
52430 10532852 -2.0781566121832187 1.6659693686102213 0.8686800000000001 3.1767939156932234 -1.695805880286572
52431 10532852 -2.062615473485668 1.7134636986872467 0.8686800000000001 3.1767939156932234 -1.695805880286572
52432 10532852 -2.04191555464591 1.7604384122281271 0.8686800000000001 3.1767939156932234 -1.695805880286572
52433 10532852 -2.02270073600171 1.802874804616705 0.8686800000000001 3.1767939156932234 -1.695805880286572
52434 10532852 -1.99733862824196 1.8640978870588785 0.88392 3.1767939156932234 -1.695805880286572
52435 10532852 -1.970298124034536 1.9114515935698304 0.88392 3.1767939156932234 -1.695805880286572
52436 10532852 -1.9490358725607768 1.9590602456913284 0.88392 3.1767939156932234 -1.695805880286572
52437 10532852 -1.9330501555877189 1.991832881399377 0.8877299999999999 3.1767939156932234 -1.695805880286572
52438 10532852 -1.9170644386146605 2.024605517107426 0.89154 3.1767939156932234 -1.695805880286572
52439 10532852 -1.8940673418668337 2.070799415114173 0.8991600000000001 3.1767939156932234 -1.695805880286572
52440 10532852 -1.8710702451190069 2.11699331312092 0.90678 3.1767939156932234 -1.695805880286572
52441 10532852 -1.845306009368546 2.1620773155944786 0.90678 3.1767939156932234 -1.695805880286572
52442 10532852 -1.8256716961567288 2.201455434868873 0.90678 3.1767939156932234 -1.695805880286572
52443 10532852 -1.7991501010739512 2.2472264039410708 0.90678 3.1767939156932234 -1.695805880286572
52444 10532852 -1.7702003320863826 2.3085609623691425 0.90678 3.1767939156932234 -1.695805880286572
52445 10532852 -1.7453899859381588 2.343674934547165 0.90678 3.1767939156932234 -1.695805880286572
52446 10532852 -1.7209033041849888 2.3940844728099564 0.9144 3.1767939156932234 -1.695805880286572
52447 10532852 -1.6898455683684432 2.4374365411866314 0.92202 3.1767939156932234 -1.695805880286572
52448 10532852 -1.66998673765941 2.4737033573958023 0.92202 3.1767939156932234 -1.695805880286572
52449 10532852 -1.6501279069503767 2.509970173604973 0.92202 3.1767939156932234 -1.695805880286572
52450 10532852 -1.6230970953247847 2.560014709361025 0.9144 3.1767939156932234 -1.695805880286572
52451 10532852 -1.5780167698223777 2.6310274632372086 0.9144 3.1767939156932234 -1.695805880286572
52452 10532852 -1.5470080294194215 2.6812894654318646 0.90678 3.1767939156932234 -1.695805880286572
52453 10532852 -1.5268891826789102 2.723780806824215 0.90678 3.1767939156932234 -1.695805880286572
52454 10532852 -1.5015087419905802 2.7660695718080457 0.9144 3.1767939156932234 -1.695805880286572
52455 10532852 -1.4698732125968703 2.813906555716085 0.90678 3.1767939156932234 -1.695805880286572
52456 10532852 -1.4502012384036973 2.8482483081574204 0.90678 3.1767939156932234 -1.695805880286572
52457 10532852 -1.4305292642105245 2.8825900605987558 0.90678 3.1767939156932234 -1.695805880286572
52458 10532852 -1.3940941953197803 2.9450979395470323 0.90678 3.1767939156932234 -1.695805880286572
52459 10532852 -1.360655829141297 2.9957336265476746 0.90678 3.1767939156932234 -1.695805880286572
52460 10532852 -1.333098529338134 3.0463071913216826 0.90678 3.1767939156932234 -1.695805880286572
52461 10532852 -1.3069003590694568 3.0921843790794434 0.90678 3.1767939156932234 -1.695805880286572
52462 10532852 -1.2788432666833354 3.148086065627054 0.9144 3.1767939156932234 -1.695805880286572
52463 10532852 -1.2534373998965174 3.193170932067357 0.9144 3.1767939156932234 -1.695805880286572
52464 10532852 -1.2120766222023451 3.262596950134403 0.9144 3.1767939156932234 -1.695805880286572
52465 10532852 -1.1989845902817675 3.2890431703083585 0.9144 3.1767939156932234 -1.695805880286572
52466 10532852 -1.18589255836119 3.315489390482315 0.9144 3.1767939156932234 -1.695805880286572
52467 10532852 -1.160452621017669 3.36068002031416 0.90678 3.1767939156932234 -1.695805880286572
52468 10532852 -1.1390073812145436 3.401802858780353 0.9144 3.1767939156932234 -1.695805880286572
52469 10532852 -1.1133604902904433 3.4476268676453783 0.9144 3.1767939156932234 -1.695805880286572
52470 10532852 -1.0773677721020454 3.515304029495033 0.9144 3.1767939156932234 -1.695805880286572
52471 10532852 -1.0515384964693146 3.5606010442429437 0.9144 3.1767939156932234 -1.695805880286572
52472 10532852 -1.0297060368440678 3.600195154529215 0.9144 3.1767939156932234 -1.695805880286572
52473 10532852 -1.0120173302933535 3.6271239015354295 0.9144 3.1767939156932234 -1.695805880286572
52474 10532852 -0.9943286237426394 3.6540526485416436 0.9144 3.1767939156932234 -1.695805880286572
52475 10532852 -0.9569910891678246 3.7166162833758998 0.9144 3.1767939156932234 -1.695805880286572
52476 10532852 -0.9331406636361106 3.756952371099693 0.9144 3.1767939156932234 -1.695805880286572
52477 10532852 -0.9109210672226388 3.795017802725905 0.92202 3.1767939156932234 -1.695805880286572
52478 10532852 -0.8918405113809821 3.834343879826721 0.92202 3.1767939156932234 -1.695805880286572
52479 10532852 -0.8500125750740519 3.8954385955924082 0.92202 3.1767939156932234 -1.695805880286572
52480 10532852 -0.8421744346920301 3.9193974405747247 0.92202 3.1767939156932234 -1.695805880286572
52481 10532852 -0.8056912241594605 3.9782681223562624 0.92202 3.1767939156932234 -1.695805880286572
52482 10532852 -0.7768348284950963 4.033908686085768 0.92202 3.1767939156932234 -1.695805880286572
52483 10532852 -0.755928010603925 4.0679637072628605 0.92964 3.1767939156932234 -1.695805880286572
52484 10532852 -0.7437855173858425 4.08811916387743 0.92964 3.1767939156932234 -1.695805880286572
52485 10532852 -0.7316430241677601 4.108274620491998 0.92964 3.1767939156932234 -1.695805880286572
52486 10532852 -0.6930855911107161 4.175931036718492 0.92964 3.1767939156932234 -1.695805880286572
52487 10532852 -0.6676826452962219 4.221017296430256 0.92964 3.1767939156932234 -1.695805880286572
52488 10532852 -0.6480672138105295 4.258182206920922 0.92964 3.1767939156932234 -1.695805880286572
52489 10532852 -0.6286735148380771 4.300911213027069 0.92964 3.1767939156932234 -1.695805880286572
52490 10532852 -0.6009708750463241 4.351671482157253 0.92964 3.1767939156932234 -1.695805880286572
52491 10532852 -0.5812454200835226 4.394058295827431 0.92964 3.1767939156932234 -1.695805880286572
52492 10532852 -0.5645050408123744 4.424335407315763 0.92964 3.1767939156932234 -1.695805880286572
52493 10532852 -0.5477646615412262 4.454612518804093 0.92964 3.1767939156932234 -1.695805880286572
52494 10532852 -0.522409161203053 4.515838501381347 0.92964 3.1767939156932234 -1.695805880286572
52495 10532852 -0.5096908205690145 4.538434587913884 0.92964 3.1767939156932234 -1.695805880286572
52496 10532852 -0.4795585091140078 4.5979811058028295 0.92964 3.1767939156932234 -1.695805880286572
52497 10532852 -0.4440647253390953 4.6560074390742185 0.92964 3.1767939156932234 -1.695805880286572
52498 10532852 -0.4388467001979596 4.66680248742316 0.92964 3.1767939156932234 -1.695805880286572
52499 10532852 -0.4336286750568239 4.677597535772101 0.92964 3.1767939156932234 -1.695805880286572
52500 10532852 -0.4026013324518507 4.7382534183642235 0.92202 3.1767939156932234 -1.695805880286572
52501 10532852 -0.3754233813626455 4.783343434368848 0.92964 3.1767939156932234 -1.695805880286572
52502 10532852 -0.34481976027879435 4.836192795726875 0.92964 3.1767939156932234 -1.695805880286572
52503 10532852 -0.3142161391949432 4.889042157084903 0.92964 3.1767939156932234 -1.695805880286572
52504 10532852 -0.29136616557836226 4.924973915602763 0.92964 3.1767939156932234 -1.695805880286572
52505 10532852 -0.2685161919617813 4.960905674120622 0.92964 3.1767939156932234 -1.695805880286572
52506 10532852 -0.2661421502658925 4.958968839803688 0.9295276367869616 3.1767939156932234 -1.695805880286572
52507 10532852 -0.2637681085700038 4.957032005486755 0.9294152735739232 3.1767939156932234 -1.695805880286572
52508 10532852 -0.26139406687411504 4.9550951711698215 0.9293029103608847 3.1767939156932234 -1.695805880286572
52509 10532852 -0.25902002517822625 4.953158336852888 0.9291905471478464 3.1767939156932234 -1.695805880286572
52510 10532852 -0.2566459834823375 4.9512215025359545 0.9290781839348079 3.1767939156932234 -1.695805880286572
52511 10532852 -0.25427194178644874 4.949284668219022 0.9289658207217696 3.1767939156932234 -1.695805880286572
52512 10532852 -0.25189790009056 4.947347833902088 0.9288534575087312 3.1767939156932234 -1.695805880286572
52513 10532852 -0.2495238583946712 4.945410999585153 0.9287410942956928 3.1767939156932234 -1.695805880286572
52514 10532852 -0.2471498166987824 4.9434741652682215 0.9286287310826544 3.1767939156932234 -1.695805880286572
52515 10532852 -0.24477577500289366 4.941537330951287 0.928516367869616 3.1767939156932234 -1.695805880286572
52516 10532852 -0.2424017333070049 4.939600496634354 0.9284040046565776 3.1767939156932234 -1.695805880286572
52517 10532852 -0.2400276916111161 4.937663662317419 0.9282916414435392 3.1767939156932234 -1.695805880286572
52518 10532852 -0.2376536499152273 4.935726828000487 0.9281792782305008 3.1767939156932234 -1.695805880286572
52519 10532852 -0.2352796082193385 4.933789993683552 0.9280669150174624 3.1767939156932234 -1.695805880286572
52520 10532852 -0.2329055665234498 4.931853159366621 0.927954551804424 3.1767939156932234 -1.695805880286572
52521 10532852 -0.230531524827561 4.929916325049686 0.9278421885913856 3.1767939156932234 -1.695805880286572
52522 10532852 -0.22815748313167225 4.927979490732753 0.927729825378347 3.1767939156932234 -1.695805880286572
52523 10532852 -0.2257834414357835 4.926042656415818 0.9276174621653086 3.1767939156932234 -1.695805880286572
52524 10532852 -0.2234093997398947 4.924105822098887 0.9275050989522702 3.1767939156932234 -1.695805880286572
52525 10532852 -0.22103535804400595 4.922168987781952 0.9273927357392318 3.1767939156932234 -1.695805880286572
52526 10532852 -0.2186613163481172 4.920232153465018 0.9272803725261932 3.1767939156932234 -1.695805880286572
52527 10532852 -0.2162872746522284 4.918295319148085 0.927168009313155 3.1767939156932234 -1.695805880286572
52528 10532852 -0.21391323295633966 4.916358484831153 0.9270556461001166 3.1767939156932234 -1.695805880286572
52529 10532852 -0.21153919126045084 4.9144216505142175 0.9269432828870782 3.1767939156932234 -1.695805880286572
52530 10532852 -0.2091651495645621 4.912484816197285 0.9268309196740396 3.1767939156932234 -1.695805880286572
52531 10532852 -0.20679110786867333 4.910547981880352 0.9267185564610012 3.1767939156932234 -1.695805880286572
52532 10532852 -0.20441706617278452 4.908611147563418 0.9266061932479628 3.1767939156932234 -1.695805880286572
52533 10532852 -0.20204302447689576 4.9066743132464845 0.9264938300349244 3.1767939156932234 -1.695805880286572
52534 10532852 -0.199668982781007 4.904737478929551 0.926381466821886 3.1767939156932234 -1.695805880286572
52535 10532852 -0.19729494108511825 4.9028006446126176 0.9262691036088476 3.1767939156932234 -1.695805880286572
52536 10532852 -0.19492089938922946 4.900863810295684 0.9261567403958092 3.1767939156932234 -1.695805880286572
52537 10532852 -0.19254685769334068 4.8989269759787515 0.9260443771827708 3.1767939156932234 -1.695805880286572
52538 10532852 -0.19017281599745192 4.896990141661816 0.9259320139697323 3.1767939156932234 -1.695805880286572
52539 10532852 -0.1877987743015632 4.895053307344884 0.925819650756694 3.1767939156932234 -1.695805880286572
52540 10532852 -0.1854247326056744 4.89311647302795 0.9257072875436556 3.1767939156932234 -1.695805880286572
