8609 10979952 0.26815817818103105 0.006055802838930979 0.36576 3.5236083343327564 0.7429410963331737
8610 10979952 0.22467514317440074 0.005078799126758543 0.36576 3.5236083343327564 0.7429410963331737
8611 10979952 0.18179049197565167 0.0064767272150403074 0.36576 3.5236083343327564 0.7429410963331737
8612 10979952 0.13943668200464376 0.005423328814071801 0.36576 3.5236083343327564 0.7429410963331737
8613 10979952 0.09708287203363586 0.004369930413103296 0.36576 3.5236083343327564 0.7429410963331737
8614 10979952 0.05716934412598618 0.00725092465879129 0.36576 3.5236083343327564 0.7429410963331737
8615 10979952 0.013468469600846687 0.0066967857153809865 0.36576 3.5236083343327564 0.7429410963331737
8616 10979952 -0.026791699605566488 0.006887581426757855 0.36576 3.5236083343327564 0.7429410963331737
8617 10979952 -0.07013724427260604 0.0063345999129842115 0.39624 3.5236083343327564 0.7429410963331737
8618 10979952 -0.1076091483487217 0.00853522725441827 0.39624 3.5236083343327564 0.7429410963331737
8619 10979952 -0.14986120060690644 0.012415359112218556 0.39624 3.5236083343327564 0.7429410963331737
8620 10979952 -0.18892920084262546 0.012451081068910408 0.39624 3.5236083343327564 0.7429410963331737
8621 10979952 -0.2279972010783444 0.01248680302560226 0.39624 3.5236083343327564 0.7429410963331737
8622 10979952 -0.26619384358542675 0.012471648263827156 0.39624 3.5236083343327564 0.7429410963331737
8623 10979952 -0.3059697418348901 0.015776901872393306 0.39624 3.5236083343327564 0.7429410963331737
8624 10979952 -0.34376526483092 0.015631009871900498 0.39624 3.5236083343327564 0.7429410963331737
8625 10979952 -0.38340965253001397 0.01866012538545847 0.4114800000000001 3.5236083343327564 0.7429410963331737
8626 10979952 -0.4230540402291081 0.021689240899016443 0.42672 3.5236083343327564 0.7429410963331737
8627 10979952 -0.4644518821106116 0.0200344177730721 0.42672 3.5236083343327564 0.7429410963331737
8628 10979952 -0.5044695165384467 0.022601920550645388 0.42672 3.5236083343327564 0.7429410963331737
8629 10979952 -0.5470453981627323 0.0241366622570999 0.42672 3.5236083343327564 0.7429410963331737
8630 10979952 -0.584841233642005 0.02399205480735281 0.42672 3.5236083343327564 0.7429410963331737
8631 10979952 -0.6262393493272029 0.022338174568442976 0.42672 3.5236083343327564 0.7429410963331737
8632 10979952 -0.6692511337033396 0.023899271600620917 0.42672 3.5236083343327564 0.7429410963331737
8633 10979952 -0.7130567029064742 0.02303295229359117 0.42672 3.5236083343327564 0.7429410963331737
8634 10979952 -0.7504170555513923 0.02286359907665661 0.42672 3.5236083343327564 0.7429410963331737
8635 10979952 -0.7934290169904887 0.02442544925562737 0.42672 3.5236083343327564 0.7429410963331737
8636 10979952 -0.8340337290904423 0.025200449088353588 0.42672 3.5236083343327564 0.7429410963331737
8637 10979952 -0.8764711858134411 0.027977064294924556 0.44196 3.5236083343327564 0.7429410963331737
8638 10979952 -0.91890864253644 0.030753679501495518 0.4572000000000001 3.5236083343327564 0.7429410963331737
8639 10979952 -0.9620770157847937 0.031024142650241088 0.4572000000000001 3.5236083343327564 0.7429410963331737
8640 10979952 -1.0052453890331472 0.031294605798986665 0.4572000000000001 3.5236083343327564 0.7429410963331737
8641 10979952 -1.045850375001922 0.03207081870291348 0.4572000000000001 3.5236083343327564 0.7429410963331737
8642 10979952 -1.088966262519828 0.033317813313832184 0.4572000000000001 3.5236083343327564 0.7429410963331737
8643 10979952 -1.1319441448687257 0.03498726735395505 0.4572000000000001 3.5236083343327564 0.7429410963331737
8644 10979952 -1.1770774394690393 0.03712814807154016 0.4572000000000001 3.5236083343327564 0.7429410963331737
8645 10979952 -1.219929459027319 0.03864010481665667 0.4572000000000001 3.5236083343327564 0.7429410963331737
8646 10979952 -1.262552011279617 0.04031093424395735 0.4572000000000001 3.5236083343327564 0.7429410963331737
8647 10979952 -1.3070489041935145 0.03733730660129583 0.4572000000000001 3.5236083343327564 0.7429410963331737
8648 10979952 -1.3494057418905645 0.04090795247489118 0.48768 3.5236083343327564 0.7429410963331737
8649 10979952 -1.3948257759000802 0.0432607400221596 0.48768 3.5236083343327564 0.7429410963331737
8650 10979952 -1.4385136880420604 0.04615739000898714 0.48768 3.5236083343327564 0.7429410963331737
8651 10979952 -1.4822016001840408 0.049054039995814674 0.48768 3.5236083343327564 0.7429410963331737
8652 10979952 -1.5256072571597554 0.04806151414817103 0.48768 3.5236083343327564 0.7429410963331737
8653 10979952 -1.570198985168145 0.05294856700872005 0.48768 3.5236083343327564 0.7429410963331737
8654 10979952 -1.6132119795411335 0.05451539285004445 0.48768 3.5236083343327564 0.7429410963331737
8655 10979952 -1.6545156879172755 0.05669188076588436 0.50292 3.5236083343327564 0.7429410963331737
8656 10979952 -1.6958193962934176 0.058868368681724265 0.5181600000000001 3.5236083343327564 0.7429410963331737
8657 10979952 -1.7366631777116142 0.06218010065635435 0.5181600000000001 3.5236083343327564 0.7429410963331737
8658 10979952 -1.7775069591298107 0.06549183263098443 0.5181600000000001 3.5236083343327564 0.7429410963331737
8659 10979952 -1.8173188211104883 0.06870003176911896 0.5181600000000001 3.5236083343327564 0.7429410963331737
8660 10979952 -1.8562741212525335 0.07384831479506622 0.5334000000000001 3.5236083343327564 0.7429410963331737
8661 10979952 -1.8952294213945795 0.07899659782101351 0.54864 3.5236083343327564 0.7429410963331737
8662 10979952 -1.9329924419775308 0.07896472070792179 0.54864 3.5236083343327564 0.7429410963331737
8663 10979952 -1.970846007921472 0.08001430481896041 0.54864 3.5236083343327564 0.7429410963331737
8664 10979952 -2.008699573865413 0.08106388892999902 0.54864 3.5236083343327564 0.7429410963331737
8665 10979952 -2.045657410578415 0.08322281282566099 0.54864 3.5236083343327564 0.7429410963331737
8666 10979952 -2.085286635341609 0.08590533569249845 0.57912 3.5236083343327564 0.7429410963331737
8667 10979952 -2.124245287868134 0.0835781988395394 0.57912 3.5236083343327564 0.7429410963331737
8668 10979952 -2.1607622038358034 0.08056925459278327 0.57912 3.5236083343327564 0.7429410963331737
8669 10979952 -2.200291635824414 0.07106828521792233 0.57912 3.5236083343327564 0.7429410963331737
8670 10979952 -2.2398210678130246 0.061567315843061375 0.57912 3.5236083343327564 0.7429410963331737
8671 10979952 -2.27621004434488 0.05080544313657007 0.57912 4.295656849804978 1.727385837131815
8672 10979952 -2.3124182904795907 0.03788142182809859 0.6096 4.295656849804978 1.727385837131815
8673 10979952 -2.346272048265136 0.018578759870460062 0.6096 4.295656849804978 1.727385837131815
8674 10979952 -2.3783665819055235 -0.006206773415716654 0.6096 4.295656849804978 1.727385837131815
8675 10979952 -2.409512528878424 -0.03352260372045382 0.6096 4.295656849804978 1.727385837131815
8676 10979952 -2.435007005136973 -0.06257064020220117 0.6096 4.295656849804978 1.727385837131815
8677 10979952 -2.463737749522332 -0.09336397634045936 0.6096 4.295656849804978 1.727385837131815
8678 10979952 -2.4888951486570035 -0.1278969878824158 0.6096 4.295656849804978 1.727385837131815
8679 10979952 -2.5112380434280817 -0.16305875556925914 0.6096 4.295656849804978 1.727385837131815
8680 10979952 -2.5335809381991603 -0.19822052325610254 0.6096 4.295656849804978 1.727385837131815
8681 10979952 -2.555918894297664 -0.23390967262041265 0.6096 4.295656849804978 1.727385837131815
8682 10979952 -2.5732349385737026 -0.27054092532528184 0.6096 4.295656849804978 1.727385837131815
8683 10979952 -2.5974247362772003 -0.3105315176742346 0.6096 4.295656849804978 1.727385837131815
8684 10979952 -2.614981063714212 -0.3512904708867264 0.6096 4.295656849804978 1.727385837131815
8685 10979952 -2.6325373911512235 -0.39204942409921817 0.6096 4.295656849804978 1.727385837131815
8686 10979952 -2.644081715209299 -0.4354765778646256 0.6400800000000001 4.295656849804978 1.727385837131815
8687 10979952 -2.65544314810373 -0.479430941115909 0.6400800000000001 4.295656849804978 1.727385837131815
8688 10979952 -2.657842891563398 -0.5291218075502837 0.6400800000000001 4.295656849804978 1.727385837131815
8689 10979952 -2.663881366879165 -0.5720136067584571 0.6400800000000001 4.295656849804978 1.727385837131815
8690 10979952 -2.6635605245373144 -0.6199072176883954 0.6400800000000001 4.295656849804978 1.727385837131815
8691 10979952 -2.64932784021404 -0.6632973281582192 0.6400800000000001 4.295656849804978 1.727385837131815
8692 10979952 -2.6350951558907654 -0.706687438628043 0.6400800000000001 4.295656849804978 1.727385837131815
8693 10979952 -2.6236501759473643 -0.7558837161694074 0.6400800000000001 4.295656849804978 1.727385837131815
8694 10979952 -2.6014563864085885 -0.8034556539693662 0.6400800000000001 4.295656849804978 1.727385837131815
8695 10979952 -2.571996848743099 -0.8417202871609422 0.6553200000000001 4.295656849804978 1.727385837131815
8696 10979952 -2.5425373110776093 -0.879984920352518 0.67056 4.295656849804978 1.727385837131815
8697 10979952 -2.5065813120952742 -0.9194398775064024 0.67056 4.295656849804978 1.727385837131815
8698 10979952 -2.4660073895206747 -0.9529274751144112 0.67056 4.295656849804978 1.727385837131815
8699 10979952 -2.4221622593793293 -0.9845638771026334 0.67056 4.295656849804978 1.727385837131815
8700 10979952 -2.373521980794884 -1.0056169721935653 0.67056 4.295656849804978 1.727385837131815
8701 10979952 -2.3248817022104387 -1.026670067284497 0.67056 4.295656849804978 1.727385837131815
8702 10979952 -2.2735181544544645 -1.0434724551826464 0.67056 4.295656849804978 1.727385837131815
8703 10979952 -2.2208545923397804 -1.0568437647396591 0.67056 4.295656849804978 1.727385837131815
8704 10979952 -2.1681910302250973 -1.0702150742966718 0.67056 4.295656849804978 1.727385837131815
8705 10979952 -2.115365947440483 -1.0828207172753035 0.67056 4.295656849804978 1.727385837131815
8706 10979952 -2.066538826257738 -1.0910804386536963 0.67056 4.295656849804978 1.727385837131815
8707 10979952 -2.0120565667002914 -1.098619072209395 0.67056 4.295656849804978 1.727385837131815
8708 10979952 -1.9543044684716964 -1.1051236819257582 0.67056 4.295656849804978 1.727385837131815
8709 10979952 -1.89924660312512 -1.1106298010024986 0.7010400000000001 4.295656849804978 1.727385837131815
8710 10979952 -1.8496600528723168 -1.1165659808712391 0.7010400000000001 4.295656849804978 1.727385837131815
8711 10979952 -1.7974069461185846 -1.1224974517994326 0.6858000000000001 4.295656849804978 1.727385837131815
8712 10979952 -1.7451538393648522 -1.128428922727626 0.67056 4.295656849804978 1.727385837131815
8713 10979952 -1.6893022025998818 -1.131505801618007 0.67056 4.295656849804978 1.727385837131815
8714 10979952 -1.6352370318133038 -1.1318949814245431 0.7010400000000001 4.295656849804978 1.727385837131815
8715 10979952 -1.5737762845413068 -1.1341181008511814 0.7010400000000001 4.295656849804978 1.727385837131815
8716 10979952 -1.5179249108395572 -1.1371936289518785 0.67056 4.295656849804978 1.727385837131815
8717 10979952 -1.462211674435118 -1.140690913986136 0.67056 4.295656849804978 1.727385837131815
8718 10979952 -1.4043452901240407 -1.1471117270709896 0.67056 4.295656849804978 1.727385837131815
8719 10979952 -1.3484138701951298 -1.1502121613701133 0.67056 4.295656849804978 1.727385837131815
8720 10979952 -1.2922417570678368 -1.1533908807380986 0.67056 4.295656849804978 1.727385837131815
8721 10979952 -1.235769536241948 -1.1545642814347852 0.67056 4.295656849804978 1.727385837131815
8722 10979952 -1.1787320586879932 -1.1580833038981315 0.67056 4.295656849804978 1.727385837131815
8723 10979952 -1.1216945811340386 -1.1616023263614783 0.67056 4.295656849804978 1.727385837131815
8724 10979952 -1.0658438176814808 -1.1646742890432136 0.67056 4.295656849804978 1.727385837131815
8725 10979952 -1.0077234546538043 -1.168955187649207 0.67056 4.295656849804978 1.727385837131815
8726 10979952 -0.9511136684570196 -1.1697041147763876 0.67056 4.295656849804978 1.727385837131815
8727 10979952 -0.892706943926511 -1.1741945744558873 0.67056 4.295656849804978 1.727385837131815
8728 10979952 -0.8367762413521207 -1.1772909684602797 0.7010400000000001 4.295656849804978 1.727385837131815
8729 10979952 -0.7779725048263508 -1.1801575991316169 0.7010400000000001 4.295656849804978 1.727385837131815
8730 10979952 -0.719168768300581 -1.1830242298029547 0.7010400000000001 4.295656849804978 1.727385837131815
8731 10979952 -0.6626284900718478 -1.1839819588851477 0.7010400000000001 4.295656849804978 1.727385837131815
8732 10979952 -0.6040256794444981 -1.1867815600068214 0.7010400000000001 4.295656849804978 1.727385837131815
8733 10979952 -0.5454228688171485 -1.1895811611284952 0.7010400000000001 4.295656849804978 1.727385837131815
8734 10979952 -0.4879587452434406 -1.1958633096049691 0.7010400000000001 4.295656849804978 1.727385837131815
8735 10979952 -0.4321088659767278 -1.198930274877679 0.7010400000000001 4.295656849804978 1.727385837131815
8736 10979952 -0.3752022776072985 -1.200122427422451 0.7010400000000001 4.295656849804978 1.727385837131815
8737 10979952 -0.3152298902429497 -1.203484238240733 0.7010400000000001 4.295656849804978 1.727385837131815
8738 10979952 -0.25525750287860083 -1.2068460490590154 0.7010400000000001 4.295656849804978 1.727385837131815
8739 10979952 -0.19782817314702567 -1.2132313953752858 0.7010400000000001 4.295656849804978 1.727385837131815
8740 10979952 -0.16916175024802238 -1.2124942939490824 0.7010400000000001 4.295656849804978 1.727385837131815
8741 10979952 -0.14049532734901904 -1.2117571925228787 0.7010400000000001 4.295656849804978 1.727385837131815
8742 10979952 -0.021676952511625932 -1.220562374431782 0.7010400000000001 4.295656849804978 1.727385837131815
8743 10979952 0.0344243148365857 -1.2239416836500996 0.67056 4.295656849804978 1.727385837131815
8744 10979952 0.09553598155646204 -1.2288410327880488 0.67056 4.295656849804978 1.727385837131815
8745 10979952 0.15379279000904764 -1.23269017012367 0.67056 4.295656849804978 1.727385837131815
8746 10979952 0.2168649941300178 -1.238112332889604 0.67056 4.295656849804978 1.727385837131815
8747 10979952 0.27271391772273323 -1.2411737394018698 0.67056 4.295656849804978 1.727385837131815
8748 10979952 0.3291835882619101 -1.2423346706736484 0.67056 4.295656849804978 1.727385837131815
8749 10979952 0.3874400810678292 -1.2461818854687952 0.67056 4.295656849804978 1.727385837131815
8750 10979952 0.4427475739256045 -1.2519857872184996 0.67056 4.295656849804978 1.727385837131815
8751 10979952 0.5007822728007603 -1.2532476649095663 0.67056 4.295656849804978 1.727385837131815
8752 10979952 0.5588169716759159 -1.2545095426006336 0.67056 4.295656849804978 1.727385837131815
8753 10979952 0.6166075548847643 -1.2597796757201651 0.67056 4.295656849804978 1.727385837131815
8754 10979952 0.6743981380936126 -1.2650498088396962 0.67056 4.295656849804978 1.727385837131815
8755 10979952 0.7334818163972822 -1.2663607586562493 0.67056 4.295656849804978 1.727385837131815
8756 10979952 0.7875085019317785 -1.2668370221295648 0.67056 4.295656849804978 1.727385837131815
8757 10979952 0.8473789972661897 -1.2738948786793245 0.67056 4.295656849804978 1.727385837131815
8758 10979952 0.9033702893681224 -1.277056305913067 0.67056 4.295656849804978 1.727385837131815
8759 10979952 0.9593615814700552 -1.2802177331468096 0.67056 4.295656849804978 1.727385837131815
8760 10979952 1.0166023746626522 -1.283903280625314 0.67056 4.295656849804978 1.727385837131815
8761 10979952 1.0738431678552491 -1.287588828103818 0.67056 4.295656849804978 1.727385837131815
8762 10979952 1.1302616816108453 -1.2943341526066985 0.67056 4.295656849804978 1.727385837131815
8763 10979952 1.1866801953664416 -1.3010794771095786 0.67056 4.295656849804978 1.727385837131815
8764 10979952 1.2430987091220378 -1.3078248016124587 0.67056 4.295656849804978 1.727385837131815
8765 10979952 1.2965385355308479 -1.3100917309604403 0.67056 4.295656849804978 1.727385837131815
8766 10979952 1.3515930934564588 -1.3155725507113811 0.67056 4.295656849804978 1.727385837131815
8767 10979952 1.4042398450660982 -1.3202665965341356 0.67056 4.295656849804978 1.727385837131815
8768 10979952 1.4592598418494767 -1.3258521402702872 0.67056 4.295656849804978 1.727385837131815
8769 10979952 1.5144747684488002 -1.3313838977516168 0.67056 4.295656849804978 1.727385837131815
8770 10979952 1.569689695048123 -1.3369156552329462 0.67056 4.295656849804978 1.727385837131815
8771 10979952 1.627277857825559 -1.3433385989725646 0.67056 4.295656849804978 1.727385837131815
8772 10979952 1.6796594110050205 -1.3499300080311432 0.67056 4.295656849804978 1.727385837131815
8773 10979952 1.7315820239699715 -1.3568384531442963 0.67056 4.295656849804978 1.727385837131815
8774 10979952 1.7838320727628354 -1.3627434638081426 0.67056 4.295656849804978 1.727385837131815
8775 10979952 1.836082121555699 -1.368648474471989 0.67056 4.295656849804978 1.727385837131815
8776 10979952 1.8848730521147412 -1.3769864462742791 0.67056 4.295656849804978 1.727385837131815
8777 10979952 1.9360717786947408 -1.3861102447585123 0.67056 4.295656849804978 1.727385837131815
8778 10979952 1.9863940638751751 -1.3938375504859484 0.67056 4.295656849804978 1.727385837131815
8779 10979952 2.0367163490556086 -1.4015648562133842 0.67056 4.295656849804978 1.727385837131815
8780 10979952 2.087880640144045 -1.4107931182531444 0.67056 4.295656849804978 1.727385837131815
8781 10979952 2.1382718600336843 -1.418308209297376 0.67056 4.295656849804978 1.727385837131815
8782 10979952 2.188663079923323 -1.4258233003416074 0.67056 4.295656849804978 1.727385837131815
8783 10979952 2.2373162074595943 -1.4345810989159875 0.67056 4.295656849804978 1.727385837131815
8784 10979952 2.2840957143514533 -1.4409160817213131 0.67056 4.295656849804978 1.727385837131815
8785 10979952 2.3308752212433115 -1.4472510645266383 0.67056 4.295656849804978 1.727385837131815
8786 10979952 2.3775576709765813 -1.4527945957102746 0.67056 4.295656849804978 1.727385837131815
8787 10979952 2.423895045843805 -1.4602110596029756 0.67056 4.295656849804978 1.727385837131815
8788 10979952 2.467755688812796 -1.467052372429308 0.67056 4.295656849804978 1.727385837131815
8789 10979952 2.5139783499306656 -1.4745474613133505 0.6553200000000001 4.295656849804978 1.727385837131815
8790 10979952 2.560201011048536 -1.482042550197393 0.6400800000000001 4.295656849804978 1.727385837131815
8791 10979952 2.608031449759736 -1.4851557243794622 0.6400800000000001 4.295656849804978 1.727385837131815
8792 10979952 2.6533527066430085 -1.4837113711075047 0.6400800000000001 4.295656849804978 1.727385837131815
8793 10979952 2.6986739635262804 -1.4822670178355473 0.6400800000000001 4.295656849804978 1.727385837131815
8794 10979952 2.739905105373575 -1.4729456697939562 0.6400800000000001 4.295656849804978 1.727385837131815
8795 10979952 2.7809881625489403 -1.4613563215204952 0.6400800000000001 4.295656849804978 1.727385837131815
8796 10979952 2.8228392034994214 -1.4501342628457496 0.6400800000000001 4.295656849804978 1.727385837131815
8797 10979952 2.862148510636453 -1.4303727096136831 0.6400800000000001 4.295656849804978 1.727385837131815
8798 10979952 2.901090663382042 -1.4103743052633986 0.6248400000000001 4.295656849804978 1.727385837131815
8799 10979952 2.9400328161276312 -1.390375900913114 0.6096 4.295656849804978 1.727385837131815
8800 10979952 2.975142925625488 -1.3617089296750526 0.6096 4.295656849804978 1.727385837131815
8801 10979952 3.0102530351233456 -1.333041958436991 0.6096 4.295656849804978 1.727385837131815
8802 10979952 3.039687877416858 -1.3013545384259126 0.6096 4.295656849804978 1.727385837131815
8803 10979952 3.0691227197103705 -1.269667118414834 0.6096 4.295656849804978 1.727385837131815
8804 10979952 3.092944341139791 -1.2374910999204258 0.6096 4.295656849804978 1.727385837131815
8805 10979952 3.113431867251653 -1.1992039912122219 0.6096 4.295656849804978 1.727385837131815
8806 10979952 3.1334424138895334 -1.1629222542721318 0.6096 4.295656849804978 1.727385837131815
8807 10979952 3.1534529605274138 -1.1266405173320415 0.6096 4.295656849804978 1.727385837131815
8808 10979952 3.1683324717173815 -1.0892099247254263 0.6096 4.295656849804978 1.727385837131815
8809 10979952 3.183498928431133 -1.0511720914488818 0.57912 4.295656849804978 1.727385837131815
8810 10979952 3.19722623175108 -1.01319025035458 0.57912 4.295656849804978 1.727385837131815
8811 10979952 3.2109535350710257 -0.9752084092602784 0.57912 4.295656849804978 1.727385837131815
8812 10979952 3.224217731356865 -0.9345639399881472 0.57912 4.295656849804978 1.727385837131815
8813 10979952 3.232000745841128 -0.8941165289500833 0.57912 4.295656849804978 1.727385837131815
8814 10979952 3.244575921251397 -0.8555834644078831 0.57912 4.295656849804978 1.727385837131815
8815 10979952 3.254640148016577 -0.8165813951688192 0.57912 4.295656849804978 1.727385837131815
8816 10979952 3.2645212019392233 -0.7770522898385553 0.57912 4.295656849804978 1.727385837131815
8817 10979952 3.2730392375363264 -0.7346252749013175 0.57912 4.295656849804978 1.727385837131815
8818 10979952 3.2832069200882765 -0.6953065155382308 0.54864 4.295656849804978 1.727385837131815
8819 10979952 3.2902780373364373 -0.6573134614064864 0.54864 4.295656849804978 1.727385837131815
8820 10979952 3.295458475806467 -0.616951169999594 0.54864 4.295656849804978 1.727385837131815
8821 10979952 3.297680236990882 -0.577492315565068 0.54864 4.295656849804978 1.727385837131815
8822 10979952 3.2994663998703078 -0.5380080985242872 0.54864 4.295656849804978 1.727385837131815
8823 10979952 3.2964377060596477 -0.4969525033974226 0.54864 4.295656849804978 1.727385837131815
8824 10979952 3.2883753173210826 -0.4563567292326912 0.54864 4.295656849804978 1.727385837131815
8825 10979952 3.277502374012889 -0.4189320938395091 0.54864 4.295656849804978 1.727385837131815
8826 10979952 3.266629430704695 -0.3815074584463271 0.54864 4.295656849804978 1.727385837131815
8827 10979952 3.2510259758042057 -0.3463352411142732 0.54864 4.295656849804978 1.727385837131815
8828 10979952 3.2354225209037164 -0.3111630237822193 0.54864 4.295656849804978 1.727385837131815
8829 10979952 3.21266014801814 -0.2811496203810985 0.5384800000000001 4.295656849804978 1.727385837131815
8830 10979952 3.1898977751325637 -0.2511362169799776 0.52832 4.295656849804978 1.727385837131815
8831 10979952 3.167135402246988 -0.2211228135788568 0.5181600000000001 4.295656849804978 1.727385837131815
8832 10979952 3.1410351743644984 -0.1977099462610256 0.5181600000000001 4.295656849804978 1.727385837131815
8833 10979952 3.114934946482008 -0.17429707894319432 0.5181600000000001 4.295656849804978 1.727385837131815
8834 10979952 3.084908830031181 -0.14931053218868245 0.5181600000000001 4.295656849804978 1.727385837131815
8835 10979952 3.0564288000316835 -0.12774884720921698 0.5181600000000001 4.295656849804978 1.727385837131815
8836 10979952 3.0280621923984 -0.10856034099230193 0.5181600000000001 4.295656849804978 1.727385837131815
8837 10979952 2.992700202773801 -0.09176090346422368 0.5181600000000001 4.295656849804978 1.727385837131815
8838 10979952 2.9659387336711096 -0.07309601662919388 0.48768 4.295656849804978 1.727385837131815
8839 10979952 2.9357697243960916 -0.0583417807162456 0.48768 4.295656849804978 1.727385837131815
8840 10979952 2.90557815585683 -0.04311275704025205 0.48768 4.295656849804978 1.727385837131815
8841 10979952 2.8741352482927125 -0.030629142943190607 0.48768 4.295656849804978 1.727385837131815
8842 10979952 2.83937676155614 -0.021502062098108427 0.48768 4.295656849804978 1.727385837131815
8843 10979952 2.8068877771669305 -0.01358294392090717 0.48768 4.295656849804978 1.727385837131815
8844 10979952 2.7730233694422357 -0.004980934424412248 0.48768 4.295656849804978 1.727385837131815
8845 10979952 2.73915896171754 0.003621075072082674 0.48768 4.295656849804978 1.727385837131815
8846 10979952 2.7036881811162887 0.010294595794520885 0.48768 4.295656849804978 1.727385837131815
8847 10979952 2.6701725356132244 0.008269573455021634 0.48768 4.295656849804978 1.727385837131815
8848 10979952 2.6403614400044324 0.008072519864808364 0.48768 4.295656849804978 1.727385837131815
