15866 10801356 -0.7182210837629812 1.7737540742440014 0.6096 3.8183616442710906 1.5354540774505023
15867 10801356 -0.7314995548696828 1.7228324801699564 0.6096 3.8183616442710906 1.5354540774505023
15868 10801356 -0.7451883912915799 1.6739144922534124 0.57912 3.8183616442710906 1.5354540774505023
15869 10801356 -0.7543910306661206 1.6278523635076967 0.57912 3.8183616442710906 1.5354540774505023
15870 10801356 -0.769139592390607 1.5746074570237183 0.57912 3.8183616442710906 1.5354540774505023
15871 10801356 -0.7782609350803541 1.5293366168959894 0.57912 3.0570079300618165 1.903281293434885
15872 10801356 -0.787599566392615 1.4844873557539862 0.57912 3.0570079300618165 1.903281293434885
15873 10801356 -0.803851034067655 1.4103527551476842 0.57912 3.0570079300618165 1.903281293434885
15874 10801356 -0.8159415267287387 1.3652350748223838 0.57912 3.0570079300618165 1.903281293434885
15875 10801356 -0.8252799530312049 1.3203857701733943 0.6096 3.0570079300618165 1.903281293434885
15876 10801356 -0.8300251585261946 1.2865943600479333 0.6096 3.0570079300618165 1.903281293434885
15877 10801356 -0.8347703640211842 1.2528029499224722 0.6096 3.0570079300618165 1.903281293434885
15878 10801356 -0.8390201083526079 1.2210694275864618 0.6096 3.0570079300618165 1.903281293434885
15879 10801356 -0.8432698526840317 1.1893359052504515 0.6096 3.0570079300618165 1.903281293434885
15880 10801356 -0.8521508490566043 1.1431686752830008 0.6096 3.0570079300618165 1.903281293434885
15881 10801356 -0.8551115129485105 1.100439876222017 0.6096 3.0570079300618165 1.903281293434885
15882 10801356 -0.8617851137231063 1.0593926458866263 0.6096 3.0570079300618165 1.903281293434885
15883 10801356 -0.8663781243837374 1.0127578878195695 0.6400800000000001 3.0570079300618165 1.903281293434885
15884 10801356 -0.8736763214008343 0.9564924858650832 0.6400800000000001 3.0570079300618165 1.903281293434885
15885 10801356 -0.8699982002258249 0.9337917336055168 0.6400800000000001 3.0570079300618165 1.903281293434885
15886 10801356 -0.8745400437062525 0.8710168509070847 0.6400800000000001 3.0570079300618165 1.903281293434885
15887 10801356 -0.8727307318415205 0.8276630214884215 0.6096 3.0570079300618165 1.903281293434885
15888 10801356 -0.869980840582425 0.7844689958426642 0.6096 3.0570079300618165 1.903281293434885
15889 10801356 -0.8675068948101516 0.7404305549175589 0.6096 3.0570079300618165 1.903281293434885
15890 10801356 -0.8633585476244872 0.7069440573270839 0.6096 3.0570079300618165 1.903281293434885
15891 10801356 -0.8562946602165742 0.6552124625849399 0.6096 3.0570079300618165 1.903281293434885
15892 10801356 -0.8475051201655104 0.5978927169818516 0.6096 3.0570079300618165 1.903281293434885
15893 10801356 -0.8419072934060097 0.547108023495726 0.6400800000000001 3.0570079300618165 1.903281293434885
15894 10801356 -0.8319778436227679 0.5041370198428425 0.6400800000000001 3.0570079300618165 1.903281293434885
15895 10801356 -0.8273322988162966 0.4789587677355115 0.6400800000000001 3.0570079300618165 1.903281293434885
15896 10801356 -0.8226867540098249 0.4537805156281805 0.6400800000000001 3.0570079300618165 1.903281293434885
15897 10801356 -0.8155005009291882 0.4078510791252912 0.6400800000000001 3.0570079300618165 1.903281293434885
15898 10801356 -0.8093390456220424 0.357700219234261 0.6400800000000001 3.0570079300618165 1.903281293434885
15899 10801356 -0.8021971512298227 0.3127201022312375 0.6400800000000001 3.0570079300618165 1.903281293434885
15900 10801356 -0.7902387939979618 0.24063674880841676 0.6400800000000001 3.0570079300618165 1.903281293434885
15901 10801356 -0.7848762299804211 0.20135012949395287 0.6400800000000001 3.0570079300618165 1.903281293434885
15902 10801356 -0.7795136659628803 0.16206351017948895 0.6400800000000001 3.0570079300618165 1.903281293434885
15903 10801356 -0.7666053720896431 0.11461409576976585 0.6400800000000001 3.0570079300618165 1.903281293434885
15904 10801356 -0.7546541547172412 0.050653539924445413 0.6400800000000001 3.0570079300618165 1.903281293434885
15905 10801356 -0.7471377456345925 0.0002938792740347085 0.6400800000000001 3.0570079300618165 1.903281293434885
15906 10801356 -0.7402425619889101 -0.04110002332574245 0.6400800000000001 3.0570079300618165 1.903281293434885
15907 10801356 -0.7330104230015093 -0.08961408710348359 0.6400800000000001 3.0570079300618165 1.903281293434885
15908 10801356 -0.7183746505026636 -0.142651667162041 0.6400800000000001 3.0570079300618165 1.903281293434885
15909 10801356 -0.7068551954519322 -0.1932682595347209 0.6400800000000001 3.0570079300618165 1.903281293434885
15910 10801356 -0.6994137236850233 -0.22844380912432904 0.6400800000000001 3.0570079300618165 1.903281293434885
15911 10801356 -0.6919722519181143 -0.2636193587139372 0.6400800000000001 3.0570079300618165 1.903281293434885
15912 10801356 -0.6854504727648936 -0.2956317211605509 0.6248400000000001 3.0570079300618165 1.903281293434885
15913 10801356 -0.6789286936116727 -0.32764408360716457 0.6096 3.0570079300618165 1.903281293434885
15914 10801356 -0.6667717030171791 -0.3841935632353053 0.6096 3.0570079300618165 1.903281293434885
15915 10801356 -0.6608495923543389 -0.4258529514188468 0.6096 3.0570079300618165 1.903281293434885
15916 10801356 -0.6563725719950082 -0.4678576916257716 0.6096 3.0570079300618165 1.903281293434885
15917 10801356 -0.6445605436440818 -0.5145969820503571 0.6096 3.0570079300618165 1.903281293434885
15918 10801356 -0.6281087705501229 -0.5783917242302882 0.6096 3.0570079300618165 1.903281293434885
15919 10801356 -0.6118989884417054 -0.6320595709325415 0.6096 3.0570079300618165 1.903281293434885
15920 10801356 -0.5891818519513545 -0.6929951506310805 0.57912 3.0570079300618165 1.903281293434885
15921 10801356 -0.5809435098010874 -0.7126289311733843 0.57912 3.0570079300618165 1.903281293434885
15922 10801356 -0.5727051676508204 -0.7322627117156881 0.57912 3.0570079300618165 1.903281293434885
15923 10801356 -0.5473876510643008 -0.7730181622475485 0.6096 3.0570079300618165 1.903281293434885
15924 10801356 -0.5101340391920948 -0.8288909846101914 0.6096 3.0570079300618165 1.903281293434885
15925 10801356 -0.4779085594342174 -0.8661792676654857 0.6096 3.0570079300618165 1.903281293434885
15926 10801356 -0.4504034506274655 -0.8988867339881159 0.6096 3.0570079300618165 1.903281293434885
15927 10801356 -0.4048992786388115 -0.9450128256893524 0.6096 3.0570079300618165 1.903281293434885
15928 10801356 -0.3716282651986457 -0.9720395302417524 0.6096 3.0570079300618165 1.903281293434885
15929 10801356 -0.33835725175847986 -0.9990662347941528 0.6096 3.0570079300618165 1.903281293434885
15930 10801356 -0.2918074769826153 -1.0251460780941184 0.57912 3.0570079300618165 1.903281293434885
15931 10801356 -0.2492012366320131 -1.0497029884324007 0.57912 3.0570079300618165 1.903281293434885
15932 10801356 -0.20917494532711456 -1.0740005196841436 0.57912 3.0570079300618165 1.903281293434885
15933 10801356 -0.14411475084304626 -1.100521013261978 0.57912 3.0570079300618165 1.903281293434885
15934 10801356 -0.0955990817921898 -1.122218065069517 0.57912 3.0570079300618165 1.903281293434885
15935 10801356 -0.05113691432664602 -1.1367485775489266 0.57912 3.0570079300618165 1.903281293434885
15936 10801356 -0.006823206521390679 -1.1506461195135955 0.57912 3.0570079300618165 1.903281293434885
15937 10801356 0.06973001908225873 -1.1762470715386515 0.57912 3.0570079300618165 1.903281293434885
15938 10801356 0.11591719745920034 -1.1854987169344389 0.57912 3.0570079300618165 1.903281293434885
15939 10801356 0.16321605526130534 -1.1956974539116756 0.57912 3.0570079300618165 1.903281293434885
15940 10801356 0.19635313583611635 -1.2038384373314928 0.57912 3.0570079300618165 1.903281293434885
15941 10801356 0.22949021641092734 -1.21197942075131 0.57912 3.0570079300618165 1.903281293434885
15942 10801356 0.29727810998357745 -1.2285216659544265 0.57912 3.0570079300618165 1.903281293434885
15943 10801356 0.34258001654272 -1.2407535185160483 0.57912 3.0570079300618165 1.903281293434885
15944 10801356 0.38788192310186254 -1.2529853710776706 0.57912 3.0570079300618165 1.903281293434885
15945 10801356 0.4401344840243585 -1.2643334026128576 0.57912 3.0570079300618165 1.903281293434885
15946 10801356 0.4967780903244041 -1.2774661473184803 0.57912 3.0570079300618165 1.903281293434885
15947 10801356 0.5383287301606191 -1.29139184659972 0.57912 3.0570079300618165 1.903281293434885
15948 10801356 0.5888383409995332 -1.3026365812237308 0.57912 3.0570079300618165 1.903281293434885
15949 10801356 0.6393479970124117 -1.3138809538331864 0.57912 3.0570079300618165 1.903281293434885
15950 10801356 0.6985763712399202 -1.3215478739315454 0.57912 3.0570079300618165 1.903281293434885
15951 10801356 0.7454286615579194 -1.3314798264824546 0.57912 3.0570079300618165 1.903281293434885
15952 10801356 0.796140709780685 -1.332859074970841 0.57912 3.0570079300618165 1.903281293434885
15953 10801356 0.84823665246692 -1.339246205548179 0.6096 3.0570079300618165 1.903281293434885
15954 10801356 0.8911152714665809 -1.3412201521406846 0.6096 3.0570079300618165 1.903281293434885
15955 10801356 0.9416903827485475 -1.3413854533706882 0.6096 3.0570079300618165 1.903281293434885
15956 10801356 0.9861146318389252 -1.3467843374688548 0.57912 3.0570079300618165 1.903281293434885
15957 10801356 1.030165427982088 -1.345168383567115 0.57912 3.0570079300618165 1.903281293434885
15958 10801356 1.0513412493580452 -1.3456014861765255 0.57912 3.0570079300618165 1.903281293434885
15959 10801356 1.0725170707340026 -1.346034588785936 0.57912 3.0570079300618165 1.903281293434885
15960 10801356 1.1231263457807998 -1.3460930357102374 0.57912 3.0570079300618165 1.903281293434885
15961 10801356 1.1893668650760412 -1.3458827558021242 0.57912 3.0570079300618165 1.903281293434885
15962 10801356 1.2320658777745388 -1.341604533718316 0.57912 3.0570079300618165 1.903281293434885
15963 10801356 1.2856121743836493 -1.3394669952827247 0.57912 3.0570079300618165 1.903281293434885
15964 10801356 1.3313834081717888 -1.3366589402196716 0.57912 3.0570079300618165 1.903281293434885
15965 10801356 1.3754679897601851 -1.3349352856702774 0.57912 3.0570079300618165 1.903281293434885
15966 10801356 1.4403315268729882 -1.3348573007997515 0.57912 3.0570079300618165 1.903281293434885
15967 10801356 1.4703209922251563 -1.334137326306028 0.57912 3.0570079300618165 1.903281293434885
15968 10801356 1.5388454916840382 -1.3296467006474808 0.57912 3.0570079300618165 1.903281293434885
15969 10801356 1.5786646178671633 -1.3262953206635946 0.57912 3.0570079300618165 1.903281293434885
15970 10801356 1.623714973829225 -1.319979217716428 0.57912 3.0570079300618165 1.903281293434885
15971 10801356 1.656599381850271 -1.3199117889366914 0.57912 3.0570079300618165 1.903281293434885
15972 10801356 1.6894837898713169 -1.3198443601569552 0.57912 3.0570079300618165 1.903281293434885
15973 10801356 1.7379402228247611 -1.3128875783029383 0.57912 3.0570079300618165 1.903281293434885
15974 10801356 1.7869804038350432 -1.3074061139762516 0.57912 3.0570079300618165 1.903281293434885
15975 10801356 1.828290388978951 -1.303021604173834 0.57912 3.0570079300618165 1.903281293434885
15976 10801356 1.8696003741228588 -1.2986370943714165 0.57912 3.0570079300618165 1.903281293434885
15977 10801356 1.9160472407181093 -1.295111799504986 0.57912 3.0570079300618165 1.903281293434885
15978 10801356 1.9794911292966773 -1.2884913101014497 0.57912 3.0570079300618165 1.903281293434885
15979 10801356 2.0274197919779717 -1.280425998722459 0.57912 3.0570079300618165 1.903281293434885
15980 10801356 2.0716997409336253 -1.2753746027612565 0.57912 3.0570079300618165 1.903281293434885
15981 10801356 2.118239583257559 -1.2688412553392958 0.57912 3.0570079300618165 1.903281293434885
15982 10801356 2.1632972673960142 -1.266846931973045 0.57912 3.0570079300618165 1.903281293434885
15983 10801356 2.205055816322504 -1.2586352805063223 0.54864 3.0570079300618165 1.903281293434885
15984 10801356 2.25149184894018 -1.2524177643254373 0.54864 3.0570079300618165 1.903281293434885
15985 10801356 2.2980655906353653 -1.2457776816740227 0.54864 3.0570079300618165 1.903281293434885
15986 10801356 2.349420192027797 -1.2408149090870249 0.54864 3.0570079300618165 1.903281293434885
15987 10801356 2.4024288249364667 -1.2307845628431142 0.54864 3.0570079300618165 1.903281293434885
15988 10801356 2.4530285901090214 -1.221602974146706 0.54864 3.0570079300618165 1.903281293434885
15989 10801356 2.4918135015491902 -1.2181432422111431 0.54864 3.0570079300618165 1.903281293434885
15990 10801356 2.5421136777436795 -1.21096602951687 0.54864 3.0570079300618165 1.903281293434885
15991 10801356 2.576403250151857 -1.207264986658391 0.54864 3.0570079300618165 1.903281293434885
15992 10801356 2.6106928225600337 -1.2035639437999128 0.54864 3.0570079300618165 1.903281293434885
15993 10801356 2.655992638982437 -1.1967397019866377 0.54864 3.0570079300618165 1.903281293434885
15994 10801356 2.700005135413329 -1.195218991589637 0.54864 3.0570079300618165 1.903281293434885
15995 10801356 2.7547309790560206 -1.1880833033878169 0.57912 3.0570079300618165 1.903281293434885
15996 10801356 2.794386672593599 -1.1846727527126923 0.57912 3.0570079300618165 1.903281293434885
15997 10801356 2.8353499290435216 -1.180520637910856 0.54864 3.0570079300618165 1.903281293434885
15998 10801356 2.8854413919592474 -1.175609554428085 0.54864 3.0570079300618165 1.903281293434885
15999 10801356 2.9309467049449056 -1.1689677241532574 0.54864 3.0570079300618165 1.903281293434885
16000 10801356 2.9538253661209537 -1.1658046574753005 0.54864 3.0570079300618165 1.903281293434885
16001 10801356 3.0235560018274388 -1.145341378111699 0.54864 3.0570079300618165 1.903281293434885
16002 10801356 3.068481606864996 -1.1274123174944628 0.54864 3.0570079300618165 1.903281293434885
16003 10801356 3.0888987621349133 -1.1157358407230085 0.5334000000000001 3.0570079300618165 1.903281293434885
16004 10801356 3.10931591740483 -1.104059363951554 0.5181600000000001 3.0570079300618165 1.903281293434885
16005 10801356 3.170431124351542 -1.0653639769741727 0.5181600000000001 3.0570079300618165 1.903281293434885
16006 10801356 3.1803219504747897 -1.0524715628198518 0.5181600000000001 3.0570079300618165 1.903281293434885
16007 10801356 3.2461298888592203 -0.9830667929447424 0.5181600000000001 3.0570079300618165 1.903281293434885
16008 10801356 3.264016769630831 -0.9622705807609048 0.5181600000000001 3.0570079300618165 1.903281293434885
16009 10801356 3.301908012313678 -0.9046648342513104 0.5181600000000001 3.0570079300618165 1.903281293434885
16010 10801356 3.3211928737272887 -0.861896661887761 0.5181600000000001 3.0570079300618165 1.903281293434885
16011 10801356 3.3324737225637624 -0.8314101613307571 0.5181600000000001 3.0570079300618165 1.903281293434885
16012 10801356 3.3437545714002366 -0.8009236607737531 0.5181600000000001 3.0570079300618165 1.903281293434885
16013 10801356 3.3531162270959327 -0.7559100825586174 0.5181600000000001 3.0570079300618165 1.903281293434885
16014 10801356 3.3624778827916293 -0.7108965043434816 0.5181600000000001 3.0570079300618165 1.903281293434885
16015 10801356 3.3603281461869883 -0.6674178658788144 0.5181600000000001 3.0570079300618165 1.903281293434885
16016 10801356 3.3581784095823477 -0.6239392274141471 0.5181600000000001 3.0570079300618165 1.903281293434885
16017 10801356 3.3560286729777067 -0.5804605889494798 0.5181600000000001 3.0570079300618165 1.903281293434885
16018 10801356 3.3538789363730657 -0.5369819504848125 0.5181600000000001 3.0570079300618165 1.903281293434885
16019 10801356 3.3517291997684246 -0.4935033120201452 0.5181600000000001 3.0570079300618165 1.903281293434885
16020 10801356 3.3454242306362145 -0.4467059919189183 0.50292 3.0570079300618165 1.903281293434885
16021 10801356 3.3391192615040044 -0.3999086718176914 0.48768 3.0570079300618165 1.903281293434885
16022 10801356 3.3218052600448127 -0.3669125209035965 0.4849090909090909 3.0570079300618165 1.903281293434885
16023 10801356 3.304491258585621 -0.3339163699895016 0.4821381818181818 3.0570079300618165 1.903281293434885
16024 10801356 3.2871772571264284 -0.3009202190754067 0.4793672727272728 3.0570079300618165 1.903281293434885
16025 10801356 3.269863255667237 -0.26792406816131176 0.4765963636363637 3.0570079300618165 1.903281293434885
16026 10801356 3.2525492542080454 -0.2349279172472169 0.4738254545454546 3.0570079300618165 1.903281293434885
16027 10801356 3.2352352527488537 -0.201931766333122 0.4710545454545455 3.0570079300618165 1.903281293434885
16028 10801356 3.217921251289662 -0.16893561541902707 0.4682836363636364 3.0570079300618165 1.903281293434885
16029 10801356 3.2006072498304703 -0.13593946450493216 0.4655127272727273 3.0570079300618165 1.903281293434885
16030 10801356 3.183293248371278 -0.10294331359083723 0.4627418181818182 3.0570079300618165 1.903281293434885
16031 10801356 3.1659792469120864 -0.06994716267674234 0.4599709090909092 3.0570079300618165 1.903281293434885
16032 10801356 3.1486652454528947 -0.036951011762647513 0.4572000000000001 3.0570079300618165 1.903281293434885
16033 10801356 3.1096029217939334 -0.015439804089799532 0.4572000000000001 3.0570079300618165 1.903281293434885
16034 10801356 3.0810507810973577 -0.0006298119898530408 0.4572000000000001 3.0570079300618165 1.903281293434885
16035 10801356 3.0439073489840176 0.00798982137008128 0.4572000000000001 3.0570079300618165 1.903281293434885
16036 10801356 3.009218008978687 0.017327201879233173 0.42672 3.0570079300618165 1.903281293434885
16037 10801356 2.993281318929652 0.018148705905135367 0.42672 3.0570079300618165 1.903281293434885
16038 10801356 2.9773446288806165 0.018970209931037568 0.42672 3.0570079300618165 1.903281293434885
16039 10801356 2.9281361569744235 0.022183501378401718 0.42672 3.0570079300618165 1.903281293434885
16040 10801356 2.8949546815816922 0.02226798020490503 0.42672 3.0570079300618165 1.903281293434885
16041 10801356 2.8596030833827832 0.017336990945352543 0.42672 3.0570079300618165 1.903281293434885
16042 10801356 2.8291940553173083 0.013946721582177884 0.42672 3.0570079300618165 1.903281293434885
16043 10801356 2.7914251939912607 0.01249192371721333 0.42672 3.0570079300618165 1.903281293434885
16044 10801356 2.7537498697289413 0.014044022737632972 0.42672 3.0570079300618165 1.903281293434885
16045 10801356 2.718397971573084 0.0091137328381182 0.39624 3.0570079300618165 1.903281293434885
16046 10801356 2.6877289527594623 0.012000205873926223 0.39624 3.0570079300618165 1.903281293434885
16047 10801356 2.6438829296035284 0.010427387235480395 0.39624 3.0570079300618165 1.903281293434885
16048 10801356 2.602077898994425 0.009123014077506405 0.39624 3.0570079300618165 1.903281293434885
16049 10801356 2.5624527949694955 0.010144426178517268 0.39624 3.0570079300618165 1.903281293434885
16050 10801356 2.5348076289318366 0.008422905627730487 0.39624 3.0570079300618165 1.903281293434885
16051 10801356 2.497533184985945 0.00984537252298115 0.39624 3.0570079300618165 1.903281293434885
16052 10801356 2.469964396149578 0.011078071054010236 0.39624 3.0570079300618165 1.903281293434885
16053 10801356 2.442395607313212 0.012310769585039322 0.39624 3.0570079300618165 1.903281293434885
16054 10801356 2.414314612637189 0.010615150981166029 0.39624 3.0570079300618165 1.903281293434885
16055 10801356 2.3720955666709957 0.008045348661186197 0.39624 3.0570079300618165 1.903281293434885
16056 10801356 2.3509305728568366 0.009582307708004915 0.39624 3.0570079300618165 1.903281293434885
16057 10801356 2.302738902318909 0.008846208879104894 0.36576 3.0570079300618165 1.903281293434885
16058 10801356 2.2642260471780706 0.010557356869858677 0.36576 3.0570079300618165 1.903281293434885
16059 10801356 2.2312957344665216 0.010329001295113854 0.36576 3.0570079300618165 1.903281293434885
16060 10801356 2.193112255191924 0.007610610797721656 0.36576 3.0570079300618165 1.903281293434885
16061 10801356 2.1526496718227817 0.008790773234391619 0.36576 3.0570079300618165 1.903281293434885
16062 10801356 2.123411558710834 0.008992695996488416 0.36576 3.0570079300618165 1.903281293434885
16063 10801356 2.0913744675811667 0.0074218641741287394 0.36576 3.0570079300618165 1.903281293434885
16064 10801356 2.0580082322730453 0.0072197667461704465 0.36576 3.0570079300618165 1.903281293434885
16065 10801356 2.0333391078516834 0.007273474968907012 0.36576 3.0570079300618165 1.903281293434885
16066 10801356 2.0086699834303205 0.007327183191643576 0.36576 3.0570079300618165 1.903281293434885
16067 10801356 1.9753494115059045 0.00699370622625034 0.36576 3.0570079300618165 1.903281293434885
16068 10801356 1.9424876657642036 0.00697781647319215 0.36576 3.0570079300618165 1.903281293434885
16069 10801356 1.9051185769119496 0.005396702490617272 0.36576 3.0570079300618165 1.903281293434885
16070 10801356 1.870275608944844 0.008831861375802164 0.36576 3.0570079300618165 1.903281293434885
16071 10801356 1.8421594078776309 0.007032939776288272 0.36576 3.0570079300618165 1.903281293434885
16072 10801356 1.8087815586206992 0.007069345594153259 0.33528 3.0570079300618165 1.903281293434885
16073 10801356 1.7749435818307149 0.005153371399453127 0.33528 3.0570079300618165 1.903281293434885
16074 10801356 1.742116056267165 0.0052439714787318745 0.33528 3.0570079300618165 1.903281293434885
16075 10801356 1.7100564503301616 0.004967080969379589 0.33528 3.0570079300618165 1.903281293434885
16076 10801356 1.6744172536164108 0.0018874826183980509 0.33528 3.0570079300618165 1.903281293434885
16077 10801356 1.6476002728132857 0.00515557371159564 0.33528 3.0570079300618165 1.903281293434885
16078 10801356 1.6123759483908358 0.004978145549382113 0.33528 3.0570079300618165 1.903281293434885
16079 10801356 1.574664643202157 0.006430947512990129 0.33528 3.0570079300618165 1.903281293434885
16080 10801356 1.5260483132530207 0.007123391703864473 0.33528 3.0570079300618165 1.903281293434885
16081 10801356 1.4930136080658287 0.0065817766816596976 0.33528 3.0570079300618165 1.903281293434885
16082 10801356 1.4762501815481843 0.006917104838488619 0.3048 3.0570079300618165 1.903281293434885
16083 10801356 1.438167532561459 0.0028843321877019684 0.3048 3.0570079300618165 1.903281293434885
16084 10801356 1.4075009688974636 0.003069076668559619 0.3048 3.0570079300618165 1.903281293434885
16085 10801356 1.376834405233468 0.003253821149417269 0.3048 3.0570079300618165 1.903281293434885
16086 10801356 1.346167841569473 0.00343856563027492 0.3048 3.0570079300618165 1.903281293434885
16087 10801356 1.315501277905477 0.0036233101111325713 0.3048 3.0570079300618165 1.903281293434885
16088 10801356 1.2848347142414818 0.003808054591990222 0.3048 3.0570079300618165 1.903281293434885
16089 10801356 1.2541681505774864 0.003992799072847872 0.3048 3.0570079300618165 1.903281293434885
16090 10801356 1.2281554482332688 0.003962389246396486 0.3048 3.0570079300618165 1.903281293434885
16091 10801356 1.2021427458890512 0.0039319794199451 0.3048 3.0570079300618165 1.903281293434885
16092 10801356 1.1761300435448336 0.003901569593493713 0.3048 3.0570079300618165 1.903281293434885
16093 10801356 1.1501173412006158 0.003871159767042329 0.3048 3.0570079300618165 1.903281293434885
16094 10801356 1.1241046388563984 0.003840749940590943 0.3048 3.0570079300618165 1.903281293434885
16095 10801356 1.101226527999261 0.0006836964528392775 0.3048 3.0570079300618165 1.903281293434885
16096 10801356 1.0803816989084778 0.0021195908995931823 0.3048 3.0570079300618165 1.903281293434885
16097 10801356 1.0539198018257103 0.005390630392337392 0.3048 3.0570079300618165 1.903281293434885
16098 10801356 1.032419715021808 0.004821042687044613 0.3048 3.0570079300618165 1.903281293434885
16099 10801356 1.0092205187033234 0.0017691478610899758 0.3048 3.0570079300618165 1.903281293434885
16100 10801356 0.9924108022393824 0.0019649135927503336 0.3048 3.0570079300618165 1.903281293434885
16101 10801356 0.9756010857754416 0.0021606793244106914 0.3048 3.0570079300618165 1.903281293434885
16102 10801356 0.9587913693115008 0.002356445056071049 0.3048 3.0570079300618165 1.903281293434885
16103 10801356 0.937808505393162 0.003370524178557849 0.3048 3.0570079300618165 1.903281293434885
16104 10801356 0.9201878838172829 0.002896774971413274 0.3048 3.0570079300618165 1.903281293434885
16105 10801356 0.902567262241404 0.0024230257642686988 0.3048 3.0570079300618165 1.903281293434885
