16106 10801356 0.8849466406655251 0.0019492765571241246 0.3048 3.0570079300618165 1.903281293434885
16107 10801356 0.8848831212057752 0.0019477315847162106 0.3048126473029046 3.0570079300618165 1.903281293434885
16108 10801356 0.8848196017460253 0.001946186612308296 0.30482529460580915 3.0570079300618165 1.903281293434885
16109 10801356 0.8847560822862753 0.0019446416399003825 0.3048379419087137 3.0570079300618165 1.903281293434885
16110 10801356 0.8846925628265254 0.0019430966674924683 0.3048505892116183 3.0570079300618165 1.903281293434885
16111 10801356 0.8846290433667755 0.0019415516950845547 0.30486323651452285 3.0570079300618165 1.903281293434885
16112 10801356 0.8845655239070256 0.0019400067226766399 0.3048758838174274 3.0570079300618165 1.903281293434885
16113 10801356 0.8845020044472757 0.001938461750268726 0.304888531120332 3.0570079300618165 1.903281293434885
16114 10801356 0.8844384849875258 0.0019369167778608121 0.3049011784232365 3.0570079300618165 1.903281293434885
16115 10801356 0.8843749655277758 0.0019353718054528981 0.3049138257261411 3.0570079300618165 1.903281293434885
16116 10801356 0.8843114460680259 0.001933826833044984 0.3049264730290457 3.0570079300618165 1.903281293434885
16117 10801356 0.8842479266082759 0.00193228186063707 0.3049391203319502 3.0570079300618165 1.903281293434885
16118 10801356 0.8841844071485261 0.0019307368882291558 0.3049517676348548 3.0570079300618165 1.903281293434885
16119 10801356 0.8841208876887762 0.0019291919158212422 0.3049644149377593 3.0570079300618165 1.903281293434885
16120 10801356 0.8840573682290263 0.001927646943413328 0.3049770622406639 3.0570079300618165 1.903281293434885
16121 10801356 0.8839938487692763 0.0019261019710054136 0.3049897095435685 3.0570079300618165 1.903281293434885
16122 10801356 0.8839303293095264 0.0019245569985975 0.30500235684647303 3.0570079300618165 1.903281293434885
16123 10801356 0.8838668098497765 0.0019230120261895856 0.3050150041493776 3.0570079300618165 1.903281293434885
16124 10801356 0.8838032903900266 0.0019214670537816719 0.30502765145228217 3.0570079300618165 1.903281293434885
16125 10801356 0.8837397709302767 0.0019199220813737575 0.30504029875518673 3.0570079300618165 1.903281293434885
16126 10801356 0.8836762514705268 0.0019183771089658441 0.3050529460580913 3.0570079300618165 1.903281293434885
16127 10801356 0.8836127320107768 0.0019168321365579297 0.3050655933609959 3.0570079300618165 1.903281293434885
16128 10801356 0.8835492125510269 0.0019152871641500155 0.30507824066390044 3.0570079300618165 1.903281293434885
16129 10801356 0.883485693091277 0.001913742191742101 0.305090887966805 3.0570079300618165 1.903281293434885
16130 10801356 0.8834221736315271 0.001912197219334188 0.3051035352697096 3.0570079300618165 1.903281293434885
16131 10801356 0.8833586541717772 0.0019106522469262734 0.3051161825726141 3.0570079300618165 1.903281293434885
16132 10801356 0.8832951347120273 0.0019091072745183594 0.3051288298755187 3.0570079300618165 1.903281293434885
16133 10801356 0.8832316152522773 0.0019075623021104454 0.3051414771784233 3.0570079300618165 1.903281293434885
16134 10801356 0.8831680957925274 0.0019060173297025316 0.30515412448132784 3.0570079300618165 1.903281293434885
16135 10801356 0.8831045763327775 0.0019044723572946168 0.3051667717842324 3.0570079300618165 1.903281293434885
16136 10801356 0.8830410568730276 0.001902927384886703 0.30517941908713697 3.0570079300618165 1.903281293434885
16137 10801356 0.8829775374132777 0.001901382412478789 0.3051920663900415 3.0570079300618165 1.903281293434885
16138 10801356 0.8829140179535278 0.0018998374400708755 0.30520471369294605 3.0570079300618165 1.903281293434885
16139 10801356 0.8828504984937778 0.0018982924676629609 0.3052173609958506 3.0570079300618165 1.903281293434885
16140 10801356 0.8827869790340279 0.0018967474952550469 0.3052300082987552 3.0570079300618165 1.903281293434885
16141 10801356 0.882723459574278 0.001895202522847133 0.3052426556016597 3.0570079300618165 1.903281293434885
16142 10801356 0.8826599401145281 0.0018936575504392191 0.3052553029045643 3.0570079300618165 1.903281293434885
16143 10801356 0.8825964206547782 0.0018921125780313052 0.3052679502074689 3.0570079300618165 1.903281293434885
16144 10801356 0.8825329011950283 0.001890567605623391 0.30528059751037345 3.0570079300618165 1.903281293434885
16145 10801356 0.8824693817352783 0.001889022633215477 0.305293244813278 3.0570079300618165 1.903281293434885
16146 10801356 0.8824058622755284 0.0018874776608075628 0.3053058921161826 3.0570079300618165 1.903281293434885
16147 10801356 0.8823423428157785 0.0018859326883996488 0.30531853941908715 3.0570079300618165 1.903281293434885
16148 10801356 0.8822788233560286 0.0018843877159917348 0.3053311867219917 3.0570079300618165 1.903281293434885
16149 10801356 0.8822153038962787 0.0018828427435838206 0.3053438340248963 3.0570079300618165 1.903281293434885
16150 10801356 0.8821517844365288 0.0018812977711759066 0.30535648132780085 3.0570079300618165 1.903281293434885
16151 10801356 0.8820882649767788 0.0018797527987679927 0.3053691286307054 3.0570079300618165 1.903281293434885
16152 10801356 0.8820247455170289 0.001878207826360079 0.30538177593361 3.0570079300618165 1.903281293434885
16153 10801356 0.8819612260572791 0.001876662853952165 0.30539442323651456 3.0570079300618165 1.903281293434885
16154 10801356 0.8818977065975291 0.0018751178815442503 0.3054070705394191 3.0570079300618165 1.903281293434885
16155 10801356 0.8818341871377792 0.0018735729091363363 0.3054197178423237 3.0570079300618165 1.903281293434885
16156 10801356 0.8817706676780293 0.0018720279367284228 0.30543236514522826 3.0570079300618165 1.903281293434885
16157 10801356 0.8817071482182793 0.0018704829643205086 0.3054450124481328 3.0570079300618165 1.903281293434885
16158 10801356 0.8816436287585294 0.0018689379919125946 0.3054576597510373 3.0570079300618165 1.903281293434885
16159 10801356 0.8815801092987795 0.0018673930195046804 0.3054703070539419 3.0570079300618165 1.903281293434885
16160 10801356 0.8815165898390296 0.0018658480470967664 0.3054829543568465 3.0570079300618165 1.903281293434885
16161 10801356 0.8814530703792797 0.0018643030746888524 0.30549560165975104 3.0570079300618165 1.903281293434885
16162 10801356 0.8813895509195298 0.0018627581022809387 0.3055082489626556 3.0570079300618165 1.903281293434885
16163 10801356 0.8813260314597798 0.0018612131298730238 0.30552089626556017 3.0570079300618165 1.903281293434885
16164 10801356 0.8812625120000299 0.0018596681574651105 0.30553354356846474 3.0570079300618165 1.903281293434885
16165 10801356 0.8811989925402801 0.0018581231850571965 0.3055461908713693 3.0570079300618165 1.903281293434885
16166 10801356 0.8811354730805301 0.001856578212649282 0.3055588381742739 3.0570079300618165 1.903281293434885
