31262 10520887 -1.3110331352982636 -2.735366561424461 0.7010400000000001 4.538277022418892 -2.4225798289808167
31263 10520887 -1.2986455702631352 -2.697473365708593 0.7010400000000001 4.538277022418892 -2.4225798289808167
31264 10520887 -1.2809239752237798 -2.6595714153653067 0.7010400000000001 4.538277022418892 -2.4225798289808167
31265 10520887 -1.2567424466882378 -2.619575286457219 0.7010400000000001 4.538277022418892 -2.4225798289808167
31266 10520887 -1.2356665206024129 -2.589078799992889 0.7010400000000001 4.538277022418892 -2.4225798289808167
31267 10520887 -1.2152244778779762 -2.5618800411140805 0.7010400000000001 4.538277022418892 -2.4225798289808167
31268 10520887 -1.184581443044466 -2.5306555455446023 0.7010400000000001 4.538277022418892 -2.4225798289808167
31269 10520887 -1.1557510597498484 -2.499539436553126 0.67056 4.538277022418892 -2.4225798289808167
31270 10520887 -1.1136216340491902 -2.4630736016218484 0.67056 4.538277022418892 -2.4225798289808167
31271 10520887 -1.091932395621989 -2.4388527087813183 0.67056 4.538277022418892 -2.4225798289808167
31272 10520887 -1.0618710833094007 -2.41620019988686 0.67056 4.538277022418892 -2.4225798289808167
31273 10520887 -1.0295003215397809 -2.3889282950936384 0.67056 4.538277022418892 -2.4225798289808167
31274 10520887 -0.9999730096292556 -2.3600258610299503 0.67056 4.538277022418892 -2.4225798289808167
31275 10520887 -0.9650501826586464 -2.339079103489976 0.67056 4.538277022418892 -2.4225798289808167
31276 10520887 -0.9227806785665243 -2.3114208395343 0.67056 4.538277022418892 -2.4225798289808167
31277 10520887 -0.8940186174732729 -2.2913808733800534 0.67056 4.538277022418892 -2.4225798289808167
31278 10520887 -0.8597251301799727 -2.2680083139499407 0.67056 4.538277022418892 -2.4225798289808167
31279 10520887 -0.8225407302018717 -2.2439449575636403 0.6400800000000001 4.538277022418892 -2.4225798289808167
31280 10520887 -0.7901980194189433 -2.2211028842326863 0.6400800000000001 4.538277022418892 -2.4225798289808167
31281 10520887 -0.7498251081153844 -2.1967963590521618 0.6400800000000001 4.538277022418892 -2.4225798289808167
31282 10520887 -0.7159245581459432 -2.175982072479884 0.6400800000000001 4.538277022418892 -2.4225798289808167
31283 10520887 -0.6703001542035734 -2.1532748837826152 0.6400800000000001 4.538277022418892 -2.4225798289808167
31284 10520887 -0.6466710349122595 -2.1387417091158034 0.6248400000000001 4.538277022418892 -2.4225798289808167
31285 10520887 -0.6230419156209457 -2.1242085344489907 0.6096 4.538277022418892 -2.4225798289808167
31286 10520887 -0.5783369137709895 -2.1029529257384114 0.6096 4.538277022418892 -2.4225798289808167
31287 10520887 -0.5368210128645923 -2.081939972333495 0.6096 4.538277022418892 -2.4225798289808167
31288 10520887 -0.502022170566004 -2.0692462291140234 0.6096 4.538277022418892 -2.4225798289808167
31289 10520887 -0.4662322707564326 -2.05080113328442 0.6096 4.538277022418892 -2.4225798289808167
31290 10520887 -0.4224999388954995 -2.02572211606082 0.6096 4.538277022418892 -2.4225798289808167
31291 10520887 -0.3861632173474348 -2.011310833889195 0.6096 4.538277022418892 -2.4225798289808167
31292 10520887 -0.3513695493496409 -1.9902032109541143 0.6096 4.538277022418892 -2.4225798289808167
31293 10520887 -0.3184494344972646 -1.9737405022912489 0.6096 4.538277022418892 -2.4225798289808167
31294 10520887 -0.2786185553032958 -1.949722508587096 0.6096 4.538277022418892 -2.4225798289808167
31295 10520887 -0.2430990392100332 -1.9239449723860251 0.6096 4.538277022418892 -2.4225798289808167
31296 10520887 -0.197941231032019 -1.8931390411405316 0.6096 4.538277022418892 -2.4225798289808167
31297 10520887 -0.18006128179619307 -1.880289451544065 0.6096 4.538277022418892 -2.4225798289808167
31298 10520887 -0.15016949767108412 -1.8491677519560568 0.6096 4.538277022418892 -2.4225798289808167
31299 10520887 -0.10418321733231872 -1.8141927664771398 0.6096 4.538277022418892 -2.4225798289808167
31300 10520887 -0.0814353200731861 -1.7948726556953167 0.6096 4.538277022418892 -2.4225798289808167
31301 10520887 -0.04954744693695545 -1.7625337930366287 0.6096 4.538277022418892 -2.4225798289808167
31302 10520887 -0.023419477636919872 -1.7328689850652266 0.6096 4.538277022418892 -2.4225798289808167
31303 10520887 -0.008557563145950575 -1.721369528700982 0.6096 4.538277022418892 -2.4225798289808167
31304 10520887 0.03714430000615465 -1.6820953565829049 0.6096 4.538277022418892 -2.4225798289808167
31305 10520887 0.06696194546336875 -1.6560894395348964 0.6096 4.538277022418892 -2.4225798289808167
31306 10520887 0.08048032544679963 -1.6391857021078369 0.6096 4.538277022418892 -2.4225798289808167
31307 10520887 0.09399870543023048 -1.622281964680777 0.6096 4.538277022418892 -2.4225798289808167
31308 10520887 0.12151165030468335 -1.5951723829522413 0.6400800000000001 4.538277022418892 -2.4225798289808167
31309 10520887 0.15062036712846585 -1.5658971528585601 0.6400800000000001 4.538277022418892 -2.4225798289808167
31310 10520887 0.17451799472699947 -1.5416951159284509 0.6400800000000001 4.538277022418892 -2.4225798289808167
31311 10520887 0.21981071089361295 -1.5029876667948672 0.6400800000000001 4.538277022418892 -2.4225798289808167
31312 10520887 0.25146753391821497 -1.4812039369273866 0.6400800000000001 4.538277022418892 -2.4225798289808167
31313 10520887 0.283124356942817 -1.4594202070599058 0.6400800000000001 4.538277022418892 -2.4225798289808167
31314 10520887 0.31727343220316195 -1.4364646115471045 0.6400800000000001 4.538277022418892 -2.4225798289808167
31315 10520887 0.35544144654196097 -1.4215979793795204 0.6400800000000001 4.538277022418892 -2.4225798289808167
31316 10520887 0.3929459316840233 -1.4044115361150658 0.6400800000000001 4.538277022418892 -2.4225798289808167
31317 10520887 0.4361917966349703 -1.3924886571259665 0.6400800000000001 4.538277022418892 -2.4225798289808167
31318 10520887 0.4794376615859174 -1.3805657781368663 0.6400800000000001 4.538277022418892 -2.4225798289808167
31319 10520887 0.5327131581975254 -1.3751904982528236 0.6400800000000001 4.538277022418892 -2.4225798289808167
31320 10520887 0.5831668678338642 -1.3702949007205083 0.6400800000000001 4.538277022418892 -2.4225798289808167
31321 10520887 0.6220016707208234 -1.3669771138990634 0.6400800000000001 4.538277022418892 -2.4225798289808167
31322 10520887 0.6729097693876944 -1.3674865452263671 0.6096 4.538277022418892 -2.4225798289808167
31323 10520887 0.7229996053493212 -1.3732190969236984 0.6096 4.538277022418892 -2.4225798289808167
31324 10520887 0.7739954610750783 -1.3788968016683878 0.6096 4.538277022418892 -2.4225798289808167
31325 10520887 0.8208593549899983 -1.389065588378259 0.6096 4.538277022418892 -2.4225798289808167
31326 10520887 0.8775268606310593 -1.4018523723518317 0.6096 4.538277022418892 -2.4225798289808167
31327 10520887 0.9154665589703708 -1.4145960566666302 0.6096 4.538277022418892 -2.4225798289808167
31328 10520887 0.9674179395382996 -1.4312154247414597 0.6096 4.538277022418892 -2.4225798289808167
31329 10520887 1.0199115581180809 -1.4434553776087322 0.6400800000000001 4.538277022418892 -2.4225798289808167
31330 10520887 1.0884538768081775 -1.4658434229736208 0.6400800000000001 4.538277022418892 -2.4225798289808167
31331 10520887 1.1343747755798732 -1.4802580852773723 0.6400800000000001 4.538277022418892 -2.4225798289808167
31332 10520887 1.1815562043984442 -1.4962523457040453 0.6400800000000001 4.538277022418892 -2.4225798289808167
31333 10520887 1.2245878992158623 -1.5097227130052555 0.6400800000000001 4.538277022418892 -2.4225798289808167
31334 10520887 1.2448939397222736 -1.5163546870185194 0.6248400000000001 4.538277022418892 -2.4225798289808167
31335 10520887 1.2651999802286846 -1.5229866610317833 0.6096 4.538277022418892 -2.4225798289808167
31336 10520887 1.338498998956904 -1.5419605840399693 0.6096 4.538277022418892 -2.4225798289808167
31337 10520887 1.3837311684046159 -1.5537243593184171 0.6096 4.538277022418892 -2.4225798289808167
31338 10520887 1.428963337852328 -1.5654881345968648 0.6096 4.538277022418892 -2.4225798289808167
31339 10520887 1.4800355619581829 -1.5777275294976236 0.6096 4.538277022418892 -2.4225798289808167
31340 10520887 1.5003767866824942 -1.5834356594860763 0.6096 4.538277022418892 -2.4225798289808167
31341 10520887 1.5699782942612541 -1.6014916490930504 0.6096 4.538277022418892 -2.4225798289808167
31342 10520887 1.615639172355981 -1.6112620037269558 0.6096 4.538277022418892 -2.4225798289808167
31343 10520887 1.646921828841312 -1.616103373855782 0.6096 4.538277022418892 -2.4225798289808167
31344 10520887 1.7086155791603963 -1.625734746004572 0.6096 4.538277022418892 -2.4225798289808167
31345 10520887 1.7543799295979323 -1.635187509705135 0.6096 4.538277022418892 -2.4225798289808167
31346 10520887 1.7980614264874768 -1.6374180086868582 0.6096 4.538277022418892 -2.4225798289808167
31347 10520887 1.8471199698643737 -1.6422216469493716 0.6096 4.538277022418892 -2.4225798289808167
31348 10520887 1.8910057597102732 -1.6479060483164651 0.6096 4.538277022418892 -2.4225798289808167
31349 10520887 1.9334723449633344 -1.6486877130549842 0.6096 4.538277022418892 -2.4225798289808167
31350 10520887 1.977189079743122 -1.6491763961852763 0.6096 4.538277022418892 -2.4225798289808167
31351 10520887 2.0216852386887245 -1.650269756103788 0.6096 4.538277022418892 -2.4225798289808167
31352 10520887 2.0637734572113238 -1.650576717177384 0.57912 4.538277022418892 -2.4225798289808167
31353 10520887 2.1099781332849856 -1.6518769056695788 0.57912 4.538277022418892 -2.4225798289808167
31354 10520887 2.15636868772667 -1.6487984363948476 0.57912 4.538277022418892 -2.4225798289808167
31355 10520887 2.2046373598972417 -1.6503046143169324 0.57912 4.538277022418892 -2.4225798289808167
31356 10520887 2.2524692876274224 -1.6534201648614244 0.57912 4.538277022418892 -2.4225798289808167
31357 10520887 2.3012547536263765 -1.6533421855039299 0.57912 4.538277022418892 -2.4225798289808167
31358 10520887 2.342196636060572 -1.651988435573495 0.57912 4.538277022418892 -2.4225798289808167
31359 10520887 2.385968569632734 -1.6552964179130008 0.57912 4.538277022418892 -2.4225798289808167
31360 10520887 2.4299654993347883 -1.6558738596205995 0.57912 4.538277022418892 -2.4225798289808167
31361 10520887 2.4739624290368427 -1.6564513013281987 0.57912 4.538277022418892 -2.4225798289808167
31362 10520887 2.5437103535152557 -1.6577240165408478 0.57912 4.538277022418892 -2.4225798289808167
31363 10520887 2.5820717417480648 -1.6558380367213392 0.57912 4.538277022418892 -2.4225798289808167
31364 10520887 2.6204331299808734 -1.6539520569018304 0.57912 4.538277022418892 -2.4225798289808167
31365 10520887 2.6587945182136816 -1.6520660770823217 0.57912 4.538277022418892 -2.4225798289808167
31366 10520887 2.6823625788406367 -1.6492451691832228 0.57912 4.538277022418892 -2.4225798289808167
31367 10520887 2.750347363656465 -1.643398925525222 0.57912 4.538277022418892 -2.4225798289808167
31368 10520887 2.7944097095309943 -1.637921466161268 0.57912 4.538277022418892 -2.4225798289808167
31369 10520887 2.809367586808581 -1.6301873898052244 0.57912 4.538277022418892 -2.4225798289808167
31370 10520887 2.859558673929913 -1.6140939340518852 0.57912 4.538277022418892 -2.4225798289808167
31371 10520887 2.89551946383642 -1.5945240157149567 0.57912 4.538277022418892 -2.4225798289808167
31372 10520887 2.9314802537429268 -1.5749540973780285 0.57912 4.538277022418892 -2.4225798289808167
31373 10520887 2.9674410436494343 -1.5553841790410998 0.57912 4.538277022418892 -2.4225798289808167
31374 10520887 2.9931076441913484 -1.5270810878656202 0.57912 4.538277022418892 -2.4225798289808167
31375 10520887 3.003573572864027 -1.5113392368129688 0.57912 4.538277022418892 -2.4225798289808167
31376 10520887 3.0140395015367063 -1.4955973857603175 0.57912 4.538277022418892 -2.4225798289808167
31377 10520887 3.0340589919554306 -1.4533027016946856 0.54864 4.538277022418892 -2.4225798289808167
31378 10520887 3.043705752195507 -1.4237431375816016 0.54864 4.538277022418892 -2.4225798289808167
31379 10520887 3.0500528578837685 -1.3879669333839233 0.54864 4.538277022418892 -2.4225798289808167
31380 10520887 3.0565276480816825 -1.349078426748249 0.54864 4.538277022418892 -2.4225798289808167
31381 10520887 3.0505455143957434 -1.3173386668295126 0.54864 4.538277022418892 -2.4225798289808167
31382 10520887 3.0473315198555087 -1.276573101396138 0.54864 4.538277022418892 -2.4225798289808167
31383 10520887 3.0459936628893045 -1.2452976425870643 0.54864 4.538277022418892 -2.4225798289808167
31384 10520887 3.0369718143740387 -1.1929410012783996 0.54864 4.538277022418892 -2.4225798289808167
31385 10520887 3.0291313638360693 -1.1636317644517071 0.54864 4.538277022418892 -2.4225798289808167
31386 10520887 3.023495288415225 -1.1292012150400674 0.54864 4.538277022418892 -2.4225798289808167
31387 10520887 3.019526320497857 -1.0978262110189747 0.54864 4.538277022418892 -2.4225798289808167
31388 10520887 3.015557352580489 -1.0664512069978818 0.54864 4.538277022418892 -2.4225798289808167
31389 10520887 3.0108578589092363 -1.0400359774353825 0.54864 4.538277022418892 -2.4225798289808167
31390 10520887 3.001884329328476 -1.0076700242458227 0.54864 4.538277022418892 -2.4225798289808167
31391 10520887 2.9973106636594693 -0.9822303200388984 0.54864 4.538277022418892 -2.4225798289808167
31392 10520887 2.987890743952634 -0.9487840735934358 0.54864 4.538277022418892 -2.4225798289808167
31393 10520887 2.9842294111592804 -0.9333376944195888 0.54864 4.538277022418892 -2.4225798289808167
31394 10520887 2.9805680783659265 -0.9178913152457416 0.54864 4.538277022418892 -2.4225798289808167
31395 10520887 2.972186590089848 -0.8945963397438853 0.54864 4.538277022418892 -2.4225798289808167
31396 10520887 2.9586095886211097 -0.8518497137131645 0.54864 4.538277022418892 -2.4225798289808167
31397 10520887 2.948453239433701 -0.8244708740250131 0.5334000000000001 4.538277022418892 -2.4225798289808167
31398 10520887 2.9382968902462916 -0.7970920343368616 0.5181600000000001 4.538277022418892 -2.4225798289808167
31399 10520887 2.923978042784856 -0.7702235406302574 0.5181600000000001 4.538277022418892 -2.4225798289808167
31400 10520887 2.9119435318570077 -0.7390775254089691 0.5181600000000001 4.538277022418892 -2.4225798289808167
31401 10520887 2.8953053235964825 -0.6975508028260158 0.5181600000000001 4.538277022418892 -2.4225798289808167
31402 10520887 2.87942863965071 -0.6686549890104422 0.5181600000000001 4.538277022418892 -2.4225798289808167
31403 10520887 2.876673367646648 -0.6539713958770301 0.5181600000000001 4.538277022418892 -2.4225798289808167
31404 10520887 2.8589575763237773 -0.6130272139930961 0.5181600000000001 4.538277022418892 -2.4225798289808167
31405 10520887 2.8466382657004656 -0.5800356590557264 0.5181600000000001 4.538277022418892 -2.4225798289808167
31406 10520887 2.835291597274121 -0.5508660065490206 0.5181600000000001 4.538277022418892 -2.4225798289808167
31407 10520887 2.8215130411859084 -0.5237060613597859 0.5181600000000001 4.538277022418892 -2.4225798289808167
31408 10520887 2.8153758167757315 -0.5085024848592145 0.5181600000000001 4.538277022418892 -2.4225798289808167
31409 10520887 2.8092385923655545 -0.493298908358643 0.5181600000000001 4.538277022418892 -2.4225798289808167
31410 10520887 2.7979046300687638 -0.4627314278788096 0.5181600000000001 4.538277022418892 -2.4225798289808167
31411 10520887 2.7801113707295793 -0.4193082381444749 0.5181600000000001 4.538277022418892 -2.4225798289808167
31412 10520887 2.7666766182431357 -0.39354521765112094 0.48768 4.538277022418892 -2.4225798289808167
31413 10520887 2.754987711047502 -0.3629784768361699 0.48768 4.538277022418892 -2.4225798289808167
31414 10520887 2.7345613411161076 -0.3330638924851937 0.48768 4.538277022418892 -2.4225798289808167
31415 10520887 2.720234943044787 -0.30350507589389875 0.48768 4.538277022418892 -2.4225798289808167
31416 10520887 2.702100653552875 -0.2760907918090726 0.48768 4.538277022418892 -2.4225798289808167
31417 10520887 2.683941885098506 -0.25147203753577063 0.48768 4.538277022418892 -2.4225798289808167
31418 10520887 2.6683038472225524 -0.2300124582594188 0.48768 4.538277022418892 -2.4225798289808167
31419 10520887 2.6492394885226065 -0.2054483504575693 0.48768 4.538277022418892 -2.4225798289808167
31420 10520887 2.627799813735892 -0.18408048971296567 0.48768 4.538277022418892 -2.4225798289808167
31421 10520887 2.600068699777723 -0.15750446983021524 0.48768 4.538277022418892 -2.4225798289808167
31422 10520887 2.5804260667989576 -0.1415126011615062 0.4572000000000001 4.538277022418892 -2.4225798289808167
31423 10520887 2.558686343191426 -0.12378463395054998 0.4572000000000001 4.538277022418892 -2.4225798289808167
31424 10520887 2.5354302357288376 -0.1107015009259276 0.4572000000000001 4.538277022418892 -2.4225798289808167
31425 10520887 2.5032367689184056 -0.08827531749737169 0.4572000000000001 4.538277022418892 -2.4225798289808167
31426 10520887 2.473947454225713 -0.07871262480225275 0.4572000000000001 4.538277022418892 -2.4225798289808167
31427 10520887 2.462302278418651 -0.07222370158192598 0.4572000000000001 4.538277022418892 -2.4225798289808167
31428 10520887 2.4506571026115886 -0.06573477836159923 0.4572000000000001 4.538277022418892 -2.4225798289808167
31429 10520887 2.419888477771152 -0.05662339051392304 0.4572000000000001 4.538277022418892 -2.4225798289808167
31430 10520887 2.3853834170476182 -0.04535733120911492 0.42672 4.538277022418892 -2.4225798289808167
31431 10520887 2.3612040251961317 -0.04190167029887485 0.42672 4.538277022418892 -2.4225798289808167
31432 10520887 2.3164810319627422 -0.03337358412447497 0.42672 4.538277022418892 -2.4225798289808167
31433 10520887 2.294238805662149 -0.030783851108510982 0.42672 4.538277022418892 -2.4225798289808167
31434 10520887 2.2580900802542665 -0.025639162845230518 0.42672 4.538277022418892 -2.4225798289808167
31435 10520887 2.2309383091560653 -0.026118932832625702 0.42672 4.538277022418892 -2.4225798289808167
31436 10520887 2.1996968649369086 -0.02117448814162984 0.42672 4.538277022418892 -2.4225798289808167
31437 10520887 2.173969085135279 -0.01838079189822986 0.39624 4.538277022418892 -2.4225798289808167
31438 10520887 2.1411764325700187 -0.018186476176380837 0.39624 4.538277022418892 -2.4225798289808167
31439 10520887 2.1203322031606504 -0.016753642233519744 0.39624 4.538277022418892 -2.4225798289808167
31440 10520887 2.080033326288116 -0.010720129439880792 0.39624 4.538277022418892 -2.4225798289808167
31441 10520887 2.0530001546659857 -0.005396953662237858 0.39624 4.538277022418892 -2.4225798289808167
31442 10520887 2.0371179880818744 -0.007803869994587016 0.39624 4.538277022418892 -2.4225798289808167
31443 10520887 2.009439379134837 -0.007176239648250927 0.39624 4.538277022418892 -2.4225798289808167
31444 10520887 1.9784843776880363 -0.0024411981514250174 0.39624 4.538277022418892 -2.4225798289808167
31445 10520887 1.9573725983936918 -0.000920470947951298 0.38608 4.538277022418892 -2.4225798289808167
31446 10520887 1.9362608190993476 0.0006002562555224209 0.37592 4.538277022418892 -2.4225798289808167
31447 10520887 1.9151490398050028 0.00212098345899614 0.36576 4.538277022418892 -2.4225798289808167
31448 10520887 1.885521906947364 0.0038526986290474134 0.36576 4.538277022418892 -2.4225798289808167
31449 10520887 1.8580553764397745 0.0045869061758278115 0.36576 4.538277022418892 -2.4225798289808167
31450 10520887 1.8305888459321848 0.005321113722608212 0.36576 4.538277022418892 -2.4225798289808167
31451 10520887 1.8078055431399664 0.005168485671126322 0.36576 4.538277022418892 -2.4225798289808167
31452 10520887 1.7740471986206308 0.0024087501506896702 0.36576 4.538277022418892 -2.4225798289808167
31453 10520887 1.7522267631003023 0.001941812624377759 0.36576 4.538277022418892 -2.4225798289808167
31454 10520887 1.7138523089564202 0.005713315764368371 0.36576 4.538277022418892 -2.4225798289808167
31455 10520887 1.7036558770730983 0.0016837106847155947 0.36576 4.538277022418892 -2.4225798289808167
31456 10520887 1.6596130260316884 6.381936247140674e-05 0.36576 4.538277022418892 -2.4225798289808167
31457 10520887 1.6367700437253374 -0.002989392737496932 0.36576 4.538277022418892 -2.4225798289808167
31458 10520887 1.6107554599886922 1.6749044202402086e-05 0.36576 4.538277022418892 -2.4225798289808167
31459 10520887 1.5781879106107417 -0.004532980678637527 0.36576 4.538277022418892 -2.4225798289808167
31460 10520887 1.5506825087199745 -0.0017406343692065868 0.36576 4.538277022418892 -2.4225798289808167
31461 10520887 1.5290355158117857 -4.3961372581502456e-05 0.36576 4.538277022418892 -2.4225798289808167
31462 10520887 1.501125732716662 -0.0012081676886690068 0.36576 4.538277022418892 -2.4225798289808167
31463 10520887 1.4753630827709825 0.0014825079395038856 0.33528 4.538277022418892 -2.4225798289808167
31464 10520887 1.4433031308130406 0.0012068215844097119 0.33528 4.538277022418892 -2.4225798289808167
31465 10520887 1.4144686270562037 0.005368406196751968 0.33528 4.538277022418892 -2.4225798289808167
31466 10520887 1.3984041440840491 0.005125121978255681 0.33528 4.538277022418892 -2.4225798289808167
31467 10520887 1.3579140273524586 0.0018791265440575575 0.33528 4.538277022418892 -2.4225798289808167
31468 10520887 1.330836927177017 0.002721646804021191 0.33528 4.538277022418892 -2.4225798289808167
31469 10520887 1.3037598270015756 0.0035641670639848244 0.33528 4.538277022418892 -2.4225798289808167
31470 10520887 1.2825303124853344 0.0035748823096616728 0.33528 4.538277022418892 -2.4225798289808167
31471 10520887 1.2613007979690936 0.003585597555338521 0.33528 3.6306216179351134 -1.9380638631846536
31472 10520887 1.2400712834528524 0.0035963128010153686 0.33528 3.6306216179351134 -1.9380638631846536
31473 10520887 1.2188417689366111 0.0036070280466922173 0.33528 3.6306216179351134 -1.9380638631846536
31474 10520887 1.1976122544203704 0.0036177432923690657 0.33528 3.6306216179351134 -1.9380638631846536
31475 10520887 1.1763827399041291 0.003628458538045913 0.33528 3.6306216179351134 -1.9380638631846536
31476 10520887 1.1551532253878882 0.0036391737837227632 0.33528 3.6306216179351134 -1.9380638631846536
31477 10520887 1.1339237108716471 0.003649889029399611 0.33528 3.6306216179351134 -1.9380638631846536
31478 10520887 1.1126941963554062 0.0036606042750764603 0.33528 3.6306216179351134 -1.9380638631846536
31479 10520887 1.0914646818391651 0.003671319520753308 0.33528 3.6306216179351134 -1.9380638631846536
31480 10520887 1.0702351673229242 0.003682034766430156 0.33528 3.6306216179351134 -1.9380638631846536
31481 10520887 1.048158337267507 0.0036124202554002342 0.33528 3.6306216179351134 -1.9380638631846536
31482 10520887 1.02608150721209 0.003542805744370312 0.33528 3.6306216179351134 -1.9380638631846536
31483 10520887 1.0040046771566726 0.003473191233340389 0.33528 3.6306216179351134 -1.9380638631846536
31484 10520887 0.9929804082220219 0.004387903989127821 0.33528 3.6306216179351134 -1.9380638631846536
31485 10520887 0.9819561392873716 0.005302616744915251 0.33528 3.6306216179351134 -1.9380638631846536
31486 10520887 0.9603088109615088 0.007001028085605682 0.33528 3.6306216179351134 -1.9380638631846536
31487 10520887 0.9426231283840204 0.0017975156541818887 0.33528 3.6306216179351134 -1.9380638631846536
31488 10520887 0.9289564308793504 0.003458806691962857 0.33528 3.6306216179351134 -1.9380638631846536
31489 10520887 0.9149899072594068 0.003115257558866541 0.33528 3.6306216179351134 -1.9380638631846536
31490 10520887 0.9010233836394628 0.002771708425770225 0.33528 3.6306216179351134 -1.9380638631846536
31491 10520887 0.8870568600195192 0.002428159292673909 0.33528 3.6306216179351134 -1.9380638631846536
31492 10520887 0.8730903363995755 0.0020846101595775935 0.33528 3.6306216179351134 -1.9380638631846536
31493 10520887 0.8591238127796317 0.0017410610264812776 0.33528 3.6306216179351134 -1.9380638631846536
31494 10520887 0.8472344063860636 0.003405946751897732 0.33528 3.6306216179351134 -1.9380638631846536
31495 10520887 0.8390927920648497 0.006833797043947171 0.33528 3.6306216179351134 -1.9380638631846536
31496 10520887 0.8309511777436356 0.010261647335996613 0.33528 3.6306216179351134 -1.9380638631846536
31497 10520887 0.8228095634224216 0.013689497628046051 0.33528 3.6306216179351134 -1.9380638631846536
31498 10520887 0.8146679491012077 0.01711734792009549 0.33528 3.6306216179351134 -1.9380638631846536
31499 10520887 0.8065263347799937 0.02054519821214493 0.33528 3.6306216179351134 -1.9380638631846536
31500 10520887 0.7983847204587796 0.02397304850419437 0.33528 3.6306216179351134 -1.9380638631846536
31501 10520887 0.7902431061375657 0.027400898796243814 0.33528 3.6306216179351134 -1.9380638631846536
