31348 10628960 1.1053577214040082 0.07947636750675546 0.33528 4.538277022418892 -2.4225798289808167
31349 10628960 1.116672451141019 0.08103706053379621 0.33528 4.538277022418892 -2.4225798289808167
31350 10628960 1.1279871808780306 0.08259775356083697 0.33528 4.538277022418892 -2.4225798289808167
31351 10628960 1.1378162764360142 0.08210288576380187 0.33528 4.538277022418892 -2.4225798289808167
31352 10628960 1.1476453719939972 0.08160801796676674 0.33528 4.538277022418892 -2.4225798289808167
31353 10628960 1.1574744675519806 0.08111315016973163 0.33528 4.538277022418892 -2.4225798289808167
31354 10628960 1.1673035631099642 0.08061828237269651 0.33528 4.538277022418892 -2.4225798289808167
31355 10628960 1.1753278473022934 0.07799686493618029 0.33528 4.538277022418892 -2.4225798289808167
31356 10628960 1.1841704823165446 0.08059889886650345 0.33528 4.538277022418892 -2.4225798289808167
31357 10628960 1.1933934306985643 0.08028751605830788 0.33528 4.538277022418892 -2.4225798289808167
31358 10628960 1.2026163790805846 0.0799761332501123 0.33528 4.538277022418892 -2.4225798289808167
31359 10628960 1.2118393274626045 0.07966475044191673 0.33528 4.538277022418892 -2.4225798289808167
31360 10628960 1.2210622758446243 0.07935336763372114 0.33528 4.538277022418892 -2.4225798289808167
31361 10628960 1.2346624242863355 0.0783958084093666 0.33528 4.538277022418892 -2.4225798289808167
31362 10628960 1.2482625727280463 0.07743824918501205 0.33528 4.538277022418892 -2.4225798289808167
31363 10628960 1.2618627211697575 0.0764806899606575 0.33528 4.538277022418892 -2.4225798289808167
31364 10628960 1.273078099967267 0.07819088890551554 0.33528 4.538277022418892 -2.4225798289808167
31365 10628960 1.2842934787647764 0.07990108785037359 0.33528 4.538277022418892 -2.4225798289808167
31366 10628960 1.2888447678957975 0.0788816208135302 0.33528 4.538277022418892 -2.4225798289808167
31367 10628960 1.2999491209428604 0.07943653648180618 0.33528 4.538277022418892 -2.4225798289808167
31368 10628960 1.3110534739899231 0.07999145215008216 0.33528 4.538277022418892 -2.4225798289808167
31369 10628960 1.3221578270369858 0.08054636781835812 0.33528 4.538277022418892 -2.4225798289808167
31370 10628960 1.3332621800840492 0.0811012834866341 0.33528 4.538277022418892 -2.4225798289808167
31371 10628960 1.3443665331311117 0.08165619915491007 0.33528 4.538277022418892 -2.4225798289808167
31372 10628960 1.3521855416711357 0.08044553161539869 0.33528 4.538277022418892 -2.4225798289808167
31373 10628960 1.3600045502111595 0.07923486407588731 0.33528 4.538277022418892 -2.4225798289808167
31374 10628960 1.3678235587511836 0.07802419653637592 0.33528 4.538277022418892 -2.4225798289808167
31375 10628960 1.3756425672912074 0.07681352899686454 0.33528 4.538277022418892 -2.4225798289808167
31376 10628960 1.3769945558629542 0.07652675912038771 0.33528 4.538277022418892 -2.4225798289808167
31377 10628960 1.378346544434701 0.07623998924391087 0.33528 4.538277022418892 -2.4225798289808167
31378 10628960 1.3796985330064475 0.07595321936743404 0.33528 4.538277022418892 -2.4225798289808167
31379 10628960 1.3810505215781943 0.0756664494909572 0.33528 4.538277022418892 -2.4225798289808167
31380 10628960 1.3824025101499413 0.07537967961448037 0.33528 4.538277022418892 -2.4225798289808167
31381 10628960 1.383754498721688 0.07509290973800352 0.33528 4.538277022418892 -2.4225798289808167
31382 10628960 1.3851064872934349 0.0748061398615267 0.33528 4.538277022418892 -2.4225798289808167
31383 10628960 1.3864584758651817 0.07451936998504986 0.33528 4.538277022418892 -2.4225798289808167
31384 10628960 1.3878104644369285 0.07423260010857304 0.33528 4.538277022418892 -2.4225798289808167
31385 10628960 1.3891624530086752 0.0739458302320962 0.33528 4.538277022418892 -2.4225798289808167
31386 10628960 1.3905144415804223 0.07365906035561938 0.33528 4.538277022418892 -2.4225798289808167
31387 10628960 1.3918664301521688 0.07337229047914252 0.33528 4.538277022418892 -2.4225798289808167
31388 10628960 1.3932184187239156 0.0730855206026657 0.33528 4.538277022418892 -2.4225798289808167
31389 10628960 1.3945704072956624 0.07279875072618885 0.33528 4.538277022418892 -2.4225798289808167
31390 10628960 1.3959223958674092 0.07251198084971203 0.33528 4.538277022418892 -2.4225798289808167
31391 10628960 1.397274384439156 0.07222521097323517 0.33528 4.538277022418892 -2.4225798289808167
31392 10628960 1.3986263730109028 0.07193844109675836 0.33528 4.538277022418892 -2.4225798289808167
31393 10628960 1.3999783615826495 0.07165167122028153 0.33528 4.538277022418892 -2.4225798289808167
31394 10628960 1.4013303501543963 0.07136490134380469 0.33528 4.538277022418892 -2.4225798289808167
31395 10628960 1.4026823387261431 0.07107813146732785 0.33528 4.538277022418892 -2.4225798289808167
31396 10628960 1.40403432729789 0.07079136159085103 0.33528 4.538277022418892 -2.4225798289808167
31397 10628960 1.4053863158696367 0.07050459171437418 0.33528 4.538277022418892 -2.4225798289808167
31398 10628960 1.4067383044413837 0.07021782183789735 0.33528 4.538277022418892 -2.4225798289808167
31399 10628960 1.4080902930131305 0.0699310519614205 0.33528 4.538277022418892 -2.4225798289808167
31400 10628960 1.409442281584877 0.06964428208494368 0.33528 4.538277022418892 -2.4225798289808167
31401 10628960 1.4107942701566238 0.06935751220846684 0.33528 4.538277022418892 -2.4225798289808167
31402 10628960 1.4121462587283706 0.06907074233199001 0.33528 4.538277022418892 -2.4225798289808167
31403 10628960 1.4134982473001174 0.06878397245551318 0.33528 4.538277022418892 -2.4225798289808167
31404 10628960 1.4148502358718642 0.06849720257903634 0.33528 4.538277022418892 -2.4225798289808167
31405 10628960 1.416202224443611 0.0682104327025595 0.33528 4.538277022418892 -2.4225798289808167
31406 10628960 1.4175542130153578 0.06792366282608267 0.33528 4.538277022418892 -2.4225798289808167
31407 10628960 1.4189062015871046 0.06763689294960583 0.33528 4.538277022418892 -2.4225798289808167
31408 10628960 1.4202581901588514 0.067350123073129 0.33528 4.538277022418892 -2.4225798289808167
31409 10628960 1.421610178730598 0.06706335319665216 0.33528 4.538277022418892 -2.4225798289808167
31410 10628960 1.422962167302345 0.06677658332017533 0.33528 4.538277022418892 -2.4225798289808167
31411 10628960 1.4243141558740915 0.06648981344369849 0.33528 4.538277022418892 -2.4225798289808167
31412 10628960 1.4256661444458385 0.06620304356722166 0.33528 4.538277022418892 -2.4225798289808167
31413 10628960 1.4270181330175853 0.06591627369074482 0.33528 4.538277022418892 -2.4225798289808167
31414 10628960 1.4283701215893319 0.06562950381426799 0.33528 4.538277022418892 -2.4225798289808167
31415 10628960 1.4297221101610789 0.06534273393779116 0.33528 4.538277022418892 -2.4225798289808167
31416 10628960 1.4310740987328257 0.06505596406131432 0.33528 4.538277022418892 -2.4225798289808167
31417 10628960 1.4324260873045724 0.06476919418483748 0.33528 4.538277022418892 -2.4225798289808167
31418 10628960 1.4337780758763192 0.06448242430836065 0.33528 4.538277022418892 -2.4225798289808167
31419 10628960 1.435840555098219 0.06264048161061089 0.33528 4.538277022418892 -2.4225798289808167
31420 10628960 1.4358381485861549 0.06294680722532299 0.33528 4.538277022418892 -2.4225798289808167
31421 10628960 1.4358357420740908 0.06325313284003509 0.33528 4.538277022418892 -2.4225798289808167
31422 10628960 1.4358333355620267 0.06355945845474717 0.33528 4.538277022418892 -2.4225798289808167
31423 10628960 1.4358309290499631 0.06386578406945928 0.33528 4.538277022418892 -2.4225798289808167
31424 10628960 1.4358285225378988 0.06417210968417138 0.33528 4.538277022418892 -2.4225798289808167
31425 10628960 1.4358261160258348 0.06447843529888347 0.33528 4.538277022418892 -2.4225798289808167
31426 10628960 1.435823709513771 0.06478476091359557 0.33528 4.538277022418892 -2.4225798289808167
31427 10628960 1.4358213030017069 0.06509108652830768 0.33528 4.538277022418892 -2.4225798289808167
31428 10628960 1.4358188964896428 0.06539741214301976 0.33528 4.538277022418892 -2.4225798289808167
31429 10628960 1.4358164899775792 0.06570373775773186 0.33528 4.538277022418892 -2.4225798289808167
31430 10628960 1.4358140834655149 0.06601006337244396 0.33528 4.538277022418892 -2.4225798289808167
31431 10628960 1.4358116769534508 0.06631638898715607 0.33528 4.538277022418892 -2.4225798289808167
31432 10628960 1.4358092704413867 0.06662271460186815 0.33528 4.538277022418892 -2.4225798289808167
31433 10628960 1.4358068639293229 0.06692904021658025 0.33528 4.538277022418892 -2.4225798289808167
31434 10628960 1.4358044574172588 0.06723536583129235 0.33528 4.538277022418892 -2.4225798289808167
31435 10628960 1.4358020509051947 0.06754169144600444 0.33528 4.538277022418892 -2.4225798289808167
31436 10628960 1.435799644393131 0.06784801706071654 0.33528 4.538277022418892 -2.4225798289808167
31437 10628960 1.4357972378810668 0.06815434267542864 0.33528 4.538277022418892 -2.4225798289808167
31438 10628960 1.4357948313690028 0.06846066829014072 0.33528 4.538277022418892 -2.4225798289808167
31439 10628960 1.4357924248569387 0.06876699390485283 0.33528 4.538277022418892 -2.4225798289808167
31440 10628960 1.4357900183448746 0.06907331951956493 0.33528 4.538277022418892 -2.4225798289808167
31441 10628960 1.4357876118328106 0.06937964513427702 0.33528 4.538277022418892 -2.4225798289808167
31442 10628960 1.4357852053207467 0.06968597074898912 0.33528 4.538277022418892 -2.4225798289808167
31443 10628960 1.4357827988086826 0.06999229636370123 0.33528 4.538277022418892 -2.4225798289808167
31444 10628960 1.4357803922966186 0.07029862197841331 0.33528 4.538277022418892 -2.4225798289808167
31445 10628960 1.4357779857845547 0.07060494759312541 0.33528 4.538277022418892 -2.4225798289808167
31446 10628960 1.4357755792724909 0.07091127320783751 0.33528 4.538277022418892 -2.4225798289808167
31447 10628960 1.4357731727604266 0.0712175988225496 0.33528 4.538277022418892 -2.4225798289808167
31448 10628960 1.4357707662483623 0.0715239244372617 0.33528 4.538277022418892 -2.4225798289808167
31449 10628960 1.4357683597362985 0.0718302500519738 0.33528 4.538277022418892 -2.4225798289808167
31450 10628960 1.4357659532242346 0.0721365756666859 0.33528 4.538277022418892 -2.4225798289808167
31451 10628960 1.4357635467121703 0.07244290128139799 0.33528 4.538277022418892 -2.4225798289808167
31452 10628960 1.4357611402001065 0.07274922689611009 0.33528 4.538277022418892 -2.4225798289808167
31453 10628960 1.4357587336880426 0.07305555251082219 0.33528 4.538277022418892 -2.4225798289808167
31454 10628960 1.4357563271759786 0.07336187812553427 0.33528 4.538277022418892 -2.4225798289808167
31455 10628960 1.4357539206639145 0.07366820374024638 0.33528 4.538277022418892 -2.4225798289808167
31456 10628960 1.4357515141518504 0.07397452935495848 0.33528 4.538277022418892 -2.4225798289808167
31457 10628960 1.4357491076397864 0.07428085496967057 0.33528 4.538277022418892 -2.4225798289808167
31458 10628960 1.4357467011277223 0.07458718058438267 0.33528 4.538277022418892 -2.4225798289808167
31459 10628960 1.4357442946156584 0.07489350619909478 0.33528 4.538277022418892 -2.4225798289808167
31460 10628960 1.4357418881035944 0.07519983181380686 0.33528 4.538277022418892 -2.4225798289808167
31461 10628960 1.4357394815915303 0.07550615742851896 0.33528 4.538277022418892 -2.4225798289808167
31462 10628960 1.4357370750794665 0.07581248304323106 0.33528 4.538277022418892 -2.4225798289808167
31463 10628960 1.4357346685674024 0.07611880865794315 0.33528 4.538277022418892 -2.4225798289808167
31464 10628960 1.4357322620553383 0.07642513427265525 0.33528 4.538277022418892 -2.4225798289808167
31465 10628960 1.4357298555432745 0.07673145988736735 0.33528 4.538277022418892 -2.4225798289808167
31466 10628960 1.4357274490312104 0.07703778550207943 0.33528 4.538277022418892 -2.4225798289808167
31467 10628960 1.4357250425191463 0.07734411111679154 0.33528 4.538277022418892 -2.4225798289808167
31468 10628960 1.4357226360070825 0.07765043673150364 0.33528 4.538277022418892 -2.4225798289808167
31469 10628960 1.4357202294950184 0.07795676234621574 0.33528 4.538277022418892 -2.4225798289808167
31470 10628960 1.4357178229829544 0.07826308796092782 0.33528 4.538277022418892 -2.4225798289808167
31471 10628960 1.4357154164708903 0.07856941357563993 0.33528 3.6306216179351134 -1.9380638631846536
31472 10628960 1.4351283364865184 0.07821142249591538 0.33528 3.6306216179351134 -1.9380638631846536
31473 10628960 1.4345412565021465 0.07785343141619082 0.33528 3.6306216179351134 -1.9380638631846536
31474 10628960 1.4339541765177743 0.07749544033646627 0.33528 3.6306216179351134 -1.9380638631846536
31475 10628960 1.4333670965334024 0.07713744925674174 0.33528 3.6306216179351134 -1.9380638631846536
31476 10628960 1.4327800165490303 0.07677945817701719 0.33528 3.6306216179351134 -1.9380638631846536
31477 10628960 1.4321929365646586 0.07642146709729264 0.33528 3.6306216179351134 -1.9380638631846536
31478 10628960 1.4316058565802867 0.07606347601756809 0.33528 3.6306216179351134 -1.9380638631846536
31479 10628960 1.4310187765959148 0.07570548493784354 0.33528 3.6306216179351134 -1.9380638631846536
31480 10628960 1.430431696611543 0.07534749385811898 0.33528 3.6306216179351134 -1.9380638631846536
31481 10628960 1.4298446166271708 0.07498950277839443 0.33528 3.6306216179351134 -1.9380638631846536
31482 10628960 1.4292575366427989 0.07463151169866987 0.33528 3.6306216179351134 -1.9380638631846536
31483 10628960 1.4286704566584267 0.07427352061894534 0.33528 3.6306216179351134 -1.9380638631846536
31484 10628960 1.4280833766740548 0.07391552953922079 0.33528 3.6306216179351134 -1.9380638631846536
31485 10628960 1.4274962966896831 0.07355753845949624 0.33528 3.6306216179351134 -1.9380638631846536
31486 10628960 1.426909216705311 0.07319954737977169 0.33528 3.6306216179351134 -1.9380638631846536
31487 10628960 1.4263221367209389 0.07284155630004714 0.33528 3.6306216179351134 -1.9380638631846536
31488 10628960 1.4257350567365672 0.0724835652203226 0.33528 3.6306216179351134 -1.9380638631846536
31489 10628960 1.4258938356302022 0.07025098590368728 0.33528 3.6306216179351134 -1.9380638631846536
31490 10628960 1.4260526145238377 0.06801840658705195 0.33528 3.6306216179351134 -1.9380638631846536
31491 10628960 1.4262113934174725 0.06578582727041662 0.33528 3.6306216179351134 -1.9380638631846536
31492 10628960 1.4241489167162782 0.06762777278912642 0.33528 3.6306216179351134 -1.9380638631846536
31493 10628960 1.4258681809671008 0.06677411779035501 0.33528 3.6306216179351134 -1.9380638631846536
31494 10628960 1.4275874452179234 0.06592046279158359 0.33528 3.6306216179351134 -1.9380638631846536
31495 10628960 1.4293067094687455 0.06506680779281218 0.33528 3.6306216179351134 -1.9380638631846536
31496 10628960 1.4310259737195683 0.06421315279404075 0.33528 3.6306216179351134 -1.9380638631846536
31497 10628960 1.43118122631901 0.06436859980570278 0.33528 3.6306216179351134 -1.9380638631846536
31498 10628960 1.4313364789184515 0.0645240468173648 0.33528 3.6306216179351134 -1.9380638631846536
31499 10628960 1.4314917315178934 0.06467949382902682 0.33528 3.6306216179351134 -1.9380638631846536
31500 10628960 1.4316469841173352 0.06483494084068885 0.33528 3.6306216179351134 -1.9380638631846536
31501 10628960 1.4318022367167769 0.06499038785235088 0.33528 3.6306216179351134 -1.9380638631846536
31502 10628960 1.4319574893162184 0.0651458348640129 0.33528 3.6306216179351134 -1.9380638631846536
31503 10628960 1.4321127419156598 0.06530128187567494 0.33528 3.6306216179351134 -1.9380638631846536
31504 10628960 1.4322679945151018 0.06545672888733696 0.33528 3.6306216179351134 -1.9380638631846536
31505 10628960 1.4324232471145435 0.06561217589899898 0.33528 3.6306216179351134 -1.9380638631846536
31506 10628960 1.4325784997139852 0.06576762291066103 0.33528 3.6306216179351134 -1.9380638631846536
31507 10628960 1.4327337523134267 0.06592306992232304 0.33528 3.6306216179351134 -1.9380638631846536
31508 10628960 1.4328890049128686 0.06607851693398506 0.33528 3.6306216179351134 -1.9380638631846536
31509 10628960 1.4330442575123103 0.0662339639456471 0.33528 3.6306216179351134 -1.9380638631846536
31510 10628960 1.4331995101117518 0.06638941095730913 0.33528 3.6306216179351134 -1.9380638631846536
31511 10628960 1.4333547627111938 0.06654485796897115 0.33528 3.6306216179351134 -1.9380638631846536
31512 10628960 1.4335100153106353 0.06670030498063317 0.33528 3.6306216179351134 -1.9380638631846536
31513 10628960 1.433665267910077 0.0668557519922952 0.33528 3.6306216179351134 -1.9380638631846536
31514 10628960 1.4338205205095187 0.06701119900395723 0.33528 3.6306216179351134 -1.9380638631846536
31515 10628960 1.4339757731089604 0.06716664601561925 0.33528 3.6306216179351134 -1.9380638631846536
31516 10628960 1.434131025708402 0.06732209302728127 0.33528 3.6306216179351134 -1.9380638631846536
31517 10628960 1.4342862783078438 0.06747754003894331 0.33528 3.6306216179351134 -1.9380638631846536
31518 10628960 1.4344415309072855 0.06763298705060533 0.33528 3.6306216179351134 -1.9380638631846536
31519 10628960 1.4345967835067273 0.06778843406226738 0.33528 3.6306216179351134 -1.9380638631846536
31520 10628960 1.434752036106169 0.06794388107392939 0.33528 3.6306216179351134 -1.9380638631846536
31521 10628960 1.434907288705611 0.06809932808559141 0.33528 3.6306216179351134 -1.9380638631846536
31522 10628960 1.4350625413050522 0.06825477509725345 0.33528 3.6306216179351134 -1.9380638631846536
31523 10628960 1.435217793904494 0.06841022210891548 0.33528 3.6306216179351134 -1.9380638631846536
31524 10628960 1.4353730465039356 0.06856566912057749 0.33528 3.6306216179351134 -1.9380638631846536
31525 10628960 1.435528299103377 0.06872111613223952 0.33528 3.6306216179351134 -1.9380638631846536
31526 10628960 1.4356835517028192 0.06887656314390155 0.33528 3.6306216179351134 -1.9380638631846536
31527 10628960 1.4358388043022607 0.06903201015556358 0.33528 3.6306216179351134 -1.9380638631846536
31528 10628960 1.4359940569017025 0.0691874571672256 0.33528 3.6306216179351134 -1.9380638631846536
31529 10628960 1.4361493095011442 0.06934290417888762 0.33528 3.6306216179351134 -1.9380638631846536
31530 10628960 1.436304562100586 0.06949835119054966 0.33528 3.6306216179351134 -1.9380638631846536
31531 10628960 1.4364598147000276 0.06965379820221168 0.33528 3.6306216179351134 -1.9380638631846536
31532 10628960 1.436615067299469 0.0698092452138737 0.33528 3.6306216179351134 -1.9380638631846536
31533 10628960 1.4367703198989108 0.06996469222553574 0.33528 3.6306216179351134 -1.9380638631846536
31534 10628960 1.4369255724983525 0.07012013923719776 0.33528 3.6306216179351134 -1.9380638631846536
31535 10628960 1.4370808250977942 0.0702755862488598 0.33528 3.6306216179351134 -1.9380638631846536
31536 10628960 1.437236077697236 0.07043103326052183 0.33528 3.6306216179351134 -1.9380638631846536
31537 10628960 1.4373913302966776 0.07058648027218384 0.33528 3.6306216179351134 -1.9380638631846536
31538 10628960 1.4375465828961194 0.07074192728384587 0.33528 3.6306216179351134 -1.9380638631846536
31539 10628960 1.437701835495561 0.0708973742955079 0.33528 3.6306216179351134 -1.9380638631846536
31540 10628960 1.4378570880950028 0.07105282130716993 0.33528 3.6306216179351134 -1.9380638631846536
31541 10628960 1.4380123406944445 0.07120826831883195 0.33528 3.6306216179351134 -1.9380638631846536
31542 10628960 1.438167593293886 0.07136371533049397 0.33528 3.6306216179351134 -1.9380638631846536
31543 10628960 1.4383228458933277 0.07151916234215601 0.33528 3.6306216179351134 -1.9380638631846536
31544 10628960 1.4384780984927694 0.07167460935381803 0.33528 3.6306216179351134 -1.9380638631846536
31545 10628960 1.4386333510922111 0.07183005636548005 0.33528 3.6306216179351134 -1.9380638631846536
31546 10628960 1.4387886036916528 0.07198550337714209 0.33528 3.6306216179351134 -1.9380638631846536
31547 10628960 1.4389438562910946 0.07214095038880411 0.33528 3.6306216179351134 -1.9380638631846536
31548 10628960 1.4368813803222638 0.07398289204273943 0.33528 3.6306216179351134 -1.9380638631846536
31549 10628960 1.437073922185157 0.07349349912858495 0.33528 3.6306216179351134 -1.9380638631846536
31550 10628960 1.4372664640480501 0.07300410621443049 0.33528 3.6306216179351134 -1.9380638631846536
31551 10628960 1.437459005910943 0.07251471330027602 0.33528 3.6306216179351134 -1.9380638631846536
31552 10628960 1.4376515477738363 0.07202532038612157 0.33528 3.6306216179351134 -1.9380638631846536
31553 10628960 1.4378440896367295 0.07153592747196709 0.33528 3.6306216179351134 -1.9380638631846536
31554 10628960 1.4380366314996225 0.07104653455781262 0.33528 3.6306216179351134 -1.9380638631846536
31555 10628960 1.4382291733625157 0.07055714164365816 0.33528 3.6306216179351134 -1.9380638631846536
31556 10628960 1.4384217152254088 0.07006774872950369 0.33528 3.6306216179351134 -1.9380638631846536
31557 10628960 1.4386142570883018 0.06957835581534923 0.33528 3.6306216179351134 -1.9380638631846536
31558 10628960 1.4388067989511952 0.06908896290119476 0.33528 3.6306216179351134 -1.9380638631846536
31559 10628960 1.4389993408140882 0.0685995699870403 0.33528 3.6306216179351134 -1.9380638631846536
31560 10628960 1.4391918826769814 0.06811017707288583 0.33528 3.6306216179351134 -1.9380638631846536
31561 10628960 1.4393844245398744 0.06762078415873136 0.33528 3.6306216179351134 -1.9380638631846536
31562 10628960 1.4395769664027676 0.0671313912445769 0.33528 3.6306216179351134 -1.9380638631846536
31563 10628960 1.4397695082656607 0.06664199833042242 0.33528 3.6306216179351134 -1.9380638631846536
31564 10628960 1.4399620501285535 0.06615260541626798 0.33528 3.6306216179351134 -1.9380638631846536
31565 10628960 1.440154591991447 0.0656632125021135 0.33528 3.6306216179351134 -1.9380638631846536
31566 10628960 1.44034713385434 0.06517381958795904 0.33528 3.6306216179351134 -1.9380638631846536
31567 10628960 1.4405396757172333 0.06468442667380457 0.33528 3.6306216179351134 -1.9380638631846536
31568 10628960 1.4407322175801265 0.0641950337596501 0.33528 3.6306216179351134 -1.9380638631846536
31569 10628960 1.4409247594430197 0.06370564084549564 0.33528 3.6306216179351134 -1.9380638631846536
31570 10628960 1.4411173013059126 0.06321624793134117 0.33528 3.6306216179351134 -1.9380638631846536
31571 10628960 1.4413098431688056 0.06272685501718671 0.33528 3.6306216179351134 -1.9380638631846536
31572 10628960 1.4415023850316988 0.06223746210303225 0.33528 3.6306216179351134 -1.9380638631846536
31573 10628960 1.4416949268945918 0.06174806918887778 0.33528 3.6306216179351134 -1.9380638631846536
31574 10628960 1.4418874687574852 0.061258676274723325 0.33528 3.6306216179351134 -1.9380638631846536
31575 10628960 1.4420800106203782 0.06076928336056885 0.33528 3.6306216179351134 -1.9380638631846536
31576 10628960 1.4422725524832714 0.06027989044641439 0.33528 3.6306216179351134 -1.9380638631846536
31577 10628960 1.4424650943461643 0.05979049753225992 0.33528 3.6306216179351134 -1.9380638631846536
31578 10628960 1.4426576362090575 0.05930110461810545 0.33528 3.6306216179351134 -1.9380638631846536
31579 10628960 1.4428501780719507 0.05881171170395099 0.33528 3.6306216179351134 -1.9380638631846536
31580 10628960 1.4430427199348441 0.058322318789796525 0.33528 3.6306216179351134 -1.9380638631846536
31581 10628960 1.4432352617977369 0.05783292587564206 0.33528 3.6306216179351134 -1.9380638631846536
31582 10628960 1.44342780366063 0.0573435329614876 0.33528 3.6306216179351134 -1.9380638631846536
31583 10628960 1.4436203455235233 0.05685414004733313 0.33528 3.6306216179351134 -1.9380638631846536
31584 10628960 1.4438128873864164 0.05636474713317866 0.33528 3.6306216179351134 -1.9380638631846536
31585 10628960 1.4440054292493094 0.0558753542190242 0.33528 3.6306216179351134 -1.9380638631846536
31586 10628960 1.4441979711122026 0.05538596130486973 0.33528 3.6306216179351134 -1.9380638631846536
31587 10628960 1.4443905129750958 0.05489656839071527 0.33528 3.6306216179351134 -1.9380638631846536
