30604 11217673 1.70933887945429 -1.680642479278175 0.6629400000000001 3.2389230595520804 -2.539071146049632
30605 11217673 1.7496698081889133 -1.6863349580396978 0.65151 3.2389230595520804 -2.539071146049632
30606 11217673 1.7900007369235358 -1.6920274368012211 0.6400800000000001 3.2389230595520804 -2.539071146049632
30607 11217673 1.8316390072293451 -1.697795975424761 0.6096 3.2389230595520804 -2.539071146049632
30608 11217673 1.8710195372639664 -1.7009580121590937 0.6096 3.2389230595520804 -2.539071146049632
30609 11217673 1.892034369067145 -1.702562528862578 0.62865 3.2389230595520804 -2.539071146049632
30610 11217673 1.9130492008703237 -1.7041670455660622 0.6477 3.2389230595520804 -2.539071146049632
30611 11217673 1.9569574564863268 -1.7111432774701922 0.6096 3.2389230595520804 -2.539071146049632
30612 11217673 2.020276411855072 -1.7171553437827027 0.6400800000000001 3.2389230595520804 -2.539071146049632
30613 11217673 2.053243206420436 -1.720237483415593 0.6362700000000001 3.2389230595520804 -2.539071146049632
30614 11217673 2.0862100009858 -1.7233196230484833 0.63246 3.2389230595520804 -2.539071146049632
30615 11217673 2.125728223213832 -1.7260579775932674 0.6096 3.2389230595520804 -2.539071146049632
30616 11217673 2.167516462921858 -1.7300044618308368 0.6096 3.2389230595520804 -2.539071146049632
30617 11217673 2.250654865277545 -1.741959110489156 0.6248400000000001 3.2389230595520804 -2.539071146049632
30618 11217673 2.2904709171150204 -1.7451442539004844 0.6248400000000001 3.2389230595520804 -2.539071146049632
30619 11217673 2.3331319343679007 -1.7466879215908604 0.63246 3.2389230595520804 -2.539071146049632
30620 11217673 2.3745750135504915 -1.7525064255018192 0.63246 3.2389230595520804 -2.539071146049632
30621 11217673 2.4132126988275098 -1.7500495344863782 0.63246 3.2389230595520804 -2.539071146049632
30622 11217673 2.4527688872045332 -1.745322235566845 0.63246 3.2389230595520804 -2.539071146049632
30623 11217673 2.492325075581556 -1.7405949366473117 0.63246 3.2389230595520804 -2.539071146049632
30624 11217673 2.510223828026069 -1.7352814056249797 0.63246 3.2389230595520804 -2.539071146049632
30625 11217673 2.5281225804705834 -1.7299678746026472 0.63246 3.2389230595520804 -2.539071146049632
30626 11217673 2.6010946805320443 -1.7061256336250117 0.6248400000000001 3.2389230595520804 -2.539071146049632
30627 11217673 2.6361949916722294 -1.6900139285943232 0.6248400000000001 3.2389230595520804 -2.539071146049632
30628 11217673 2.651676076759164 -1.6799977275002118 0.6248400000000001 3.2389230595520804 -2.539071146049632
30629 11217673 2.6671571618460987 -1.6699815264061006 0.6248400000000001 3.2389230595520804 -2.539071146049632
30630 11217673 2.722145262705052 -1.6253163057624245 0.61722 3.2389230595520804 -2.539071146049632
30631 11217673 2.7493817107514893 -1.6017313912943834 0.61722 3.2389230595520804 -2.539071146049632
30632 11217673 2.7706246520516555 -1.5692981822960013 0.6096 3.2389230595520804 -2.539071146049632
30633 11217673 2.7918675933518227 -1.5368649732976192 0.6019800000000001 3.2389230595520804 -2.539071146049632
30634 11217673 2.8131105346519893 -1.5044317642992369 0.59436 3.2389230595520804 -2.539071146049632
30635 11217673 2.8255671633318777 -1.4873539161180704 0.59436 3.2389230595520804 -2.539071146049632
30636 11217673 2.8380237920117657 -1.4702760679369042 0.59436 3.2389230595520804 -2.539071146049632
30637 11217673 2.878295770630011 -1.4053878480299284 0.5867399999999999 3.2389230595520804 -2.539071146049632
30638 11217673 2.8974061012870145 -1.3713240124524344 0.5867399999999999 3.2389230595520804 -2.539071146049632
30639 11217673 2.9068750937338104 -1.354556000642654 0.5676899999999999 3.2389230595520804 -2.539071146049632
30640 11217673 2.9163440861806054 -1.3377879888328734 0.54864 3.2389230595520804 -2.539071146049632
30641 11217673 2.9354542740795737 -1.3037240854413583 0.5867399999999999 3.2389230595520804 -2.539071146049632
30642 11217673 2.9821014815597926 -1.261475689371787 0.59436 3.2389230595520804 -2.539071146049632
30643 11217673 3.001934939355915 -1.225194692737792 0.6019800000000001 3.2389230595520804 -2.539071146049632
30644 11217673 3.020217888242665 -1.1936642866595732 0.54864 3.2389230595520804 -2.539071146049632
30645 11217673 3.036851048754268 -1.1590255323574303 0.6019800000000001 3.2389230595520804 -2.539071146049632
30646 11217673 3.051690540177325 -1.1223996158166032 0.57531 3.2389230595520804 -2.539071146049632
30647 11217673 3.0665300316003816 -1.0857736992757758 0.54864 3.2389230595520804 -2.539071146049632
30648 11217673 3.0767628453165763 -1.0544195444389788 0.6019800000000001 3.2389230595520804 -2.539071146049632
30649 11217673 3.0860926240945665 -1.0173972261585145 0.59436 3.2389230595520804 -2.539071146049632
30650 11217673 3.093803504596311 -0.9845191178253282 0.59436 3.2389230595520804 -2.539071146049632
30651 11217673 3.0977092361799135 -0.9480628616709316 0.5867399999999999 3.2389230595520804 -2.539071146049632
30652 11217673 3.1015461322758675 -0.9118177579692224 0.5181600000000001 3.2389230595520804 -2.539071146049632
30653 11217673 3.1077562585258685 -0.8764640005358089 0.5867399999999999 3.2389230595520804 -2.539071146049632
30654 11217673 3.113935349885831 -0.8514089599585115 0.5829300000000001 3.2389230595520804 -2.539071146049632
30655 11217673 3.1201144412457937 -0.8263539193812143 0.57912 3.2389230595520804 -2.539071146049632
30656 11217673 3.1238170628983863 -0.8007242658231096 0.54864 3.2389230595520804 -2.539071146049632
30657 11217673 3.1275196845509785 -0.775094612265005 0.5181600000000001 3.2389230595520804 -2.539071146049632
30658 11217673 3.1328232511484866 -0.7414308041668375 0.5181600000000001 3.2389230595520804 -2.539071146049632
30659 11217673 3.1394262973572395 -0.6787538861902334 0.5715 3.2389230595520804 -2.539071146049632
30660 11217673 3.1442241045172943 -0.6477285387250483 0.56388 3.2389230595520804 -2.539071146049632
30661 11217673 3.1438588058740384 -0.6158357740770233 0.5613400000000001 3.2389230595520804 -2.539071146049632
30662 11217673 3.1434935072307826 -0.5839430094289981 0.5588 3.2389230595520804 -2.539071146049632
30663 11217673 3.1431282085875267 -0.5520502447809731 0.5562600000000001 3.2389230595520804 -2.539071146049632
30664 11217673 3.1397222858736566 -0.5208588547448111 0.54864 3.2389230595520804 -2.539071146049632
30665 11217673 3.1363163631597866 -0.4896674647086489 0.54102 3.2389230595520804 -2.539071146049632
30666 11217673 3.126662976252873 -0.4614307383245394 0.539115 3.2389230595520804 -2.539071146049632
30667 11217673 3.1170095893459586 -0.43319401194042995 0.5372100000000001 3.2389230595520804 -2.539071146049632
30668 11217673 3.1073562024390453 -0.4049572855563206 0.5353049999999999 3.2389230595520804 -2.539071146049632
30669 11217673 3.097702815532132 -0.3767205591722112 0.5334 3.2389230595520804 -2.539071146049632
30670 11217673 3.084157739626267 -0.34204441964841426 0.48768 3.2389230595520804 -2.539071146049632
30671 11217673 3.0698647547190534 -0.312380774686478 0.52578 3.2389230595520804 -2.539071146049632
30672 11217673 3.052106345349549 -0.2878939294673624 0.52578 3.2389230595520804 -2.539071146049632
30673 11217673 3.0343479359800454 -0.2634070842482468 0.52578 3.2389230595520804 -2.539071146049632
30674 11217673 3.0146624736130767 -0.2407441870598087 0.50673 3.2389230595520804 -2.539071146049632
30675 11217673 2.9949770112461085 -0.21808128987137065 0.48768 3.2389230595520804 -2.539071146049632
30676 11217673 2.9721012759661987 -0.20056808939806287 0.50673 3.2389230595520804 -2.539071146049632
30677 11217673 2.949225540686288 -0.1830548889247551 0.52578 3.2389230595520804 -2.539071146049632
30678 11217673 2.924820636456708 -0.16659980884190406 0.52578 3.2389230595520804 -2.539071146049632
30679 11217673 2.900415732227127 -0.15014472875905305 0.52578 3.2389230595520804 -2.539071146049632
30680 11217673 2.876010827997547 -0.133689648676202 0.52578 3.2389230595520804 -2.539071146049632
30681 11217673 2.8512825435142983 -0.1183163574127099 0.5219699999999999 3.2389230595520804 -2.539071146049632
30682 11217673 2.826554259031049 -0.1029430661492178 0.5181600000000001 3.2389230595520804 -2.539071146049632
30683 11217673 2.8008562542291795 -0.08918052420275599 0.5181600000000001 3.2389230595520804 -2.539071146049632
30684 11217673 2.7738217396454994 -0.07679216544505718 0.5143500000000001 3.2389230595520804 -2.539071146049632
30685 11217673 2.7467872250618197 -0.06440380668735837 0.51054 3.2389230595520804 -2.539071146049632
30686 11217673 2.7178894427499283 -0.052283111657772136 0.51054 3.2389230595520804 -2.539071146049632
30687 11217673 2.694535025937734 -0.04086217219926142 0.50673 3.2389230595520804 -2.539071146049632
30688 11217673 2.67118060912554 -0.029441232740750695 0.50292 3.2389230595520804 -2.539071146049632
30689 11217673 2.644778773590757 -0.02327496397862092 0.50292 3.2389230595520804 -2.539071146049632
30690 11217673 2.6183769380559743 -0.017108695216491138 0.50292 3.2389230595520804 -2.539071146049632
30691 11217673 2.590409585941826 -0.011657696040265286 0.4991100000000001 3.2389230595520804 -2.539071146049632
30692 11217673 2.5624422338276784 -0.006206696864039435 0.4953 3.2389230595520804 -2.539071146049632
30693 11217673 2.530844038166456 -0.003717155986203785 0.4953 3.2389230595520804 -2.539071146049632
30694 11217673 2.5027772469296283 -0.0012900441016225248 0.49276 3.2389230595520804 -2.539071146049632
30695 11217673 2.474710455692801 0.0011370677829587355 0.49022 3.2389230595520804 -2.539071146049632
30696 11217673 2.4466436644559737 0.003564179667539996 0.48768 3.2389230595520804 -2.539071146049632
30697 11217673 2.4203894280772733 0.007463501097862119 0.48006000000000004 3.2389230595520804 -2.539071146049632
30698 11217673 2.3929508667645725 0.006375976356373214 0.45338999999999996 3.2389230595520804 -2.539071146049632
30699 11217673 2.365512305451872 0.005288451614884311 0.42672 3.2389230595520804 -2.539071146049632
30700 11217673 2.335998661462908 0.004644978042225994 0.42672 3.2389230595520804 -2.539071146049632
30701 11217673 2.3096802491681143 0.006988629271601432 0.42672 3.2389230595520804 -2.539071146049632
30702 11217673 2.283361836873321 0.00933228050097687 0.42672 3.2389230595520804 -2.539071146049632
30703 11217673 2.2611731210036274 0.010386061966366279 0.42672 3.2389230595520804 -2.539071146049632
30704 11217673 2.238984405133934 0.011439843431755692 0.42672 3.2389230595520804 -2.539071146049632
30705 11217673 2.193359186738624 0.016525131493125542 0.39624 3.2389230595520804 -2.539071146049632
30706 11217673 2.1674515209137617 0.016048295364758658 0.4191 3.2389230595520804 -2.539071146049632
30707 11217673 2.1415438550889005 0.015571459236391775 0.44196 3.2389230595520804 -2.539071146049632
30708 11217673 2.1206803634884066 0.01803283024952167 0.428625 3.2389230595520804 -2.539071146049632
30709 11217673 2.0998168718879127 0.02049420126265156 0.4152900000000001 3.2389230595520804 -2.539071146049632
30710 11217673 2.0796345729401597 0.021506609126940426 0.4248150000000001 3.2389230595520804 -2.539071146049632
30711 11217673 2.059452273992406 0.022519016991229296 0.4343400000000001 3.2389230595520804 -2.539071146049632
30712 11217673 2.007740120171516 0.021883013154134517 0.36576 3.2389230595520804 -2.539071146049632
30713 11217673 1.9937070586120933 0.02377884891192777 0.36576 3.2389230595520804 -2.539071146049632
30714 11217673 1.9796739970526716 0.025674684669721032 0.36576 3.2389230595520804 -2.539071146049632
30715 11217673 1.9231815672807768 0.026717160084079452 0.4191 3.2389230595520804 -2.539071146049632
30716 11217673 1.8970935714518569 0.0229706624240395 0.41148 3.2389230595520804 -2.539071146049632
30717 11217673 1.8731524897373693 0.023079145974192444 0.41148 3.2389230595520804 -2.539071146049632
30718 11217673 1.8461098109732128 0.023207705485232225 0.40767 3.2389230595520804 -2.539071146049632
30719 11217673 1.819067132209056 0.023336264996272005 0.40386 3.2389230595520804 -2.539071146049632
30720 11217673 1.7911577679516788 0.02217092210974933 0.40386 3.2389230595520804 -2.539071146049632
30721 11217673 1.7641887078524892 0.021165863642340715 0.39624 3.2389230595520804 -2.539071146049632
30722 11217673 1.7380315173046088 0.017208823126171474 0.39624 3.2389230595520804 -2.539071146049632
30723 11217673 1.7199682588015444 0.01560252944645833 0.36576 3.2389230595520804 -2.539071146049632
30724 11217673 1.7019050002984797 0.013996235766745193 0.33528 3.2389230595520804 -2.539071146049632
30725 11217673 1.66168783456473 0.014573116626244331 0.33528 3.2389230595520804 -2.539071146049632
30726 11217673 1.6361855632798763 0.012622124254485695 0.33528 3.2389230595520804 -2.539071146049632
30727 11217673 1.6087461051138212 0.01153762867413264 0.35433000000000003 3.2389230595520804 -2.539071146049632
30728 11217673 1.5813066469477663 0.010453133093779585 0.37338000000000005 3.2389230595520804 -2.539071146049632
30729 11217673 1.5678219797789297 0.009951001525633316 0.37338000000000005 3.2389230595520804 -2.539071146049632
30730 11217673 1.5543373126100928 0.009448869957487048 0.37338000000000005 3.2389230595520804 -2.539071146049632
30731 11217673 1.5043072863906894 0.005813447046132042 0.36576 3.2389230595520804 -2.539071146049632
30732 11217673 1.4815330892003402 0.0029718558107079684 0.36576 3.2389230595520804 -2.539071146049632
30733 11217673 1.4566499555801544 0.0012864863298252954 0.36576 3.2389230595520804 -2.539071146049632
30734 11217673 1.429923088827219 0.002656739883177578 0.36576 3.2389230595520804 -2.539071146049632
30735 11217673 1.4080333887433822 0.001979738277412837 0.3581400000000001 3.2389230595520804 -2.539071146049632
30736 11217673 1.3853425025759274 0.003200076743981859 0.3581400000000001 3.2389230595520804 -2.539071146049632
30737 11217673 1.3626516164084723 0.004420415210550879 0.3581400000000001 3.2389230595520804 -2.539071146049632
30738 11217673 1.3403931916744942 0.0015275637905382555 0.3581400000000001 3.2389230595520804 -2.539071146049632
30739 11217673 1.3198085740473666 -0.00167834756313745 0.35052000000000005 3.2389230595520804 -2.539071146049632
30740 11217673 1.3020356462564542 -0.0017136673275561815 0.35052000000000005 3.2389230595520804 -2.539071146049632
30741 11217673 1.2842627184655413 -0.0017489870919749134 0.35052000000000005 3.2389230595520804 -2.539071146049632
30742 11217673 1.2664897906746286 -0.0017843068563936453 0.35052000000000005 3.2389230595520804 -2.539071146049632
30743 11217673 1.2487168628837158 -0.001819626620812377 0.35052000000000005 3.2389230595520804 -2.539071146049632
30744 11217673 1.2309439350928029 -0.0018549463852311086 0.35052000000000005 3.2389230595520804 -2.539071146049632
30745 11217673 1.2131710073018904 -0.0018902661496498405 0.35052000000000005 3.2389230595520804 -2.539071146049632
30746 11217673 1.1953980795109778 -0.001925585914068572 0.35052000000000005 3.2389230595520804 -2.539071146049632
30747 11217673 1.1776251517200649 -0.001960905678487304 0.35052000000000005 3.2389230595520804 -2.539071146049632
30748 11217673 1.1598522239291524 -0.0019962254429060355 0.35052000000000005 3.2389230595520804 -2.539071146049632
