33065 10495573 1.4014325423594662 0.07824907732523706 0.05802923076923078 4.890006969550464 -1.5977118631805556
33066 10495573 1.401590878747601 0.07826745071022785 0.05275384615384615 4.890006969550464 -1.5977118631805556
33067 10495573 1.4017492151357358 0.07828582409521866 0.047478461538461525 4.890006969550464 -1.5977118631805556
33068 10495573 1.4019075515238708 0.07830419748020945 0.04220307692307696 4.890006969550464 -1.5977118631805556
33069 10495573 1.4020658879120056 0.07832257086520025 0.03692769230769233 4.890006969550464 -1.5977118631805556
33070 10495573 1.4022242243001404 0.07834094425019104 0.0316523076923077 4.890006969550464 -1.5977118631805556
33071 10495573 1.4023825606882752 0.07835931763518185 0.026376923076923083 4.890006969550464 -1.5977118631805556
33076 10495573 1.4031742426289493 0.07845118456013582 0.0 4.890006969550464 -1.5977118631805556
33077 10495573 1.4040881822836715 0.07418062443005369 0.34290000000000004 4.890006969550464 -1.5977118631805556
33078 10495573 1.40417630194248 0.07445039042508116 0.34290000000000004 4.890006969550464 -1.5977118631805556
33079 10495573 1.4042644216012885 0.07472015642010864 0.34290000000000004 4.890006969550464 -1.5977118631805556
33080 10495573 1.404352541260097 0.0749899224151361 0.34290000000000004 4.890006969550464 -1.5977118631805556
33081 10495573 1.4044406609189053 0.07525968841016359 0.34290000000000004 4.890006969550464 -1.5977118631805556
33082 10495573 1.4045287805777138 0.07552945440519106 0.34290000000000004 4.890006969550464 -1.5977118631805556
33083 10495573 1.4046169002365223 0.07579922040021854 0.34290000000000004 4.890006969550464 -1.5977118631805556
33084 10495573 1.4047050198953308 0.07606898639524601 0.34290000000000004 4.890006969550464 -1.5977118631805556
33085 10495573 1.404793139554139 0.07633875239027349 0.34290000000000004 4.890006969550464 -1.5977118631805556
33086 10495573 1.4048812592129476 0.07660851838530096 0.34290000000000004 4.890006969550464 -1.5977118631805556
33087 10495573 1.4049693788717559 0.07687828438032843 0.34290000000000004 4.890006969550464 -1.5977118631805556
33088 10495573 1.4050574985305646 0.07714805037535591 0.34290000000000004 4.890006969550464 -1.5977118631805556
33089 10495573 1.4051456181893731 0.07741781637038338 0.34290000000000004 4.890006969550464 -1.5977118631805556
33090 10495573 1.4052337378481816 0.07768758236541086 0.34290000000000004 4.890006969550464 -1.5977118631805556
33091 10495573 1.40532185750699 0.07795734836043833 0.34290000000000004 4.890006969550464 -1.5977118631805556
33092 10495573 1.4054099771657986 0.07822711435546581 0.34290000000000004 4.890006969550464 -1.5977118631805556
33093 10495573 1.405498096824607 0.07849688035049328 0.34290000000000004 4.890006969550464 -1.5977118631805556
33094 10495573 1.4055862164834154 0.07876664634552076 0.34290000000000004 4.890006969550464 -1.5977118631805556
33095 10495573 1.4056743361422241 0.07903641234054823 0.34290000000000004 4.890006969550464 -1.5977118631805556
33096 10495573 1.4060601192305766 0.07891039604977466 0.34290000000000004 4.890006969550464 -1.5977118631805556
33097 10495573 1.4064459023189295 0.07878437975900109 0.34290000000000004 4.890006969550464 -1.5977118631805556
33098 10495573 1.4068316854072822 0.07865836346822752 0.34290000000000004 4.890006969550464 -1.5977118631805556
33099 10495573 1.4072174684956351 0.07853234717745394 0.34290000000000004 4.890006969550464 -1.5977118631805556
33100 10495573 1.4076032515839878 0.07840633088668038 0.34290000000000004 4.890006969550464 -1.5977118631805556
33101 10495573 1.4079890346723405 0.07828031459590681 0.34290000000000004 4.890006969550464 -1.5977118631805556
33102 10495573 1.4083748177606932 0.07815429830513324 0.34290000000000004 4.890006969550464 -1.5977118631805556
33103 10495573 1.408760600849046 0.07802828201435967 0.34290000000000004 4.890006969550464 -1.5977118631805556
33104 10495573 1.4091463839373988 0.0779022657235861 0.34290000000000004 4.890006969550464 -1.5977118631805556
33105 10495573 1.4095321670257517 0.07777624943281253 0.34290000000000004 4.890006969550464 -1.5977118631805556
33106 10495573 1.409917950114104 0.07765023314203896 0.34290000000000004 4.890006969550464 -1.5977118631805556
33107 10495573 1.4103037332024568 0.07752421685126537 0.34290000000000004 4.890006969550464 -1.5977118631805556
33108 10495573 1.4106895162908095 0.07739820056049182 0.34290000000000004 4.890006969550464 -1.5977118631805556
33109 10495573 1.4110752993791624 0.07727218426971827 0.34290000000000004 4.890006969550464 -1.5977118631805556
33110 10495573 1.4114610824675151 0.07714616797894468 0.34290000000000004 4.890006969550464 -1.5977118631805556
33111 10495573 1.4118468655558682 0.07702015168817111 0.34290000000000004 4.890006969550464 -1.5977118631805556
33112 10495573 1.4122326486442207 0.07689413539739752 0.34290000000000004 4.890006969550464 -1.5977118631805556
33113 10495573 1.4126184317325736 0.07676811910662397 0.34290000000000004 4.890006969550464 -1.5977118631805556
33114 10495573 1.4130042148209263 0.0766421028158504 0.34290000000000004 4.890006969550464 -1.5977118631805556
33115 10495573 1.4133899979092792 0.07651608652507683 0.34290000000000004 4.890006969550464 -1.5977118631805556
33116 10495573 1.4137757809976317 0.07639007023430326 0.34290000000000004 4.890006969550464 -1.5977118631805556
33117 10495573 1.4141615640859846 0.0762640539435297 0.34290000000000004 4.890006969550464 -1.5977118631805556
33118 10495573 1.4145473471743373 0.07613803765275612 0.34290000000000004 4.890006969550464 -1.5977118631805556
33119 10495573 1.41493313026269 0.07601202136198255 0.34290000000000004 4.890006969550464 -1.5977118631805556
33120 10495573 1.4153189133510429 0.07588600507120898 0.34290000000000004 4.890006969550464 -1.5977118631805556
33121 10495573 1.4157046964393956 0.07575998878043541 0.34290000000000004 4.890006969550464 -1.5977118631805556
33122 10495573 1.4160904795277482 0.07563397248966185 0.34290000000000004 4.890006969550464 -1.5977118631805556
33123 10495573 1.4164762626161012 0.07550795619888828 0.34290000000000004 4.890006969550464 -1.5977118631805556
33124 10495573 1.4168620457044538 0.0753819399081147 0.34290000000000004 4.890006969550464 -1.5977118631805556
33125 10495573 1.4172478287928063 0.07525592361734113 0.34290000000000004 4.890006969550464 -1.5977118631805556
33126 10495573 1.4176336118811594 0.07512990732656756 0.34290000000000004 4.890006969550464 -1.5977118631805556
33127 10495573 1.418019394969512 0.07500389103579401 0.34290000000000004 4.890006969550464 -1.5977118631805556
33128 10495573 1.4184051780578648 0.07487787474502043 0.34290000000000004 4.890006969550464 -1.5977118631805556
33129 10495573 1.4187909611462175 0.07475185845424685 0.34290000000000004 4.890006969550464 -1.5977118631805556
33130 10495573 1.4191767442345704 0.07462584216347329 0.34290000000000004 4.890006969550464 -1.5977118631805556
33131 10495573 1.4195625273229233 0.07449982587269971 0.34290000000000004 4.890006969550464 -1.5977118631805556
33132 10495573 1.4199483104112758 0.07437380958192615 0.34290000000000004 4.890006969550464 -1.5977118631805556
33133 10495573 1.4203340934996287 0.07424779329115258 0.34290000000000004 4.890006969550464 -1.5977118631805556
33134 10495573 1.4207198765879814 0.07412177700037899 0.34290000000000004 4.890006969550464 -1.5977118631805556
33135 10495573 1.421105659676334 0.07399576070960544 0.34290000000000004 4.890006969550464 -1.5977118631805556
33136 10495573 1.4214914427646868 0.07386974441883186 0.34290000000000004 4.890006969550464 -1.5977118631805556
33137 10495573 1.4218772258530397 0.0737437281280583 0.34290000000000004 4.890006969550464 -1.5977118631805556
33138 10495573 1.4222630089413923 0.07361771183728473 0.34290000000000004 4.890006969550464 -1.5977118631805556
33139 10495573 1.4226487920297453 0.07349169554651115 0.34290000000000004 4.890006969550464 -1.5977118631805556
33140 10495573 1.4230345751180982 0.07336567925573759 0.34290000000000004 4.890006969550464 -1.5977118631805556
33141 10495573 1.4234203582064506 0.07323966296496401 0.34290000000000004 4.890006969550464 -1.5977118631805556
33142 10495573 1.423806141294803 0.07311364667419044 0.34290000000000004 4.890006969550464 -1.5977118631805556
33143 10495573 1.4241919243831562 0.07298763038341688 0.34290000000000004 4.890006969550464 -1.5977118631805556
33144 10495573 1.424577707471509 0.0728616140926433 0.34290000000000004 4.890006969550464 -1.5977118631805556
33145 10495573 1.4249634905598616 0.07273559780186974 0.34290000000000004 4.890006969550464 -1.5977118631805556
33146 10495573 1.4253492736482145 0.07260958151109616 0.34290000000000004 4.890006969550464 -1.5977118631805556
33147 10495573 1.4257350567365672 0.0724835652203226 0.34290000000000004 4.890006969550464 -1.5977118631805556
33148 10495573 1.4243245249622385 0.07224337037662737 0.34290000000000004 4.890006969550464 -1.5977118631805556
33149 10495573 1.42291399318791 0.07200317553293213 0.34290000000000004 4.890006969550464 -1.5977118631805556
33150 10495573 1.4233396517836845 0.07145758803479993 0.34290000000000004 4.890006969550464 -1.5977118631805556
33151 10495573 1.423765310379459 0.07091200053666774 0.34290000000000004 4.890006969550464 -1.5977118631805556
33152 10495573 1.4241909689752337 0.07036641303853555 0.34290000000000004 4.890006969550464 -1.5977118631805556
33153 10495573 1.4246166275710082 0.06982082554040336 0.34290000000000004 4.890006969550464 -1.5977118631805556
33154 10495573 1.4250422861667824 0.06927523804227118 0.34290000000000004 4.890006969550464 -1.5977118631805556
33155 10495573 1.425467944762557 0.06872965054413899 0.34290000000000004 4.890006969550464 -1.5977118631805556
33156 10495573 1.4258936033583316 0.06818406304600681 0.34290000000000004 4.890006969550464 -1.5977118631805556
33157 10495573 1.426319261954106 0.06763847554787462 0.34290000000000004 4.890006969550464 -1.5977118631805556
33158 10495573 1.4267449205498806 0.06709288804974244 0.34290000000000004 4.890006969550464 -1.5977118631805556
33159 10495573 1.427170579145655 0.06654730055161025 0.34290000000000004 4.890006969550464 -1.5977118631805556
33160 10495573 1.4275962377414295 0.06600171305347806 0.34290000000000004 4.890006969550464 -1.5977118631805556
33161 10495573 1.428021896337204 0.06545612555534587 0.34290000000000004 4.890006969550464 -1.5977118631805556
33162 10495573 1.4284475549329785 0.06491053805721367 0.34290000000000004 4.890006969550464 -1.5977118631805556
33163 10495573 1.4288732135287532 0.0643649505590815 0.34290000000000004 4.890006969550464 -1.5977118631805556
33164 10495573 1.4292988721245274 0.0638193630609493 0.34290000000000004 4.890006969550464 -1.5977118631805556
33165 10495573 1.429724530720302 0.06327377556281713 0.34290000000000004 4.890006969550464 -1.5977118631805556
33166 10495573 1.4301501893160764 0.06272818806468493 0.34290000000000004 4.890006969550464 -1.5977118631805556
33167 10495573 1.4305758479118509 0.06218260056655275 0.34290000000000004 4.890006969550464 -1.5977118631805556
33168 10495573 1.4310015065076256 0.061637013068420565 0.34290000000000004 4.890006969550464 -1.5977118631805556
33169 10495573 1.4314271651033998 0.06109142557028838 0.34290000000000004 4.890006969550464 -1.5977118631805556
33170 10495573 1.4318528236991743 0.060545838072156175 0.34290000000000004 4.890006969550464 -1.5977118631805556
33171 10495573 1.432278482294949 0.060000250574024 0.34290000000000004 4.890006969550464 -1.5977118631805556
33172 10495573 1.4327041408907235 0.05945466307589181 0.34290000000000004 4.890006969550464 -1.5977118631805556
33173 10495573 1.433129799486498 0.05890907557775962 0.34290000000000004 4.890006969550464 -1.5977118631805556
33174 10495573 1.4335554580822725 0.058363488079627435 0.34290000000000004 4.890006969550464 -1.5977118631805556
33175 10495573 1.433981116678047 0.05781790058149525 0.34290000000000004 4.890006969550464 -1.5977118631805556
33176 10495573 1.4344067752738214 0.057272313083363065 0.34290000000000004 4.890006969550464 -1.5977118631805556
33177 10495573 1.434832433869596 0.056726725585230876 0.34290000000000004 4.890006969550464 -1.5977118631805556
33178 10495573 1.4352580924653704 0.05618113808709868 0.34290000000000004 4.890006969550464 -1.5977118631805556
33179 10495573 1.4356837510611449 0.055635550588966486 0.34290000000000004 4.890006969550464 -1.5977118631805556
33180 10495573 1.4361094096569194 0.05508996309083431 0.34290000000000004 4.890006969550464 -1.5977118631805556
33181 10495573 1.436535068252694 0.054544375592702116 0.34290000000000004 4.890006969550464 -1.5977118631805556
33182 10495573 1.4369607268484683 0.053998788094569934 0.34290000000000004 4.890006969550464 -1.5977118631805556
33183 10495573 1.4373863854442432 0.05345320059643775 0.34290000000000004 4.890006969550464 -1.5977118631805556
33184 10495573 1.4378120440400175 0.05290761309830557 0.34290000000000004 4.890006969550464 -1.5977118631805556
33185 10495573 1.438237702635792 0.052362025600173376 0.34290000000000004 4.890006969550464 -1.5977118631805556
33186 10495573 1.4386633612315665 0.05181643810204119 0.34290000000000004 4.890006969550464 -1.5977118631805556
33187 10495573 1.439089019827341 0.051270850603909006 0.34290000000000004 4.890006969550464 -1.5977118631805556
33188 10495573 1.4395146784231154 0.05072526310577681 0.34290000000000004 4.890006969550464 -1.5977118631805556
33189 10495573 1.4399403370188897 0.05017967560764462 0.34290000000000004 4.890006969550464 -1.5977118631805556
33190 10495573 1.4403659956146644 0.049634088109512434 0.34290000000000004 4.890006969550464 -1.5977118631805556
33191 10495573 1.4407916542104389 0.04908850061138025 0.34290000000000004 4.890006969550464 -1.5977118631805556
33192 10495573 1.4412173128062131 0.048542913113248064 0.34290000000000004 4.890006969550464 -1.5977118631805556
33193 10495573 1.441642971401988 0.04799732561511588 0.34290000000000004 4.890006969550464 -1.5977118631805556
33194 10495573 1.4420686299977623 0.04745173811698369 0.34290000000000004 4.890006969550464 -1.5977118631805556
33195 10495573 1.442494288593537 0.0469061506188515 0.34290000000000004 4.890006969550464 -1.5977118631805556
33196 10495573 1.4429199471893115 0.04636056312071932 0.34290000000000004 4.890006969550464 -1.5977118631805556
33197 10495573 1.4433456057850858 0.04581497562258713 0.34290000000000004 4.890006969550464 -1.5977118631805556
33198 10495573 1.4437712643808605 0.04526938812445494 0.34290000000000004 4.890006969550464 -1.5977118631805556
33199 10495573 1.4441969229766352 0.04472380062632275 0.34290000000000004 4.890006969550464 -1.5977118631805556
33200 10495573 1.4442517387096934 0.04149323955972749 0.34290000000000004 4.890006969550464 -1.5977118631805556
33201 10495573 1.4443065544427518 0.038262678493132224 0.34290000000000004 4.890006969550464 -1.5977118631805556
33202 10495573 1.4442108951324923 0.03321208839362762 0.34290000000000004 4.890006969550464 -1.5977118631805556
33203 10495573 1.4441152358222333 0.028161498294123014 0.34290000000000004 4.890006969550464 -1.5977118631805556
33204 10495573 1.4410820692945214 0.027562342643483482 0.3430858536585366 4.890006969550464 -1.5977118631805556
33205 10495573 1.43804890276681 0.02696318699284396 0.3432717073170732 4.890006969550464 -1.5977118631805556
33206 10495573 1.4350157362390985 0.026364031342204428 0.3434575609756098 4.890006969550464 -1.5977118631805556
33207 10495573 1.4319825697113868 0.025764875691564902 0.3436434146341464 4.890006969550464 -1.5977118631805556
33208 10495573 1.4289494031836756 0.025165720040925373 0.3438292682926829 4.890006969550464 -1.5977118631805556
33209 10495573 1.425916236655964 0.024566564390285844 0.3440151219512195 4.890006969550464 -1.5977118631805556
33210 10495573 1.4228830701282529 0.02396740873964632 0.3442009756097561 4.890006969550464 -1.5977118631805556
33211 10495573 1.4198499036005412 0.02336825308900679 0.3443868292682927 4.890006969550464 -1.5977118631805556
33212 10495573 1.4168167370728295 0.022769097438367258 0.3445726829268293 4.890006969550464 -1.5977118631805556
33213 10495573 1.4137835705451185 0.022169941787727736 0.3447585365853659 4.890006969550464 -1.5977118631805556
33214 10495573 1.410750404017407 0.02157078613708821 0.3449443902439025 4.890006969550464 -1.5977118631805556
33215 10495573 1.4077172374896956 0.02097163048644868 0.3451302439024391 4.890006969550464 -1.5977118631805556
33216 10495573 1.404684070961984 0.020372474835809156 0.34531609756097564 4.890006969550464 -1.5977118631805556
33217 10495573 1.4016509044342726 0.019773319185169624 0.3455019512195122 4.890006969550464 -1.5977118631805556
33218 10495573 1.3986177379065612 0.01917416353453009 0.34568780487804884 4.890006969550464 -1.5977118631805556
33219 10495573 1.3955845713788495 0.01857500788389057 0.3458736585365854 4.890006969550464 -1.5977118631805556
33220 10495573 1.3925514048511385 0.017975852233251044 0.34605951219512204 4.890006969550464 -1.5977118631805556
33221 10495573 1.3895182383234268 0.017376696582611515 0.34624536585365856 4.890006969550464 -1.5977118631805556
33222 10495573 1.3864850717957151 0.016777540931971986 0.3464312195121952 4.890006969550464 -1.5977118631805556
33223 10495573 1.383451905268004 0.01617838528133246 0.34661707317073176 4.890006969550464 -1.5977118631805556
33224 10495573 1.3804187387402924 0.015579229630692932 0.34680292682926833 4.890006969550464 -1.5977118631805556
33225 10495573 1.377385572212581 0.014980073980053403 0.3469887804878049 4.890006969550464 -1.5977118631805556
33226 10495573 1.3743524056848695 0.014380918329413876 0.34717463414634153 4.890006969550464 -1.5977118631805556
33227 10495573 1.3713192391571578 0.013781762678774349 0.3473604878048781 4.890006969550464 -1.5977118631805556
33228 10495573 1.3682860726294466 0.013182607028134822 0.3475463414634147 4.890006969550464 -1.5977118631805556
33229 10495573 1.3652529061017353 0.012583451377495294 0.34773219512195125 4.890006969550464 -1.5977118631805556
33230 10495573 1.3622197395740236 0.011984295726855766 0.3479180487804879 4.890006969550464 -1.5977118631805556
33231 10495573 1.3591865730463122 0.011385140076216237 0.34810390243902445 4.890006969550464 -1.5977118631805556
33232 10495573 1.3561534065186007 0.010785984425576713 0.348289756097561 4.890006969550464 -1.5977118631805556
33233 10495573 1.3531202399908893 0.01018682877493718 0.3484756097560976 4.890006969550464 -1.5977118631805556
33234 10495573 1.350087073463178 0.009587673124297657 0.3486614634146342 4.890006969550464 -1.5977118631805556
33235 10495573 1.3470539069354666 0.008988517473658128 0.3488473170731708 4.890006969550464 -1.5977118631805556
33236 10495573 1.3440207404077549 0.0083893618230186 0.34903317073170737 4.890006969550464 -1.5977118631805556
33237 10495573 1.3409875738800436 0.007790206172379074 0.34921902439024394 4.890006969550464 -1.5977118631805556
33238 10495573 1.3379544073523322 0.007191050521739546 0.34940487804878056 4.890006969550464 -1.5977118631805556
33239 10495573 1.3349212408246207 0.0065918948711000186 0.34959073170731714 4.890006969550464 -1.5977118631805556
33240 10495573 1.3318880742969093 0.00599273922046049 0.3497765853658537 4.890006969550464 -1.5977118631805556
33241 10495573 1.3288549077691978 0.005393583569820962 0.3499624390243903 4.890006969550464 -1.5977118631805556
33242 10495573 1.3258217412414863 0.004794427919181436 0.3501482926829269 4.890006969550464 -1.5977118631805556
33243 10495573 1.3227885747137749 0.004195272268541907 0.3503341463414635 4.890006969550464 -1.5977118631805556
33244 10495573 1.3197554081860634 0.003596116617902378 0.35052000000000005 4.890006969550464 -1.5977118631805556
33245 10495573 1.2890249097467381 0.002770021164175518 0.35052000000000005 4.890006969550464 -1.5977118631805556
33246 10495573 1.2582944113074122 0.0019439257104486574 0.35052000000000005 4.890006969550464 -1.5977118631805556
33247 10495573 1.196959251589336 0.00013427868310877944 0.35052000000000005 4.890006969550464 -1.5977118631805556
33248 10495573 1.1693202905561841 0.001160914813245796 0.35052000000000005 4.890006969550464 -1.5977118631805556
33249 10495573 1.141681329523032 0.0021875509433828128 0.35052000000000005 4.890006969550464 -1.5977118631805556
33250 10495573 1.1225528102781952 -0.0009094249841744283 0.35052000000000005 4.890006969550464 -1.5977118631805556
33251 10495573 1.047518820303458 0.002107844063514455 0.35052000000000005 4.890006969550464 -1.5977118631805556
33252 10495573 1.0040046771566726 0.003473191233340389 0.35052000000000005 4.890006969550464 -1.5977118631805556
33253 10495573 0.9337710538106316 0.0018857921119654621 0.35052000000000005 4.890006969550464 -1.5977118631805556
33254 10495573 0.9041085289333044 0.0035160512588977982 0.35052000000000005 4.890006969550464 -1.5977118631805556
33255 10495573 0.8318652678325911 0.003482498567670605 0.35052000000000005 4.890006969550464 -1.5977118631805556
33256 10495573 0.7596220067318777 0.0034489458764434128 0.35052000000000005 4.890006969550464 -1.5977118631805556
33257 10495573 0.6873787456311645 0.00341539318521622 0.35052000000000005 4.890006969550464 -1.5977118631805556
33258 10495573 0.6593989883803936 0.0020433784269724697 0.3581400000000001 4.890006969550464 -1.5977118631805556
33259 10495573 0.5718865925672224 0.0033013046877641557 0.36576 4.890006969550464 -1.5977118631805556
33260 10495573 0.5161118609883915 0.002484085929530977 0.36957 4.890006969550464 -1.5977118631805556
33261 10495573 0.4603371294095605 0.0016668671712977976 0.37338000000000005 4.890006969550464 -1.5977118631805556
33262 10495573 0.3869521362248881 0.004034902399749407 0.38861999999999997 4.890006969550464 -1.5977118631805556
33263 10495573 0.3593387382136352 0.002427397236197115 0.38861999999999997 4.890006969550464 -1.5977118631805556
33264 10495573 0.23249103322121198 0.00018784884464770332 0.40386 4.890006969550464 -1.5977118631805556
33265 10495573 0.16864396820774585 0.0004922867631915183 0.41148 4.890006969550464 -1.5977118631805556
33266 10495573 0.09257112136656942 -0.001282121274812531 0.42672 4.890006969550464 -1.5977118631805556
33267 10495573 0.01606230553318133 -0.003030132876804897 0.4343400000000001 4.890006969550464 -1.5977118631805556
33268 10495573 -0.0620338117813336 -0.00963281174360267 0.44958 4.890006969550464 -1.5977118631805556
33269 10495573 -0.13846293556627098 -0.011405389592581168 0.4648200000000001 4.890006969550464 -1.5977118631805556
33270 10495573 -0.2282447656705273 -0.018159054109068682 0.47244 4.890006969550464 -1.5977118631805556
33271 10495573 -0.3081305582706617 -0.02452486409122648 0.48768 3.6306216179351134 -1.9380638631846536
33272 10495573 -0.3930263459200658 -0.0293689493130099 0.50292 3.6306216179351134 -1.9380638631846536
33273 10495573 -0.4723968848026461 -0.03578475793228245 0.5181600000000001 3.6306216179351134 -1.9380638631846536
33274 10495573 -0.590938464614134 -0.04084338902756704 0.54102 3.6306216179351134 -1.9380638631846536
33275 10495573 -0.6719662829135045 -0.052323464294249535 0.5562600000000001 3.6306216179351134 -1.9380638631846536
33276 10495573 -0.756657483336105 -0.057347474421370524 0.5715 3.6306216179351134 -1.9380638631846536
33277 10495573 -0.8509868555759803 -0.06739768174088015 0.59436 3.6306216179351134 -1.9380638631846536
33278 10495573 -0.9382458470813496 -0.07076237553671297 0.6096 3.6306216179351134 -1.9380638631846536
33279 10495573 -1.014710992735092 -0.0818616702280768 0.63246 3.6306216179351134 -1.9380638631846536
33280 10495573 -1.057633350956653 -0.08681210558641042 0.6438900000000001 3.6306216179351134 -1.9380638631846536
33281 10495573 -1.1005557091782137 -0.09176254094474404 0.65532 3.6306216179351134 -1.9380638631846536
33282 10495573 -1.2089213353009465 -0.09990603535351686 0.6781800000000001 3.6306216179351134 -1.9380638631846536
33283 10495573 -1.3042413002719988 -0.11161338540091796 0.69342 3.6306216179351134 -1.9380638631846536
33284 10495573 -1.4275790706085532 -0.1247888274742254 0.7239000000000001 3.6306216179351134 -1.9380638631846536
33285 10495573 -1.483166664402462 -0.12799023569351567 0.7391399999999999 3.6306216179351134 -1.9380638631846536
33286 10495573 -1.5756993617318134 -0.13768513247416814 0.762 3.6306216179351134 -1.9380638631846536
33287 10495573 -1.6782520585425205 -0.1443353468237604 0.7924800000000001 3.6306216179351134 -1.9380638631846536
33288 10495573 -1.7679744438532532 -0.15249367471432487 0.8153400000000001 3.6306216179351134 -1.9380638631846536
33289 10495573 -1.8568603176199932 -0.16080781547190418 0.8458200000000001 3.6306216179351134 -1.9380638631846536
33290 10495573 -1.9481027759158007 -0.17360791862767058 0.8686800000000001 3.6306216179351134 -1.9380638631846536
33291 10495573 -2.045938110934646 -0.1848345223549254 0.88392 3.6306216179351134 -1.9380638631846536
33292 10495573 -2.183571014870624 -0.19822967180536447 0.9144 3.6306216179351134 -1.9380638631846536
33293 10495573 -2.2780763535006003 -0.20470089894704813 0.93726 3.6306216179351134 -1.9380638631846536
33294 10495573 -2.3694249034670944 -0.21781226166778134 0.9601200000000001 3.6306216179351134 -1.9380638631846536
33295 10495573 -2.4635990840457263 -0.22462339293858494 0.98298 3.6306216179351134 -1.9380638631846536
33296 10495573 -2.5629783799429475 -0.2391945824031752 1.01346 3.6306216179351134 -1.9380638631846536
33297 10495573 -2.656002678546796 -0.251988239686865 1.03632 3.6306216179351134 -1.9380638631846536
33298 10495573 -2.7470610272835505 -0.26039991662671397 1.05156 3.6306216179351134 -1.9380638631846536
33299 10495573 -2.8125106159867377 -0.27091005233511706 1.068705 3.6306216179351134 -1.9380638631846536
33300 10495573 -2.877960204689924 -0.2814201880435201 1.0858500000000002 3.6306216179351134 -1.9380638631846536
33301 10495573 -3.0059289871409867 -0.3059683146956141 1.1125200000000002 3.6306216179351134 -1.9380638631846536
33302 10495573 -3.081623491219297 -0.32483736667660856 1.13157 3.6306216179351134 -1.9380638631846536
33303 10495573 -3.157317995297608 -0.34370641865760304 1.1506200000000002 3.6306216179351134 -1.9380638631846536
33304 10495573 -3.2365632462242004 -0.3673131230660812 1.1734799999999999 3.6306216179351134 -1.9380638631846536
33305 10495573 -3.2917533436746016 -0.38664041180652975 1.1811 3.6306216179351134 -1.9380638631846536
33306 10495573 -3.4274660901559404 -0.4402548517596391 1.2192 3.6306216179351134 -1.9380638631846536
33307 10495573 -3.5061344510434376 -0.4770181942305634 1.2420600000000002 3.6306216179351134 -1.9380638631846536
33308 10495573 -3.5811419689721973 -0.5202374015639862 1.26492 3.6306216179351134 -1.9380638631846536
