32682 10628960 0.6070742342999303 0.0810889583187539 0.33528 4.890006969550464 -1.5977118631805556
32683 10628960 0.6121216273447272 0.08022822827014979 0.33528 4.890006969550464 -1.5977118631805556
32684 10628960 0.6194623597636991 0.08049712553798863 0.33528 4.890006969550464 -1.5977118631805556
32685 10628960 0.626803092182671 0.08076602280582748 0.33528 4.890006969550464 -1.5977118631805556
32686 10628960 0.6341438246016429 0.0810349200736663 0.33528 4.890006969550464 -1.5977118631805556
32687 10628960 0.6414845570206148 0.08130381734150516 0.33528 4.890006969550464 -1.5977118631805556
32688 10628960 0.6488252894395867 0.08157271460934401 0.33528 4.890006969550464 -1.5977118631805556
32689 10628960 0.6561660218585587 0.08184161187718282 0.33528 4.890006969550464 -1.5977118631805556
32690 10628960 0.6665915091344712 0.08022637368247648 0.33528 4.890006969550464 -1.5977118631805556
32691 10628960 0.6770169964103837 0.07861113548777013 0.33528 4.890006969550464 -1.5977118631805556
32692 10628960 0.6874424836862962 0.07699589729306378 0.33528 4.890006969550464 -1.5977118631805556
32693 10628960 0.6946678902488107 0.07872393653320235 0.33528 4.890006969550464 -1.5977118631805556
32694 10628960 0.7018932968113252 0.08045197577334093 0.33528 4.890006969550464 -1.5977118631805556
32695 10628960 0.7089226525818754 0.08090057658676976 0.33528 4.890006969550464 -1.5977118631805556
32696 10628960 0.7159520083524256 0.08134917740019859 0.33528 4.890006969550464 -1.5977118631805556
32697 10628960 0.7229813641229756 0.08179777821362742 0.33528 4.890006969550464 -1.5977118631805556
32698 10628960 0.7300107198935258 0.08224637902705625 0.33528 4.890006969550464 -1.5977118631805556
32699 10628960 0.7384270717029141 0.08218338882136014 0.33528 4.890006969550464 -1.5977118631805556
32700 10628960 0.7468434235123023 0.08212039861566403 0.33528 4.890006969550464 -1.5977118631805556
32701 10628960 0.758767227162648 0.08056089991508047 0.33528 4.890006969550464 -1.5977118631805556
32702 10628960 0.7684906861174747 0.08042133051123733 0.33528 4.890006969550464 -1.5977118631805556
32703 10628960 0.780439819901315 0.08165744197860661 0.33528 4.890006969550464 -1.5977118631805556
32704 10628960 0.7884077885395115 0.08022225916512303 0.33528 4.890006969550464 -1.5977118631805556
32705 10628960 0.7963757571777081 0.07878707635163945 0.33528 4.890006969550464 -1.5977118631805556
32706 10628960 0.8059597008191044 0.07867373400099004 0.33528 4.890006969550464 -1.5977118631805556
32707 10628960 0.8155436444605008 0.07856039165034064 0.33528 4.890006969550464 -1.5977118631805556
32708 10628960 0.8251275881018971 0.07844704929969122 0.33528 4.890006969550464 -1.5977118631805556
32709 10628960 0.8347115317432934 0.0783337069490418 0.33528 4.890006969550464 -1.5977118631805556
32710 10628960 0.8442954753846896 0.0782203645983924 0.33528 4.890006969550464 -1.5977118631805556
32711 10628960 0.8538794190260859 0.07810702224774299 0.33528 4.890006969550464 -1.5977118631805556
32712 10628960 0.8634633626674824 0.07799367989709358 0.33528 4.890006969550464 -1.5977118631805556
32713 10628960 0.8730473063088786 0.07788033754644418 0.33528 4.890006969550464 -1.5977118631805556
32714 10628960 0.8826312499502749 0.07776699519579476 0.33528 4.890006969550464 -1.5977118631805556
32715 10628960 0.8922151935916712 0.07765365284514535 0.33528 4.890006969550464 -1.5977118631805556
32716 10628960 0.9017991372330676 0.07754031049449595 0.33528 4.890006969550464 -1.5977118631805556
32717 10628960 0.9113830808744638 0.07742696814384653 0.33528 4.890006969550464 -1.5977118631805556
32718 10628960 0.9185863470793312 0.07795523180544893 0.33528 4.890006969550464 -1.5977118631805556
32719 10628960 0.9257896132841988 0.07848349546705131 0.33528 4.890006969550464 -1.5977118631805556
32720 10628960 0.9329928794890664 0.07901175912865371 0.33528 4.890006969550464 -1.5977118631805556
32721 10628960 0.9432951060015284 0.07860544296375184 0.33528 4.890006969550464 -1.5977118631805556
32722 10628960 0.9535973325139904 0.07819912679884995 0.33528 4.890006969550464 -1.5977118631805556
32723 10628960 0.9638995590264524 0.07779281063394808 0.33528 4.890006969550464 -1.5977118631805556
32724 10628960 0.9741402570409085 0.07923690986251113 0.33528 4.890006969550464 -1.5977118631805556
32725 10628960 0.9843809550553642 0.08068100909107417 0.33528 4.890006969550464 -1.5977118631805556
32726 10628960 0.9927972292280164 0.08061832059529461 0.33528 4.890006969550464 -1.5977118631805556
32727 10628960 1.0012135034006684 0.08055563209951506 0.33528 4.890006969550464 -1.5977118631805556
32728 10628960 1.0127233975494565 0.07772985597814352 0.33528 4.890006969550464 -1.5977118631805556
32729 10628960 1.0238699609263793 0.07922853615604937 0.33528 4.890006969550464 -1.5977118631805556
32730 10628960 1.0286845320334201 0.07765558649383532 0.33528 4.890006969550464 -1.5977118631805556
32731 10628960 1.0445077112107992 0.07715911693912157 0.33528 4.890006969550464 -1.5977118631805556
32732 10628960 1.056767061798624 0.07934572340510962 0.33528 4.890006969550464 -1.5977118631805556
32733 10628960 1.0657125143786417 0.07909078163717817 0.33528 4.890006969550464 -1.5977118631805556
32734 10628960 1.074657966958659 0.0788358398692467 0.33528 4.890006969550464 -1.5977118631805556
32735 10628960 1.083603419538676 0.07858089810131523 0.33528 4.890006969550464 -1.5977118631805556
32736 10628960 1.0925488721186931 0.07832595633338375 0.33528 4.890006969550464 -1.5977118631805556
32737 10628960 1.1014943246987108 0.07807101456545229 0.33528 4.890006969550464 -1.5977118631805556
32738 10628960 1.110439777278728 0.07781607279752081 0.33528 4.890006969550464 -1.5977118631805556
32739 10628960 1.121620763479914 0.07942047395399915 0.33528 4.890006969550464 -1.5977118631805556
32740 10628960 1.1328017496811 0.08102487511047747 0.33528 4.890006969550464 -1.5977118631805556
32741 10628960 1.1428321048100525 0.07774805558152666 0.33528 4.890006969550464 -1.5977118631805556
32742 10628960 1.1535873086729362 0.07750559157330343 0.33528 4.890006969550464 -1.5977118631805556
32743 10628960 1.1643425125358202 0.0772631275650802 0.33528 4.890006969550464 -1.5977118631805556
32744 10628960 1.1750977163987044 0.07702066355685698 0.33528 4.890006969550464 -1.5977118631805556
32745 10628960 1.1858529202615884 0.07677819954863374 0.33528 4.890006969550464 -1.5977118631805556
32746 10628960 1.1966081241244724 0.07653573554041053 0.33528 4.890006969550464 -1.5977118631805556
32747 10628960 1.2127229897238123 0.08236970058532582 0.33528 4.890006969550464 -1.5977118631805556
32748 10628960 1.230621098830211 0.08142942325551128 0.33528 4.890006969550464 -1.5977118631805556
32749 10628960 1.241335147747935 0.08098357890390072 0.33528 4.890006969550464 -1.5977118631805556
32750 10628960 1.2520491966656593 0.08053773455229016 0.33528 4.890006969550464 -1.5977118631805556
32751 10628960 1.2627632455833828 0.0800918902006796 0.33528 4.890006969550464 -1.5977118631805556
32752 10628960 1.2734772945011068 0.07964604584906905 0.33528 4.890006969550464 -1.5977118631805556
32753 10628960 1.2841913434188306 0.07920020149745849 0.33528 4.890006969550464 -1.5977118631805556
32754 10628960 1.2949053923365546 0.07875435714584793 0.33528 4.890006969550464 -1.5977118631805556
32755 10628960 1.3056194412542783 0.07830851279423738 0.33528 4.890006969550464 -1.5977118631805556
32756 10628960 1.31377764783345 0.07827206258283939 0.33528 4.890006969550464 -1.5977118631805556
32757 10628960 1.3219358544126216 0.07823561237144143 0.33528 4.890006969550464 -1.5977118631805556
32758 10628960 1.3296571845143454 0.07856095835577886 0.33528 4.890006969550464 -1.5977118631805556
32759 10628960 1.3373785146160693 0.0788863043401163 0.33528 4.890006969550464 -1.5977118631805556
32760 10628960 1.3450998447177929 0.07921165032445374 0.33528 4.890006969550464 -1.5977118631805556
32761 10628960 1.3528211748195167 0.07953699630879119 0.33528 4.890006969550464 -1.5977118631805556
32762 10628960 1.3605425049212403 0.07986234229312864 0.33528 4.890006969550464 -1.5977118631805556
32763 10628960 1.3682638350229643 0.08018768827746607 0.33528 4.890006969550464 -1.5977118631805556
32764 10628960 1.3759851651246882 0.0805130342618035 0.33528 4.890006969550464 -1.5977118631805556
32765 10628960 1.3837064952264122 0.08083838024614096 0.33528 4.890006969550464 -1.5977118631805556
32766 10628960 1.3908725979791212 0.08048355234217283 0.33528 4.890006969550464 -1.5977118631805556
32767 10628960 1.398038700731831 0.08012872443820471 0.33528 4.890006969550464 -1.5977118631805556
32768 10628960 1.3994292118466505 0.07920721663232462 0.33528 4.890006969550464 -1.5977118631805556
32769 10628960 1.4008197229614698 0.07828570882644457 0.33528 4.890006969550464 -1.5977118631805556
32770 10628960 1.4022102340762894 0.0773642010205645 0.33528 4.890006969550464 -1.5977118631805556
32771 10628960 1.4036007451911088 0.07644269321468443 0.33528 4.890006969550464 -1.5977118631805556
32772 10628960 1.4049912563059284 0.07552118540880437 0.33528 4.890006969550464 -1.5977118631805556
32773 10628960 1.4063817674207482 0.0745996776029243 0.33528 4.890006969550464 -1.5977118631805556
32774 10628960 1.4077722785355675 0.07367816979704422 0.33528 4.890006969550464 -1.5977118631805556
32775 10628960 1.4091627896503869 0.07275666199116416 0.33528 4.890006969550464 -1.5977118631805556
32776 10628960 1.410553300765207 0.07183515418528409 0.33528 4.890006969550464 -1.5977118631805556
32777 10628960 1.4119438118800265 0.07091364637940402 0.33528 4.890006969550464 -1.5977118631805556
32778 10628960 1.4133343229948456 0.06999213857352396 0.33528 4.890006969550464 -1.5977118631805556
32779 10628960 1.4147248341096652 0.06907063076764389 0.33528 4.890006969550464 -1.5977118631805556
32780 10628960 1.4161153452244848 0.06814912296176381 0.33528 4.890006969550464 -1.5977118631805556
32781 10628960 1.4175058563393044 0.06722761515588375 0.33528 4.890006969550464 -1.5977118631805556
32782 10628960 1.4188963674541242 0.06630610735000368 0.33528 4.890006969550464 -1.5977118631805556
32783 10628960 1.4202868785689435 0.06538459954412361 0.33528 4.890006969550464 -1.5977118631805556
32784 10628960 1.4216773896837631 0.06446309173824355 0.33528 4.890006969550464 -1.5977118631805556
32785 10628960 1.4230679007985825 0.06354158393236348 0.33528 4.890006969550464 -1.5977118631805556
32786 10628960 1.4244584119134018 0.0626200761264834 0.33528 4.890006969550464 -1.5977118631805556
32787 10628960 1.4258489230282216 0.06169856832060335 0.33528 4.890006969550464 -1.5977118631805556
32788 10628960 1.4272394341430412 0.06077706051472327 0.33528 4.890006969550464 -1.5977118631805556
32789 10628960 1.429405357500645 0.05925179804372981 0.33528 4.890006969550464 -1.5977118631805556
32790 10628960 1.4297046194347247 0.05948829117288881 0.33528 4.890006969550464 -1.5977118631805556
32791 10628960 1.4300038813688043 0.05972478430204781 0.33528 4.890006969550464 -1.5977118631805556
32792 10628960 1.4303031433028843 0.059961277431206814 0.33528 4.890006969550464 -1.5977118631805556
32793 10628960 1.4306024052369644 0.06019777056036583 0.33528 4.890006969550464 -1.5977118631805556
32794 10628960 1.4309016671710442 0.06043426368952483 0.33528 4.890006969550464 -1.5977118631805556
32795 10628960 1.431200929105124 0.06067075681868383 0.33528 4.890006969550464 -1.5977118631805556
32796 10628960 1.4315001910392038 0.06090724994784282 0.33528 4.890006969550464 -1.5977118631805556
32797 10628960 1.4317994529732836 0.061143743077001836 0.33528 4.890006969550464 -1.5977118631805556
32798 10628960 1.4320987149073634 0.061380236206160836 0.33528 4.890006969550464 -1.5977118631805556
32799 10628960 1.4323979768414432 0.061616729335319836 0.33528 4.890006969550464 -1.5977118631805556
32800 10628960 1.4326972387755232 0.06185322246447885 0.33528 4.890006969550464 -1.5977118631805556
32801 10628960 1.432996500709603 0.06208971559363785 0.33528 4.890006969550464 -1.5977118631805556
32802 10628960 1.4332957626436829 0.062326208722796865 0.33528 4.890006969550464 -1.5977118631805556
32803 10628960 1.4335950245777629 0.06256270185195588 0.33528 4.890006969550464 -1.5977118631805556
32804 10628960 1.4338942865118425 0.06279919498111486 0.33528 4.890006969550464 -1.5977118631805556
32805 10628960 1.4341935484459225 0.06303568811027388 0.33528 4.890006969550464 -1.5977118631805556
32806 10628960 1.4344928103800019 0.06327218123943287 0.33528 4.890006969550464 -1.5977118631805556
32807 10628960 1.434792072314082 0.06350867436859188 0.33528 4.890006969550464 -1.5977118631805556
32808 10628960 1.435091334248162 0.06374516749775087 0.33528 4.890006969550464 -1.5977118631805556
32809 10628960 1.4353905961822415 0.06398166062690988 0.33528 4.890006969550464 -1.5977118631805556
32810 10628960 1.4356898581163215 0.06421815375606889 0.33528 4.890006969550464 -1.5977118631805556
32811 10628960 1.4359891200504014 0.0644546468852279 0.33528 4.890006969550464 -1.5977118631805556
32812 10628960 1.4362883819844812 0.06469114001438689 0.33528 4.890006969550464 -1.5977118631805556
32813 10628960 1.436587643918561 0.0649276331435459 0.33528 4.890006969550464 -1.5977118631805556
32814 10628960 1.4368869058526408 0.0651641262727049 0.33528 4.890006969550464 -1.5977118631805556
32815 10628960 1.4371861677867208 0.0654006194018639 0.33528 4.890006969550464 -1.5977118631805556
32816 10628960 1.4374854297208006 0.0656371125310229 0.33528 4.890006969550464 -1.5977118631805556
32817 10628960 1.4377846916548804 0.06587360566018191 0.33528 4.890006969550464 -1.5977118631805556
32818 10628960 1.4380839535889602 0.06611009878934092 0.33528 4.890006969550464 -1.5977118631805556
32819 10628960 1.43838321552304 0.06634659191849993 0.33528 4.890006969550464 -1.5977118631805556
32820 10628960 1.43868247745712 0.06658308504765892 0.33528 4.890006969550464 -1.5977118631805556
32821 10628960 1.4389817393911997 0.06681957817681793 0.33528 4.890006969550464 -1.5977118631805556
32822 10628960 1.4392810013252797 0.06705607130597692 0.33528 4.890006969550464 -1.5977118631805556
32823 10628960 1.4395802632593595 0.06729256443513593 0.33528 4.890006969550464 -1.5977118631805556
32824 10628960 1.439879525193439 0.06752905756429492 0.33528 4.890006969550464 -1.5977118631805556
32825 10628960 1.4401787871275191 0.06776555069345394 0.33528 4.890006969550464 -1.5977118631805556
32826 10628960 1.4410088951899316 0.06378199693340918 0.33528 4.890006969550464 -1.5977118631805556
32827 10628960 1.441839003252344 0.0597984431733644 0.33528 4.890006969550464 -1.5977118631805556
32828 10628960 1.4426691113147565 0.055814889413319635 0.33528 4.890006969550464 -1.5977118631805556
32829 10628960 1.4434992193771687 0.051831335653274864 0.33528 4.890006969550464 -1.5977118631805556
32830 10628960 1.4443293274395812 0.047847781893230086 0.33528 4.890006969550464 -1.5977118631805556
32831 10628960 1.4451594355019937 0.04386422813318532 0.33528 4.890006969550464 -1.5977118631805556
32832 10628960 1.4459895435644061 0.03988067437314055 0.33528 4.890006969550464 -1.5977118631805556
32833 10628960 1.4468196516268184 0.03589712061309578 0.33528 4.890006969550464 -1.5977118631805556
32834 10628960 1.4476497596892308 0.03191356685305101 0.33528 4.890006969550464 -1.5977118631805556
32835 10628960 1.4455765391435855 0.027333700609402517 0.33528 4.890006969550464 -1.5977118631805556
32836 10628960 1.4435033185979402 0.022753834365754014 0.33528 4.890006969550464 -1.5977118631805556
32837 10628960 1.4414300980522952 0.01817396812210552 0.33528 4.890006969550464 -1.5977118631805556
32838 10628960 1.43935687750665 0.013594101878457028 0.33528 4.890006969550464 -1.5977118631805556
32839 10628960 1.4345375146855357 0.011527317300467323 0.33528 4.890006969550464 -1.5977118631805556
32840 10628960 1.4297181518644215 0.009460532722477624 0.33528 4.890006969550464 -1.5977118631805556
32841 10628960 1.4248987890433074 0.00739374814448792 0.33528 4.890006969550464 -1.5977118631805556
32842 10628960 1.4200794262221934 0.005326963566498219 0.33528 4.890006969550464 -1.5977118631805556
32843 10628960 1.4152600634010792 0.003260178988508517 0.33528 4.890006969550464 -1.5977118631805556
32844 10628960 1.410440700579965 0.0011933944105188136 0.33528 4.890006969550464 -1.5977118631805556
32845 10628960 1.4033047500437328 0.0010970251865161037 0.33528 4.890006969550464 -1.5977118631805556
32846 10628960 1.3961687995075012 0.001000655962513393 0.33528 4.890006969550464 -1.5977118631805556
32847 10628960 1.3890328489712689 0.0009042867385106829 0.33528 4.890006969550464 -1.5977118631805556
32848 10628960 1.3818968984350366 0.0008079175145079723 0.33528 4.890006969550464 -1.5977118631805556
32849 10628960 1.3747609478988043 0.000711548290505262 0.33528 4.890006969550464 -1.5977118631805556
32850 10628960 1.3676249973625725 0.0006151790665025516 0.33528 4.890006969550464 -1.5977118631805556
32851 10628960 1.3604890468263402 0.0005188098424998412 0.33528 4.890006969550464 -1.5977118631805556
32852 10628960 1.353353096290108 0.00042244061849713084 0.33528 4.890006969550464 -1.5977118631805556
32853 10628960 1.346217145753876 0.00032607139449442046 0.33528 4.890006969550464 -1.5977118631805556
32854 10628960 1.3285250014052732 0.0008775312801852855 0.33528 4.890006969550464 -1.5977118631805556
32855 10628960 1.3108328570566699 0.0014289911658761506 0.33528 4.890006969550464 -1.5977118631805556
32856 10628960 1.2931407127080672 0.001980451051567016 0.33528 4.890006969550464 -1.5977118631805556
32857 10628960 1.275448568359464 0.0025319109372578807 0.33528 4.890006969550464 -1.5977118631805556
32858 10628960 1.2540007427340876 0.002631194289799875 0.33528 4.890006969550464 -1.5977118631805556
32859 10628960 1.2325529171087108 0.002730477642341869 0.33528 4.890006969550464 -1.5977118631805556
32860 10628960 1.2111050914833343 0.002829760994883864 0.33528 4.890006969550464 -1.5977118631805556
32861 10628960 1.1896572658579578 0.0029290443474258576 0.33528 4.890006969550464 -1.5977118631805556
32862 10628960 1.168209440232581 0.003028327699967852 0.33528 4.890006969550464 -1.5977118631805556
32863 10628960 1.1467616146072046 0.003127611052509846 0.33528 4.890006969550464 -1.5977118631805556
32864 10628960 1.125313788981828 0.0032268944050518407 0.33528 4.890006969550464 -1.5977118631805556
32865 10628960 1.1038659633564514 0.0033261777575938345 0.33528 4.890006969550464 -1.5977118631805556
32866 10628960 1.0755670761373282 0.0036925052040886475 0.36576 4.890006969550464 -1.5977118631805556
32867 10628960 1.025181796168127 0.0016948748060361116 0.33528 4.890006969550464 -1.5977118631805556
32868 10628960 1.0140351427904737 0.00019618817813027436 0.33528 4.890006969550464 -1.5977118631805556
32869 10628960 0.971639753352592 0.00045689396097404333 0.34036 4.890006969550464 -1.5977118631805556
32870 10628960 0.9292443639147108 0.0007175997438178122 0.34544 4.890006969550464 -1.5977118631805556
32871 10628960 0.8868489744768293 0.0009783055266615812 0.35052 4.890006969550464 -1.5977118631805556
32872 10628960 0.8444535850389479 0.00123901130950535 0.3556 4.890006969550464 -1.5977118631805556
32873 10628960 0.8020581956010664 0.001499717092349119 0.36068 4.890006969550464 -1.5977118631805556
32874 10628960 0.759662806163185 0.001760422875192888 0.36576 4.890006969550464 -1.5977118631805556
32875 10628960 0.7383004128237001 0.0016139564183529492 0.36576 4.890006969550464 -1.5977118631805556
32876 10628960 0.6920317777821835 0.0006684610408164983 0.36576 4.890006969550464 -1.5977118631805556
32877 10628960 0.6457631427406669 -0.0002770343367199529 0.36576 4.890006969550464 -1.5977118631805556
32878 10628960 0.6252566007537699 0.0015169075122808751 0.36576 4.890006969550464 -1.5977118631805556
32879 10628960 0.6047500587668729 0.003310849361281704 0.36576 4.890006969550464 -1.5977118631805556
32880 10628960 0.5644414241185473 -0.0004577405330814383 0.36576 4.890006969550464 -1.5977118631805556
32881 10628960 0.526419779097673 0.0016857468450461738 0.36576 4.890006969550464 -1.5977118631805556
32882 10628960 0.4762987338678831 0.0015913597509387145 0.36576 4.890006969550464 -1.5977118631805556
32883 10628960 0.4242292337925235 0.002601341445270758 0.39624 4.890006969550464 -1.5977118631805556
32884 10628960 0.4049543674036872 0.0034092129822857753 0.39624 4.890006969550464 -1.5977118631805556
32885 10628960 0.3552402675741949 0.003474853983688977 0.39624 4.890006969550464 -1.5977118631805556
32886 10628960 0.30552616774470265 0.0035404949850921796 0.39624 4.890006969550464 -1.5977118631805556
32887 10628960 0.26643334458917034 0.0007780224978305161 0.39624 4.890006969550464 -1.5977118631805556
32888 10628960 0.22514911127054404 -0.00325417894243632 0.39624 4.890006969550464 -1.5977118631805556
32889 10628960 0.1944400842940019 -0.0041414299522815065 0.39624 4.890006969550464 -1.5977118631805556
32890 10628960 0.16373105731745974 -0.005028680962126692 0.39624 4.890006969550464 -1.5977118631805556
32891 10628960 0.12409872869971705 -0.0080814648362256 0.39624 4.890006969550464 -1.5977118631805556
32892 10628960 0.08440856090994953 -0.011582474210101806 0.39624 4.890006969550464 -1.5977118631805556
32893 10628960 0.04535130532743903 -0.012603052206194315 0.39624 4.890006969550464 -1.5977118631805556
32894 10628960 -0.009910973276779922 -0.015920860087609068 0.39624 4.890006969550464 -1.5977118631805556
32895 10628960 -0.05248129402927237 -0.021166939373767152 0.39624 4.890006969550464 -1.5977118631805556
32896 10628960 -0.08789255161546072 -0.02244393289154054 0.42672 4.890006969550464 -1.5977118631805556
32897 10628960 -0.13172137361449265 -0.024474300203186892 0.42672 4.890006969550464 -1.5977118631805556
32898 10628960 -0.15488757265236308 -0.027416852798910124 0.42672 4.890006969550464 -1.5977118631805556
32899 10628960 -0.20342768162911476 -0.027556358122267227 0.42672 4.890006969550464 -1.5977118631805556
32900 10628960 -0.2595725596741201 -0.02976613606684145 0.42672 4.890006969550464 -1.5977118631805556
32901 10628960 -0.3026113346035346 -0.03263798325306275 0.42672 4.890006969550464 -1.5977118631805556
32902 10628960 -0.3397450434593934 -0.035921119873625645 0.42672 4.890006969550464 -1.5977118631805556
32903 10628960 -0.3842966062863236 -0.03771384939436781 0.42672 4.890006969550464 -1.5977118631805556
32904 10628960 -0.4181131571587127 -0.037641370112551004 0.42672 4.890006969550464 -1.5977118631805556
32905 10628960 -0.4684818392515897 -0.04255578807233298 0.42672 4.890006969550464 -1.5977118631805556
32906 10628960 -0.5137150377836475 -0.049148789031300634 0.4572000000000001 4.890006969550464 -1.5977118631805556
32907 10628960 -0.5604456426539803 -0.050812342601368604 0.4572000000000001 4.890006969550464 -1.5977118631805556
32908 10628960 -0.5787375227777871 -0.05242639084273412 0.4572000000000001 4.890006969550464 -1.5977118631805556
32909 10628960 -0.5970294029015939 -0.05404043908409964 0.4572000000000001 4.890006969550464 -1.5977118631805556
32910 10628960 -0.6567198524678857 -0.05730813307227892 0.4572000000000001 4.890006969550464 -1.5977118631805556
32911 10628960 -0.6978939622411224 -0.0637083726097418 0.4572000000000001 4.890006969550464 -1.5977118631805556
32912 10628960 -0.7418122642880307 -0.062201146716966166 0.4572000000000001 4.890006969550464 -1.5977118631805556
32913 10628960 -0.7855768619402037 -0.06728665198221631 0.48768 4.890006969550464 -1.5977118631805556
32914 10628960 -0.8228754376737859 -0.0737850660244386 0.48768 4.890006969550464 -1.5977118631805556
32915 10628960 -0.8846978576410753 -0.07541933633797535 0.48768 4.890006969550464 -1.5977118631805556
32916 10628960 -0.9254239071072868 -0.08044610805611123 0.48768 4.890006969550464 -1.5977118631805556
32917 10628960 -0.9646573585497716 -0.08362402921444825 0.48768 4.890006969550464 -1.5977118631805556
32918 10628960 -1.0083846010327422 -0.08533235086805728 0.48768 4.890006969550464 -1.5977118631805556
32919 10628960 -1.0471022445890767 -0.08856170232938779 0.48768 4.890006969550464 -1.5977118631805556
32920 10628960 -1.0912541871689247 -0.09048120664904548 0.48768 4.890006969550464 -1.5977118631805556
32921 10628960 -1.1352681619995406 -0.09197823924386886 0.48768 4.890006969550464 -1.5977118631805556
