40725 10520887 2.0102542273716875 0.007374540049335474 0.36576 3.6306216179351134 -1.9380638631846536
40726 10520887 1.9865644313397712 0.008705023487072694 0.36576 3.6306216179351134 -1.9380638631846536
40727 10520887 1.9588246620665968 0.003979047708163597 0.36576 3.6306216179351134 -1.9380638631846536
40728 10520887 1.930332282939148 0.005106371434683982 0.36576 3.6306216179351134 -1.9380638631846536
40729 10520887 1.887107746599291 0.008708589874999811 0.36576 3.6306216179351134 -1.9380638631846536
40730 10520887 1.8610790763612304 0.00786340114547042 0.36576 3.6306216179351134 -1.9380638631846536
40731 10520887 1.83505040612317 0.007018212415941028 0.36576 3.6306216179351134 -1.9380638631846536
40732 10520887 1.802025597119765 0.003785153023298543 0.36576 3.6306216179351134 -1.9380638631846536
40733 10520887 1.7733576730784604 0.00029750304531411814 0.36576 3.6306216179351134 -1.9380638631846536
40734 10520887 1.7403874671594304 0.001310941566954535 0.36576 3.6306216179351134 -1.9380638631846536
40735 10520887 1.7074172612404006 0.002324380088594952 0.36576 3.6306216179351134 -1.9380638631846536
40736 10520887 1.6692422776135405 -0.003081207021453064 0.36576 3.6306216179351134 -1.9380638631846536
40737 10520887 1.6409219808726156 -0.0014248548241865765 0.36576 3.6306216179351134 -1.9380638631846536
40738 10520887 1.6126016841316908 0.0002314973730799114 0.36576 3.6306216179351134 -1.9380638631846536
40739 10520887 1.5875192875237225 0.00024644335263091297 0.36576 3.6306216179351134 -1.9380638631846536
40740 10520887 1.5624368909157538 0.0002613893321819147 0.36576 3.6306216179351134 -1.9380638631846536
40741 10520887 1.537354494307785 0.00027633531173291634 0.36576 3.6306216179351134 -1.9380638631846536
40742 10520887 1.5122720976998163 0.000291281291283918 0.36576 3.6306216179351134 -1.9380638631846536
40743 10520887 1.4804986820439947 -0.00019497552690908584 0.36576 3.6306216179351134 -1.9380638631846536
40744 10520887 1.4265051831360316 0.0014367060978762866 0.33528 3.6306216179351134 -1.9380638631846536
40745 10520887 1.4026262938790026 0.0010590451097591894 0.33528 3.6306216179351134 -1.9380638631846536
40746 10520887 1.378747404621974 0.0006813841216420924 0.33528 3.6306216179351134 -1.9380638631846536
40747 10520887 1.3571749102362165 0.002471068746029745 0.33528 3.6306216179351134 -1.9380638631846536
40748 10520887 1.3356024158504587 0.004260753370417397 0.33528 3.6306216179351134 -1.9380638631846536
40749 10520887 1.3085744498609022 0.001991408833837416 0.33528 3.6306216179351134 -1.9380638631846536
40750 10520887 1.275448568359464 0.0025319109372578807 0.33528 3.6306216179351134 -1.9380638631846536
40751 10520887 1.2526508844957127 -0.0006518420289657599 0.33528 3.6306216179351134 -1.9380638631846536
40752 10520887 1.2338122348196463 0.00012829508835009856 0.33528 3.6306216179351134 -1.9380638631846536
40753 10520887 1.2149735851435803 0.0009084322056659573 0.33528 3.6306216179351134 -1.9380638631846536
40754 10520887 1.1896055518020618 0.00027804090862449304 0.33528 3.6306216179351134 -1.9380638631846536
40755 10520887 1.1642375184605436 -0.00035235038841697114 0.33528 3.6306216179351134 -1.9380638631846536
40756 10520887 1.1388694851190253 -0.000982741685458435 0.33528 3.6306216179351134 -1.9380638631846536
40757 10520887 1.1172354748789541 -0.0006033286203306967 0.33528 3.6306216179351134 -1.9380638631846536
40758 10520887 1.0956014646388823 -0.0002239155552029581 0.33528 3.6306216179351134 -1.9380638631846536
40759 10520887 1.0739674543988107 0.00015549750992478045 0.33528 3.6306216179351134 -1.9380638631846536
40760 10520887 1.0523334441587393 0.000534910575052519 0.33528 3.6306216179351134 -1.9380638631846536
40761 10520887 1.0267406670813386 0.0010299052008712153 0.33528 3.6306216179351134 -1.9380638631846536
40762 10520887 1.001147890003938 0.0015248998266899118 0.33528 3.6306216179351134 -1.9380638631846536
40763 10520887 0.9755551129265372 0.002019894452508608 0.33528 3.6306216179351134 -1.9380638631846536
40764 10520887 0.9398318209299208 0.0027679728557032032 0.33528 3.6306216179351134 -1.9380638631846536
40765 10520887 0.9041085289333044 0.0035160512588977982 0.33528 3.6306216179351134 -1.9380638631846536
40766 10520887 0.8753173959675881 0.005095375796314097 0.33528 3.6306216179351134 -1.9380638631846536
40767 10520887 0.8422910215205657 0.0018667703596437352 0.33528 3.6306216179351134 -1.9380638631846536
40768 10520887 0.8179580328212748 0.0007825687173449076 0.33528 3.6306216179351134 -1.9380638631846536
40769 10520887 0.7936250441219839 -0.00030163292495391985 0.33528 3.6306216179351134 -1.9380638631846536
40770 10520887 0.7692920554226931 -0.0013858345672527472 0.33528 3.6306216179351134 -1.9380638631846536
40771 10520887 0.6945767466682524 -0.00010482896518633487 0.33528 3.2389230595520804 -2.539071146049632
40772 10520887 0.6607381301482957 -0.0006524944987915233 0.34036 3.2389230595520804 -2.539071146049632
40773 10520887 0.6268995136283391 -0.0012001600323967114 0.34544 3.2389230595520804 -2.539071146049632
40774 10520887 0.5930608971083824 -0.0017478255660018994 0.35052 3.2389230595520804 -2.539071146049632
40775 10520887 0.5592222805884257 -0.002295491099607088 0.3556 3.2389230595520804 -2.539071146049632
40776 10520887 0.5253836640684689 -0.0028431566332122768 0.36068 3.2389230595520804 -2.539071146049632
40777 10520887 0.4915450475485124 -0.0033908221668174643 0.36576 3.2389230595520804 -2.539071146049632
40778 10520887 0.4555061578724666 -0.00224539443696796 0.36576 3.2389230595520804 -2.539071146049632
40779 10520887 0.41383379248491897 -0.004749789949031469 0.36576 3.2389230595520804 -2.539071146049632
40780 10520887 0.3752495071237553 -0.003239494909148821 0.36576 3.2389230595520804 -2.539071146049632
40781 10520887 0.3365856740444948 -0.0008852035267244153 0.36576 3.2389230595520804 -2.539071146049632
40782 10520887 0.30885745906141737 -0.0025718454317115173 0.36576 3.2389230595520804 -2.539071146049632
40783 10520887 0.2712479693530462 -0.0007954452099937503 0.36576 3.2389230595520804 -2.539071146049632
40784 10520887 0.21551985945572935 -0.00010717717676217432 0.39624 3.2389230595520804 -2.539071146049632
40785 10520887 0.18547718146066428 0.0003649797489498618 0.39624 3.2389230595520804 -2.539071146049632
40786 10520887 0.14781578762053094 0.001983802291920786 0.39624 3.2389230595520804 -2.539071146049632
40787 10520887 0.1101543937803976 0.00360262483489171 0.39624 3.2389230595520804 -2.539071146049632
40788 10520887 0.08294374064063684 0.0039091264228183565 0.4038600000000001 3.2389230595520804 -2.539071146049632
40789 10520887 0.055733087500876084 0.004215628010745001 0.4114800000000001 3.2389230595520804 -2.539071146049632
40790 10520887 0.028522434361115317 0.004522129598671647 0.4191 3.2389230595520804 -2.539071146049632
40791 10520887 0.0013117812213545574 0.004828631186598292 0.42672 3.2389230595520804 -2.539071146049632
40792 10520887 -0.04609087758799435 0.006536225012350655 0.42672 3.2389230595520804 -2.539071146049632
40793 10520887 -0.08056891933392996 0.009744289990141292 0.42672 3.2389230595520804 -2.539071146049632
40794 10520887 -0.11579712803039245 0.007940309920704797 0.42672 3.2389230595520804 -2.539071146049632
40795 10520887 -0.1519836083384556 0.011356638200353514 0.42672 3.2389230595520804 -2.539071146049632
40796 10520887 -0.18431762753435788 0.014331692423413396 0.42672 3.2389230595520804 -2.539071146049632
40797 10520887 -0.21678081609563196 0.014194652125311654 0.4572000000000001 3.2389230595520804 -2.539071146049632
40798 10520887 -0.24967976721543075 0.014083358821151274 0.4572000000000001 3.2389230595520804 -2.539071146049632
40799 10520887 -0.2868084007258598 0.015705338974167288 0.4572000000000001 3.2389230595520804 -2.539071146049632
40800 10520887 -0.3220096223732807 0.018333093214356416 0.4572000000000001 3.2389230595520804 -2.539071146049632
40801 10520887 -0.3505947849239692 0.020550716052946092 0.4572000000000001 3.2389230595520804 -2.539071146049632
40802 10520887 -0.3870574825507533 0.02312382409272604 0.4572000000000001 3.2389230595520804 -2.539071146049632
40803 10520887 -0.4187489019421433 0.026707658569292556 0.4572000000000001 3.2389230595520804 -2.539071146049632
40804 10520887 -0.4516929813250221 0.027546652241609987 0.4572000000000001 3.2389230595520804 -2.539071146049632
40805 10520887 -0.5037021553501642 0.03309971382535257 0.4572000000000001 3.2389230595520804 -2.539071146049632
40806 10520887 -0.5363083391792454 0.039319783291544425 0.48768 3.2389230595520804 -2.539071146049632
40807 10520887 -0.5654544812874682 0.0425394749139473 0.48768 3.2389230595520804 -2.539071146049632
40808 10520887 -0.6030648326765247 0.04432051819450564 0.48768 3.2389230595520804 -2.539071146049632
40809 10520887 -0.6382508602547572 0.0508003329608456 0.48768 3.2389230595520804 -2.539071146049632
40810 10520887 -0.6539413206206712 0.053067794612564216 0.48768 3.2389230595520804 -2.539071146049632
40811 10520887 -0.6696317809865853 0.05533525626428285 0.48768 3.2389230595520804 -2.539071146049632
40812 10520887 -0.7065952079916491 0.06181235868749005 0.48768 3.2389230595520804 -2.539071146049632
40813 10520887 -0.7530323750394936 0.0664801194433369 0.48768 3.2389230595520804 -2.539071146049632
40814 10520887 -0.7867170634092395 0.07211929985336847 0.48768 3.2389230595520804 -2.539071146049632
40815 10520887 -0.8195302961635351 0.07770737367640028 0.48768 3.2389230595520804 -2.539071146049632
40816 10520887 -0.8501433135303571 0.08187518030124039 0.5181600000000001 3.2389230595520804 -2.539071146049632
40817 10520887 -0.8813171749662161 0.08704434785944001 0.5181600000000001 3.2389230595520804 -2.539071146049632
40818 10520887 -0.9135005389242611 0.0918427312771972 0.5181600000000001 3.2389230595520804 -2.539071146049632
40819 10520887 -0.9499186676832678 0.09346938951965564 0.5181600000000001 3.2389230595520804 -2.539071146049632
40820 10520887 -0.9807146267018901 0.09816491581083184 0.5181600000000001 3.2389230595520804 -2.539071146049632
40821 10520887 -1.0202924138424456 0.10479752391906567 0.5181600000000001 3.2389230595520804 -2.539071146049632
40822 10520887 -1.0477630373465765 0.10934065339602893 0.5181600000000001 3.2389230595520804 -2.539071146049632
40823 10520887 -1.0728936522212265 0.11452077367401585 0.5334000000000001 3.2389230595520804 -2.539071146049632
40824 10520887 -1.0980242670958766 0.11970089395200274 0.54864 3.2389230595520804 -2.539071146049632
40825 10520887 -1.1318298981155968 0.1195394536646803 0.54864 3.2389230595520804 -2.539071146049632
40826 10520887 -1.1631073215118917 0.1243932184381474 0.54864 3.2389230595520804 -2.539071146049632
40827 10520887 -1.187551159153972 0.12841442068309147 0.54864 3.2389230595520804 -2.539071146049632
40828 10520887 -1.237681464155283 0.13265732606873454 0.54864 3.2389230595520804 -2.539071146049632
40829 10520887 -1.2647638946903603 0.1356722993907907 0.54864 3.2389230595520804 -2.539071146049632
40830 10520887 -1.2963277862233151 0.1407371707851561 0.54864 3.2389230595520804 -2.539071146049632
40831 10520887 -1.3514265146734756 0.14228273821189638 0.57912 3.2389230595520804 -2.539071146049632
40832 10520887 -1.3781413880210216 0.14587894917086672 0.57912 3.2389230595520804 -2.539071146049632
40833 10520887 -1.4174782684101863 0.14238692122446092 0.57912 3.2389230595520804 -2.539071146049632
40834 10520887 -1.4447873624890095 0.13764853920804962 0.57912 3.2389230595520804 -2.539071146049632
40835 10520887 -1.4635974592168932 0.13445356620765467 0.57912 3.2389230595520804 -2.539071146049632
40836 10520887 -1.482407555944777 0.13125859320725972 0.57912 3.2389230595520804 -2.539071146049632
40837 10520887 -1.50481632984755 0.11977679138494955 0.57912 3.2389230595520804 -2.539071146049632
40838 10520887 -1.5338862223162275 0.10965582283059792 0.57912 3.2389230595520804 -2.539071146049632
40839 10520887 -1.5763099015699849 0.08450743864211194 0.6096 3.2389230595520804 -2.539071146049632
40840 10520887 -1.6061450253018446 0.057111161243702385 0.6096 3.2389230595520804 -2.539071146049632
40841 10520887 -1.6261738558070367 0.03118103538377678 0.6096 3.2389230595520804 -2.539071146049632
40842 10520887 -1.645434853394398 0.004882944922575322 0.6096 3.2389230595520804 -2.539071146049632
40843 10520887 -1.6614450774776701 -0.026684599538855186 0.6096 3.2389230595520804 -2.539071146049632
40844 10520887 -1.6850990278706266 -0.06369703454805277 0.6096 3.2389230595520804 -2.539071146049632
40845 10520887 -1.6953074970650903 -0.09599384076875186 0.6096 3.2389230595520804 -2.539071146049632
40846 10520887 -1.7085267017173618 -0.15406196416074427 0.6096 3.2389230595520804 -2.539071146049632
40847 10520887 -1.719719266369786 -0.204847922787496 0.6096 3.2389230595520804 -2.539071146049632
40848 10520887 -1.7196116762254716 -0.2213573714929871 0.6096 3.2389230595520804 -2.539071146049632
40849 10520887 -1.7195040860811572 -0.23786682019847816 0.6096 3.2389230595520804 -2.539071146049632
40850 10520887 -1.7290506139219417 -0.28334921494563114 0.6096 3.2389230595520804 -2.539071146049632
40851 10520887 -1.7271031807123942 -0.32628175402834425 0.6400800000000001 3.2389230595520804 -2.539071146049632
40852 10520887 -1.7298584178229264 -0.3700128946226834 0.6400800000000001 3.2389230595520804 -2.539071146049632
40853 10520887 -1.7338484188539407 -0.431099594306134 0.6400800000000001 3.2389230595520804 -2.539071146049632
40854 10520887 -1.7336265449198192 -0.4793095680241871 0.6400800000000001 3.2389230595520804 -2.539071146049632
40855 10520887 -1.734697768077982 -0.5043131118604793 0.6400800000000001 3.2389230595520804 -2.539071146049632
40856 10520887 -1.7328320697827946 -0.5597204526038531 0.6400800000000001 3.2389230595520804 -2.539071146049632
40857 10520887 -1.726711916704763 -0.6157013553319285 0.67056 3.2389230595520804 -2.539071146049632
40858 10520887 -1.7223557129233071 -0.6594214639028564 0.67056 3.2389230595520804 -2.539071146049632
40859 10520887 -1.717554983297444 -0.7058573440108441 0.67056 3.2389230595520804 -2.539071146049632
40860 10520887 -1.7051598939167698 -0.7399385622217941 0.67056 3.2389230595520804 -2.539071146049632
40861 10520887 -1.6996036956993714 -0.7881402928799892 0.67056 3.2389230595520804 -2.539071146049632
40862 10520887 -1.6959542240738559 -0.8285912788339476 0.67056 3.2389230595520804 -2.539071146049632
40863 10520887 -1.688192494078386 -0.8632600253408642 0.67056 3.2389230595520804 -2.539071146049632
40864 10520887 -1.680430764082916 -0.8979287718477807 0.67056 3.2389230595520804 -2.539071146049632
40865 10520887 -1.6763320584694774 -0.9370076672239156 0.67056 3.2389230595520804 -2.539071146049632
40866 10520887 -1.660257095388208 -0.9845598783264404 0.67056 3.2389230595520804 -2.539071146049632
40867 10520887 -1.6506333031896945 -1.0268476067497398 0.67056 3.2389230595520804 -2.539071146049632
40868 10520887 -1.6350150880890157 -1.0730818508012592 0.67056 3.2389230595520804 -2.539071146049632
40869 10520887 -1.6226120669884174 -1.1123058483863006 0.67056 3.2389230595520804 -2.539071146049632
40870 10520887 -1.600872962640605 -1.1626445898155124 0.67056 3.2389230595520804 -2.539071146049632
40871 10520887 -1.5799837096347331 -1.2033583238624952 0.67056 3.2389230595520804 -2.539071146049632
40872 10520887 -1.5648589744519663 -1.2399669508758158 0.67056 3.2389230595520804 -2.539071146049632
40873 10520887 -1.5326851424286043 -1.2937174228592 0.67056 3.2389230595520804 -2.539071146049632
40874 10520887 -1.506880416191631 -1.3289110488681122 0.67056 3.2389230595520804 -2.539071146049632
40875 10520887 -1.4754525878078464 -1.3727196782910152 0.7010400000000001 3.2389230595520804 -2.539071146049632
40876 10520887 -1.4363874222816746 -1.4067576491476392 0.7010400000000001 3.2389230595520804 -2.539071146049632
40877 10520887 -1.401444839703758 -1.4346570583075091 0.7010400000000001 3.2389230595520804 -2.539071146049632
40878 10520887 -1.3660413162909717 -1.4606039075616284 0.7010400000000001 3.2389230595520804 -2.539071146049632
40879 10520887 -1.3277185217544918 -1.4806117782325454 0.7010400000000001 3.2389230595520804 -2.539071146049632
40880 10520887 -1.2808951928748142 -1.4990758644746134 0.7010400000000001 3.2389230595520804 -2.539071146049632
40881 10520887 -1.2353831057493674 -1.5215505716521824 0.7010400000000001 3.2389230595520804 -2.539071146049632
40882 10520887 -1.211587766213862 -1.5255333425159594 0.7010400000000001 3.2389230595520804 -2.539071146049632
40883 10520887 -1.1877924266783568 -1.529516113379736 0.7010400000000001 3.2389230595520804 -2.539071146049632
40884 10520887 -1.1227641008803069 -1.5452853530325683 0.7010400000000001 3.2389230595520804 -2.539071146049632
40885 10520887 -1.079013907367753 -1.5514103867207536 0.7010400000000001 3.2389230595520804 -2.539071146049632
40886 10520887 -1.0282651270591117 -1.5551498271796282 0.7010400000000001 3.2389230595520804 -2.539071146049632
40887 10520887 -0.9792903553324652 -1.5548039887930836 0.7010400000000001 3.2389230595520804 -2.539071146049632
40888 10520887 -0.9308332666595659 -1.5560410965918077 0.7010400000000001 3.2389230595520804 -2.539071146049632
40889 10520887 -0.8655138277385279 -1.5546119452299851 0.7010400000000001 3.2389230595520804 -2.539071146049632
40890 10520887 -0.837527341353548 -1.5532457521458825 0.7010400000000001 3.2389230595520804 -2.539071146049632
40891 10520887 -0.7800668572093674 -1.5541144079876932 0.7010400000000001 3.2389230595520804 -2.539071146049632
40892 10520887 -0.7226063730651868 -1.5549830638295037 0.7010400000000001 3.2389230595520804 -2.539071146049632
40893 10520887 -0.6651458889210062 -1.5558517196713144 0.7010400000000001 3.2389230595520804 -2.539071146049632
40894 10520887 -0.6246795153466882 -1.552722510086325 0.7010400000000001 3.2389230595520804 -2.539071146049632
40895 10520887 -0.5722205011177457 -1.5542139794807963 0.7010400000000001 3.2389230595520804 -2.539071146049632
40896 10520887 -0.5460248192904603 -1.554247495232127 0.7010400000000001 3.2389230595520804 -2.539071146049632
40897 10520887 -0.5198291374631749 -1.5542810109834575 0.7010400000000001 3.2389230595520804 -2.539071146049632
40898 10520887 -0.4728928004136861 -1.5492935044829137 0.7010400000000001 3.2389230595520804 -2.539071146049632
40899 10520887 -0.4018528250760691 -1.5493797308158517 0.7010400000000001 3.2389230595520804 -2.539071146049632
40900 10520887 -0.3543028519503608 -1.5506672455527934 0.7010400000000001 3.2389230595520804 -2.539071146049632
40901 10520887 -0.3086271744802085 -1.5440984777745341 0.7010400000000001 3.2389230595520804 -2.539071146049632
40902 10520887 -0.2274029933221511 -1.5440066410919484 0.7010400000000001 3.2389230595520804 -2.539071146049632
40903 10520887 -0.1987379761583854 -1.539471908576359 0.7010400000000001 3.2389230595520804 -2.539071146049632
40904 10520887 -0.14384875178147993 -1.5414042102887786 0.7010400000000001 3.2389230595520804 -2.539071146049632
40905 10520887 -0.09394098190793954 -1.5341143765834495 0.7010400000000001 3.2389230595520804 -2.539071146049632
40906 10520887 -0.0406538415311204 -1.5314334216704646 0.7010400000000001 3.2389230595520804 -2.539071146049632
40907 10520887 0.010234590154934107 -1.5306553181670572 0.7010400000000001 3.2389230595520804 -2.539071146049632
40908 10520887 0.08794208230227862 -1.5239201731520933 0.67056 3.2389230595520804 -2.539071146049632
40909 10520887 0.1166264475556561 -1.523129163398616 0.67056 3.2389230595520804 -2.539071146049632
40910 10520887 0.18485875800593202 -1.5182037261405543 0.67056 3.2389230595520804 -2.539071146049632
40911 10520887 0.2361353852476097 -1.5189529471720484 0.67056 3.2389230595520804 -2.539071146049632
40912 10520887 0.2795927549151428 -1.5164460223915577 0.67056 3.2389230595520804 -2.539071146049632
40913 10520887 0.3301700527509822 -1.5166156482394035 0.67056 3.2389230595520804 -2.539071146049632
40914 10520887 0.39116242847205 -1.5148137852117531 0.67056 3.2389230595520804 -2.539071146049632
40915 10520887 0.4277031924602954 -1.5130836398736716 0.67056 3.2389230595520804 -2.539071146049632
40916 10520887 0.464243956448541 -1.5113534945355902 0.67056 3.2389230595520804 -2.539071146049632
40917 10520887 0.4975259127112302 -1.5117127167361497 0.67056 3.2389230595520804 -2.539071146049632
40918 10520887 0.5774335796641619 -1.5047570890880746 0.67056 3.2389230595520804 -2.539071146049632
40919 10520887 0.6266934238847897 -1.5021579027644232 0.67056 3.2389230595520804 -2.539071146049632
40920 10520887 0.6719306406432777 -1.495557319730863 0.67056 3.2389230595520804 -2.539071146049632
40921 10520887 0.7202621891834557 -1.4917197144347565 0.67056 3.2389230595520804 -2.539071146049632
40922 10520887 0.7728385309709671 -1.485763737830278 0.67056 3.2389230595520804 -2.539071146049632
40923 10520887 0.8285311866375258 -1.4838628402511755 0.67056 3.2389230595520804 -2.539071146049632
40924 10520887 0.9080818206695572 -1.4769041976929234 0.67056 3.2389230595520804 -2.539071146049632
40925 10520887 0.9661408042535584 -1.4691163688016962 0.67056 3.2389230595520804 -2.539071146049632
40926 10520887 1.0235540103539669 -1.4660237848153816 0.67056 3.2389230595520804 -2.539071146049632
40927 10520887 1.0729601757782221 -1.4656893296421871 0.67056 3.2389230595520804 -2.539071146049632
40928 10520887 1.1276894496186065 -1.4626539350586223 0.67056 3.2389230595520804 -2.539071146049632
40929 10520887 1.1761480864486789 -1.4557009376151508 0.67056 3.2389230595520804 -2.539071146049632
40930 10520887 1.2270432533036622 -1.4576041881190454 0.67056 3.2389230595520804 -2.539071146049632
40931 10520887 1.2771757611926542 -1.450963651892387 0.67056 3.2389230595520804 -2.539071146049632
40932 10520887 1.3327980727943052 -1.449269934113964 0.6400800000000001 3.2389230595520804 -2.539071146049632
40933 10520887 1.366429386434763 -1.4482792697594542 0.6400800000000001 3.2389230595520804 -2.539071146049632
40934 10520887 1.4000607000752208 -1.4472886054049443 0.6400800000000001 3.2389230595520804 -2.539071146049632
40935 10520887 1.4529301579050795 -1.4458632259104984 0.6400800000000001 3.2389230595520804 -2.539071146049632
40936 10520887 1.5067744619575676 -1.444171741759399 0.6400800000000001 3.2389230595520804 -2.539071146049632
40937 10520887 1.5637503672253898 -1.4410493129405784 0.6400800000000001 3.2389230595520804 -2.539071146049632
40938 10520887 1.6079384497753428 -1.4390075080934648 0.6400800000000001 3.2389230595520804 -2.539071146049632
40939 10520887 1.6622353072216254 -1.4372873408765892 0.6400800000000001 3.2389230595520804 -2.539071146049632
40940 10520887 1.7165321646679077 -1.4355671736597138 0.6400800000000001 3.2389230595520804 -2.539071146049632
40941 10520887 1.7830501651024395 -1.4304189658997912 0.6096 3.2389230595520804 -2.539071146049632
40942 10520887 1.8154719657266272 -1.4276880367033271 0.6248400000000001 3.2389230595520804 -2.539071146049632
40943 10520887 1.8478937663508144 -1.4249571075068634 0.6400800000000001 3.2389230595520804 -2.539071146049632
40944 10520887 1.880986350250936 -1.4222113270544638 0.6248400000000001 3.2389230595520804 -2.539071146049632
40945 10520887 1.914078934151057 -1.419465546602064 0.6096 3.2389230595520804 -2.539071146049632
40946 10520887 1.965068634063436 -1.4142689126706818 0.6096 3.2389230595520804 -2.539071146049632
40947 10520887 2.0156766067805023 -1.4143209848471052 0.6096 3.2389230595520804 -2.539071146049632
40948 10520887 2.0660687715358126 -1.4106809026429166 0.6096 3.2389230595520804 -2.539071146049632
40949 10520887 2.107103434530468 -1.406321804745534 0.6096 3.2389230595520804 -2.539071146049632
40950 10520887 2.153845867054498 -1.4073304994451423 0.6096 3.2389230595520804 -2.539071146049632
40951 10520887 2.2185947124120853 -1.4048720411064346 0.6096 3.2389230595520804 -2.539071146049632
40952 10520887 2.2643766212827874 -1.4006601630889919 0.6096 3.2389230595520804 -2.539071146049632
40953 10520887 2.3086420460069528 -1.40109291987218 0.6096 3.2389230595520804 -2.539071146049632
40954 10520887 2.347840617299024 -1.3980022812286543 0.57912 3.2389230595520804 -2.539071146049632
40955 10520887 2.3913400211028133 -1.393979102149817 0.57912 3.2389230595520804 -2.539071146049632
40956 10520887 2.4646232239260657 -1.3857770375509812 0.57912 3.2389230595520804 -2.539071146049632
40957 10520887 2.502812086071791 -1.3830569565868869 0.57912 3.2389230595520804 -2.539071146049632
40958 10520887 2.553903475144246 -1.3775394112308057 0.57912 3.2389230595520804 -2.539071146049632
40959 10520887 2.5958215819267116 -1.3701954114375912 0.57912 3.2389230595520804 -2.539071146049632
40960 10520887 2.6204827624371023 -1.3700096244240918 0.57912 3.2389230595520804 -2.539071146049632
40961 10520887 2.645143942947493 -1.3698238374105924 0.57912 3.2389230595520804 -2.539071146049632
40962 10520887 2.6888161550192318 -1.3628183012897859 0.57912 3.2389230595520804 -2.539071146049632
40963 10520887 2.7213956052106294 -1.362588440254367 0.57912 3.2389230595520804 -2.539071146049632
40964 10520887 2.7769804180990936 -1.3593538692106322 0.57912 3.2389230595520804 -2.539071146049632
