40774 10561439 2.5260285518791816 -1.6208792748828396 0.6400800000000001 3.2389230595520804 -2.539071146049632
40775 10561439 2.583428090132375 -1.627466484513681 0.6400800000000001 3.2389230595520804 -2.539071146049632
40776 10561439 2.6181526385735125 -1.6282873156375617 0.6400800000000001 3.2389230595520804 -2.539071146049632
40777 10561439 2.6753741260202446 -1.6352827081329742 0.6096 3.2389230595520804 -2.539071146049632
40778 10561439 2.7552109300341767 -1.6410146073403988 0.6096 3.2389230595520804 -2.539071146049632
40779 10561439 2.79769218676154 -1.6441909004599857 0.6096 3.2389230595520804 -2.539071146049632
40780 10561439 2.8401734434889034 -1.6473671935795733 0.6096 3.2389230595520804 -2.539071146049632
40781 10561439 2.919724923592834 -1.6496166068457567 0.6096 3.2389230595520804 -2.539071146049632
40782 10561439 2.9896310658382736 -1.6533900059012157 0.6096 3.2389230595520804 -2.539071146049632
40783 10561439 3.0092954098713287 -1.6598073733153955 0.6096 3.2389230595520804 -2.539071146049632
40784 10561439 3.0890404113981633 -1.6644544101315175 0.6096 3.2389230595520804 -2.539071146049632
40785 10561439 3.1263215410706504 -1.6658735704969556 0.6096 3.2389230595520804 -2.539071146049632
40786 10561439 3.172946479696602 -1.67267787621805 0.6096 3.2389230595520804 -2.539071146049632
40787 10561439 3.222499594805255 -1.6705083397466176 0.6096 3.2389230595520804 -2.539071146049632
40788 10561439 3.238818156483272 -1.6705767324575966 0.6096 3.2389230595520804 -2.539071146049632
40789 10561439 3.2843248632186133 -1.663932384173603 0.6096 3.2389230595520804 -2.539071146049632
40790 10561439 3.3298315699539547 -1.6572880358896087 0.6096 3.2389230595520804 -2.539071146049632
40791 10561439 3.383380134262395 -1.6428710943717275 0.6096 3.2389230595520804 -2.539071146049632
40792 10561439 3.400996501092925 -1.6378724915664542 0.6096 3.2389230595520804 -2.539071146049632
40793 10561439 3.4641484606943833 -1.6103518037541469 0.6096 3.2389230595520804 -2.539071146049632
40794 10561439 3.5047975334616885 -1.5905572127024292 0.57912 3.2389230595520804 -2.539071146049632
40795 10561439 3.54040493697926 -1.5603566987176531 0.57912 3.2389230595520804 -2.539071146049632
40796 10561439 3.577491594444042 -1.5297042460063477 0.57912 3.2389230595520804 -2.539071146049632
40797 10561439 3.5918074414063166 -1.5184887961535298 0.57912 3.2389230595520804 -2.539071146049632
40798 10561439 3.626342740182048 -1.4725192777868352 0.57912 3.2389230595520804 -2.539071146049632
40799 10561439 3.651470707733439 -1.4363296052916334 0.57912 3.2389230595520804 -2.539071146049632
40800 10561439 3.667184425164208 -1.399054176092411 0.57912 3.2389230595520804 -2.539071146049632
40801 10561439 3.6815340340854616 -1.3605160119552446 0.54864 3.2389230595520804 -2.539071146049632
40802 10561439 3.69773659935771 -1.3054112431879457 0.54864 3.2389230595520804 -2.539071146049632
40803 10561439 3.7034885438665777 -1.2605636553995874 0.54864 3.2389230595520804 -2.539071146049632
40804 10561439 3.709698718283785 -1.2170336652216645 0.54864 3.2389230595520804 -2.539071146049632
40805 10561439 3.713663149697496 -1.169500253622998 0.54864 3.2389230595520804 -2.539071146049632
40806 10561439 3.71533023948397 -1.131730243010286 0.54864 3.2389230595520804 -2.539071146049632
40807 10561439 3.719329369816292 -1.0840913025873145 0.54864 3.2389230595520804 -2.539071146049632
40808 10561439 3.7224053726629336 -1.063776926759201 0.54864 3.2389230595520804 -2.539071146049632
40809 10561439 3.725481375509576 -1.0434625509310875 0.54864 3.2389230595520804 -2.539071146049632
40810 10561439 3.7241107886533267 -1.0041173280304447 0.54864 3.2389230595520804 -2.539071146049632
40811 10561439 3.728041406079851 -0.9566895975511808 0.54864 3.2389230595520804 -2.539071146049632
40812 10561439 3.728861756232788 -0.9160733844738091 0.54864 3.2389230595520804 -2.539071146049632
40813 10561439 3.723792511870244 -0.8662932075243486 0.54864 3.2389230595520804 -2.539071146049632
40814 10561439 3.7247714927731512 -0.8306347669511699 0.54864 3.2389230595520804 -2.539071146049632
40815 10561439 3.7194094976649015 -0.7953603982696691 0.54864 3.2389230595520804 -2.539071146049632
40816 10561439 3.7175714502523807 -0.7520076996220302 0.54864 3.2389230595520804 -2.539071146049632
40817 10561439 3.7088868417953336 -0.7116775345924014 0.57912 3.2389230595520804 -2.539071146049632
40818 10561439 3.706583606845655 -0.6833584791230727 0.57912 3.2389230595520804 -2.539071146049632
40819 10561439 3.7018172631477535 -0.6506145505586872 0.57912 3.2389230595520804 -2.539071146049632
40820 10561439 3.699125066473677 -0.6207667957122428 0.57912 3.2389230595520804 -2.539071146049632
40821 10561439 3.6950729058649854 -0.5814807570281391 0.57912 3.2389230595520804 -2.539071146049632
40822 10561439 3.691884603186895 -0.5585966010166066 0.54864 3.2389230595520804 -2.539071146049632
40823 10561439 3.6897189242297928 -0.5434636668469648 0.5638799999999999 3.2389230595520804 -2.539071146049632
40824 10561439 3.6875532452726913 -0.528330732677323 0.57912 3.2389230595520804 -2.539071146049632
40825 10561439 3.6825631332495887 -0.4851173683515867 0.57912 3.2389230595520804 -2.539071146049632
40826 10561439 3.6800005770175064 -0.4571418304319383 0.57912 3.2389230595520804 -2.539071146049632
40827 10561439 3.6774380207854223 -0.4291662925122899 0.57912 3.2389230595520804 -2.539071146049632
40828 10561439 3.674875464553339 -0.4011907545926415 0.57912 3.2389230595520804 -2.539071146049632
40829 10561439 3.6709743403637796 -0.3832136270897838 0.57912 3.2389230595520804 -2.539071146049632
40830 10561439 3.6563716541027658 -0.361669809805605 0.5763490909090909 3.2389230595520804 -2.539071146049632
40831 10561439 3.641768967841752 -0.34012599252142617 0.5735781818181818 3.2389230595520804 -2.539071146049632
40832 10561439 3.627166281580737 -0.3185821752372474 0.5708072727272727 3.2389230595520804 -2.539071146049632
40833 10561439 3.612563595319723 -0.2970383579530685 0.5680363636363637 3.2389230595520804 -2.539071146049632
40834 10561439 3.5979609090587092 -0.2754945406688898 0.5652654545454545 3.2389230595520804 -2.539071146049632
40835 10561439 3.5833582227976946 -0.25395072338471103 0.5624945454545455 3.2389230595520804 -2.539071146049632
40836 10561439 3.5687555365366803 -0.23240690610053216 0.5597236363636363 3.2389230595520804 -2.539071146049632
40837 10561439 3.554152850275666 -0.21086308881635332 0.5569527272727273 3.2389230595520804 -2.539071146049632
40838 10561439 3.539550164014652 -0.18931927153217454 0.5541818181818182 3.2389230595520804 -2.539071146049632
40839 10561439 3.5249474777536376 -0.16777545424799573 0.5514109090909091 3.2389230595520804 -2.539071146049632
40840 10561439 3.510344791492624 -0.14623163696381694 0.54864 3.2389230595520804 -2.539071146049632
40841 10561439 3.4864355555684607 -0.13106972563129396 0.54864 3.2389230595520804 -2.539071146049632
40842 10561439 3.455087596453532 -0.11149423310300267 0.54864 3.2389230595520804 -2.539071146049632
40843 10561439 3.426619651458931 -0.09887432487511408 0.54864 3.2389230595520804 -2.539071146049632
40844 10561439 3.39815170646433 -0.08625441664722547 0.54864 3.2389230595520804 -2.539071146049632
40845 10561439 3.3731633863958246 -0.07412745592493378 0.54864 3.2389230595520804 -2.539071146049632
40846 10561439 3.3559230382335037 -0.06709900318872311 0.54864 3.2389230595520804 -2.539071146049632
40847 10561439 3.32822646222085 -0.059461431085647186 0.54864 3.2389230595520804 -2.539071146049632
40848 10561439 3.282968654646032 -0.04469035897610377 0.54864 3.2389230595520804 -2.539071146049632
40849 10561439 3.2612310501818 -0.042735463409252855 0.54864 3.2389230595520804 -2.539071146049632
40850 10561439 3.2315642917938594 -0.03188451929896122 0.54864 3.2389230595520804 -2.539071146049632
40851 10561439 3.1954743343617205 -0.02547860163191976 0.54864 3.2389230595520804 -2.539071146049632
40852 10561439 3.1824457810368143 -0.021868629752821528 0.54864 3.2389230595520804 -2.539071146049632
40853 10561439 3.169417227711908 -0.0182586578737233 0.54864 3.2389230595520804 -2.539071146049632
40854 10561439 3.1305654927702102 -0.00943235912745946 0.54864 3.2389230595520804 -2.539071146049632
40855 10561439 3.1209362324950938 -0.0062893318024001285 0.54864 3.2389230595520804 -2.539071146049632
40856 10561439 3.0658044733784253 0.004346761272726235 0.5181600000000001 3.2389230595520804 -2.539071146049632
40857 10561439 3.039092730224522 0.009561392659612727 0.5181600000000001 3.2389230595520804 -2.539071146049632
40858 10561439 3.0182146706452944 0.010886018696290994 0.5181600000000001 3.2389230595520804 -2.539071146049632
40859 10561439 2.9904395856690216 0.014656856418439843 0.5181600000000001 3.2389230595520804 -2.539071146049632
40860 10561439 2.962664500692748 0.01842769414058869 0.5181600000000001 3.2389230595520804 -2.539071146049632
40861 10561439 2.9348894157164747 0.02219853186273754 0.5181600000000001 3.2389230595520804 -2.539071146049632
40862 10561439 2.9157318867039037 0.02471408874615957 0.5181600000000001 3.2389230595520804 -2.539071146049632
40863 10561439 2.8965743576913336 0.02722964562958161 0.5181600000000001 3.2389230595520804 -2.539071146049632
40864 10561439 2.869126063529883 0.028012883065293297 0.5181600000000001 3.2389230595520804 -2.539071146049632
40865 10561439 2.8416777693684323 0.02879612050100499 0.5181600000000001 3.2389230595520804 -2.539071146049632
40866 10561439 2.814229475206982 0.02957935793671668 0.5181600000000001 3.2389230595520804 -2.539071146049632
40867 10561439 2.786781181045531 0.030362595372428376 0.5181600000000001 3.2389230595520804 -2.539071146049632
40868 10561439 2.7593328868840805 0.031145832808140067 0.5181600000000001 3.2389230595520804 -2.539071146049632
40869 10561439 2.710511999629234 0.031196764740274743 0.48768 3.2389230595520804 -2.539071146049632
40870 10561439 2.6761003736134543 0.02642698773887245 0.48768 3.2389230595520804 -2.539071146049632
40871 10561439 2.6334328110440732 0.02084816159841754 0.48768 3.2389230595520804 -2.539071146049632
40872 10561439 2.623803592192285 0.023991868998808924 0.48768 3.2389230595520804 -2.539071146049632
40873 10561439 2.5820169978231924 0.015672508724354578 0.48768 3.2389230595520804 -2.539071146049632
40874 10561439 2.5528235614760733 0.013288230680353535 0.48768 3.2389230595520804 -2.539071146049632
40875 10561439 2.5258208741745785 0.012174714219222754 0.48768 3.2389230595520804 -2.539071146049632
40876 10561439 2.497533184985945 0.00984537252298115 0.48768 3.2389230595520804 -2.539071146049632
40877 10561439 2.469292302044547 0.009019490921402834 0.48768 3.2389230595520804 -2.539071146049632
40878 10561439 2.4438970777340563 0.011470080045916405 0.48768 3.2389230595520804 -2.539071146049632
40879 10561439 2.4110014647877263 0.011346456313026805 0.4572000000000001 3.2389230595520804 -2.539071146049632
40880 10561439 2.380983272976289 0.010517101088782926 0.4572000000000001 3.2389230595520804 -2.539071146049632
40881 10561439 2.3619350846360967 0.01404974362915476 0.4572000000000001 3.2389230595520804 -2.539071146049632
40882 10561439 2.3428868962959046 0.01758238616952659 0.4572000000000001 3.2389230595520804 -2.539071146049632
40883 10561439 2.31321609656351 0.02189675056656451 0.4572000000000001 3.2389230595520804 -2.539071146049632
40884 10561439 2.2844014729200133 0.020674787468573846 0.4572000000000001 3.2389230595520804 -2.539071146049632
40885 10561439 2.2578025078613857 0.02351906724255912 0.4572000000000001 3.2389230595520804 -2.539071146049632
40886 10561439 2.2249067064647408 0.02339630737806284 0.4572000000000001 3.2389230595520804 -2.539071146049632
40887 10561439 2.1882399849462857 0.02532277730217217 0.4572000000000001 3.2389230595520804 -2.539071146049632
40888 10561439 2.1575445796459154 0.02378086746271849 0.4572000000000001 3.2389230595520804 -2.539071146049632
40889 10561439 2.1297198575970926 0.028310892085138567 0.4572000000000001 3.2389230595520804 -2.539071146049632
40890 10561439 2.102898668843844 0.02503680138737116 0.42672 3.2389230595520804 -2.539071146049632
40891 10561439 2.0757622168175134 0.030043199999328387 0.42672 3.2389230595520804 -2.539071146049632
40892 10561439 2.0451961648554318 0.03324914882693855 0.42672 3.2389230595520804 -2.539071146049632
40893 10561439 2.00948753857114 0.028321634267785195 0.42672 3.2389230595520804 -2.539071146049632
40894 10561439 1.983115507652783 0.028055434046754896 0.42672 3.2389230595520804 -2.539071146049632
40895 10561439 1.9684494479156307 0.02665339871878951 0.42672 3.2389230595520804 -2.539071146049632
40896 10561439 1.9537833881784783 0.02525136339082412 0.42672 3.2389230595520804 -2.539071146049632
40897 10561439 1.9214923232784409 0.02154457350102437 0.42672 3.2389230595520804 -2.539071146049632
40898 10561439 1.87977881891851 0.02161603182081437 0.42672 3.2389230595520804 -2.539071146049632
40899 10561439 1.8574176177603428 0.01840487794156237 0.39624 3.2389230595520804 -2.539071146049632
40900 10561439 1.8285239738711847 0.01966364385259781 0.39624 3.2389230595520804 -2.539071146049632
40901 10561439 1.7941451468141882 0.015003688468972846 0.39624 3.2389230595520804 -2.539071146049632
40902 10561439 1.7733007853171368 0.016437545301691836 0.39624 3.2389230595520804 -2.539071146049632
40903 10561439 1.727672197588192 0.009961366462798688 0.39624 3.2389230595520804 -2.539071146049632
40904 10561439 1.6969855802310705 0.00573143602579826 0.39624 3.2389230595520804 -2.539071146049632
40905 10561439 1.672345268035622 0.006419363443664256 0.39624 3.2389230595520804 -2.539071146049632
40906 10561439 1.641188373186251 0.0021095913619621487 0.39624 3.2389230595520804 -2.539071146049632
40907 10561439 1.607926508194204 0.004270269437476139 0.39624 3.2389230595520804 -2.539071146049632
40908 10561439 1.574664643202157 0.006430947512990129 0.39624 3.2389230595520804 -2.539071146049632
40909 10561439 1.5597474928325032 0.006980817286996288 0.39624 3.2389230595520804 -2.539071146049632
40910 10561439 1.509112508059559 0.006930836015495628 0.36576 3.2389230595520804 -2.539071146049632
40911 10561439 1.4785007915023556 0.011088560759817996 0.39624 3.2389230595520804 -2.539071146049632
40912 10561439 1.4561045963955743 0.007773104308150272 0.39624 3.2389230595520804 -2.539071146049632
40913 10561439 1.440963259206731 0.007637094117038155 0.381 3.2389230595520804 -2.539071146049632
40914 10561439 1.4258219220178874 0.007501083925926036 0.36576 3.2389230595520804 -2.539071146049632
40915 10561439 1.4008114548460333 0.004338774818002128 0.36576 3.2389230595520804 -2.539071146049632
40916 10561439 1.3623412786746991 0.0034703727847515057 0.36576 3.2389230595520804 -2.539071146049632
40917 10561439 1.3386359297014208 0.002763770448866604 0.36576 3.2389230595520804 -2.539071146049632
40918 10561439 1.3149305807281428 0.002057168112981701 0.36576 3.2389230595520804 -2.539071146049632
40919 10561439 1.2912252317548647 0.0013505657770967981 0.36576 3.2389230595520804 -2.539071146049632
40920 10561439 1.2675198827815866 0.0006439634412118956 0.36576 3.2389230595520804 -2.539071146049632
40921 10561439 1.2438145338083086 -6.263889467300696e-05 0.36576 3.2389230595520804 -2.539071146049632
40922 10561439 1.2201091848350305 -0.0007692412305579098 0.36576 3.2389230595520804 -2.539071146049632
40923 10561439 1.2065885030752594 -0.0030113805790032144 0.36576 3.2389230595520804 -2.539071146049632
40924 10561439 1.1885632021994614 -0.003139376732823169 0.18288 3.2389230595520804 -2.539071146049632
40925 10561439 1.1705379013236636 -0.0032673728866431245 0.0 3.2389230595520804 -2.539071146049632
40926 10561439 1.1484987381317389 -0.004128480409181276 0.36576 3.2389230595520804 -2.539071146049632
40927 10561439 1.1239268997103689 -0.0032275294732674875 0.36576 3.2389230595520804 -2.539071146049632
40928 10561439 1.1108557787324045 -0.002462093763171358 0.36576 3.2389230595520804 -2.539071146049632
40929 10561439 1.0966892877504566 -0.002039568147065464 0.3396342857142857 3.2389230595520804 -2.539071146049632
40930 10561439 1.0825227967685092 -0.001617042530959569 0.3135085714285714 3.2389230595520804 -2.539071146049632
40931 10561439 1.0683563057865617 -0.0011945169148536749 0.2873828571428571 3.2389230595520804 -2.539071146049632
40932 10561439 1.054189814804614 -0.0007719912987477801 0.26125714285714285 3.2389230595520804 -2.539071146049632
40933 10561439 1.0400233238226664 -0.0003494656826418855 0.2351314285714285 3.2389230595520804 -2.539071146049632
40934 10561439 1.0258568328407192 7.305993346400867e-05 0.20900571428571427 3.2389230595520804 -2.539071146049632
40935 10561439 1.0116903418587713 0.0004955855495699032 0.18288 3.2389230595520804 -2.539071146049632
40936 10561439 0.9975238508768236 0.0009181111656757976 0.1567542857142857 3.2389230595520804 -2.539071146049632
40937 10561439 0.9833573598948762 0.0013406367817816926 0.13062857142857145 3.2389230595520804 -2.539071146049632
40938 10561439 0.9691908689129286 0.001763162397887587 0.10450285714285712 3.2389230595520804 -2.539071146049632
40939 10561439 0.9550243779309809 0.0021856880139934816 0.07837714285714288 3.2389230595520804 -2.539071146049632
40940 10561439 0.9408578869490336 0.0026082136300993753 0.05225142857142856 3.2389230595520804 -2.539071146049632
40941 10561439 0.926691395967086 0.00303073924620527 0.026125714285714308 3.2389230595520804 -2.539071146049632
40942 10561439 0.9125249049851384 0.0034532648623111645 0.0 3.2389230595520804 -2.539071146049632
40943 10561439 0.9075096744896798 0.0050918387107629975 0.19812 3.2389230595520804 -2.539071146049632
40944 10561439 0.9024944439942212 0.006730412559214832 0.39624 3.2389230595520804 -2.539071146049632
40945 10561439 0.8704774876572271 0.003872854983129878 0.36576 3.2389230595520804 -2.539071146049632
40946 10561439 0.8483817064011303 0.004199453436401653 0.36576 3.2389230595520804 -2.539071146049632
40947 10561439 0.8262859251450334 0.004526051889673428 0.36576 3.2389230595520804 -2.539071146049632
40948 10561439 0.8041901438889366 0.0048526503429452035 0.36576 3.2389230595520804 -2.539071146049632
40949 10561439 0.7820943626328398 0.005179248796216979 0.36576 3.2389230595520804 -2.539071146049632
40950 10561439 0.7546975605993499 0.0015135372637530425 0.36576 3.2389230595520804 -2.539071146049632
40951 10561439 0.7379463494958043 0.003248397857861407 0.36576 3.2389230595520804 -2.539071146049632
40952 10561439 0.6777495029381404 0.006561762675565561 0.36576 3.2389230595520804 -2.539071146049632
40953 10561439 0.6473497533209214 0.004578601779702402 0.36576 3.2389230595520804 -2.539071146049632
40954 10561439 0.6143793059047475 0.00016438001487431578 0.36576 3.2389230595520804 -2.539071146049632
40955 10561439 0.5806964267233583 -0.0014465594740495635 0.37592 3.2389230595520804 -2.539071146049632
40956 10561439 0.547013547541969 -0.003057498962973443 0.38608 3.2389230595520804 -2.539071146049632
40957 10561439 0.5133306683605797 -0.004668438451897322 0.39624 3.2389230595520804 -2.539071146049632
40958 10561439 0.46834516514653207 -0.00644095616906029 0.39624 3.2389230595520804 -2.539071146049632
40959 10561439 0.4374530932925317 -0.007210990649034826 0.39624 3.2389230595520804 -2.539071146049632
40960 10561439 0.40012509418271736 -0.011368658099348837 0.39624 3.2389230595520804 -2.539071146049632
40961 10561439 0.3721449408323813 -0.012739543730228424 0.39624 3.2389230595520804 -2.539071146049632
40962 10561439 0.34089868374029536 -0.0118744901541087 0.39624 3.2389230595520804 -2.539071146049632
40963 10561439 0.30965242664820936 -0.011009436577988974 0.39624 3.2389230595520804 -2.539071146049632
40964 10561439 0.2784061695561234 -0.010144383001869248 0.39624 3.2389230595520804 -2.539071146049632
40965 10561439 0.24715991246403746 -0.009279329425749522 0.39624 3.2389230595520804 -2.539071146049632
40966 10561439 0.20314880419169745 -0.0107846383603159 0.39624 3.2389230595520804 -2.539071146049632
40967 10561439 0.1504922530040329 -0.011567090991290607 0.39624 3.2389230595520804 -2.539071146049632
40968 10561439 0.13934506332808486 -0.013064409546027084 0.39624 3.2389230595520804 -2.539071146049632
40969 10561439 0.10061342675233753 -0.009284815566098779 0.39624 3.2389230595520804 -2.539071146049632
40970 10561439 0.0405366724877696 -0.011029430001007172 0.42672 3.2389230595520804 -2.539071146049632
40971 10561439 0.001261874400655727 -0.011628193341708335 0.42672 3.2389230595520804 -2.539071146049632
40972 10561439 -0.01954024241658681 -0.012773536793535628 0.42672 3.2389230595520804 -2.539071146049632
40973 10561439 -0.08478742903776171 -0.012944068358865662 0.42672 3.2389230595520804 -2.539071146049632
40974 10561439 -0.12705471675525748 -0.012914558020329064 0.42672 3.2389230595520804 -2.539071146049632
40975 10561439 -0.1662262766919087 -0.013195733721799469 0.42672 3.2389230595520804 -2.539071146049632
40976 10561439 -0.1865029358472612 -0.01626484799941952 0.42672 3.2389230595520804 -2.539071146049632
40977 10561439 -0.20677959500261367 -0.019333962277039568 0.42672 3.2389230595520804 -2.539071146049632
40978 10561439 -0.2457955717906779 -0.024572545990338285 0.42672 3.2389230595520804 -2.539071146049632
40979 10561439 -0.2943013291642085 -0.024605876125811027 0.4572000000000001 3.2389230595520804 -2.539071146049632
40980 10561439 -0.3333776849481207 -0.032745118824158564 0.4572000000000001 3.2389230595520804 -2.539071146049632
40981 10561439 -0.3727655002141692 -0.030968444002273138 0.4572000000000001 3.2389230595520804 -2.539071146049632
40982 10561439 -0.4112987909518122 -0.03472838427167371 0.4572000000000001 3.2389230595520804 -2.539071146049632
40983 10561439 -0.4504965873481535 -0.03780358022221356 0.4572000000000001 3.2389230595520804 -2.539071146049632
40984 10561439 -0.4910706658737158 -0.04101282533224868 0.4572000000000001 3.2389230595520804 -2.539071146049632
40985 10561439 -0.5465110809095555 -0.04894205787983788 0.4572000000000001 3.2389230595520804 -2.539071146049632
40986 10561439 -0.5840024214322308 -0.05385967075967493 0.48768 3.2389230595520804 -2.539071146049632
40987 10561439 -0.6245639462146528 -0.05567036380024035 0.48768 3.2389230595520804 -2.539071146049632
40988 10561439 -0.6635809422978283 -0.06090666650870066 0.48768 3.2389230595520804 -2.539071146049632
40989 10561439 -0.6978939622411224 -0.0637083726097418 0.48768 3.2389230595520804 -2.539071146049632
40990 10561439 -0.7386195644756206 -0.06873621017164819 0.48768 3.2389230595520804 -2.539071146049632
40991 10561439 -0.7771449998472191 -0.07518421393314242 0.48768 3.2389230595520804 -2.539071146049632
40992 10561439 -0.8212963648598233 -0.07710539284831666 0.48768 3.2389230595520804 -2.539071146049632
40993 10561439 -0.8429665308763991 -0.07954205161443065 0.48768 3.2389230595520804 -2.539071146049632
40994 10561439 -0.8646366968929748 -0.08197871038054462 0.48768 3.2389230595520804 -2.539071146049632
40995 10561439 -0.9009492710097022 -0.08844867829849037 0.48768 3.2389230595520804 -2.539071146049632
40996 10561439 -0.94400945940247 -0.0883892759983074 0.48768 3.2389230595520804 -2.539071146049632
40997 10561439 -1.0014144817630934 -0.0982435153644309 0.48768 3.2389230595520804 -2.539071146049632
40998 10561439 -1.043885557068745 -0.10480217027678544 0.48768 3.2389230595520804 -2.539071146049632
40999 10561439 -1.0830227168221576 -0.1142033338603944 0.5181600000000001 3.2389230595520804 -2.539071146049632
41000 10561439 -1.1383057209391778 -0.12299803052862147 0.5181600000000001 3.2389230595520804 -2.539071146049632
41001 10561439 -1.1804459080912342 -0.13071574689823687 0.5181600000000001 3.2389230595520804 -2.539071146049632
41002 10561439 -1.2095346249624859 -0.13709313415580118 0.5181600000000001 3.2389230595520804 -2.539071146049632
41003 10561439 -1.2567936106225177 -0.148511046281553 0.5181600000000001 3.2389230595520804 -2.539071146049632
41004 10561439 -1.2980816003346296 -0.1525344402982282 0.5181600000000001 3.2389230595520804 -2.539071146049632
41005 10561439 -1.3461433879170188 -0.16368934261619275 0.5181600000000001 3.2389230595520804 -2.539071146049632
41006 10561439 -1.3833072509243307 -0.17139778887600968 0.5181600000000001 3.2389230595520804 -2.539071146049632
41007 10561439 -1.4272100843113995 -0.17526642959943653 0.5181600000000001 3.2389230595520804 -2.539071146049632
41008 10561439 -1.4574349279670462 -0.18185563039818467 0.5181600000000001 3.2389230595520804 -2.539071146049632
41009 10561439 -1.4969822776051491 -0.18761570604570024 0.5181600000000001 3.2389230595520804 -2.539071146049632
41010 10561439 -1.5383184620723307 -0.19314106070694828 0.5181600000000001 3.2389230595520804 -2.539071146049632
41011 10561439 -1.5818550171057744 -0.19724552483139127 0.54864 3.2389230595520804 -2.539071146049632
41012 10561439 -1.6166854923598015 -0.20460611558472935 0.54864 3.2389230595520804 -2.539071146049632
41013 10561439 -1.6515159676138296 -0.2119667063380675 0.54864 3.2389230595520804 -2.539071146049632
