41254 10561439 2.9329951219525734 0.037068518736419996 0.4572000000000001 2.8340576771080697 -2.221687252793428
41255 10561439 2.9071055275864373 0.036641722502354285 0.4572000000000001 2.8340576771080697 -2.221687252793428
41256 10561439 2.8813281103142137 0.03220661846406889 0.4572000000000001 2.8340576771080697 -2.221687252793428
41257 10561439 2.856711022669612 0.03159821994648357 0.4572000000000001 2.8340576771080697 -2.221687252793428
41258 10561439 2.8352192917190377 0.027983776369012017 0.4572000000000001 2.8340576771080697 -2.221687252793428
41259 10561439 2.8137275607684646 0.024369332791540462 0.4572000000000001 2.8340576771080697 -2.221687252793428
41260 10561439 2.793808720257216 0.024213296213087116 0.4572000000000001 2.8340576771080697 -2.221687252793428
41261 10561439 2.773889879745967 0.02405725963463376 0.4572000000000001 2.8340576771080697 -2.221687252793428
41262 10561439 2.751015383846983 0.023347576032758527 0.4572000000000001 2.8340576771080697 -2.221687252793428
41263 10561439 2.7232573286409054 0.023998620151871625 0.4572000000000001 2.8340576771080697 -2.221687252793428
41264 10561439 2.695073332278371 0.021985194063049468 0.4572000000000001 2.8340576771080697 -2.221687252793428
41265 10561439 2.661891565870082 0.022070762563039772 0.4572000000000001 2.8340576771080697 -2.221687252793428
41266 10561439 2.6352886813665126 0.018373177743901487 0.4572000000000001 2.8340576771080697 -2.221687252793428
41267 10561439 2.6148779140802607 0.01569135838800359 0.4572000000000001 2.8340576771080697 -2.221687252793428
41268 10561439 2.5900289907539804 0.011654922040128165 0.4572000000000001 2.8340576771080697 -2.221687252793428
41269 10561439 2.5576381776846757 0.011716326783092841 0.4572000000000001 2.8340576771080697 -2.221687252793428
41270 10561439 2.53063549114618 0.010602791851751808 0.4572000000000001 2.8340576771080697 -2.221687252793428
41271 10561439 2.5023478035503848 0.008273430807000798 0.4572000000000001 2.8340576771080697 -2.221687252793428
41272 10561439 2.4741871648355627 0.007421330566086044 0.4572000000000001 2.8340576771080697 -2.221687252793428
41273 10561439 2.4470917377791777 0.004936529424061725 0.42672 2.8340576771080697 -2.221687252793428
41274 10561439 2.4191292306753835 0.009043152344165223 0.42672 2.8340576771080697 -2.221687252793428
41275 10561439 2.3886064188038243 0.00802806867098668 0.42672 2.8340576771080697 -2.221687252793428
41276 10561439 2.3589356113837208 0.012342240668870602 0.42672 2.8340576771080697 -2.221687252793428
41277 10561439 2.329834507411876 0.011330459741002745 0.42672 2.8340576771080697 -2.221687252793428
41278 10561439 2.3005830028166976 0.012645943000543086 0.42672 2.8340576771080697 -2.221687252793428
41279 10561439 2.27133149822152 0.013961426260083426 0.42672 2.8340576771080697 -2.221687252793428
41280 10561439 2.2282046271181457 0.017179346886896513 0.42672 2.8340576771080697 -2.221687252793428
41281 10561439 2.2173124255886907 0.01781552018813662 0.42672 2.8340576771080697 -2.221687252793428
41282 10561439 2.206420224059236 0.018451693489376725 0.42672 2.8340576771080697 -2.221687252793428
41283 10561439 2.159879531225326 0.0178783252881366 0.42672 2.8340576771080697 -2.221687252793428
41284 10561439 2.1348324889934003 0.018405584560878967 0.42672 2.8340576771080697 -2.221687252793428
41285 10561439 2.1097854467614745 0.018932843833621343 0.42672 2.8340576771080697 -2.221687252793428
41286 10561439 2.0781151177970814 0.01712549186044318 0.42672 2.8340576771080697 -2.221687252793428
41287 10561439 2.0544940014735324 0.015493432868385143 0.42672 2.8340576771080697 -2.221687252793428
41288 10561439 2.023503484498967 0.01848759992271834 0.42672 2.8340576771080697 -2.221687252793428
41289 10561439 1.9944222547694577 0.013732300320914714 0.42672 2.8340576771080697 -2.221687252793428
41290 10561439 1.9713181438462688 0.013683967382004196 0.42672 2.8340576771080697 -2.221687252793428
41291 10561439 1.9320559916488116 0.010384524048734885 0.42672 2.8340576771080697 -2.221687252793428
41292 10561439 1.9067733537149605 0.010463723560537708 0.42672 2.8340576771080697 -2.221687252793428
41293 10561439 1.874212387935008 0.010350102618248327 0.4191 2.8340576771080697 -2.221687252793428
41294 10561439 1.841651422155056 0.010236481675958949 0.4114800000000001 2.8340576771080697 -2.221687252793428
41295 10561439 1.809090456375104 0.010122860733669569 0.4038600000000001 2.8340576771080697 -2.221687252793428
41296 10561439 1.7765294905951512 0.010009239791380187 0.39624 2.8340576771080697 -2.221687252793428
41297 10561439 1.7608914642968343 0.012429686174737262 0.39624 2.8340576771080697 -2.221687252793428
41298 10561439 1.7452534379985172 0.014850132558094338 0.39624 2.8340576771080697 -2.221687252793428
41299 10561439 1.7153693016564615 0.010358047374887769 0.39624 2.8340576771080697 -2.221687252793428
41300 10561439 1.6825417225534098 0.010448923613641914 0.39624 2.8340576771080697 -2.221687252793428
41301 10561439 1.660894843962341 0.012145194388777704 0.39624 2.8340576771080697 -2.221687252793428
41302 10561439 1.6273788731206351 0.011760206501248038 0.39624 2.8340576771080697 -2.221687252793428
41303 10561439 1.5877261380496817 0.008356375962367657 0.39624 2.8340576771080697 -2.221687252793428
41304 10561439 1.5650354046335886 0.009576103272473172 0.39624 2.8340576771080697 -2.221687252793428
41305 10561439 1.5308629336782609 0.005550785511247615 0.39624 2.8340576771080697 -2.221687252793428
41306 10561439 1.497788400432612 0.005431109746736662 0.381 2.8340576771080697 -2.221687252793428
41307 10561439 1.4647138671869633 0.005311433982225708 0.36576 2.8340576771080697 -2.221687252793428
41308 10561439 1.4527305621196491 0.0039686084124938015 0.36576 2.8340576771080697 -2.221687252793428
41309 10561439 1.4120613166472848 0.006154748686153677 0.36576 2.8340576771080697 -2.221687252793428
41310 10561439 1.3869035107094938 0.005260345675810496 0.36576 2.8340576771080697 -2.221687252793428
41311 10561439 1.3617457047717028 0.0043659426654673135 0.36576 2.8340576771080697 -2.221687252793428
41312 10561439 1.3365878988339115 0.0034715396551241308 0.36576 2.8340576771080697 -2.221687252793428
41313 10561439 1.3145269720881971 0.0039022465964841492 0.36576 2.8340576771080697 -2.221687252793428
41314 10561439 1.292466045342482 0.0043329535378441655 0.36576 2.8340576771080697 -2.221687252793428
41315 10561439 1.270405118596767 0.004763660479204183 0.36576 2.8340576771080697 -2.221687252793428
41316 10561439 1.2483441918510525 0.0051943674205642 0.36576 2.8340576771080697 -2.221687252793428
41317 10561439 1.23191286295651 0.005188105375232295 0.36576 2.8340576771080697 -2.221687252793428
41318 10561439 1.2154815340619682 0.00518184332990039 0.36576 2.8340576771080697 -2.221687252793428
41319 10561439 1.1957150971996646 0.007199740961008658 0.36576 2.8340576771080697 -2.221687252793428
41320 10561439 1.176577350139233 0.006792634234584552 0.36576 2.8340576771080697 -2.221687252793428
41321 10561439 1.152464479143325 0.008010871618260446 0.36576 2.8340576771080697 -2.221687252793428
41322 10561439 1.1387059655561078 0.007736330728855077 0.36576 2.8340576771080697 -2.221687252793428
41323 10561439 1.124947451968891 0.007461789839449709 0.36576 2.8340576771080697 -2.221687252793428
41324 10561439 1.1111889383816735 0.007187248950044342 0.36576 2.8340576771080697 -2.221687252793428
41325 10561439 1.0974304247944564 0.006912708060638974 0.36576 2.8340576771080697 -2.221687252793428
41326 10561439 1.0836719112072393 0.006638167171233607 0.36576 2.8340576771080697 -2.221687252793428
41327 10561439 1.069913397620022 0.0063636262818282385 0.36576 2.8340576771080697 -2.221687252793428
41328 10561439 1.0561548840328048 0.00608908539242287 0.36576 2.8340576771080697 -2.221687252793428
41329 10561439 1.0423963704455876 0.005814544503017502 0.36576 2.8340576771080697 -2.221687252793428
41330 10561439 1.0286378568583705 0.005540003613612132 0.36576 2.8340576771080697 -2.221687252793428
41331 10561439 1.0148793432711534 0.005265462724206766 0.36576 2.8340576771080697 -2.221687252793428
41332 10561439 1.0011208296839362 0.004990921834801398 0.36576 2.8340576771080697 -2.221687252793428
41333 10561439 0.9873623160967192 0.00471638094539603 0.36576 2.8340576771080697 -2.221687252793428
41334 10561439 0.9736038025095021 0.004441840055990663 0.36576 2.8340576771080697 -2.221687252793428
41335 10561439 0.9598452889222848 0.0041672991665852935 0.36576 2.8340576771080697 -2.221687252793428
41336 10561439 0.9460867753350676 0.0038927582771799258 0.36576 2.8340576771080697 -2.221687252793428
41337 10561439 0.9323282617478504 0.0036182173877745577 0.36576 2.8340576771080697 -2.221687252793428
41338 10561439 0.9185697481606332 0.00334367649836919 0.36576 2.8340576771080697 -2.221687252793428
41339 10561439 0.9048112345734162 0.003069135608963822 0.36576 2.8340576771080697 -2.221687252793428
41340 10561439 0.8910527209861989 0.0027945947195584546 0.36576 2.8340576771080697 -2.221687252793428
41341 10561439 0.8772942073989818 0.0025200538301530864 0.36576 2.8340576771080697 -2.221687252793428
41342 10561439 0.8635356938117646 0.0022455129407477183 0.36576 2.8340576771080697 -2.221687252793428
41343 10561439 0.8497771802245475 0.00197097205134235 0.36576 2.8340576771080697 -2.221687252793428
41344 10561439 0.8360186666373304 0.001696431161936983 0.36576 2.8340576771080697 -2.221687252793428
41345 10561439 0.8222523646363684 0.0008786927603094304 0.36576 2.8340576771080697 -2.221687252793428
41346 10561439 0.8084860626354065 6.095435868187782e-05 0.36576 2.8340576771080697 -2.221687252793428
41347 10561439 0.7711981681188909 0.0017298295952544868 0.36576 2.8340576771080697 -2.221687252793428
41348 10561439 0.7475755967210652 0.00010211070927604317 0.36576 2.8340576771080697 -2.221687252793428
41349 10561439 0.7161010605193749 0.0016242601352766395 0.36576 2.8340576771080697 -2.221687252793428
41350 10561439 0.6846265243176846 0.003146409561277236 0.36576 2.8340576771080697 -2.221687252793428
41351 10561439 0.6489591923013063 0.0027091914453967678 0.36576 2.8340576771080697 -2.221687252793428
41352 10561439 0.6268546255340897 0.003010020403339236 0.36576 2.8340576771080697 -2.221687252793428
41353 10561439 0.6047500587668729 0.003310849361281704 0.36576 2.8340576771080697 -2.221687252793428
41354 10561439 0.5659850741704647 0.003360674476227533 0.37592 2.8340576771080697 -2.221687252793428
41355 10561439 0.5272200895740566 0.0034104995911733624 0.38608 2.8340576771080697 -2.221687252793428
41356 10561439 0.4884551049776485 0.003460324706119192 0.39624 2.8340576771080697 -2.221687252793428
41357 10561439 0.4603371294095605 0.0016668671712977976 0.39624 2.8340576771080697 -2.221687252793428
41358 10561439 0.4194318393927319 0.004227600867887274 0.39624 2.8340576771080697 -2.221687252793428
41359 10561439 0.3785265493759033 0.00678833456447675 0.39624 2.8340576771080697 -2.221687252793428
41360 10561439 0.3397592798503447 0.008825941437095586 0.39624 2.8340576771080697 -2.221687252793428
41361 10561439 0.3210460742432664 0.009450500578911421 0.39624 2.8340576771080697 -2.221687252793428
41362 10561439 0.3023328686361881 0.010075059720727251 0.39624 2.8340576771080697 -2.221687252793428
41363 10561439 0.2449437662859971 0.012474286464171952 0.39624 2.8340576771080697 -2.221687252793428
41364 10561439 0.21277881200233506 0.011887550550994094 0.39624 2.8340576771080697 -2.221687252793428
41365 10561439 0.18061385771867303 0.011300814637816237 0.39624 2.8340576771080697 -2.221687252793428
41366 10561439 0.14134316868976524 0.014789094722183843 0.39624 2.8340576771080697 -2.221687252793428
41367 10561439 0.08035921798181199 0.011354617032043436 0.39624 2.8340576771080697 -2.221687252793428
41368 10561439 0.03722087712942157 0.011434309584313379 0.39624 2.8340576771080697 -2.221687252793428
41369 10561439 -0.011674132764391887 0.01129285392449178 0.39624 2.8340576771080697 -2.221687252793428
41370 10561439 -0.044538335912380315 0.01128616400142593 0.39624 2.8340576771080697 -2.221687252793428
41371 10561439 -0.0949515691245174 0.006500896257928407 0.39624 2.445003484775232 -0.7988559315902778
41372 10561439 -0.14384685367332772 0.006360350037854318 0.42672 2.445003484775232 -0.7988559315902778
41373 10561439 -0.17583979799947036 0.006303083305740947 0.42672 2.445003484775232 -0.7988559315902778
41374 10561439 -0.22480424137033367 0.005951987353806336 0.42672 2.445003484775232 -0.7988559315902778
41375 10561439 -0.26505433212260376 0.005089233302834312 0.42672 2.445003484775232 -0.7988559315902778
41376 10561439 -0.3032333883896729 -0.0003057831904701158 0.42672 2.445003484775232 -0.7988559315902778
41377 10561439 -0.3429058756958474 0.003316335649129171 0.42672 2.445003484775232 -0.7988559315902778
41378 10561439 -0.3841568288539772 -0.0006067777006219244 0.42672 2.445003484775232 -0.7988559315902778
41379 10561439 -0.4113270266921979 0.0005059629064503302 0.44196 2.445003484775232 -0.7988559315902778
41380 10561439 -0.4384972245304186 0.0016187035135225847 0.4572000000000001 2.445003484775232 -0.7988559315902778
41381 10561439 -0.4681346744825541 -0.004815390793218939 0.4572000000000001 2.445003484775232 -0.7988559315902778
41382 10561439 -0.5096778840758311 -0.002567001849371669 0.4572000000000001 2.445003484775232 -0.7988559315902778
41383 10561439 -0.5550482046403161 -0.008764374459147656 0.4572000000000001 2.445003484775232 -0.7988559315902778
41384 10561439 -0.5909744798485923 -0.008351877308284933 0.4572000000000001 2.445003484775232 -0.7988559315902778
41385 10561439 -0.6316738447669112 -0.010584729357417416 0.4572000000000001 2.445003484775232 -0.7988559315902778
41386 10561439 -0.6708615509412654 -0.01471361023909154 0.4572000000000001 2.445003484775232 -0.7988559315902778
41387 10561439 -0.726170511309201 -0.01707649899798444 0.4572000000000001 2.445003484775232 -0.7988559315902778
41388 10561439 -0.7506230004281123 -0.02123247156088096 0.4572000000000001 2.445003484775232 -0.7988559315902778
41389 10561439 -0.8054212863986938 -0.028552006525169062 0.4572000000000001 2.445003484775232 -0.7988559315902778
41390 10561439 -0.8485542891505042 -0.032792106508763214 0.4572000000000001 2.445003484775232 -0.7988559315902778
41391 10561439 -0.8902895926976939 -0.038190002432945035 0.4572000000000001 2.445003484775232 -0.7988559315902778
41392 10561439 -0.9184966116996044 -0.04105939933841493 0.4572000000000001 2.445003484775232 -0.7988559315902778
41393 10561439 -0.9467036307015148 -0.04392879624388482 0.4572000000000001 2.445003484775232 -0.7988559315902778
41394 10561439 -0.9993610432466492 -0.05393330285678724 0.48768 2.445003484775232 -0.7988559315902778
41395 10561439 -1.0293897077733702 -0.060471221356821515 0.48768 2.445003484775232 -0.7988559315902778
41396 10561439 -1.0720988133212055 -0.06449828041003439 0.48768 2.445003484775232 -0.7988559315902778
41397 10561439 -1.1402034456650243 -0.07447465789333033 0.48768 2.445003484775232 -0.7988559315902778
41398 10561439 -1.1808524206414994 -0.08197891203312938 0.48768 2.445003484775232 -0.7988559315902778
41399 10561439 -1.2266268579200508 -0.08885838897448409 0.48768 2.445003484775232 -0.7988559315902778
41400 10561439 -1.252219284136627 -0.09649576969494436 0.48768 2.445003484775232 -0.7988559315902778
41401 10561439 -1.3122483749152682 -0.10350350419443492 0.48768 2.445003484775232 -0.7988559315902778
41402 10561439 -1.3517071995961778 -0.11279822548092358 0.48768 2.445003484775232 -0.7988559315902778
41403 10561439 -1.3955150800553429 -0.12452608975591485 0.48768 2.445003484775232 -0.7988559315902778
41404 10561439 -1.44131447305293 -0.13256465543086085 0.48768 2.445003484775232 -0.7988559315902778
41405 10561439 -1.493131522815956 -0.13781702172729152 0.48768 2.445003484775232 -0.7988559315902778
41406 10561439 -1.533212309706985 -0.14901061155765466 0.48768 2.445003484775232 -0.7988559315902778
41407 10561439 -1.5821893042789827 -0.15752806878724016 0.5181600000000001 2.445003484775232 -0.7988559315902778
41408 10561439 -1.6244875793472058 -0.16192040069439176 0.5181600000000001 2.445003484775232 -0.7988559315902778
41409 10561439 -1.6655784152777022 -0.1734840788370892 0.5181600000000001 2.445003484775232 -0.7988559315902778
41410 10561439 -1.7028756346518037 -0.17921956350414892 0.5181600000000001 2.445003484775232 -0.7988559315902778
41411 10561439 -1.7401728540259047 -0.18495504817120864 0.5181600000000001 2.445003484775232 -0.7988559315902778
41412 10561439 -1.773119249146069 -0.19164602116275756 0.5181600000000001 2.445003484775232 -0.7988559315902778
41413 10561439 -1.8060656442662333 -0.1983369941543064 0.5181600000000001 2.445003484775232 -0.7988559315902778
41414 10561439 -1.8550175338970445 -0.20405699137974945 0.5181600000000001 2.445003484775232 -0.7988559315902778
41415 10561439 -1.8910611409076552 -0.21376542583694014 0.5181600000000001 2.445003484775232 -0.7988559315902778
41416 10561439 -1.9427818633050116 -0.2236033263164448 0.5181600000000001 2.445003484775232 -0.7988559315902778
41417 10561439 -1.989017989977769 -0.23079512652271264 0.5181600000000001 2.445003484775232 -0.7988559315902778
41418 10561439 -2.0440703751238467 -0.24538458493456386 0.5181600000000001 2.445003484775232 -0.7988559315902778
41419 10561439 -2.105231078048014 -0.2561060259278468 0.5181600000000001 2.445003484775232 -0.7988559315902778
41420 10561439 -2.158747195815943 -0.2706131595078891 0.5181600000000001 2.445003484775232 -0.7988559315902778
41421 10561439 -2.204596942795668 -0.2801502082833942 0.5181600000000001 2.445003484775232 -0.7988559315902778
41422 10561439 -2.2414898660376834 -0.2894625700615049 0.5181600000000001 2.445003484775232 -0.7988559315902778
41423 10561439 -2.294130283952761 -0.29993227973176706 0.5181600000000001 2.445003484775232 -0.7988559315902778
41424 10561439 -2.3406152280966817 -0.3127660680223483 0.54864 2.445003484775232 -0.7988559315902778
41425 10561439 -2.362271323933646 -0.31596292867264364 0.54864 2.445003484775232 -0.7988559315902778
41426 10561439 -2.3839274197706097 -0.319159789322939 0.54864 2.445003484775232 -0.7988559315902778
41427 10561439 -2.4265997216703674 -0.3273984370651055 0.54864 2.445003484775232 -0.7988559315902778
41428 10561439 -2.4915539729230813 -0.3440034179246492 0.54864 2.445003484775232 -0.7988559315902778
41429 10561439 -2.533864888453145 -0.35656612323533865 0.54864 2.445003484775232 -0.7988559315902778
41430 10561439 -2.59072420989755 -0.3647189569972648 0.54864 2.445003484775232 -0.7988559315902778
41431 10561439 -2.636099100678 -0.3784986743085632 0.54864 2.445003484775232 -0.7988559315902778
41432 10561439 -2.6857892419442964 -0.3946051566893317 0.54864 2.445003484775232 -0.7988559315902778
41433 10561439 -2.7335670089066726 -0.40350864609548587 0.54864 2.445003484775232 -0.7988559315902778
41434 10561439 -2.7587535616026564 -0.4139620565801799 0.54864 2.445003484775232 -0.7988559315902778
41435 10561439 -2.8243659974357285 -0.4325693596166332 0.54864 2.445003484775232 -0.7988559315902778
41436 10561439 -2.8795546267842465 -0.4518998500659602 0.54864 2.445003484775232 -0.7988559315902778
41437 10561439 -2.9037441063683795 -0.4625623042400319 0.5638799999999999 2.445003484775232 -0.7988559315902778
41438 10561439 -2.927933585952513 -0.4732247584141035 0.57912 2.445003484775232 -0.7988559315902778
41439 10561439 -2.9687521038464126 -0.4923498084274533 0.57912 2.445003484775232 -0.7988559315902778
41440 10561439 -3.0135671044151824 -0.5155416911800171 0.57912 2.445003484775232 -0.7988559315902778
41441 10561439 -3.0595048516557966 -0.5375480541189436 0.54864 2.445003484775232 -0.7988559315902778
41442 10561439 -3.1290085036290987 -0.5843248126769329 0.54864 2.445003484775232 -0.7988559315902778
41443 10561439 -3.1543823772619204 -0.6059330909082484 0.54864 2.445003484775232 -0.7988559315902778
41444 10561439 -3.200353888703136 -0.6448703906545395 0.57912 2.445003484775232 -0.7988559315902778
41445 10561439 -3.2419524838712883 -0.6810322705680621 0.57912 2.445003484775232 -0.7988559315902778
41446 10561439 -3.276150005161085 -0.7233553135642447 0.57912 2.445003484775232 -0.7988559315902778
41447 10561439 -3.2965977274447287 -0.7489124947882543 0.57912 2.445003484775232 -0.7988559315902778
41448 10561439 -3.335059761695539 -0.8164805116495791 0.57912 2.445003484775232 -0.7988559315902778
41449 10561439 -3.367546697945545 -0.8842513667854607 0.6096 2.445003484775232 -0.7988559315902778
41450 10561439 -3.378703715812728 -0.9183409396590088 0.6096 2.445003484775232 -0.7988559315902778
41451 10561439 -3.3980471507028662 -0.9774436002227092 0.6096 2.445003484775232 -0.7988559315902778
41452 10561439 -3.4044373921228863 -0.9969685850535704 0.6400800000000001 2.445003484775232 -0.7988559315902778
41453 10561439 -3.4106511223261737 -1.0403878096409809 0.6400800000000001 2.445003484775232 -0.7988559315902778
41454 10561439 -3.4168648525294616 -1.083807034228391 0.6400800000000001 2.445003484775232 -0.7988559315902778
41455 10561439 -3.42613432756949 -1.1311336563469157 0.6400800000000001 2.445003484775232 -0.7988559315902778
41456 10561439 -3.428625584005529 -1.206618299956726 0.6400800000000001 2.445003484775232 -0.7988559315902778
41457 10561439 -3.4297277597718843 -1.258312117282062 0.67056 2.445003484775232 -0.7988559315902778
41458 10561439 -3.4280398474278013 -1.3049209381641094 0.67056 2.445003484775232 -0.7988559315902778
41459 10561439 -3.42635193508372 -1.351529759046157 0.67056 2.445003484775232 -0.7988559315902778
41460 10561439 -3.4246640227396385 -1.3981385799282045 0.67056 2.445003484775232 -0.7988559315902778
41461 10561439 -3.4216600488559603 -1.4459764633822223 0.67056 2.445003484775232 -0.7988559315902778
41462 10561439 -3.416719850177514 -1.477038097348919 0.67056 2.445003484775232 -0.7988559315902778
41463 10561439 -3.3892648220037835 -1.5200825013722008 0.67437 2.445003484775232 -0.7988559315902778
41464 10561439 -3.3618097938300537 -1.563126905395483 0.67818 2.445003484775232 -0.7988559315902778
41465 10561439 -3.3343547656563253 -1.606171309418765 0.6819900000000001 2.445003484775232 -0.7988559315902778
41466 10561439 -3.3068997374825955 -1.6492157134420469 0.6858000000000001 2.445003484775232 -0.7988559315902778
41467 10561439 -3.279444709308865 -1.6922601174653291 0.6896100000000001 2.445003484775232 -0.7988559315902778
41468 10561439 -3.2519896811351363 -1.7353045214886107 0.6934200000000001 2.445003484775232 -0.7988559315902778
41469 10561439 -3.224534652961406 -1.778348925511893 0.6972300000000001 2.445003484775232 -0.7988559315902778
41470 10561439 -3.1970796247876763 -1.821393329535175 0.7010400000000001 2.445003484775232 -0.7988559315902778
41471 10561439 -3.1410434697969083 -1.8449862414848013 0.7010400000000001 2.445003484775232 -0.7988559315902778
41472 10561439 -3.0850073148061394 -1.8685791534344283 0.7010400000000001 2.445003484775232 -0.7988559315902778
41473 10561439 -3.028971159815371 -1.8921720653840544 0.7010400000000001 2.445003484775232 -0.7988559315902778
41474 10561439 -2.9729350048246026 -1.915764977333681 0.7010400000000001 2.445003484775232 -0.7988559315902778
41475 10561439 -2.925661881903082 -1.9240454555618756 0.7010400000000001 2.445003484775232 -0.7988559315902778
41476 10561439 -2.8783887589815618 -1.9323259337900696 0.7010400000000001 2.445003484775232 -0.7988559315902778
41477 10561439 -2.8311156360600416 -1.940606412018264 0.7010400000000001 2.445003484775232 -0.7988559315902778
41478 10561439 -2.783842513138521 -1.9488868902464584 0.7010400000000001 2.445003484775232 -0.7988559315902778
41479 10561439 -2.6864173842649657 -1.9552878890219891 0.7010400000000001 2.445003484775232 -0.7988559315902778
41480 10561439 -2.64180976344278 -1.9547376396924845 0.7071360000000001 2.445003484775232 -0.7988559315902778
41481 10561439 -2.5972021426205942 -1.95418739036298 0.7132320000000001 2.445003484775232 -0.7988559315902778
41482 10561439 -2.5525945217984085 -1.953637141033476 0.719328 2.445003484775232 -0.7988559315902778
41483 10561439 -2.5079869009762215 -1.9530868917039717 0.725424 2.445003484775232 -0.7988559315902778
41484 10561439 -2.463379280154036 -1.9525366423744666 0.73152 2.445003484775232 -0.7988559315902778
41485 10561439 -2.4416555932719524 -1.9540343056366205 0.73152 2.445003484775232 -0.7988559315902778
41486 10561439 -2.355753434198312 -1.944043270240856 0.73152 2.445003484775232 -0.7988559315902778
41487 10561439 -2.302268728544026 -1.935365675646724 0.73152 2.445003484775232 -0.7988559315902778
41488 10561439 -2.215754624261284 -1.9207830136319275 0.73152 2.445003484775232 -0.7988559315902778
41489 10561439 -2.1629954101502253 -1.9143208672055911 0.73152 2.445003484775232 -0.7988559315902778
41490 10561439 -2.1068360146102982 -1.9028948964107684 0.73152 2.445003484775232 -0.7988559315902778
41491 10561439 -2.0546901412201226 -1.890155941677788 0.73152 2.445003484775232 -0.7988559315902778
41492 10561439 -2.001111803094095 -1.8784693568967392 0.73152 2.445003484775232 -0.7988559315902778
41493 10561439 -1.930281302812844 -1.8656480101779935 0.762 2.445003484775232 -0.7988559315902778
