34237.0 10716406.0 -3.99695941822101 -0.005987192940807878 0.54102 -0.6390847452722221 -1.956002787820186
34238.0 10716406.0 -3.972525422099344 -0.005982955156185327 0.5372477119440953 -0.6390847452722221 -1.956002787820186
34239.0 10716406.0 -3.948091425977678 -0.005978717371562775 0.5353056552003018 -0.6390847452722221 -1.956002787820186
34240.0 10716406.0 -3.891299132873068 0.0019521063946127126 0.53199077597362 -0.6390847452722221 -1.956002787820186
34241.0 10716406.0 -3.8247741668770416 0.007047450974239172 0.528204173864992 -0.6390847452722221 -1.956002787820186
34242.0 10716406.0 -3.8087063667308696 0.007278919267846046 0.5258697952297192 -0.6390847452722221 -1.956002787820186
34243.0 10716406.0 -3.733681389871954 0.013915615951413413 0.5242720395537909 -0.6390847452722221 -1.956002787820186
34244.0 10716406.0 -3.6820210367986466 0.018386600419667637 0.5216479334632503 -0.6390847452722221 -1.956002787820186
34245.0 10716406.0 -3.635839681659431 0.025118936829091915 0.5196441643497557 -0.6390847452722221 -1.956002787820186
34246.0 10716406.0 -3.6180980669983196 0.025036532231742153 0.5180678927832123 -0.6390847452722221 -1.956002787820186
34247.0 10716406.0 -3.575187984045252 0.029918998464992103 0.5168020900328159 -0.6390847452722221 -1.956002787820186
34248.0 10716406.0 -3.5322779010921845 0.03480146469824205 0.5157708387952669 -0.6390847452722221 -1.956002787820186
34249.0 10716406.0 -3.4835303216637143 0.039876642432547266 0.5149221054401748 -0.6390847452722221 -1.956002787820186
34250.0 10716406.0 -3.4464927475502547 0.044461888314981074 0.5142185599254708 -0.6390847452722221 -1.956002787820186
34251.0 10716406.0 -3.4214548242720024 0.046314906763018054 0.5124181826795342 -0.6390847452722221 -1.956002787820186
34252.0 10716406.0 -3.34338123320887 0.05277514988897955 0.509705052578458 -0.6390847452722221 -1.956002787820186
34253.0 10716406.0 -3.3043674589955 0.05607160084197002 0.5068290685021579 -0.6390847452722221 -1.956002787820186
34254.0 10716406.0 -3.26535368478213 0.05936805179496049 0.5038138120249809 -0.6390847452722221 -1.956002787820186
34255.0 10716406.0 -3.2162240881445308 0.0634435575711739 0.500679478000441 -0.6390847452722221 -1.956002787820186
34256.0 10716406.0 -3.1670944915069317 0.0675190633473873 0.49744341279394144 -0.6390847452722221 -1.956002787820186
34257.0 10716406.0 -3.1221369720899705 0.06916301261325616 0.4947178927107943 -0.6390847452722221 -1.956002787820186
34258.0 10716406.0 -3.0718122949935696 0.07092014061678972 0.49122740751366856 -0.6390847452722221 -1.956002787820186
34259.0 10716406.0 -3.0222609291755687 0.06895792797507524 0.48828526871148026 -0.6390847452722221 -1.956002787820186
34260.0 10716406.0 -2.984623860299145 0.06791583416475874 0.48520830764661144 -0.6390847452722221 -1.956002787820186
34261.0 10716406.0 -2.9469867914227215 0.06687374035444224 0.4820173936051048 -0.6390847452722221 -1.956002787820186
34262.0 10716406.0 -2.889408154144907 0.06473903430744218 0.4793263612175278 -0.6390847452722221 -1.956002787820186
34263.0 10716406.0 -2.8651536612574287 0.06433804047536515 0.4770567078602208 -0.6390847452722221 -1.956002787820186
34264.0 10716406.0 -2.8408991683699503 0.06393704664328811 0.4751423359213376 -0.6390847452722221 -1.956002787820186
34265.0 10716406.0 -2.7934264124874444 0.05996913590111794 0.47352756196609197 -0.6390847452722221 -1.956002787820186
34266.0 10716406.0 -2.751250776483351 0.056917057456060544 0.4709734779662354 -0.6390847452722221 -1.956002787820186
34267.0 10716406.0 -2.6862861157703843 0.04640788023974793 0.4688189939123122 -0.6390847452722221 -1.956002787820186
34268.0 10716406.0 -2.664304479240429 0.04435594958317432 0.4670015621848315 -0.6390847452722221 -1.956002787820186
34269.0 10716406.0 -2.6157551683413427 0.03933585125907477 0.4642765434008592 -0.6390847452722221 -1.956002787820186
34270.0 10716406.0 -2.564381117291754 0.028016991362623006 0.4619777893936207 -0.6390847452722221 -1.956002787820186
34271.0 10716406.0 -2.5314447726638996 0.02822310002779435 0.4600386103108345 -0.6390847452722221 -1.956002787820186
34272.0 10716406.0 -2.47930279735231 0.01653675316563405 0.45721089215354904 -0.6390847452722221 -1.956002787820186
34273.0 10716406.0 -2.423353955036899 0.013770528471297866 0.45482547418469493 -0.6390847452722221 -1.956002787820186
34274.0 10716406.0 -2.377355183348535 0.00502969824810659 0.4528131695648587 -0.6390847452722221 -1.956002787820186
34275.0 10716406.0 -2.3348242765913314 0.001980629980694676 0.451115615625863 -0.6390847452722221 -1.956002787820186
34276.0 10716406.0 -2.298290314866673 -0.00039140994870059953 0.44849173062001074 -0.6390847452722221 -1.956002787820186
34277.0 10716406.0 -2.2593753712195097 -0.006346456131123529 0.4462782515891267 -0.6390847452722221 -1.956002787820186
34278.0 10716406.0 -2.2161457061344985 -0.009973976371922572 0.44441098532845735 -0.6390847452722221 -1.956002787820186
34279.0 10716406.0 -2.1727088968260553 -0.012967964197525356 0.441643933420533 -0.6390847452722221 -1.956002787820186
34280.0 10716406.0 -2.107527509272783 -0.014662850678652056 0.43930967778125185 -0.6390847452722221 -1.956002787820186
34281.0 10716406.0 -2.0776577341617393 -0.014775630627310457 0.43734052411803326 -0.6390847452722221 -1.956002787820186
34282.0 10716406.0 -2.0477879590506958 -0.014888410575968855 0.43567936644692434 -0.6390847452722221 -1.956002787820186
34283.0 10716406.0 -2.017918183939652 -0.015001190524627256 0.43427803087865424 -0.6390847452722221 -1.956002787820186
34284.0 10716406.0 -1.98013320834238 -0.016262003879992465 0.4319040335078055 -0.6390847452722221 -1.956002787820186
34285.0 10716406.0 -1.9400528677651938 -0.015936694030413895 0.4322850432501545 -0.6390847452722221 -1.956002787820186
34286.0 10716406.0 -1.8918446197935996 -0.01791943383126185 0.43141461436954265 -0.6390847452722221 -1.956002787820186
34287.0 10716406.0 -1.852024692589324 -0.014587491003515002 0.42948848457488337 -0.6390847452722221 -1.956002787820186
34288.0 10716406.0 -1.804574253316736 -0.017256514949873708 0.4278636209336084 -0.6390847452722221 -1.956002787820186
34289.0 10716406.0 -1.7658097976571587 -0.014163092336838906 0.4253010576177226 -0.6390847452722221 -1.956002787820186
34290.0 10716406.0 -1.7241809061530493 -0.013174813884986786 0.42313930504060837 -0.6390847452722221 -1.956002787820186
34291.0 10716406.0 -1.6844807309045067 -0.014009075633614337 0.4213156723504092 -0.6390847452722221 -1.956002787820186
34292.0 10716406.0 -1.6243996858423946 -0.0122790481388311 0.4185854294751826 -0.6390847452722221 -1.956002787820186
34293.0 10716406.0 -1.5775823560683422 -0.006560904201948797 0.41509037937875337 -0.6390847452722221 -1.956002787820186
34294.0 10716406.0 -1.532271974368672 -0.00490631867484162 0.4121419903080451 -0.6390847452722221 -1.956002787820186
34295.0 10716406.0 -1.4893753804367915 -0.008187084221736335 0.40846291427530956 -0.6390847452722221 -1.956002787820186
34296.0 10716406.0 -1.4534312756848504 -0.003936063128683581 0.40535928276921235 -0.6390847452722221 -1.956002787820186
34297.0 10716406.0 -1.4208517168048445 -0.0037253708694456045 0.40274109047101914 -0.6390847452722221 -1.956002787820186
34298.0 10716406.0 -1.3709789593471446 -0.0033283080291424405 0.40053240980104615 -0.6390847452722221 -1.956002787820186
34299.0 10716406.0 -1.3096372784385946 -0.0015408322565482468 0.39866918901804144 -0.6390847452722221 -1.956002787820186
34300.0 10716406.0 -1.2678944568665111 -0.00047057593684410315 0.3970973947182036 -0.6390847452722221 -1.956002787820186
34301.0 10716406.0 -1.2354299051340443 -0.00033834007900959695 0.39577144486618043 -0.6390847452722221 -1.956002787820186
34302.0 10716406.0 -1.1646637916537392 0.00012080797247468467 0.39465288691586886 -0.6390847452722221 -1.956002787820186
34303.0 10716406.0 -1.1366818073345646 0.0014856422567126326 0.3949011273751382 -0.6390847452722221 -1.956002787820186
34304.0 10716406.0 -1.0732370933878421 0.008078532130342347 0.39511054052823047 -0.6390847452722221 -1.956002787820186
34305.0 10716406.0 -1.0323213250035448 0.008252113858695592 0.3964790440450453 -0.6390847452722221 -1.956002787820186
34306.0 10716406.0 -0.9785493706444341 0.009713355433360354 0.39882534452737994 -0.6390847452722221 -1.956002787820186
34307.0 10716406.0 -0.9409038933874865 0.008035874655594605 0.4019965046891397 -0.6390847452722221 -1.956002787820186
34308.0 10716406.0 -0.9100101616278806 0.008799979905231431 0.4052675858308447 -0.6390847452722221 -1.956002787820186
34309.0 10716406.0 -0.8791164298682748 0.009564085154868257 0.4086229593056412 -0.6390847452722221 -1.956002787820186
34310.0 10716406.0 -0.826047982067516 0.007517729697903847 0.41204944094432605 -0.6390847452722221 -1.956002787820186
34311.0 10716406.0 -0.7783054609984283 0.006161670727738822 0.4158338698865006 -0.6390847452722221 -1.956002787820186
34312.0 10716406.0 -0.7305629399293407 0.004805611757573797 0.41992025957149676 -0.6390847452722221 -1.956002787820186
34313.0 10716406.0 -0.6865156816248674 0.006410685485077033 0.42455934147224256 -0.6390847452722221 -1.956002787820186
34314.0 10716406.0 -0.6374638847070042 0.0015896330643724033 0.4284728242756485 -0.6390847452722221 -1.956002787820186
34315.0 10716406.0 -0.5932442413833916 0.003723043229122841 0.43177419898302716 -0.6390847452722221 -1.956002787820186
34316.0 10716406.0 -0.5443995950777105 -0.00173067462646595 0.4357510501491108 -0.6390847452722221 -1.956002787820186
34317.0 10716406.0 -0.49309620390645237 -0.002379880499734005 0.4391058817695079 -0.6390847452722221 -1.956002787820186
34318.0 10716406.0 -0.4513010545228906 -0.004944207781730131 0.44312782864942124 -0.6390847452722221 -1.956002787820186
34319.0 10716406.0 -0.40318995549119174 -0.009923518755764943 0.44652070256016224 -0.6390847452722221 -1.956002787820186
34320.0 10716406.0 -0.3549480830051239 -0.010155130583751643 0.44938289684514465 -0.6390847452722221 -1.956002787820186
34321.0 10716406.0 -0.29837057162624636 -0.011241969881031239 0.45298925982683946 -0.6390847452722221 -1.956002787820186
34322.0 10716406.0 -0.24906878940809807 -0.01801148816576917 0.4572233960317158 -0.6390847452722221 -1.956002787820186
34323.0 10716406.0 -0.1948409907222748 -0.0178621456551947 0.4607952707215104 -0.6390847452722221 -1.956002787820186
34324.0 10716406.0 -0.14656651310992008 -0.01962191442289221 0.4650003129504325 -0.6390847452722221 -1.956002787820186
34325.0 10716406.0 -0.10338820772845381 -0.026375013600604874 0.46854764425491635 -0.6390847452722221 -1.956002787820186
34326.0 10716406.0 -0.05406833488546681 -0.026022432852114835 0.47154013724279237 -0.6390847452722221 -1.956002787820186
34327.0 10716406.0 -0.009857373419239646 -0.03206102574518413 0.4752564188989134 -0.6390847452722221 -1.956002787820186
34328.0 10716406.0 0.03745089639754107 -0.036775062810613324 0.479583281391307 -0.6390847452722221 -1.956002787820186
34329.0 10716406.0 0.08631158726263588 -0.03673881508437815 0.48323337904404834 -0.6390847452722221 -1.956002787820186
34330.0 10716406.0 0.13361976477082727 -0.04145220905644387 0.48750440937727124 -0.6390847452722221 -1.956002787820186
34331.0 10716406.0 0.18267978523722705 -0.04895760050565923 0.49110740758243493 -0.6390847452722221 -1.956002787820186
34332.0 10716406.0 0.21783427308750186 -0.052268536125560025 0.4947427829515913 -0.6390847452722221 -1.956002787820186
34333.0 10716406.0 0.25298876093777667 -0.05557947174546082 0.4984054713704459 -0.6390847452722221 -1.956002787820186
34334.0 10716406.0 0.30753673330693054 -0.05553118296537385 0.5026871231472476 -0.6390847452722221 -1.956002787820186
34335.0 10716406.0 0.3290339263546065 -0.05905159959028669 0.5062990814953194 -0.6390847452722221 -1.956002787820186
34336.0 10716406.0 0.4074231050561899 -0.05698020762181069 0.5105379378949597 -0.6390847452722221 -1.956002787820186
34337.0 10716406.0 0.4333409643702746 -0.05376693642336808 0.5141137944935539 -0.6390847452722221 -1.956002787820186
34338.0 10716406.0 0.49015458220997005 -0.04569562423027895 0.5183221958206653 -0.6390847452722221 -1.956002787820186
34339.0 10716406.0 0.5518171205586964 -0.039091580261395115 0.5230642055147803 -0.6390847452722221 -1.956002787820186
34340.0 10716406.0 0.5951612537444777 -0.02603402877694605 0.5270645171688239 -0.6390847452722221 -1.956002787820186
34341.0 10716406.0 0.6432853410795022 -0.014654989143504576 0.5316309845089675 -0.6390847452722221 -1.956002787820186
34342.0 10716406.0 0.6873787456311645 0.00341539318521622 0.5366750550880756 -0.6390847452722221 -1.956002787820186
34343.0 10716406.0 0.73112350036964 0.016342657288422463 0.542122026952942 -0.6390847452722221 -1.956002787820186
34344.0 10716406.0 0.7709846906753429 0.033693369535771844 0.5467170375994437 -0.6390847452722221 -1.956002787820186
34345.0 10716406.0 0.8202840685088506 0.05275035233041194 0.5505933423363293 -0.6390847452722221 -1.956002787820186
34346.0 10716406.0 0.8752921922213408 0.08384474339031753 0.5550551986891726 -0.6390847452722221 -1.956002787820186
34347.0 10716406.0 0.9132408651126537 0.10485835002363472 0.5600110204922062 -0.6390847452722221 -1.956002787820186
34348.0 10716406.0 0.9526067863821533 0.13428784575772099 0.5641917018895137 -0.6390847452722221 -1.956002787820186
34349.0 10716406.0 0.992248350797718 0.16456201106816837 0.5689103273298214 -0.6390847452722221 -1.956002787820186
34350.0 10716406.0 1.0081885788520182 0.18073331285658562 0.572890912262694 -0.6390847452722221 -1.956002787820186
34351.0 10716406.0 1.0367731812925949 0.21073561308100744 0.5768448159952867 -0.6390847452722221 -1.956002787820186
34352.0 10716406.0 1.0653577837331714 0.24073791330542926 0.5807762117358449 -0.6390847452722221 -1.956002787820186
34353.0 10716406.0 1.085920595197631 0.26956421512278106 0.5846886199608448 -0.6390847452722221 -1.956002787820186
34354.0 10716406.0 1.1064834066620908 0.2983905169401328 0.5885850105088112 -0.6390847452722221 -1.956002787820186
34355.0 10716406.0 1.1280339955939316 0.33282305002062984 0.5930638110497374 -0.6390847452722221 -1.956002787820186
34356.0 10716406.0 1.1451002831743882 0.36603363586237736 0.5968420821111059 -0.6390847452722221 -1.956002787820186
34357.0 10716406.0 1.1569199209825394 0.4049304001751718 0.6012212382419008 -0.6390847452722221 -1.956002787820186
34358.0 10716406.0 1.176689843902023 0.4627257519981254 0.6049154502817107 -0.6390847452722221 -1.956002787820186
34359.0 10716406.0 1.1846217212895376 0.48700434253055436 0.6092236950678944 -0.6390847452722221 -1.956002787820186
34360.0 10716406.0 1.1922962141536226 0.5458306718724452 0.6128580870110472 -0.6390847452722221 -1.956002787820186
34361.0 10716406.0 1.1950266180412032 0.5881642524495116 0.6171158681657245 -0.6390847452722221 -1.956002787820186
34362.0 10716406.0 1.195987742962155 0.6261691925045481 0.621899534185412 -0.6390847452722221 -1.956002787820186
34363.0 10716406.0 1.1923270102795618 0.6492116673968528 0.6259349866964765 -0.6390847452722221 -1.956002787820186
34364.0 10716406.0 1.1850951221512798 0.7058985921934212 0.6293392538217388 -0.6390847452722221 -1.956002787820186
34365.0 10716406.0 1.1786700397518575 0.7405923010424336 0.6334029039960358 -0.6390847452722221 -1.956002787820186
34366.0 10716406.0 1.1682876407436484 0.7862755776640008 0.6368309583862178 -0.6390847452722221 -1.956002787820186
34367.0 10716406.0 1.1537467395808774 0.8355373226959085 0.6409146752578044 -0.6390847452722221 -1.956002787820186
34368.0 10716406.0 1.1330090112704576 0.878061854382059 0.6443596577118673 -0.6390847452722221 -1.956002787820186
34369.0 10716406.0 1.1201003719276539 0.9085363748838364 0.6472658102395743 -0.6390847452722221 -1.956002787820186
34370.0 10716406.0 1.10719173258485 0.9390108953856139 0.649717411264229 -0.6390847452722221 -1.956002787820186
34371.0 10716406.0 1.0885237928213316 0.9776760232358812 0.6517855572155463 -0.6390847452722221 -1.956002787820186
34372.0 10716406.0 1.0698558530578135 1.0163411510861486 0.6535302243261144 -0.6390847452722221 -1.956002787820186
34373.0 10716406.0 1.0382500503554541 1.0582116668613852 0.6561938526303441 -0.6390847452722221 -1.956002787820186
34374.0 10716406.0 1.0126057572911795 1.0993027675378515 0.6584408626608538 -0.6390847452722221 -1.956002787820186
34375.0 10716406.0 0.9795520778943829 1.136740109938892 0.6603364177085281 -0.6390847452722221 -1.956002787820186
34376.0 10716406.0 0.9529516788374467 1.1721858208740674 0.6631273335579541 -0.6390847452722221 -1.956002787820186
34377.0 10716406.0 0.9182624430172833 1.2008118309829918 0.6654817220805607 -0.6390847452722221 -1.956002787820186
34378.0 10716406.0 0.8821370025890003 1.2380854213415826 0.6686597052317078 -0.6390847452722221 -1.956002787820186
34379.0 10716406.0 0.8427365029059525 1.2669664163435836 0.6713406198345745 -0.6390847452722221 -1.956002787820186
34380.0 10716406.0 0.8104444961689525 1.2958612899359758 0.674794057100848 -0.6390847452722221 -1.956002787820186
34381.0 10716406.0 0.7692659061456213 1.3231041757493043 0.6777073420230462 -0.6390847452722221 -1.956002787820186
34382.0 10716406.0 0.7264663019087891 1.3512278227386862 0.6807608822080147 -0.6390847452722221 -1.956002787820186
34383.0 10716406.0 0.683666697671957 1.3793514697280682 0.6839327403211177 -0.6390847452722221 -1.956002787820186
34384.0 10716406.0 0.6201173794455518 1.4144907570129839 0.6878003325917375 -0.6390847452722221 -1.956002787820186
34385.0 10716406.0 0.6012723523161494 1.4233953706705216 0.6916589168516197 -0.6390847452722221 -1.956002787820186
34386.0 10716406.0 0.5824273251867469 1.4322999843280595 0.6955099020443011 -0.6390847452722221 -1.956002787820186
34387.0 10716406.0 0.5345236422765982 1.4514615439077083 0.6987585543962671 -0.6390847452722221 -1.956002787820186
34388.0 10716406.0 0.4925722408439175 1.4725334180449619 0.7014990848257249 -0.6390847452722221 -1.956002787820186
34389.0 10716406.0 0.43400664035394537 1.4916756573876835 0.7050028134033329 -0.6390847452722221 -1.956002787820186
34390.0 10716406.0 0.39140005494564023 1.5107425999946638 0.7091503682578418 -0.6390847452722221 -1.956002787820186
34391.0 10716406.0 0.32320761796143416 1.533032535826373 0.7126492037918282 -0.6390847452722221 -1.956002787820186
34392.0 10716406.0 0.2790832150104525 1.5474557875964592 0.7167926309239817 -0.6390847452722221 -1.956002787820186
34393.0 10716406.0 0.2509867549819238 1.5620143200865557 0.721479829041135 -0.6390847452722221 -1.956002787820186
34394.0 10716406.0 0.19832238789634682 1.5774772471584344 0.7254339022004811 -0.6390847452722221 -1.956002787820186
34395.0 10716406.0 0.13031003386158657 1.6068372075402373 0.7299613632118455 -0.6390847452722221 -1.956002787820186
34396.0 10716406.0 0.08192642052275656 1.6261592031756946 0.7349725284445576 -0.6390847452722221 -1.956002787820186
34397.0 10716406.0 0.03387332509779828 1.643504193685021 0.7403917416903661 -0.6390847452722221 -1.956002787820186
34398.0 10716406.0 -0.01662945768352686 1.6642207687766049 0.7449633354451953 -0.6390847452722221 -1.956002787820186
34399.0 10716406.0 -0.06003690434664022 1.6835527203206204 0.7500117306161393 -0.6390847452722221 -1.956002787820186
34400.0 10716406.0 -0.10536372931035332 1.698371805876142 0.7554623506631557 -0.6390847452722221 -1.956002787820186
34401.0 10716406.0 -0.15388193820695206 1.7197258604252723 0.7612522835676078 -0.6390847452722221 -1.956002787820186
34402.0 10716406.0 -0.19969384782943056 1.7414806483194654 0.7673284573837247 -0.6390847452722221 -1.956002787820186
34403.0 10716406.0 -0.2200567704403329 1.7503583899229302 0.7730501788080717 -0.6390847452722221 -1.956002787820186
34404.0 10716406.0 -0.24041969305123523 1.7592361315263951 0.7784728877619549 -0.6390847452722221 -1.956002787820186
34405.0 10716406.0 -0.2845250794848959 1.7791484224467184 0.784239275149139 -0.6390847452722221 -1.956002787820186
34406.0 10716406.0 -0.3303999716386006 1.8055982471045249 0.7891037415156482 -0.6390847452722221 -1.956002787820186
34407.0 10716406.0 -0.37261415275263654 1.8247759877166763 0.7932073563861112 -0.6390847452722221 -1.956002787820186
34408.0 10716406.0 -0.41514907514967336 1.8440589102816445 0.7978609692799756 -0.6390847452722221 -1.956002787820186
34409.0 10716406.0 -0.4594776364861908 1.868718947792627 0.8017867102829593 -0.6390847452722221 -1.956002787820186
34410.0 10716406.0 -0.5032155535072949 1.888395893344333 0.8062902705723531 -0.6390847452722221 -1.956002787820186
34411.0 10716406.0 -0.5647671274175856 1.91985719534725 0.8112812733965493 -0.6390847452722221 -1.956002787820186
34412.0 10716406.0 -0.6018350547361844 1.9371200041332493 0.8154916331492454 -0.6390847452722221 -1.956002787820186
34413.0 10716406.0 -0.6491823928420253 1.9579784040546173 0.8190434502632697 -0.6390847452722221 -1.956002787820186
34414.0 10716406.0 -0.693807417944714 1.9830877350738907 0.823231572123133 -0.6390847452722221 -1.956002787820186
34415.0 10716406.0 -0.7322955495775536 2.0011663495572702 0.8279564742627714 -0.6390847452722221 -1.956002787820186
34416.0 10716406.0 -0.7787530795967388 2.027459857229555 0.8319423541560301 -0.6390847452722221 -1.956002787820186
34417.0 10716406.0 -0.8276350271741342 2.049055280831943 0.8353048023198137 -0.6390847452722221 -1.956002787820186
34418.0 10716406.0 -0.869313391292101 2.073669620194606 0.838141329750872 -0.6390847452722221 -1.956002787820186
34419.0 10716406.0 -0.9321939025411818 2.1040506181172995 0.8405341957447054 -0.6390847452722221 -1.956002787820186
34420.0 10716406.0 -0.9795743626783182 2.1248056901119594 0.8425527934151354 -0.6390847452722221 -1.956002787820186
34421.0 10716406.0 -1.0234351600555507 2.1454614356918245 0.8442556620946043 -0.6390847452722221 -1.956002787820186
34422.0 10716406.0 -1.0694525583692103 2.164953499086602 0.8456921849748168 -0.6390847452722221 -1.956002787820186
34423.0 10716406.0 -1.0939061108311945 2.1789696334197353 0.8469040212192989 -0.6390847452722221 -1.956002787820186
34424.0 10716406.0 -1.1183596632931787 2.1929857677528686 0.8479263140791407 -0.6390847452722221 -1.956002787820186
34425.0 10716406.0 -1.196276129491557 2.2265354717987824 0.8487887100472775 -0.6390847452722221 -1.956002787820186
34426.0 10716406.0 -1.2364039349453642 2.2429923424487583 0.8501121409508875 -0.6390847452722221 -1.956002787820186
34427.0 10716406.0 -1.2765317403991714 2.2594492130987347 0.8518244962861753 -0.6390847452722221 -1.956002787820186
34428.0 10716406.0 -1.356816153275046 2.2963460993456795 0.8532690220137622 -0.6390847452722221 -1.956002787820186
34429.0 10716406.0 -1.4041949786762677 2.317104027422291 0.8556794540679524 -0.6390847452722221 -1.956002787820186
34430.0 10716406.0 -1.4563175908248918 2.3396480101309325 0.8577128702901133 -0.6390847452722221 -1.956002787820186
34431.0 10716406.0 -1.4940354920943684 2.357362798456276 0.8594282397506875 -0.6390847452722221 -1.956002787820186
34432.0 10716406.0 -1.5551966784541025 2.384851125264693 0.8608753081640316 -0.6390847452722221 -1.956002787820186
34433.0 10716406.0 -1.6033423801022677 2.405978389899188 0.8632878852023368 -0.6390847452722221 -1.956002787820186
34434.0 10716406.0 -1.6493522527039854 2.429561973324002 0.8653231109115098 -0.6390847452722221 -1.956002787820186
34435.0 10716406.0 -1.7187971457998177 2.460229765508477 0.8670400068371167 -0.6390847452722221 -1.956002787820186
34436.0 10716406.0 -1.7817096728835382 2.4888777076013784 0.8672965182727956 -0.6390847452722221 -1.956002787820186
34437.0 10716406.0 -1.8339911268025488 2.511476980767237 0.8663210640501815 -0.6390847452722221 -1.956002787820186
34438.0 10716406.0 -1.891314764594483 2.535492998450269 0.8654981806850226 -0.6390847452722221 -1.956002787820186
34439.0 10716406.0 -1.9562083713269487 2.5651416036862935 0.8648040045597293 -0.6390847452722221 -1.956002787820186
34440.0 10716406.0 -1.9947094633174722 2.583174446894043 0.8636224822225661 -0.6390847452722221 -1.956002787820186
34441.0 10716406.0 -2.0332105553079955 2.6012072901017924 0.8620298395257552 -1.6958058802865732 -3.176793915693223
34442.0 10716406.0 -2.1123154509092745 2.641701228270268 0.860090379831089 -1.6958058802865732 -3.176793915693223
34443.0 10716406.0 -2.1654385631195323 2.667967644425131 0.8587522323235756 -1.6958058802865732 -3.176793915693223
34444.0 10716406.0 -2.2185616753297897 2.6942340605799946 0.8579213457254968 -1.6958058802865732 -3.176793915693223
34445.0 10716406.0 -2.270128118196955 2.718472720824963 0.8560285734652532 -1.6958058802865732 -3.176793915693223
34446.0 10716406.0 -2.3258952331821936 2.747241607892696 0.8544318498355019 -1.6958058802865732 -3.176793915693223
34447.0 10716406.0 -2.3866351774160712 2.7776387276326875 0.851893025162776 -1.6958058802865732 -3.176793915693223
34448.0 10716406.0 -2.441977146726895 2.806620133791406 0.8497512982197706 -1.6958058802865732 -3.176793915693223
34449.0 10716406.0 -2.50220057141735 2.836966256407131 0.8479445589251385 -1.6958058802865732 -3.176793915693223
34450.0 10716406.0 -2.5798678694248 2.8780476920669114 0.8464204118393355 -1.6958058802865732 -3.176793915693223
34451.0 10716406.0 -2.6330391822090915 2.9011790564442146 0.8463265013850774 -1.6958058802865732 -3.176793915693223
34452.0 10716406.0 -2.6853440964637683 2.928584376409137 0.8450554347827822 -1.6958058802865732 -3.176793915693223
34453.0 10716406.0 -2.7470320703891815 2.959879907108343 0.8439831757891878 -1.6958058802865732 -3.176793915693223
34454.0 10716406.0 -2.8244641936556363 2.9959799929090516 0.8430786288934798 -1.6958058802865732 -3.176793915693223
34455.0 10716406.0 -2.8521512651498453 3.010419590361223 0.8423155622356828 -1.6958058802865732 -3.176793915693223
34456.0 10716406.0 -2.9106151400396705 3.0352862146425514 0.8416718468827206 -1.6958058802865732 -3.176793915693223
34457.0 10716406.0 -3.012697236245594 3.0842501779697176 0.8411288150893572 -1.6958058802865732 -3.176793915693223
34458.0 10716406.0 -3.053277413869039 3.1084042112613974 0.8406707189335852 -1.6958058802865732 -3.176793915693223
