7240.0 10561439.0 1.3168075387206042 0.0788479122330051 0.33528 0.0 0.0
7241.0 10561439.0 1.3167890831334572 0.07879141521958494 0.33528 0.0 0.0
7242.0 10561439.0 1.3167706275463102 0.0787349182061648 0.33528 0.0 0.0
7243.0 10561439.0 1.3167521719591633 0.07867842119274465 0.33528 0.0 0.0
7244.0 10561439.0 1.3167337163720165 0.07862192417932451 0.33528 0.0 0.0
7245.0 10561439.0 1.3167152607848696 0.07856542716590437 0.33528 0.0 0.0
7246.0 10561439.0 1.3166968051977226 0.07850893015248421 0.33528 0.0 0.0
7247.0 10561439.0 1.3166783496105758 0.07845243313906407 0.33528 0.0 0.0
7248.0 10561439.0 1.3166598940234289 0.07839593612564393 0.33528 0.0 0.0
7249.0 10561439.0 1.316641438436282 0.07833943911222378 0.33528 0.0 0.0
7250.0 10561439.0 1.3166229828491351 0.07828294209880364 0.33528 0.0 0.0
7251.0 10561439.0 1.3166045272619882 0.07822644508538348 0.33528 0.0 0.0
7252.0 10561439.0 1.3165860716748412 0.07816994807196334 0.33528 0.0 0.0
7253.0 10561439.0 1.3165676160876945 0.0781134510585432 0.33528 0.0 0.0
7254.0 10561439.0 1.3165491605005475 0.07805695404512306 0.33528 0.0 0.0
7255.0 10561439.0 1.3165307049134005 0.07800045703170291 0.33528 0.0 0.0
7256.0 10561439.0 1.3165122493262538 0.07794396001828276 0.33528 0.0 0.0
7257.0 10561439.0 1.3164937937391068 0.07788746300486261 0.33528 0.0 0.0
7258.0 10561439.0 1.3164753381519598 0.07783096599144247 0.33528 0.0 0.0
7259.0 10561439.0 1.316456882564813 0.07777446897802233 0.33528 0.0 0.0
7260.0 10561439.0 1.316438426977666 0.07771797196460219 0.33528 0.0 0.0
7261.0 10561439.0 1.3164199713905191 0.07766147495118203 0.33528 0.0 0.0
7262.0 10561439.0 1.3164015158033724 0.07760497793776189 0.33528 0.0 0.0
7263.0 10561439.0 1.3163830602162254 0.07754848092434175 0.33528 0.0 0.0
7264.0 10561439.0 1.3163646046290784 0.0774919839109216 0.33528 0.0 0.0
7265.0 10561439.0 1.3163461490419317 0.07743548689750146 0.33528 0.0 0.0
7266.0 10561439.0 1.3163276934547847 0.07737898988408132 0.33528 0.0 0.0
7267.0 10561439.0 1.3163092378676378 0.07732249287066116 0.33528 0.0 0.0
7268.0 10561439.0 1.316290782280491 0.07726599585724102 0.33528 0.0 0.0
7269.0 10561439.0 1.316272326693344 0.07720949884382088 0.33528 0.0 0.0
7270.0 10561439.0 1.316253871106197 0.07715300183040073 0.33528 0.0 0.0
7271.0 10561439.0 1.3162354155190503 0.07709650481698059 0.33528 0.0 0.0
7272.0 10561439.0 1.3162169599319034 0.07704000780356043 0.33528 0.0 0.0
7273.0 10561439.0 1.3161985043447564 0.07698351079014029 0.33528 0.0 0.0
7274.0 10561439.0 1.3161800487576096 0.07692701377672015 0.33528 0.0 0.0
7275.0 10561439.0 1.3161615931704627 0.0768705167633 0.33528 0.0 0.0
7276.0 10561439.0 1.3161431375833157 0.07681401974987986 0.33528 0.0 0.0
7277.0 10561439.0 1.3161246819961687 0.07675752273645971 0.33528 0.0 0.0
7278.0 10561439.0 1.316106226409022 0.07670102572303956 0.33528 0.0 0.0
7279.0 10561439.0 1.316087770821875 0.07664452870961942 0.33528 0.0 0.0
7280.0 10561439.0 1.316069315234728 0.07658803169619928 0.33528 0.0 0.0
7281.0 10561439.0 1.3160508596475813 0.07653153468277914 0.33528 0.0 0.0
7282.0 10561439.0 1.3160324040604343 0.07647503766935898 0.33528 0.0 0.0
7283.0 10561439.0 1.3160139484732873 0.07641854065593884 0.33528 0.0 0.0
7294.0 10561439.0 1.3158109370146716 0.07579707350831724 0.33528 0.0 0.0
7295.0 10561439.0 1.3173421663641591 0.07640670822409829 0.33528 0.0 0.0
7296.0 10561439.0 1.3188733957136467 0.07701634293987933 0.33528 0.0 0.0
7297.0 10561439.0 1.320404625063134 0.07762597765566037 0.33528 0.0 0.0
7298.0 10561439.0 1.3219358544126216 0.07823561237144142 0.33528 0.0 0.0
7299.0 10561439.0 1.3222117162961413 0.07908009423814742 0.33528 0.0 0.0
7300.0 10561439.0 1.3282378430647839 0.07985695527175793 0.33528 0.0 0.0
7301.0 10561439.0 1.3342639698334262 0.08063381630536842 0.33528 0.0 0.0
7302.0 10561439.0 1.339078540517463 0.07906108058698944 0.33528 0.0 0.0
7303.0 10561439.0 1.3438931112014996 0.07748834486861046 0.33528 0.0 0.0
7304.0 10561439.0 1.349554702201702 0.07887107124297574 0.33528 0.0 0.0
7305.0 10561439.0 1.3552162932019045 0.080253797617341 0.33528 0.0 0.0
7306.0 10561439.0 1.360877884202107 0.08163652399170628 0.33528 0.0 0.0
7307.0 10561439.0 1.3645425223292267 0.08071203119114136 0.33528 0.0 0.0
7308.0 10561439.0 1.3682071604563464 0.07978753839057645 0.33528 0.0 0.0
7309.0 10561439.0 1.371871798583466 0.07886304559001153 0.33528 0.0 0.0
7310.0 10561439.0 1.3769747946768738 0.07953260450153204 0.33528 0.0 0.0
7311.0 10561439.0 1.3820777907702815 0.08020216341305256 0.33528 0.0 0.0
7312.0 10561439.0 1.38562039937616 0.07962907327687183 0.33528 0.0 0.0
7313.0 10561439.0 1.3891630079820383 0.0790559831406911 0.33528 0.0 0.0
7314.0 10561439.0 1.3932241313159597 0.08170142147603687 0.33528 0.0 0.0
7315.0 10561439.0 1.3981991869724544 0.08007630301808635 0.33528 0.0 0.0
7316.0 10561439.0 1.4031742426289493 0.07845118456013583 0.33528 0.0 0.0
7317.0 10561439.0 1.4032323843385603 0.07846479450851752 0.33528 0.0 0.0
7318.0 10561439.0 1.4032905260481714 0.0784784044568992 0.33528 0.0 0.0
7319.0 10561439.0 1.4033486677577824 0.07849201440528089 0.33528 0.0 0.0
7320.0 10561439.0 1.4034068094673935 0.07850562435366257 0.33528 0.0 0.0
7321.0 10561439.0 1.4034649511770045 0.07851923430204426 0.33528 0.0 0.0
7322.0 10561439.0 1.4035230928866156 0.07853284425042593 0.33528 0.0 0.0
7323.0 10561439.0 1.4035812345962266 0.07854645419880762 0.33528 0.0 0.0
7324.0 10561439.0 1.4036393763058377 0.0785600641471893 0.33528 0.0 0.0
7325.0 10561439.0 1.4036975180154487 0.07857367409557099 0.33528 0.0 0.0
7326.0 10561439.0 1.4037556597250598 0.07858728404395267 0.33528 0.0 0.0
7327.0 10561439.0 1.4038138014346706 0.07860089399233436 0.33528 0.0 0.0
7328.0 10561439.0 1.4038719431442817 0.07861450394071604 0.33528 0.0 0.0
7329.0 10561439.0 1.4039300848538927 0.07862811388909773 0.33528 0.0 0.0
7330.0 10561439.0 1.4039882265635037 0.0786417238374794 0.33528 0.0 0.0
7331.0 10561439.0 1.4040463682731148 0.07865533378586109 0.33528 0.0 0.0
7332.0 10561439.0 1.4041045099827258 0.07866894373424277 0.33528 0.0 0.0
7333.0 10561439.0 1.404162651692337 0.07868255368262446 0.33528 0.0 0.0
7334.0 10561439.0 1.404220793401948 0.07869616363100614 0.33528 0.0 0.0
7335.0 10561439.0 1.404278935111559 0.07870977357938783 0.33528 0.0 0.0
7336.0 10561439.0 1.40433707682117 0.0787233835277695 0.33528 0.0 0.0
7337.0 10561439.0 1.404395218530781 0.07873699347615119 0.33528 0.0 0.0
7338.0 10561439.0 1.4044533602403921 0.07875060342453287 0.33528 0.0 0.0
7339.0 10561439.0 1.4045115019500032 0.07876421337291456 0.33528 0.0 0.0
7340.0 10561439.0 1.4045696436596142 0.07877782332129624 0.33528 0.0 0.0
7341.0 10561439.0 1.4046277853692253 0.07879143326967793 0.33528 0.0 0.0
7342.0 10561439.0 1.4046859270788363 0.0788050432180596 0.33528 0.0 0.0
7343.0 10561439.0 1.4047440687884474 0.0788186531664413 0.33528 0.0 0.0
7344.0 10561439.0 1.4048022104980584 0.07883226311482297 0.33528 0.0 0.0
7345.0 10561439.0 1.4048603522076695 0.07884587306320466 0.33528 0.0 0.0
7346.0 10561439.0 1.4049184939172805 0.07885948301158634 0.33528 0.0 0.0
7347.0 10561439.0 1.4049766356268916 0.07887309295996803 0.33528 0.0 0.0
7348.0 10561439.0 1.4050347773365026 0.0788867029083497 0.33528 0.0 0.0
7349.0 10561439.0 1.4050929190461134 0.0789003128567314 0.33528 0.0 0.0
7350.0 10561439.0 1.4051510607557245 0.07891392280511307 0.33528 0.0 0.0
7351.0 10561439.0 1.4052092024653355 0.07892753275349476 0.33528 0.0 0.0
7352.0 10561439.0 1.4052673441749466 0.07894114270187644 0.33528 0.0 0.0
7353.0 10561439.0 1.4053254858845576 0.07895475265025813 0.33528 0.0 0.0
7354.0 10561439.0 1.4053836275941687 0.0789683625986398 0.33528 0.0 0.0
7355.0 10561439.0 1.4054417693037797 0.0789819725470215 0.33528 0.0 0.0
7356.0 10561439.0 1.4054999110133908 0.07899558249540317 0.33528 0.0 0.0
7357.0 10561439.0 1.4055580527230018 0.07900919244378486 0.33528 0.0 0.0
7358.0 10561439.0 1.4056161944326129 0.07902280239216654 0.33528 0.0 0.0
7359.0 10561439.0 1.405674336142224 0.07903641234054823 0.33528 0.0 0.0
7360.0 10561439.0 1.4072791932222553 0.07851218283292655 0.33528 0.0 0.0
7361.0 10561439.0 1.4088840503022864 0.07798795332530487 0.33528 0.0 0.0
7362.0 10561439.0 1.4104889073823177 0.07746372381768318 0.33528 0.0 0.0
7363.0 10561439.0 1.4119496024704843 0.07831059208563533 0.33528 0.0 0.0
7364.0 10561439.0 1.413410297558651 0.07915746035358749 0.33528 0.0 0.0
7365.0 10561439.0 1.4148709926468177 0.08000432862153964 0.33528 0.0 0.0
7366.0 10561439.0 1.419685563224371 0.07843164638897626 0.33528 0.0 0.0
7367.0 10561439.0 1.4211988974113972 0.07817096436672016 0.33528 0.0 0.0
7368.0 10561439.0 1.4227122315984235 0.07791028234446407 0.33528 0.0 0.0
7369.0 10561439.0 1.4242255657854497 0.07764960032220797 0.33528 0.0 0.0
7370.0 10561439.0 1.425738899972476 0.07738891829995187 0.33528 0.0 0.0
7371.0 10561439.0 1.4272522341595022 0.07712823627769577 0.33528 0.0 0.0
7372.0 10561439.0 1.4282834708825987 0.07620726404041371 0.33528 0.0 0.0
7373.0 10561439.0 1.4293147076056953 0.07528629180313165 0.33528 0.0 0.0
7374.0 10561439.0 1.4293386389022023 0.0752886332875687 0.33528 0.0 0.0
7375.0 10561439.0 1.4293625701987092 0.07529097477200575 0.33528 0.0 0.0
7376.0 10561439.0 1.429386501495216 0.07529331625644278 0.33528 0.0 0.0
7377.0 10561439.0 1.429410432791723 0.07529565774087983 0.33528 0.0 0.0
7378.0 10561439.0 1.4294343640882299 0.07529799922531688 0.33528 0.0 0.0
7379.0 10561439.0 1.4294582953847368 0.07530034070975393 0.33528 0.0 0.0
7380.0 10561439.0 1.4294822266812437 0.07530268219419098 0.33528 0.0 0.0
7381.0 10561439.0 1.4295061579777506 0.07530502367862801 0.33528 0.0 0.0
7382.0 10561439.0 1.4295300892742575 0.07530736516306506 0.33528 0.0 0.0
7383.0 10561439.0 1.4295540205707644 0.07530970664750211 0.33528 0.0 0.0
7384.0 10561439.0 1.4295779518672713 0.07531204813193916 0.33528 0.0 0.0
7385.0 10561439.0 1.4296018831637782 0.07531438961637621 0.33528 0.0 0.0
7386.0 10561439.0 1.4296258144602851 0.07531673110081324 0.33528 0.0 0.0
7387.0 10561439.0 1.429649745756792 0.0753190725852503 0.33528 0.0 0.0
7388.0 10561439.0 1.429673677053299 0.07532141406968734 0.33528 0.0 0.0
7389.0 10561439.0 1.4296976083498059 0.07532375555412439 0.33528 0.0 0.0
7390.0 10561439.0 1.4297215396463128 0.07532609703856144 0.33528 0.0 0.0
7391.0 10561439.0 1.4297454709428197 0.07532843852299848 0.33528 0.0 0.0
7392.0 10561439.0 1.4297694022393266 0.07533078000743552 0.33528 0.0 0.0
7393.0 10561439.0 1.4297933335358335 0.07533312149187257 0.33528 0.0 0.0
7394.0 10561439.0 1.4298172648323404 0.07533546297630962 0.33528 0.0 0.0
7395.0 10561439.0 1.4298411961288473 0.07533780446074667 0.33528 0.0 0.0
7396.0 10561439.0 1.4298651274253542 0.0753401459451837 0.33528 0.0 0.0
7397.0 10561439.0 1.4298890587218611 0.07534248742962076 0.33528 0.0 0.0
7398.0 10561439.0 1.429912990018368 0.0753448289140578 0.33528 0.873430837160519 0.5437946552671099
7399.0 10561439.0 1.429936921314875 0.07534717039849485 0.33528 0.873430837160519 0.5437946552671099
7400.0 10561439.0 1.4299608526113818 0.0753495118829319 0.33528 0.873430837160519 0.5437946552671099
7401.0 10561439.0 1.4299847839078887 0.07535185336736894 0.33528 0.873430837160519 0.5437946552671099
7402.0 10561439.0 1.4300087152043959 0.07535419485180599 0.33528 0.873430837160519 0.5437946552671099
7403.0 10561439.0 1.4300326465009028 0.07535653633624304 0.33528 0.873430837160519 0.5437946552671099
7404.0 10561439.0 1.4300565777974097 0.07535887782068008 0.33528 0.873430837160519 0.5437946552671099
7405.0 10561439.0 1.4300805090939166 0.07536121930511713 0.33528 0.873430837160519 0.5437946552671099
7406.0 10561439.0 1.4301044403904235 0.07536356078955417 0.33528 0.873430837160519 0.5437946552671099
7407.0 10561439.0 1.4301283716869304 0.07536590227399122 0.33528 0.873430837160519 0.5437946552671099
7408.0 10561439.0 1.4301523029834373 0.07536824375842827 0.33528 0.873430837160519 0.5437946552671099
7409.0 10561439.0 1.4301762342799442 0.07537058524286532 0.33528 0.873430837160519 0.5437946552671099
7410.0 10561439.0 1.4302001655764511 0.07537292672730236 0.33528 0.873430837160519 0.5437946552671099
7411.0 10561439.0 1.430224096872958 0.0753752682117394 0.33528 0.873430837160519 0.5437946552671099
7412.0 10561439.0 1.430248028169465 0.07537760969617645 0.33528 0.873430837160519 0.5437946552671099
7413.0 10561439.0 1.4302719594659719 0.0753799511806135 0.33528 0.873430837160519 0.5437946552671099
7414.0 10561439.0 1.4302958907624788 0.07538229266505055 0.33528 0.873430837160519 0.5437946552671099
7415.0 10561439.0 1.4303198220589857 0.0753846341494876 0.33528 0.873430837160519 0.5437946552671099
7416.0 10561439.0 1.4303437533554926 0.07538697563392463 0.33528 0.873430837160519 0.5437946552671099
7417.0 10561439.0 1.4303676846519995 0.07538931711836168 0.33528 0.873430837160519 0.5437946552671099
7418.0 10561439.0 1.4303916159485064 0.07539165860279873 0.33528 0.873430837160519 0.5437946552671099
7419.0 10561439.0 1.4304155472450133 0.07539400008723578 0.33528 0.873430837160519 0.5437946552671099
7420.0 10561439.0 1.4304394785415202 0.07539634157167283 0.33528 0.873430837160519 0.5437946552671099
7421.0 10561439.0 1.4304634098380271 0.07539868305610986 0.33528 0.873430837160519 0.5437946552671099
7422.0 10561439.0 1.430487341134534 0.07540102454054691 0.33528 0.873430837160519 0.5437946552671099
7423.0 10561439.0 1.430511272431041 0.07540336602498396 0.33528 0.873430837160519 0.5437946552671099
7424.0 10561439.0 1.4305352037275478 0.07540570750942101 0.33528 0.873430837160519 0.5437946552671099
7425.0 10561439.0 1.4305591350240547 0.07540804899385806 0.33528 0.873430837160519 0.5437946552671099
7426.0 10561439.0 1.4305830663205616 0.07541039047829509 0.33528 0.873430837160519 0.5437946552671099
7427.0 10561439.0 1.4306069976170686 0.07541273196273214 0.33528 0.873430837160519 0.5437946552671099
7428.0 10561439.0 1.4306309289135755 0.07541507344716919 0.33528 0.873430837160519 0.5437946552671099
7429.0 10561439.0 1.4306548602100824 0.07541741493160624 0.33528 0.873430837160519 0.5437946552671099
7430.0 10561439.0 1.4306787915065893 0.07541975641604329 0.33528 0.873430837160519 0.5437946552671099
7431.0 10561439.0 1.4307027228030962 0.07542209790048032 0.33528 0.873430837160519 0.5437946552671099
7432.0 10561439.0 1.430726654099603 0.07542443938491737 0.33528 0.873430837160519 0.5437946552671099
7433.0 10561439.0 1.43075058539611 0.07542678086935442 0.33528 0.873430837160519 0.5437946552671099
7488.0 10561439.0 1.4320668067039901 0.07555556251339196 0.33528 0.873430837160519 0.5437946552671099
7489.0 10561439.0 1.4328692356403692 0.0752934507682832 0.33528 0.873430837160519 0.5437946552671099
7490.0 10561439.0 1.433671664576748 0.07503133902317445 0.33528 0.873430837160519 0.5437946552671099
7491.0 10561439.0 1.4344740935131268 0.07476922727806569 0.33528 0.873430837160519 0.5437946552671099
7492.0 10561439.0 1.4352765224495059 0.07450711553295693 0.33528 0.873430837160519 0.5437946552671099
7493.0 10561439.0 1.436078951385885 0.07424500378784818 0.33528 0.873430837160519 0.5437946552671099
7494.0 10561439.0 1.4368813803222638 0.07398289204273942 0.33528 0.873430837160519 0.5437946552671099
7495.0 10561439.0 1.4385300837248916 0.07087422136809668 0.33528 0.873430837160519 0.5437946552671099
7496.0 10561439.0 1.4401787871275191 0.06776555069345394 0.33528 0.873430837160519 0.5437946552671099
7497.0 10561439.0 1.4419424317783591 0.0650087501699977 0.33528 0.873430837160519 0.5437946552671099
7498.0 10561439.0 1.4437060764291991 0.06225194964654147 0.33528 0.873430837160519 0.5437946552671099
7499.0 10561439.0 1.4454697210800391 0.059495149123085234 0.33528 0.873430837160519 0.5437946552671099
7500.0 10561439.0 1.4490242533469107 0.0595023161520247 0.33528 0.873430837160519 0.5437946552671099
7501.0 10561439.0 1.4473002067727498 0.05422427485076087 0.33528 0.873430837160519 0.5437946552671099
7502.0 10561439.0 1.447478797304513 0.04797427517965182 0.33528 0.873430837160519 0.5437946552671099
7503.0 10561439.0 1.4507530341186017 0.04141404395555462 0.33528 0.873430837160519 0.5437946552671099
7504.0 10561439.0 1.45433697050535 0.034986302832999874 0.33528 0.873430837160519 0.5437946552671099
7505.0 10561439.0 1.450940373895399 0.03165647468416993 0.33528 0.873430837160519 0.5437946552671099
7506.0 10561439.0 1.454145666276644 0.02488512236138095 0.33528 0.873430837160519 0.5437946552671099
7507.0 10561439.0 1.4528239058416508 0.020838621466875065 0.33528 0.873430837160519 0.5437946552671099
7508.0 10561439.0 1.4515021454066572 0.01679212057236918 0.33528 0.873430837160519 0.5437946552671099
7509.0 10561439.0 1.450180384971664 0.012745619677863293 0.33528 0.873430837160519 0.5437946552671099
7510.0 10561439.0 1.4466933132135453 0.011041936616126522 0.33528 0.873430837160519 0.5437946552671099
7511.0 10561439.0 1.4432062414554265 0.009338253554389752 0.33528 0.873430837160519 0.5437946552671099
7512.0 10561439.0 1.439719169697308 0.007634570492652981 0.33528 0.873430837160519 0.5437946552671099
7513.0 10561439.0 1.4369591061258402 0.0069784793434074744 0.33528 0.873430837160519 0.5437946552671099
7514.0 10561439.0 1.4341990425543727 0.006322388194161967 0.33528 0.873430837160519 0.5437946552671099
7515.0 10561439.0 1.431438978982905 0.00566629704491646 0.33528 0.873430837160519 0.5437946552671099
7516.0 10561439.0 1.4271963910012295 0.005591824332875337 0.33528 0.873430837160519 0.5437946552671099
7517.0 10561439.0 1.422953803019554 0.005517351620834214 0.33528 0.873430837160519 0.5437946552671099
7518.0 10561439.0 1.418711215037879 0.005442878908793091 0.33528 0.873430837160519 0.5437946552671099
7519.0 10561439.0 1.4144686270562035 0.005368406196751968 0.33528 0.873430837160519 0.5437946552671099
7520.0 10561439.0 1.410440700579965 0.0011933944105188138 0.33528 0.873430837160519 0.5437946552671099
7521.0 10561439.0 1.3974277032487525 0.002815547890383581 0.33528 0.873430837160519 0.5437946552671099
7522.0 10561439.0 1.38441470591754 0.004437701370248348 0.33528 0.873430837160519 0.5437946552671099
7523.0 10561439.0 1.3729986924279722 0.0027928703793474174 0.33528 0.873430837160519 0.5437946552671099
7524.0 10561439.0 1.3615826789384047 0.0011480393884464868 0.33528 0.873430837160519 0.5437946552671099
7525.0 10561439.0 1.3488946968224196 0.0019982426763255124 0.33528 0.873430837160519 0.5437946552671099
7526.0 10561439.0 1.3362067147064345 0.002848445964204538 0.33528 0.873430837160519 0.5437946552671099
7527.0 10561439.0 1.3235187325904494 0.0036986492520835633 0.33528 0.873430837160519 0.5437946552671099
7528.0 10561439.0 1.3108307504744643 0.004548852539962589 0.33528 0.873430837160519 0.5437946552671099
7529.0 10561439.0 1.2981427683584792 0.0053990558278416145 0.33528 0.873430837160519 0.5437946552671099
7530.0 10561439.0 1.2647755053840664 0.005200686520368189 0.33528 0.873430837160519 0.5437946552671099
7531.0 10561439.0 1.2582944113074122 0.0019439257104486574 0.33528 0.873430837160519 0.5437946552671099
7532.0 10561439.0 1.2265903040110389 0.002487485321428007 0.33528 0.873430837160519 0.5437946552671099
7533.0 10561439.0 1.189383173206839 0.004127948017847119 0.33528 0.873430837160519 0.5437946552671099
7534.0 10561439.0 1.1771145251861503 0.004631132790166553 0.33528 0.873430837160519 0.5437946552671099
7535.0 10561439.0 1.1648458771654617 0.005134317562485988 0.33528 0.873430837160519 0.5437946552671099
7536.0 10561439.0 1.1340739735107705 0.005098200551739732 0.3357133980684379 0.873430837160519 0.5437946552671099
7537.0 10561439.0 1.1033020698560791 0.005062083540993476 0.33651240638566204 0.873430837160519 0.5437946552671099
7538.0 10561439.0 1.072530166201388 0.00502596653024722 0.33761983982923555 0.873430837160519 0.5437946552671099
7539.0 10561439.0 1.0417582625466968 0.004989849519500964 0.3389874576053857 0.873430837160519 0.5437946552671099
7540.0 10561439.0 1.0109863588920054 0.004953732508754708 0.3405745642659845 0.873430837160519 0.5437946552671099
7541.0 10561439.0 0.9802144552373142 0.004917615498008453 0.3423468295405529 0.873430837160519 0.5437946552671099
7542.0 10561439.0 0.949442551582623 0.004881498487262197 0.34427529275841706 0.873430837160519 0.5437946552671099
7543.0 10561439.0 0.9186706479279317 0.0048453814765159415 0.3463355229892587 0.873430837160519 0.5437946552671099
