8108.0 10532852.0 0.9273768259364241 0.006778720613517669 0.35052000000000005 1.9091808221355453 0.7677270387252512
8109.0 10532852.0 0.9157426774348643 0.005147385936207734 0.35052000000000005 1.9091808221355453 0.7677270387252512
8110.0 10532852.0 0.9041085289333043 0.0035160512588977982 0.35052000000000005 1.9091808221355453 0.7677270387252512
8111.0 10532852.0 0.8816495064935022 0.008166891995144851 0.35052000000000005 1.9091808221355453 0.7677270387252512
8112.0 10532852.0 0.854309189749835 0.003314126661352876 0.35052000000000005 1.9091808221355453 0.7677270387252512
8113.0 10532852.0 0.8226313179405712 0.008290189440335965 0.35052000000000005 1.9091808221355453 0.7677270387252512
8114.0 10532852.0 0.7775303422769754 0.004801254258223656 0.35052000000000005 1.9091808221355453 0.7677270387252512
8115.0 10532852.0 0.744667096845257 0.004790909847680991 0.35052000000000005 1.9091808221355453 0.7677270387252512
8116.0 10532852.0 0.7159666266255409 0.005289766763848097 0.34914542202873794 1.9091808221355453 0.7677270387252512
8117.0 10532852.0 0.6861786203883451 0.007896496002572834 0.3493834129182758 1.9091808221355453 0.7677270387252512
8118.0 10532852.0 0.6701826613421552 0.007865974384871938 0.34957452816068735 1.9091808221355453 0.7677270387252512
8119.0 10532852.0 0.6228718787785004 0.00848798116843047 0.3497302300109082 1.9091808221355453 0.7677270387252512
8120.0 10532852.0 0.5756109162871959 0.007224891654046141 0.3504765688617683 1.9091808221355453 0.7677270387252512
8121.0 10532852.0 0.5283499537958913 0.005961802139661812 0.35170693008382287 1.9091808221355453 0.7677270387252512
8122.0 10532852.0 0.5116549384351101 0.0065105230502004174 0.3527320122867765 1.9091808221355453 0.7677270387252512
8123.0 10532852.0 0.48522719571009765 0.009889246261488238 0.35358914616165554 1.9091808221355453 0.7677270387252512
8124.0 10532852.0 0.4234086731633754 0.008243612340332121 0.3555108085715379 1.9091808221355453 0.7677270387252512
8125.0 10532852.0 0.4049707504882452 0.008894813515806288 0.35712466988479263 1.9091808221355453 0.7677270387252512
8126.0 10532852.0 0.35368630579013427 0.00959049237289572 0.3590805558296594 1.9091808221355453 0.7677270387252512
8127.0 10532852.0 0.3024018610920234 0.010286171229985153 0.3613247413396385 1.9091808221355453 0.7677270387252512
8128.0 10532852.0 0.26953804506371337 0.01027802714422335 0.36440959661262723 1.9091808221355453 0.7677270387252512
8129.0 10532852.0 0.23896899059426513 0.01185671417698414 0.3670089698203952 1.9091808221355453 0.7677270387252512
8130.0 10532852.0 0.2083999361248169 0.01343540120974493 0.3691999880725971 1.9091808221355453 0.7677270387252512
8131.0 10532852.0 0.1537847115033587 0.014811903489564904 0.37104723716384963 1.9091808221355453 0.7677270387252512
8132.0 10532852.0 0.11357873865822987 0.011362535143056601 0.372604914791445 1.9091808221355453 0.7677270387252512
8133.0 10532852.0 0.05428670271461766 0.014735598498933633 0.3751109406448763 1.9091808221355453 0.7677270387252512
8134.0 10532852.0 0.03240626072970465 0.013007937350874743 0.37722455697219964 1.9091808221355453 0.7677270387252512
8135.0 10532852.0 -0.012714208770973956 0.014904067151842587 0.38019942823280983 1.9091808221355453 0.7677270387252512
8136.0 10532852.0 -0.03554795012019063 0.011618883891837767 0.38270873404442995 1.9091808221355453 0.7677270387252512
8137.0 10532852.0 -0.11388017407610973 0.010000845657786112 0.3848253997136032 1.9091808221355453 0.7677270387252512
8138.0 10532852.0 -0.15357071782463994 0.006501167150528925 0.387802842512755 1.9091808221355453 0.7677270387252512
8139.0 10532852.0 -0.20392410654166415 0.004617806638334193 0.3915064004592203 1.9091808221355453 0.7677270387252512
8140.0 10532852.0 -0.22480424137033372 0.005951987353806337 0.3946305998481565 1.9091808221355453 0.7677270387252512
8141.0 10532852.0 -0.2768662318426258 0.00427727602689032 0.3978620317291672 1.9091808221355453 0.7677270387252512
8142.0 10532852.0 -0.3289282223149179 0.0026025646999743024 0.4011839323135462 1.9091808221355453 0.7677270387252512
8143.0 10532852.0 -0.3729403314760791 0.00110082640566192 0.4039862267948747 1.9091808221355453 0.7677270387252512
8144.0 10532852.0 -0.3935100321464724 0.003385478684286375 0.40635019775589826 1.9091808221355453 0.7677270387252512
8145.0 10532852.0 -0.44571043094937246 0.0012897943229633613 0.40894033676523406 1.9091808221355453 0.7677270387252512
8146.0 10532852.0 -0.4979108297522725 -0.0008058900383596523 0.41172126976161133 1.9091808221355453 0.7677270387252512
8147.0 10532852.0 -0.5560174213705706 -0.0033068397422254814 0.4152590801435104 1.9091808221355453 0.7677270387252512
8148.0 10532852.0 -0.5956685698091497 -0.0009755460081881939 0.4194353839323971 1.9091808221355453 0.7677270387252512
8149.0 10532852.0 -0.6326492604988718 1.554716024146363e-05 0.4229584673004736 1.9091808221355453 0.7677270387252512
8150.0 10532852.0 -0.6630034583320985 -0.0004586030663217555 0.42712234859258014 1.9091808221355453 0.7677270387252512
8151.0 10532852.0 -0.6933576561653252 -0.0009327532928849747 0.4318268005246362 1.9091808221355453 0.7677270387252512
8152.0 10532852.0 -0.7262572643907252 -0.0010418399690406421 0.4357954270107638 1.9091808221355453 0.7677270387252512
8153.0 10532852.0 -0.7699836582906707 -0.0027516138860610717 0.4403351645544001 1.9091808221355453 0.7677270387252512
8154.0 10532852.0 -0.81239342410819 -0.006410488655052199 0.44416484056959854 1.9091808221355453 0.7677270387252512
8155.0 10532852.0 -0.8576317139504861 -0.006223431435201071 0.44858736116431575 1.9091808221355453 0.7677270387252512
8156.0 10532852.0 -0.8966835053413622 -0.011563998180290663 0.4523181545911747 1.9091808221355453 0.7677270387252512
8157.0 10532852.0 -0.9294091297617955 -0.009509260173967832 0.4566572589538659 1.9091808221355453 0.7677270387252512
8158.0 10532852.0 -0.981776393351246 -0.016454123229752843 0.4603176835074062 1.9091808221355453 0.7677270387252512
8159.0 10532852.0 -1.0285957354004533 -0.014580748044032782 0.4645974254552709 1.9091808221355453 0.7677270387252512
8160.0 10532852.0 -1.0716842887309619 -0.019768848751171603 0.4682077725820885 1.9091808221355453 0.7677270387252512
8161.0 10532852.0 -1.116638376727695 -0.021425785383128476 0.47125342501818335 1.9091808221355453 0.7677270387252512
8162.0 10532852.0 -1.156674369746688 -0.024340234488437834 0.4750145514379342 1.9091808221355453 0.7677270387252512
8163.0 10532852.0 -1.201274914649227 -0.027631184385737334 0.478187399798946 1.9091808221355453 0.7677270387252512
8164.0 10532852.0 -1.22299095251997 -0.024502067292368618 0.4808639827238468 1.9091808221355453 0.7677270387252512
8165.0 10532852.0 -1.2661696613108215 -0.02779027775440593 0.4843137658276107 1.9091808221355453 0.7677270387252512
8166.0 10532852.0 -1.3229540723602684 -0.03574203080312979 0.48841581281891255 1.9091808221355453 0.7677270387252512
8167.0 10532852.0 -1.3719209254383238 -0.036085223707344044 0.49306810306104415 1.9091808221355453 0.7677270387252512
8168.0 10532852.0 -1.405904621812254 -0.04086095926891556 0.4981845729723111 1.9091808221355453 0.7677270387252512
8169.0 10532852.0 -1.440863438101487 -0.045901834257490864 0.5036926201815921 1.9091808221355453 0.7677270387252512
8170.0 10532852.0 -1.4727891149239098 -0.045742166314090255 0.5083391533693113 1.9091808221355453 0.7677270387252512
8171.0 10532852.0 -1.5115764866009835 -0.049180078952726386 0.5134507666901247 1.9091808221355453 0.7677270387252512
8172.0 10532852.0 -1.5374013113392258 -0.053994832695478584 0.5183587945862997 1.9091808221355453 0.7677270387252512
8173.0 10532852.0 -1.563226136077468 -0.05880958643823078 0.5230950798677108 1.9091808221355453 0.7677270387252512
8174.0 10532852.0 -1.602564241702255 -0.06230062835614117 0.5270905624637795 1.9091808221355453 0.7677270387252512
8175.0 10532852.0 -1.636949677976195 -0.06694403759210835 0.5304611113703939 1.9091808221355453 0.7677270387252512
8176.0 10532852.0 -1.6757029227859028 -0.07027551221115916 0.5344963171946446 1.9091808221355453 0.7677270387252512
8177.0 10532852.0 -1.7146167426268242 -0.07355428222051089 0.5379003762170776 1.9091808221355453 0.7677270387252512
8178.0 10532852.0 -1.7578731768049065 -0.0835911649071879 0.5407720061495284 1.9091808221355453 0.7677270387252512
8179.0 10532852.0 -1.8147541309655844 -0.08911281930426648 0.5431944842601487 1.9091808221355453 0.7677270387252512
8180.0 10532852.0 -1.841935053992934 -0.0934538715386341 0.5458339847583454 1.9091808221355453 0.7677270387252512
8181.0 10532852.0 -1.8691159770202839 -0.09779492377300172 0.54865656315858 1.9091808221355453 0.7677270387252512
8182.0 10532852.0 -1.9144088702866309 -0.10319234049734452 0.5510376618903544 1.9091808221355453 0.7677270387252512
8183.0 10532852.0 -1.9552324581633724 -0.11121991855707228 0.5530463328169136 1.9091808221355453 0.7677270387252512
8184.0 10532852.0 -1.9921820309219986 -0.12098196032515976 0.5559326720833616 1.9091808221355453 0.7677270387252512
8185.0 10532852.0 -2.0284507289627527 -0.13680860805628317 0.5583675588402053 1.9091808221355453 0.7677270387252512
8186.0 10532852.0 -2.0829535049183407 -0.1622099084017973 0.5628052941798258 1.9091808221355453 0.7677270387252512
8187.0 10532852.0 -2.104397293827091 -0.17073463502750988 0.5665489230506444 1.9091808221355453 0.7677270387252512
8188.0 10532852.0 -2.1575552967213305 -0.20288489104239263 0.5697070106899216 1.9091808221355453 0.7677270387252512
8189.0 10532852.0 -2.19375704638336 -0.2293654138966478 0.5723711416392003 1.9091808221355453 0.7677270387252512
8190.0 10532852.0 -2.2250406233109103 -0.25710430752672697 0.5758104203842185 1.9091808221355453 0.7677270387252512
8191.0 10532852.0 -2.256108907970737 -0.2868998701246015 0.5787117613203756 1.9091808221355453 0.7677270387252512
8192.0 10532852.0 -2.2827934663848692 -0.31415694015784823 0.5811593033348216 1.9091808221355453 0.7677270387252512
8193.0 10532852.0 -2.311740562821468 -0.3537599863846199 0.5832240251459762 1.9091808221355453 0.7677270387252512
8194.0 10532852.0 -2.3366754184486638 -0.39467564942005684 0.5849658036863633 1.9091808221355453 0.7677270387252512
8195.0 10532852.0 -2.36995707196248 -0.4529572517374131 0.5864351505336545 1.9091808221355453 0.7677270387252512
8196.0 10532852.0 -2.385337720206495 -0.4929092166567499 0.5876746767464214 1.9091808221355453 0.7677270387252512
8197.0 10532852.0 -2.4035460291989246 -0.538245506344826 0.5887203285848344 1.9091808221355453 0.7677270387252512
8198.0 10532852.0 -2.4193609382922965 -0.5865848147335465 0.5907942746404119 1.9091808221355453 0.7677270387252512
8199.0 10532852.0 -2.4315936454425344 -0.6413539513871134 0.5925438346605612 1.9091808221355453 0.7677270387252512
8200.0 10532852.0 -2.4474979425792283 -0.7171217306575587 0.5952115905740709 1.9091808221355453 0.7677270387252512
8201.0 10532852.0 -2.453511712759476 -0.76971915322416 0.5974620826142286 1.9091808221355453 0.7677270387252512
8202.0 10532852.0 -2.458054593984916 -0.8199935808604844 0.5993605750501989 1.9091808221355453 0.7677270387252512
8203.0 10532852.0 -2.4592028129391794 -0.8408830307358445 0.6021539688508292 1.9091808221355453 0.7677270387252512
8204.0 10532852.0 -2.4572791374242464 -0.8936623422484187 0.6051063700922356 1.9091808221355453 0.7677270387252512
8205.0 10532852.0 -2.455355461909313 -0.9464416537609928 0.608192908410419 1.9091808221355453 0.7677270387252512
8206.0 10532852.0 -2.45343178639438 -0.9992209652735669 0.6113926034166066 1.9091808221355453 0.7677270387252512
8207.0 10532852.0 -2.451508110879447 -1.0520002767861412 0.6146877562659779 1.9091808221355453 0.7677270387252512
8208.0 10532852.0 -2.4495844353645135 -1.1047795882987153 0.6180634363911647 1.9091808221355453 0.7677270387252512
8209.0 10532852.0 -2.4476607598495805 -1.1575588998112893 0.6215070485157974 1.9091808221355453 0.7677270387252512
8210.0 10532852.0 -2.4353734671915888 -1.2052769132305583 0.6256038897355924 1.9091808221355453 0.7677270387252512
8211.0 10532852.0 -2.414899327792831 -1.2556729268356874 0.6296558661018218 1.9091808221355453 0.7677270387252512
8212.0 10532852.0 -2.394425188394073 -1.3060689404408168 0.633669994929106 1.9091808221355453 0.7677270387252512
8213.0 10532852.0 -2.38758113755397 -1.3296895337923005 0.6370562736093344 1.9091808221355453 0.7677270387252512
8214.0 10532852.0 -2.3515188257229074 -1.3905590243818906 0.6399129042242333 1.9091808221355453 0.7677270387252512
8215.0 10532852.0 -2.318147860061681 -1.4379290845268236 0.642322729061635 1.9091808221355453 0.7677270387252512
8216.0 10532852.0 -2.3025625196779362 -1.460903616364815 0.6443556330418242 1.9091808221355453 0.7677270387252512
8217.0 10532852.0 -2.2452464644099557 -1.5233496414716006 0.6460705703802263 1.9091808221355453 0.7677270387252512
8218.0 10532852.0 -2.2029804083811086 -1.566617922108586 0.6475172742596549 1.9091808221355453 0.7677270387252512
8219.0 10532852.0 -2.158350136520934 -1.5985853926388094 0.6487376990926135 1.9091808221355453 0.7677270387252512
8220.0 10532852.0 -2.11371986466076 -1.630552863169033 0.6497672371992579 1.9091808221355453 0.7677270387252512
8221.0 10532852.0 -2.0690895928005855 -1.6625203336992562 0.6506357451846808 1.9091808221355453 0.7677270387252512
8222.0 10532852.0 -2.0197235693133484 -1.6854426127444915 0.6513684097804595 1.9091808221355453 0.7677270387252512
8223.0 10532852.0 -1.9791430806417913 -1.708061594124181 0.6531783229480758 1.9091808221355453 0.7677270387252512
8224.0 10532852.0 -1.9200934058429235 -1.7285418848764913 0.6547051474811861 1.9091808221355453 0.7677270387252512
8225.0 10532852.0 -1.8659957747950655 -1.746233778799595 0.6571850059794552 1.9091808221355453 0.7677270387252512
8226.0 10532852.0 -1.817034893630382 -1.7622453720190385 0.6592769896511284 1.9091808221355453 0.7677270387252512
8227.0 10532852.0 -1.7616462114830032 -1.773815759609358 0.6622336107108885 1.9091808221355453 0.7677270387252512
8228.0 10532852.0 -1.7177950676439027 -1.7841246448313135 0.6647277864812644 1.9091808221355453 0.7677270387252512
8229.0 10532852.0 -1.6739439238048022 -1.794433530053269 0.6668318480595969 1.9091808221355453 0.7677270387252512
8230.0 10532852.0 -1.636133396778325 -1.8006636031811083 0.6686068132316578 1.9091808221355453 0.7677270387252512
8231.0 10532852.0 -1.5983228697518477 -1.8068936763089478 0.6701041559874368 1.9091808221355453 0.7677270387252512
8232.0 10532852.0 -1.5478429921578634 -1.8182592160455842 0.6713672992668515 1.9091808221355453 0.7677270387252512
8233.0 10532852.0 -1.4863419605223853 -1.8312418312677041 0.673624718913209 1.9091808221355453 0.7677270387252512
8234.0 10532852.0 -1.4334027891296544 -1.8378025902413373 0.6755290554080495 1.9091808221355453 0.7677270387252512
8235.0 10532852.0 -1.3599616042767033 -1.8509494030805727 0.6759436898215193 1.9091808221355453 0.7677270387252512
8236.0 10532852.0 -1.3065866247312432 -1.8575348757662142 0.6762934712398132 1.9091808221355453 0.7677270387252512
8237.0 10532852.0 -1.2529933676550862 -1.8637239822122837 0.6765885433240617 1.9091808221355453 0.7677270387252512
8238.0 10532852.0 -1.1998022263548267 -1.8705990600431768 0.6768374631647079 1.9091808221355453 0.7677270387252512
8239.0 10532852.0 -1.153293338802677 -1.872368325872788 0.6770474494371307 1.9091808221355453 0.7677270387252512
8240.0 10532852.0 -1.1011914663449236 -1.8787697405996544 0.676032747055026 1.9091808221355453 0.7677270387252512
8241.0 10532852.0 -1.0431350054338318 -1.8832619166746263 0.6751767543375171 1.9091808221355453 0.7677270387252512
8242.0 10532852.0 -0.995366039684167 -1.8866104550464413 0.6744546474957962 1.9091808221355453 0.7677270387252512
8243.0 10532852.0 -0.9135805328077344 -1.8932507028807242 0.6738454854314534 1.9091808221355453 0.7677270387252512
8244.0 10532852.0 -0.8895408397035165 -1.894449587242333 0.6733316024446226 1.9091808221355453 0.7677270387252512
8245.0 10532852.0 -0.8320802583292122 -1.898044338251416 0.672898095928686 1.9091808221355453 0.7677270387252512
8246.0 10532852.0 -0.7671888512657972 -1.903366570521045 0.6725323941946812 1.9091808221355453 0.7677270387252512
8247.0 10532852.0 -0.7168593595898891 -1.9032275327863684 0.6722238918923222 1.9091808221355453 0.7677270387252512
8248.0 10532852.0 -0.6599826992285733 -1.9053449692561661 0.6719636424548405 1.9091808221355453 0.7677270387252512
8249.0 10532852.0 -0.5938094423527065 -1.9002194595976734 0.6717440986485492 1.9091808221355453 0.7677270387252512
8250.0 10532852.0 -0.5387791416600194 -1.9017325361068622 0.6703670490148617 1.9091808221355453 0.7677270387252512
8251.0 10532852.0 -0.4893330176345809 -1.9013033159862214 0.6692053838026051 1.9091808221355453 0.7677270387252512
8252.0 10532852.0 -0.435136624563508 -1.8985709028828974 0.668225414720624 1.9091808221355453 0.7677270387252512
8253.0 10532852.0 -0.4120896801092836 -1.9000863581706375 0.6673987226655411 1.9091808221355453 0.7677270387252512
8254.0 10532852.0 -0.3890427356550592 -1.9016018134583776 0.6667013335677588 1.9091808221355453 0.7677270387252512
8255.0 10532852.0 -0.3280113916490037 -1.8997004755522824 0.6661130231434416 1.9091808221355453 0.7677270387252512
8256.0 10532852.0 -0.28240445580408347 -1.894977730288512 0.6644248857020799 1.9091808221355453 0.7677270387252512
8257.0 10532852.0 -0.21239565179108166 -1.8965934773645323 0.6630007899460786 1.9091808221355453 0.7677270387252512
8258.0 10532852.0 -0.17992530693723086 -1.8964561897645746 0.6617994370985135 1.9091808221355453 0.7677270387252512
8259.0 10532852.0 -0.10327071155910794 -1.8915974191929248 0.6607859879268053 1.9091808221355453 0.7677270387252512
8260.0 10532852.0 -0.06322845240251396 -1.8886767101334168 0.6587392077167702 1.9091808221355453 0.7677270387252512
8261.0 10532852.0 -0.013381989445646836 -1.8883753204269256 0.6570125645305214 1.9091808221355453 0.7677270387252512
8262.0 10532852.0 0.04642241154508664 -1.8847850924119585 0.6555559857156578 1.9091808221355453 0.7677270387252512
8263.0 10532852.0 0.08367381358731973 -1.8863257760663241 0.6543272304865482 1.9091808221355453 0.7677270387252512
8264.0 10532852.0 0.1447070246038088 -1.8803324822327183 0.6520988202533443 1.9091808221355453 0.7677270387252512
8265.0 10532852.0 0.19423197962042238 -1.879924733482111 0.6502189558074875 1.9091808221355453 0.7677270387252512
8266.0 10532852.0 0.26430526972040735 -1.870458790354542 0.6486331210800477 1.9091808221355453 0.7677270387252512
8267.0 10532852.0 0.3141854866718097 -1.8700495470483216 0.646103482175725 1.9091808221355453 0.7677270387252512
8268.0 10532852.0 0.37328024749174227 -1.863187583205967 0.6439695042544984 1.9091808221355453 0.7677270387252512
8269.0 10532852.0 0.42373701096058203 -1.8582930005917364 0.640977457268448 1.9091808221355453 0.7677270387252512
8270.0 10532852.0 0.4521711947378915 -1.8555494327734858 0.6384533965431826 1.9091808221355453 0.7677270387252512
8271.0 10532852.0 0.5140027418443598 -1.853903098908082 0.6363241243176695 1.9091808221355453 0.7677270387252512
8272.0 10532852.0 0.5847381652939627 -1.8467536237613573 0.6345278916973688 1.9091808221355453 0.7677270387252512
8273.0 10532852.0 0.6430923898489241 -1.8475918833454075 0.6330126079362918 1.9091808221355453 0.7677270387252512
8274.0 10532852.0 0.694523461181438 -1.842429788684838 0.6317343298053673 1.9091808221355453 0.7677270387252512
8275.0 10532852.0 0.7377841748761902 -1.843243436838373 0.6306559872387983 1.9091808221355453 0.7677270387252512
8276.0 10532852.0 0.7808972722489455 -1.8417888291124456 0.6297463083021546 1.9091808221355453 0.7677270387252512
8277.0 10532852.0 0.8240103696217007 -1.840334221386518 0.6289789123062733 1.9091808221355453 0.7677270387252512
8278.0 10532852.0 0.9008306106286901 -1.8390247929048131 0.628331544767274 1.9091808221355453 0.7677270387252512
8279.0 10532852.0 0.9282813919877775 -1.8392877557089828 0.6277854320265257 1.9091808221355453 0.7677270387252512
8280.0 10532852.0 0.9557321733468648 -1.8395507185131525 0.6273247368145466 1.9091808221355453 0.7677270387252512
8281.0 10532852.0 1.0224234498604385 -1.8404223151429806 0.6269360989701893 1.9091808221355453 0.7677270387252512
8282.0 10532852.0 1.0791358401286804 -1.8424733891788443 0.6266082479959675 1.9091808221355453 0.7677270387252512
8283.0 10532852.0 1.120295591505676 -1.8456360789665125 0.6263316762136287 1.9091808221355453 0.7677270387252512
8284.0 10532852.0 1.1873425893807754 -1.8456878452051615 0.6260983630414851 1.9091808221355453 0.7677270387252512
8285.0 10532852.0 1.2371174530505082 -1.845588811107895 0.6259015423975447 1.9091808221355453 0.7677270387252512
8286.0 10532852.0 1.2827605467459842 -1.8499811690847696 0.6245436617949287 1.9091808221355453 0.7677270387252512
8287.0 10532852.0 1.331594710238702 -1.8500415930001688 0.6233981673843657 1.9091808221355453 0.7677270387252512
8288.0 10532852.0 1.3901073933579688 -1.8517437116770343 0.6224318398279494 1.9091808221355453 0.7677270387252512
8289.0 10532852.0 1.4453651207452238 -1.8498124037412706 0.6204248109383392 1.9091808221355453 0.7677270387252512
8290.0 10532852.0 1.4942679277085427 -1.8496605823730061 0.618731701565941 1.9091808221355453 0.7677270387252512
8291.0 10532852.0 1.5415505000707919 -1.8544699184246656 0.6173034115389551 1.9091808221355453 0.7677270387252512
8292.0 10532852.0 1.5898351786577416 -1.8521297061611088 0.6160985204465989 1.9091808221355453 0.7677270387252512
8293.0 10532852.0 1.6393212455926132 -1.8542701766386291 0.615082086447194 1.9091808221355453 0.7677270387252512
8294.0 10532852.0 1.6881991055843169 -1.8569126463147814 0.6142246329547577 1.9091808221355453 0.7677270387252512
8295.0 10532852.0 1.7275731181970797 -1.8532975240757945 0.6146931385062137 1.9091808221355453 0.7677270387252512
8296.0 10532852.0 1.771277971385068 -1.8568204081238824 0.6150883650743497 1.9091808221355453 0.7677270387252512
8297.0 10532852.0 1.8109152795859607 -1.8537581203507087 0.615421774229642 1.9091808221355453 0.7677270387252512
8298.0 10532852.0 1.8506903688297964 -1.8502733519483086 0.6157030348375938 1.746861674321038 1.0875893105342198
8299.0 10532852.0 1.884064020820875 -1.8500720022665376 0.6147484587676316 1.746861674321038 1.0875893105342198
8300.0 10532852.0 1.9240688836180408 -1.845610531427521 0.6139431880019308 1.746861674321038 1.0875893105342198
8301.0 10532852.0 1.9501195088542507 -1.8407692195360332 0.612965908516235 1.746861674321038 1.0875893105342198
8302.0 10532852.0 1.9761701340904607 -1.8359279076445452 0.6118435242054588 1.746861674321038 1.0875893105342198
8303.0 10532852.0 2.003924832869008 -1.829131216128228 0.6100028085804878 1.746861674321038 1.0875893105342198
8304.0 10532852.0 2.0316795316475558 -1.822334524611911 0.6075561158881978 1.746861674321038 1.0875893105342198
8305.0 10532852.0 2.0685904057533437 -1.812656840833831 0.6054921105566655 1.746861674321038 1.0875893105342198
8306.0 10532852.0 2.0961215689944446 -1.8001504857611954 0.6025590917430723 1.746861674321038 1.0875893105342198
8307.0 10532852.0 2.1413424429230066 -1.7775319385466182 0.5988929819018239 1.746861674321038 1.0875893105342198
8308.0 10532852.0 2.1762185615276377 -1.7550406007771728 0.5958002885357285 1.746861674321038 1.0875893105342198
8309.0 10532852.0 2.1889518683973117 -1.7486839387236783 0.591999478848965 1.746861674321038 1.0875893105342198
8310.0 10532852.0 2.22830785534929 -1.7124687243309322 0.5887931540488215 1.746861674321038 1.0875893105342198
8311.0 10532852.0 2.2514741955356943 -1.690476724986601 0.5860883307160938 1.746861674321038 1.0875893105342198
8312.0 10532852.0 2.272740377751761 -1.661789914598607 0.5826147242859285 1.746861674321038 1.0875893105342198
8313.0 10532852.0 2.284935653769443 -1.6532716365366888 0.5796844248600552 1.746861674321038 1.0875893105342198
8314.0 10532852.0 2.313902211369829 -1.614599151530931 0.5760206090669193 1.746861674321038 1.0875893105342198
8315.0 10532852.0 2.328696471981204 -1.5926776294671987 0.572929850936724 1.746861674321038 1.0875893105342198
8316.0 10532852.0 2.3430925016287443 -1.5649020836629002 0.5703225184836938 1.746861674321038 1.0875893105342198
8317.0 10532852.0 2.36800030248797 -1.5239700527355515 0.5669311543784864 1.746861674321038 1.0875893105342198
8318.0 10532852.0 2.377851793430473 -1.501953597905038 0.5640702337502551 1.746861674321038 1.0875893105342198
8319.0 10532852.0 2.3921787662674037 -1.474389123797762 0.5616567899007812 1.746861674321038 1.0875893105342198
8320.0 10532852.0 2.39851964673437 -1.4549647911657668 0.5596208329584299 1.746861674321038 1.0875893105342198
8321.0 10532852.0 2.4063768249676185 -1.4308955085591777 0.556711475483669 1.746861674321038 1.0875893105342198
8322.0 10532852.0 2.4221256436221013 -1.382651373425128 0.5530653261097301 1.746861674321038 1.0875893105342198
8323.0 10532852.0 2.430573183262126 -1.3486117608468213 0.5499894711929735 1.746861674321038 1.0875893105342198
8324.0 10532852.0 2.4401189771831047 -1.31936969184144 0.5462028662526088 1.746861674321038 1.0875893105342198
8325.0 10532852.0 2.444883726397796 -1.2884500765691864 0.5418166797453656 1.746861674321038 1.0875893105342198
8326.0 10532852.0 2.4481575617446136 -1.2784212095625909 0.538116536950738 1.746861674321038 1.0875893105342198
8327.0 10532852.0 2.4526784330759117 -1.2479768528219526 0.5346971725556308 1.746861674321038 1.0875893105342198
8328.0 10532852.0 2.45719930440721 -1.2175324960813145 0.5315146699925857 1.746861674321038 1.0875893105342198
8329.0 10532852.0 2.460273322164044 -1.1907043996615352 0.5279360593431724 1.746861674321038 1.0875893105342198
8330.0 10532852.0 2.4633473399208774 -1.163876303241756 0.524023295898558 1.746861674321038 1.0875893105342198
8331.0 10532852.0 2.4716336485513777 -1.1314194698117042 0.5207225280350017 1.746861674321038 1.0875893105342198
8332.0 10532852.0 2.467789206575832 -1.116263268307576 0.5167461887962563 1.746861674321038 1.0875893105342198
8333.0 10532852.0 2.466899852562065 -1.0670266651105644 0.5121999443443982 1.746861674321038 1.0875893105342198
8334.0 10532852.0 2.4682423674850114 -1.045503340840613 0.5083647782785276 1.746861674321038 1.0875893105342198
8335.0 10532852.0 2.460136486784443 -0.9832804763142008 0.50393762609453 1.746861674321038 1.0875893105342198
8336.0 10532852.0 2.46083522704399 -0.9648178397328036 0.49960700272317166 1.746861674321038 1.0875893105342198
8337.0 10532852.0 2.4615339673035375 -0.9463552031514063 0.4953578100866832 1.746861674321038 1.0875893105342198
8338.0 10532852.0 2.451289607502199 -0.8947653425531493 0.4905813892545044 1.746861674321038 1.0875893105342198
8339.0 10532852.0 2.442507955708119 -0.8522973938506991 0.48536020402250196 1.746861674321038 1.0875893105342198
8340.0 10532852.0 2.4303809959577722 -0.8051159056299816 0.47976382001894785 1.746861674321038 1.0875893105342198
8341.0 10532852.0 2.420036645956404 -0.768796242343501 0.4750427667959432 1.746861674321038 1.0875893105342198
8342.0 10532852.0 2.4099903520721213 -0.7329242745525263 0.46986828912181666 1.746861674321038 1.0875893105342198
8343.0 10532852.0 2.3927412443600575 -0.7000743274437186 0.46550315183222285 1.746861674321038 1.0875893105342198
8344.0 10532852.0 2.3822596095567556 -0.6641769062971034 0.4606289212575593 1.746861674321038 1.0875893105342198
8345.0 10532852.0 2.3686073474884495 -0.637991538714885 0.4565170693993649 1.746861674321038 1.0875893105342198
8346.0 10532852.0 2.34622163918059 -0.5868760913382232 0.4518565078655479 1.746861674321038 1.0875893105342198
8347.0 10532852.0 2.3321906242334967 -0.5618518909760004 0.44792490505983173 1.746861674321038 1.0875893105342198
