18665.0 11322591.0 0.03659220470794833 0.0013586941484706738 0.3048 0.0 0.0
18666.0 11322591.0 0.04605662059951576 0.005859307826562604 0.3048 0.0 0.0
18667.0 11322591.0 0.058512700560167365 0.005020481486402477 0.3048 0.0 0.0
18668.0 11322591.0 0.07096878052081897 0.004181655146242348 0.3048 0.0 0.0
18669.0 11322591.0 0.08342486048147058 0.003342828806082221 0.3048 0.0 0.0
18670.0 11322591.0 0.10043359410712054 0.0028464594118411215 0.3048 0.0 0.0
18671.0 11322591.0 0.1174423277327705 0.002350090017600022 0.3048 0.0 0.0
18672.0 11322591.0 0.13445106135842044 0.0018537206233589232 0.3048 0.0 0.0
18673.0 11322591.0 0.15595194521301547 0.0024205905600208077 0.3048 0.0 0.0
18674.0 11322591.0 0.1778540273399576 0.002856398020411849 0.3048 0.0 0.0
18675.0 11322591.0 0.1983071905431908 -0.0011410497872235137 0.3048 0.0 0.0
18676.0 11322591.0 0.22534292939151454 -0.0013020685530652498 0.3048 0.0 0.0
18677.0 11322591.0 0.2523786682398383 -0.001463087318906986 0.3048 0.0 0.0
18678.0 11322591.0 0.279414407088162 -0.001624106084748722 0.3048 0.0 0.0
18679.0 11322591.0 0.3064501459364858 -0.0017851248505904582 0.3048 0.0 0.0
18680.0 11322591.0 0.33806003173710314 -0.0019899837412006203 0.3048 0.0 0.0
18681.0 11322591.0 0.36966991753772055 -0.002194842631810782 0.3048 0.0 0.0
18682.0 11322591.0 0.4012798033383379 -0.002399701522420944 0.3048 0.0 0.0
18683.0 11322591.0 0.43338608581816274 -0.003078061408478716 0.3048 0.0 0.0
18684.0 11322591.0 0.465721809853427 -0.0035976073578306428 0.3048 0.0 0.0
18685.0 11322591.0 0.5007857873607273 -0.005008548225895484 0.3048 0.0 0.0
18686.0 11322591.0 0.5369489181859043 -0.0016963951345643768 0.3048 0.0 0.0
18687.0 11322591.0 0.5731120490110813 0.0016157579567667307 0.3048 0.0 0.0
18688.0 11322591.0 0.605209563941109 -0.008872566230966314 0.3048 0.0 0.0
18689.0 11322591.0 0.6434831393363886 -0.01133152167666343 0.3048 0.0 0.0
18690.0 11322591.0 0.6817567147316681 -0.013790477122360548 0.3048 0.0 0.0
18691.0 11322591.0 0.7300367534704485 -0.007368664698227459 0.3048 0.0 0.0
18692.0 11322591.0 0.7730191532764076 -0.0008512159671179159 0.3048 0.0 0.0
18693.0 11322591.0 0.8128284100421551 -0.0040448510018194495 0.3095681368375299 0.0 0.0
18694.0 11322591.0 0.8510016873351205 -0.0027315559465722825 0.3112062269704901 0.0 0.0
18695.0 11322591.0 0.8891749646280859 -0.0014182608913251155 0.31020414791046125 0.0 0.0
18696.0 11322591.0 0.9259904870861083 -0.00561923024220852 0.3141264883062892 0.0 0.0
18697.0 11322591.0 0.9671790797934793 -0.0045896550577727985 0.3174352453569358 0.0 0.0
18698.0 11322591.0 1.0074378097850911 -0.00477481109823541 0.32022642557700937 0.0 0.0
18699.0 11322591.0 1.0483417029522921 -0.008149473933211727 0.3225810047455545 0.0 0.0
18700.0 11322591.0 1.0892455961194933 -0.011524136768188045 0.3245672846001934 0.0 0.0
18701.0 11322591.0 1.1369038482092675 -0.006999634039925567 0.3262428786279154 0.0 0.0
18702.0 11322591.0 1.180568376560651 -0.006544138646661771 0.32765638588198154 0.0 0.0
18703.0 11322591.0 1.2239695438416622 -0.005535067319820272 0.3288488021708902 0.0 0.0
18704.0 11322591.0 1.2452562895691022 -0.006297120276641359 0.3298547100272585 0.0 0.0
18705.0 11322591.0 1.266543035296542 -0.007059173233462446 0.3307032822558839 0.0 0.0
18706.0 11322591.0 1.3081039095260976 -0.013042058221784697 0.33618651619216794 0.0 0.0
18707.0 11322591.0 1.3963633623990657 -0.009278552961152473 0.34081211297352976 0.0 0.0
18708.0 11322591.0 1.4762938864938389 -0.055480959857248685 0.34471421735437385 0.0 0.0
18709.0 11322591.0 1.4943268886389276 -0.04513268926647823 0.34800599183121167 0.0 0.0
18710.0 11322591.0 1.5123598907840163 -0.03478441867570778 0.3507828987460443 0.0 0.0
18711.0 11322591.0 1.553754510849608 -0.03311807001838357 0.3531254689290014 0.0 0.0
18712.0 11322591.0 1.5960048263787399 -0.03698790652704649 0.3574853272008182 0.0 0.0
18713.0 11322591.0 1.6382551419078717 -0.04085774303570941 0.3635469491259761 0.0 0.0
18714.0 11322591.0 1.6769960289681376 -0.045683814572400644 0.3686604719499493 0.0 0.0
18715.0 11322591.0 1.7138711572032628 -0.03827639473523308 0.372974188084758 0.0 0.0
18716.0 11322591.0 1.750746285438388 -0.030868974898065518 0.3766131954484709 0.0 0.0
18717.0 11322591.0 1.8223064116455028 -0.015688786752514755 0.3796830253447814 0.0 0.0
18718.0 11322591.0 1.8619647979182585 -0.03564994280480907 0.38227270289480025 0.0 0.0
18719.0 11322591.0 1.9064556176120042 -0.03265647184946585 0.38445732877996686 0.0 0.0
18720.0 11322591.0 1.9488612336726878 -0.03523161069205327 0.38630025717045524 0.0 0.0
18721.0 11322591.0 1.9912668497333716 -0.03780674953464069 0.38785493300129864 0.0 0.0
18722.0 11322591.0 2.033077568097232 -0.046553867682733174 0.38916644187862093 0.0 0.0
18723.0 11322591.0 2.074888286461092 -0.055300985830825655 0.3902728175640844 0.0 0.0
18724.0 11322591.0 2.117069189448385 -0.059378964822429686 0.39120614495510087 0.0 0.0
18725.0 11322591.0 2.159623627306436 -0.070471065457373 0.3967608693145413 0.0 0.0
18726.0 11322591.0 2.199869012354438 -0.07122967475913211 0.4014467788744276 0.0 0.0
18727.0 11322591.0 2.248404357815609 -0.0718912870247346 0.4053997650158635 0.0 0.0
18728.0 11322591.0 2.2881157928588154 -0.08217110944933537 0.40873446433927224 0.0 0.0
18729.0 11322591.0 2.326476050774965 -0.08978994886590405 0.4115475831264264 0.0 0.0
18730.0 11322591.0 2.3684645903952792 -0.09853469650879132 0.4139207018229901 0.0 0.0
18731.0 11322591.0 2.4104531300155934 -0.10727944415167859 0.415922640871666 0.0 0.0
18732.0 11322591.0 2.452214860549265 -0.10339174228756434 0.41761145650516734 0.0 0.0
18733.0 11322591.0 2.4928564589392748 -0.11163769890351247 0.4238035031307971 0.0 0.0
18734.0 11322591.0 2.534256315280322 -0.11756084962074773 0.42902705134651054 0.0 0.0
18735.0 11322591.0 2.575656171621369 -0.12348400033798299 0.4334335840508468 0.0 0.0
18736.0 11322591.0 2.620278687929923 -0.12823935256357685 0.43715089069240193 0.0 0.0
18737.0 11322591.0 2.6635915625967987 -0.13700595067494883 0.44028677316388315 0.0 0.0
18738.0 11322591.0 2.7050140437169925 -0.14340288142924204 0.44293217205702484 0.0 0.0
18739.0 11322591.0 2.7480059704672213 -0.15206417409902015 0.4451638039397649 0.0 0.0
18740.0 11322591.0 2.790951640088414 -0.1614109986514806 0.4470463861367249 0.0 0.0
18741.0 11322591.0 2.8338402320696696 -0.17038846902413377 0.4486345135316301 0.0 0.0
18742.0 11322591.0 2.878767997268228 -0.182367649569827 0.4547416205718011 0.0 0.0
18743.0 11322591.0 2.9215986028405982 -0.19261047716918744 0.4598935146085216 0.0 0.0
18744.0 11322591.0 2.9644292084129686 -0.20285330476854788 0.4642396005688696 0.0 0.0
18745.0 11322591.0 3.0108388523088205 -0.21029222097619768 0.467905914945703 0.0 0.0
18746.0 11322591.0 3.0540141355407404 -0.2194785598404284 0.4709987808559547 0.0 0.0
18747.0 11322591.0 3.0971894187726603 -0.22866489870465914 0.47360789141102483 0.0 0.0
18748.0 11322591.0 3.1199807784521525 -0.233650745438598 0.4758089108170121 0.0 0.0
18749.0 11322591.0 3.1427721381316447 -0.23863659217253688 0.4776656686366912 0.0 0.0
18750.0 11322591.0 3.2306421977749915 -0.2673159559994691 0.4792320108468334 0.0 0.0
18751.0 11322591.0 3.2719693359038535 -0.28080404467580977 0.48055336137153326 0.0 0.0
18752.0 11322591.0 3.3152137823627688 -0.28977764302656106 0.4840517287524164 0.0 0.0
18753.0 11322591.0 3.358458228821684 -0.29875124137731235 0.48938660564352804 0.0 0.0
18754.0 11322591.0 3.4001867880301555 -0.3123695235122862 0.49388705409830125 0.0 0.0
18755.0 11322591.0 3.440315560242962 -0.3268086772214 0.4976835871219248 0.0 0.0
18756.0 11322591.0 3.480444332455768 -0.3412478309305138 0.5008863041720839 0.0 0.0
18757.0 11322591.0 3.523333546333358 -0.3502211028880715 0.5035880840432333 0.0 0.0
18758.0 11322591.0 3.564982162745345 -0.36381222079357756 0.5058672783516364 0.0 0.0
18759.0 11322591.0 3.603213429831839 -0.37862417443933694 0.5125573624850539 0.0 0.0
18760.0 11322591.0 3.64294645959029 -0.39427624227026115 0.5182010501305379 0.0 0.0
18761.0 11322591.0 3.6826794893487413 -0.40992831010118536 0.5229620082298074 0.0 0.0
18762.0 11322591.0 3.725201010932066 -0.4211165227067085 0.5269783045677413 0.0 0.0
18763.0 11322591.0 3.768411531373329 -0.4301930417189953 0.5303664117381397 0.0 0.0
18764.0 11322591.0 3.8110425629168394 -0.4403649990616825 0.5332245848489441 0.0 0.0
18765.0 11322591.0 3.85367359446035 -0.45053695640436975 0.5356357109203679 0.0 0.0
18766.0 11322591.0 3.8978202798439527 -0.456063200757524 0.5376697126084823 0.0 0.0
18767.0 11322591.0 3.9419669652275555 -0.46158944511067823 0.5393855759622427 0.0 0.0
18768.0 11322591.0 3.9864212107464017 -0.4586884494301967 0.5408330610189082 0.0 0.0
18769.0 11322591.0 4.025405985084048 -0.45622216756862854 0.5420541448451219 0.0 0.0
18770.0 11322591.0 4.073679671590951 -0.44977758216109176 0.5430842388718442 0.0 0.0
18771.0 11322591.0 4.119396954881319 -0.4419146651202489 0.54395321582585 0.0 0.0
18772.0 11322591.0 4.163200520652345 -0.43120779629956474 0.5446862760388054 0.0 0.0
18773.0 11322591.0 4.206248859235832 -0.4162827161481507 0.5453046782568861 0.0 0.0
18774.0 11322591.0 4.2492971978193195 -0.4013576359967367 0.5458263561444167 0.0 0.0
18775.0 11322591.0 4.291224133590976 -0.3803427915632833 0.5462664383601352 0.0 0.0
18776.0 11322591.0 4.330950039210834 -0.3579089206560794 0.5514050660411146 0.0 0.0
18777.0 11322591.0 4.3721203896828555 -0.3351283705312574 0.5557399606372864 0.0 0.0
18778.0 11322591.0 4.413290740154876 -0.3123478204064354 0.5593968340919394 0.0 0.0
18779.0 11322591.0 4.4510001068251395 -0.2845249211743284 0.5624817357352586 0.0 0.0
18780.0 11322591.0 4.488709473495404 -0.25670202194222147 0.5650841277149004 0.0 0.0
18781.0 11322591.0 4.525789031615129 -0.2260453304681627 0.5672794793982743 0.0 0.0
18782.0 11322591.0 4.562902787146019 -0.19528288859955492 0.5691314559841981 0.0 0.0
18783.0 11322591.0 4.596824397959621 -0.16137652915469006 0.5706937647936636 0.0 0.0
18784.0 11322591.0 4.6307460087732215 -0.1274701697098252 0.5720117127821455 0.0 0.0
18785.0 11322591.0 4.666472800856703 -0.0941525209546126 0.5731235204413095 0.0 0.0
18786.0 11322591.0 4.701396913254301 -0.0605729737523151 0.5740614301932715 0.0 0.0
18787.0 11322591.0 4.73729541867314 -0.026727132415156923 0.5748526414208384 0.0 0.0
18788.0 11322591.0 4.769811760355419 0.007637915699295034 0.5755200992496096 0.0 0.0
18789.0 11322591.0 4.804848920343011 0.038844663794381645 0.5760831599566194 0.0 0.0
18790.0 11322591.0 4.842213853463463 0.0717452156079191 0.5765581523023713 0.0 0.0
18791.0 11322591.0 4.867927965020685 0.09845889455366982 0.5793425404413003 0.0 0.0
18792.0 11322591.0 4.8936420765779065 0.12517257349942054 0.5840751116294355 0.0 0.0
18793.0 11322591.0 4.947396858836024 0.17784125147685845 0.5880674610548243 0.0 0.0
18794.0 11322591.0 4.976425208902558 0.2083216183001567 0.5914353668508031 0.0 0.0
18795.0 11322591.0 5.007393675460279 0.24611214298431547 0.5942764982854551 0.0 0.0
18796.0 11322591.0 5.042156935391092 0.2846507786053988 0.5966732481703855 0.0 0.0
18797.0 11322591.0 5.073848087892325 0.32465865222781265 0.598695122252257 0.0 0.0
18798.0 11322591.0 5.10306811651809 0.3638956349767908 0.6027844442558523 0.0 0.0
18799.0 11322591.0 5.132288145143854 0.4031326177257689 0.6086178445192758 0.0 0.0
18800.0 11322591.0 5.160745177983648 0.4413920287320733 0.6135388422737583 0.0 0.0
18801.0 11322591.0 5.187655702002762 0.48307600704433795 0.6176901464541799 0.0 0.0
18802.0 11322591.0 5.213719450177355 0.5292412055580392 0.6211921448817725 0.0 0.0
18803.0 11322591.0 5.238738421822853 0.5716589324076907 0.6241463955109366 0.0 0.0
18804.0 11322591.0 5.261454085910026 0.6168135634574606 0.6266385716099179 0.0 0.0
18805.0 11322591.0 5.283377726866737 0.659539961338179 0.6287409462855867 0.0 0.0
18806.0 11322591.0 5.306093205339427 0.7046946773844519 0.6305144884035376 0.0 0.0
18807.0 11322591.0 5.326057188019613 0.7495786809402468 0.6320106306851911 -0.6390847452722221 -1.956002787820186
18808.0 11322591.0 5.3460211706997995 0.7944626844960417 0.6332727612567152 -0.6390847452722221 -1.956002787820186
18809.0 11322591.0 5.36665031167538 0.8402978377646865 0.634337481904684 -0.6390847452722221 -1.956002787820186
18810.0 11322591.0 5.384046342661954 0.8852016877130672 0.6352356695278886 -0.6390847452722221 -1.956002787820186
18811.0 11322591.0 5.401947441735393 0.9319265344200566 0.635993371567402 -0.6390847452722221 -1.956002787820186
18812.0 11322591.0 5.419928742219673 0.9786252305897084 0.641399940135187 -0.6390847452722221 -1.956002787820186
18813.0 11322591.0 5.434630897455116 1.023706793284018 0.6459608669668924 -0.6390847452722221 -1.956002787820186
18814.0 11322591.0 5.449436347480083 1.0691050916993312 0.6498084189406376 -0.6390847452722221 -1.956002787820186
18815.0 11322591.0 5.464310661032415 1.1147145484555832 0.6530541750636613 -0.6390847452722221 -1.956002787820186
18816.0 11322591.0 5.478255330869169 1.1574734173195547 0.6557922622635312 -0.6390847452722221 -1.956002787820186
18817.0 11322591.0 5.4930952150172265 1.202977303340486 0.6581020850690434 -0.6390847452722221 -1.956002787820186
18818.0 11322591.0 5.507143180485129 1.2460529109258662 0.6648180070943749 -0.6390847452722221 -1.956002787820186
18819.0 11322591.0 5.5250441311298655 1.2927778393080975 0.6657161125726263 -0.6390847452722221 -1.956002787820186
18820.0 11322591.0 5.540765841595176 1.3363588660556012 0.6688574346918923 -0.6390847452722221 -1.956002787820186
18821.0 11322591.0 5.556487552060488 1.3799398928031048 0.6738911117936317 -0.6390847452722221 -1.956002787820186
18822.0 11322591.0 5.571522519010778 1.4260420829134237 0.6781374711373863 -0.6390847452722221 -1.956002787820186
18823.0 11322591.0 5.58655748596107 1.4721442730237424 0.6817196571441252 -0.6390847452722221 -1.956002787820186
18824.0 11322591.0 5.60159245291136 1.5182464631340613 0.6847415532080436 -0.6390847452722221 -1.956002787820186
18825.0 11322591.0 5.616363449580227 1.563539234134812 0.6872907943149954 -0.6390847452722221 -1.956002787820186
18826.0 11322591.0 5.631134446249094 1.6088320051355625 0.6894413084570821 -0.6390847452722221 -1.956002787820186
18827.0 11322591.0 5.626152556606725 1.6110832199612746 0.6912484445344862 -0.6390847452722221 -1.956002787820186
18828.0 11322591.0 5.621170666964357 1.6133344347869867 0.6927659103323046 -0.6390847452722221 -1.956002787820186
18829.0 11322591.0 5.616188777321988 1.6155856496126988 0.694039013197526 -0.6390847452722221 -1.956002787820186
18830.0 11322591.0 5.61120688767962 1.617836864438411 0.6951059739520942 -0.6390847452722221 -1.956002787820186
18831.0 11322591.0 5.606224998037251 1.620088079264123 0.6959990352967435 -0.6390847452722221 -1.956002787820186
18832.0 11322591.0 5.601243108394883 1.6223392940898351 0.6967453968493208 -0.6390847452722221 -1.956002787820186
18833.0 11322591.0 5.596261218752515 1.6245905089155472 0.6973680039337031 -0.6390847452722221 -1.956002787820186
18834.0 11322591.0 5.591279329110146 1.6268417237412593 0.6978862129941896 -0.6390847452722221 -1.956002787820186
18835.0 11322591.0 5.586297439467778 1.6290929385669715 0.6983163529323865 -0.6390847452722221 -1.956002787820186
18836.0 11322591.0 5.581315549825409 1.6313441533926836 0.6986721986453535 -0.6390847452722221 -1.956002787820186
18837.0 11322591.0 5.576333660183041 1.633595368218396 0.6989653704976188 -0.6390847452722221 -1.956002787820186
18838.0 11322591.0 5.571351770540672 1.635846583044108 0.6992056713117502 -0.6390847452722221 -1.956002787820186
18839.0 11322591.0 5.5663698808983035 1.6380977978698201 0.6994013706502096 -0.6390847452722221 -1.956002787820186
18840.0 11322591.0 5.561387991255935 1.6403490126955322 0.6995594446326644 -0.6390847452722221 -1.956002787820186
18841.0 11322591.0 5.556406101613566 1.6426002275212443 0.699685778243458 -0.6390847452722221 -1.956002787820186
18842.0 11322591.0 5.551424211971198 1.6448514423469565 0.6997853359961553 -0.6390847452722221 -1.956002787820186
18843.0 11322591.0 5.546442322328829 1.6471026571726686 0.6998623059044369 -0.6390847452722221 -1.956002787820186
18844.0 11322591.0 5.541460432686461 1.6493538719983807 0.6999202209344948 -0.6390847452722221 -1.956002787820186
18845.0 11322591.0 5.536478543044093 1.6516050868240928 0.6999620614610529 -0.6390847452722221 -1.956002787820186
18846.0 11322591.0 5.5314966534017245 1.653856301649805 0.6999903416982335 -0.6390847452722221 -1.956002787820186
18847.0 11322591.0 5.526514763759356 1.656107516475517 0.7000071826117669 -0.6390847452722221 -1.956002787820186
18848.0 11322591.0 5.521532874116987 1.6583587313012291 0.7000143734269976 -0.6390847452722221 -1.956002787820186
18849.0 11322591.0 5.516550984474619 1.6606099461269412 0.7000134235164194 -0.6390847452722221 -1.956002787820186
18850.0 11322591.0 5.51156909483225 1.6628611609526533 0.7000056061714777 -0.6390847452722221 -1.956002787820186
18851.0 11322591.0 5.506587205189882 1.6651123757783655 0.6999919955280212 -0.6390847452722221 -1.956002787820186
18852.0 11322591.0 5.501605315547513 1.6673635906040776 0.6999734977162418 -0.6390847452722221 -1.956002787820186
18853.0 11322591.0 5.4966234259051445 1.6696148054297897 0.6999508771384502 -0.6390847452722221 -1.956002787820186
18854.0 11322591.0 5.491641536262776 1.6718660202555018 0.6999247786367422 -0.6390847452722221 -1.956002787820186
18855.0 11322591.0 5.486659646620407 1.674117235081214 0.6998957461934205 -0.6390847452722221 -1.956002787820186
18856.0 11322591.0 5.481677756978039 1.676368449906926 0.699864238706481 -0.6390847452722221 -1.956002787820186
18857.0 11322591.0 5.476695867335671 1.6786196647326381 0.6998306432976543 -0.6390847452722221 -1.956002787820186
18858.0 11322591.0 5.471713977693303 1.6808708795583502 0.6997952865389369 -0.6390847452722221 -1.956002787820186
18859.0 11322591.0 5.466732088050934 1.6831220943840626 0.6997584439231777 -0.6390847452722221 -1.956002787820186
18860.0 11322591.0 5.4617501984085655 1.6853733092097747 0.6997203478533719 -0.6390847452722221 -1.956002787820186
18861.0 11322591.0 5.456768308766197 1.6876245240354868 0.6996811943823473 -0.6390847452722221 -1.956002787820186
18862.0 11322591.0 5.451786419123828 1.689875738861199 0.6996411488982963 -0.6390847452722221 -1.956002787820186
18863.0 11322591.0 5.44680452948146 1.692126953686911 0.6996003509210335 -0.6390847452722221 -1.956002787820186
18864.0 11322591.0 5.441822639839091 1.6943781685126231 0.6995589181480703 -0.6390847452722221 -1.956002787820186
18865.0 11322591.0 5.436840750196723 1.6966293833383352 0.6995169498678429 -0.6390847452722221 -1.956002787820186
18866.0 11322591.0 5.431858860554354 1.6988805981640474 0.6994745298390768 -0.6390847452722221 -1.956002787820186
18867.0 11322591.0 5.4268769709119855 1.7011318129897595 0.6994317287197899 -0.6390847452722221 -1.956002787820186
18868.0 11322591.0 5.421895081269617 1.7033830278154716 0.6993886061163749 -0.6390847452722221 -1.956002787820186
18869.0 11322591.0 5.416913191627249 1.7056342426411837 0.6993452123121849 -0.6390847452722221 -1.956002787820186
18870.0 11322591.0 5.411931301984881 1.7078854574668958 0.6993015897257506 -0.6390847452722221 -1.956002787820186
18871.0 11322591.0 5.406949412342512 1.710136672292608 0.6992577741409174 -0.6390847452722221 -1.956002787820186
18872.0 11322591.0 5.401967522700144 1.71238788711832 0.6992137957445772 -0.6390847452722221 -1.956002787820186
18873.0 11322591.0 5.396985633057775 1.7146391019440321 0.6991696800020883 -0.6390847452722221 -1.956002787820186
18874.0 11322591.0 5.3920037434154064 1.7168903167697442 0.6991254483957707 -0.6390847452722221 -1.956002787820186
18875.0 11322591.0 5.387021853773038 1.7191415315954564 0.6990811190478932 -0.6390847452722221 -1.956002787820186
18876.0 11322591.0 5.382039964130669 1.7213927464211685 0.6990367072462194 -0.6390847452722221 -1.956002787820186
18877.0 11322591.0 5.377058074488301 1.7236439612468806 0.6989922258873528 -0.6390847452722221 -1.956002787820186
18878.0 11322591.0 5.372076184845932 1.7258951760725927 0.6989476858507385 -0.6390847452722221 -1.956002787820186
18879.0 11322591.0 5.367094295203564 1.728146390898305 0.6989030963141668 -0.6390847452722221 -1.956002787820186
18880.0 11322591.0 5.362112405561195 1.7303976057240171 0.6988584650199291 -0.6390847452722221 -1.956002787820186
18881.0 11322591.0 5.357130515918827 1.7326488205497292 0.6988137984993447 -0.6390847452722221 -1.956002787820186
18882.0 11322591.0 5.352148626276459 1.7349000353754414 0.6987691022621687 -0.6390847452722221 -1.956002787820186
18883.0 11322591.0 5.34716673663409 1.7371512502011535 0.6987243809563751 -0.6390847452722221 -1.956002787820186
18884.0 11322591.0 5.342184846991722 1.7394024650268656 0.698679638502948 -0.6390847452722221 -1.956002787820186
18885.0 11322591.0 5.337202957349353 1.7416536798525777 0.6986348782095901 -0.6390847452722221 -1.956002787820186
18886.0 11322591.0 5.332221067706985 1.7439048946782898 0.6985901028666462 -0.6390847452722221 -1.956002787820186
