13281.0 10801356.0 0.8311097704194524 0.0002628118192075507 0.33528 2.0566212421265475 0.06844913464651936
13282.0 10801356.0 0.789680203879662 -0.0006871972109174923 0.33528 2.0566212421265475 0.06844913464651936
13283.0 10801356.0 0.7482506373398716 -0.0016372062410425353 0.33528 2.0566212421265475 0.06844913464651936
13284.0 10801356.0 0.7312931760407728 0.0002818847340262387 0.33528 2.0566212421265475 0.06844913464651936
13285.0 10801356.0 0.6529632682474802 -0.001344614339760311 0.33528 2.0566212421265475 0.06844913464651936
13286.0 10801356.0 0.6315332173502737 -6.67511011115951e-05 0.33528 2.0566212421265475 0.06844913464651936
13287.0 10801356.0 0.6036125203852274 0.0006450812086916946 0.33528 2.0566212421265475 0.06844913464651936
13288.0 10801356.0 0.575691823420181 0.0013569135184949843 0.33528 2.0566212421265475 0.06844913464651936
13289.0 10801356.0 0.5366790010930484 -0.002250827865052943 0.3407783118850484 2.0566212421265475 0.06844913464651936
13290.0 10801356.0 0.5155818247416855 -0.000497272773060789 0.34510357702164607 2.0566212421265475 0.06844913464651936
13291.0 10801356.0 0.4587159089732396 -0.003294287065379431 0.3485769204621455 2.0566212421265475 0.06844913464651936
13292.0 10801356.0 0.411426478616032 -0.003963105266983721 0.35140665812887567 2.0566212421265475 0.06844913464651936
13293.0 10801356.0 0.37091410473000186 -0.00427600992634853 0.3537355695099884 2.0566212421265475 0.06844913464651936
13294.0 10801356.0 0.33040173084397173 -0.0045889145857133384 0.3556660876715458 2.0566212421265475 0.06844913464651936
13295.0 10801356.0 0.29178284266823296 -0.003183721299160641 0.3572745094702974 2.0566212421265475 0.06844913464651936
13296.0 10801356.0 0.25215075942809617 -0.0062372183574268825 0.35861940923036695 2.0566212421265475 0.06844913464651936
13297.0 10801356.0 0.2122463315616142 -0.006047011225593882 0.35974684080161184 2.0566212421265475 0.06844913464651936
13298.0 10801356.0 0.17234190369513225 -0.005856804093760881 0.36069368671316065 2.0566212421265475 0.06844913464651936
13299.0 10801356.0 0.12561666524852155 -0.0034370456828231866 0.36148989949806 2.0566212421265475 0.06844913464651936
13300.0 10801356.0 0.08609901579608548 -0.00641028863732529 0.36694365497888665 2.0566212421265475 0.06844913464651936
13301.0 10801356.0 0.06908198566933876 -0.006573183781278413 0.37153698643021604 2.0566212421265475 0.06844913464651936
13302.0 10801356.0 0.029183670853338256 -0.005683037943018589 0.3754074379270916 2.0566212421265475 0.06844913464651936
13303.0 10801356.0 -0.010714643962662251 -0.004792892104758764 0.3786698512845017 2.0566212421265475 0.06844913464651936
13304.0 10801356.0 -0.05105884346266318 -0.002413054584409567 0.38142039437272546 2.0566212421265475 0.06844913464651936
13305.0 10801356.0 -0.0914030429626641 -3.321706406037017e-05 0.3837397672459085 2.0566212421265475 0.06844913464651936
13306.0 10801356.0 -0.13015314117933552 -0.0033730976064482443 0.38569579220910566 2.0566212421265475 0.06844913464651936
13307.0 10801356.0 -0.18386317387062312 -0.0019396274661298285 0.3873455302966855 2.0566212421265475 0.06844913464651936
13308.0 10801356.0 -0.21036037446912803 0.001230586194901323 0.3887370257385784 2.0566212421265475 0.06844913464651936
13309.0 10801356.0 -0.2640015200307675 0.0028757708829805495 0.394678889871611 2.0566212421265475 0.06844913464651936
13310.0 10801356.0 -0.3064608082703415 0.006123516959120251 0.39969100906531 2.0566212421265475 0.06844913464651936
13311.0 10801356.0 -0.348522934532 0.0051525383375029266 0.40391895571068015 2.0566212421265475 0.06844913464651936
13312.0 10801356.0 -0.37135308657851795 0.005956252586096195 0.40748547288280734 2.0566212421265475 0.06844913464651936
13313.0 10801356.0 -0.4135709496410813 0.00994351021376963 0.41049406919231685 2.0566212421265475 0.06844913464651936
13314.0 10801356.0 -0.45638586630974176 0.013191532026351344 0.41303204172422225 2.0566212421265475 0.06844913464651936
13315.0 10801356.0 -0.5147970869507579 0.015463231085361379 0.4151730203722461 2.0566212421265475 0.06844913464651936
13316.0 10801356.0 -0.5569701525326425 0.01850199422863172 0.416979110740577 2.0566212421265475 0.06844913464651936
13317.0 10801356.0 -0.5993037420222778 0.021593477451273296 0.41850269978953886 2.0566212421265475 0.06844913464651936
13318.0 10801356.0 -0.6366622729007492 0.023058655637049036 0.41978797780873256 2.0566212421265475 0.06844913464651936
13319.0 10801356.0 -0.6783023990882511 0.03153190287649191 0.4256396255930088 2.0566212421265475 0.06844913464651936
13320.0 10801356.0 -0.7248432365820061 0.03588282117887667 0.43057600438425375 2.0566212421265475 0.06844913464651936
13321.0 10801356.0 -0.7436657796574235 0.03672098968997836 0.4347402764154408 2.0566212421265475 0.06844913464651936
13322.0 10801356.0 -0.762488322732841 0.03755915820108005 0.4382532099267101 2.0566212421265475 0.06844913464651936
13323.0 10801356.0 -0.7993655259533736 0.03886777806867461 0.44121668260208485 2.0566212421265475 0.06844913464651936
13324.0 10801356.0 -0.8565451664626644 0.04599702936630687 0.4437166367173433 2.0566212421265475 0.06844913464651936
13325.0 10801356.0 -0.8923612023263756 0.05326823524599364 0.4458255718832686 2.0566212421265475 0.06844913464651936
13326.0 10801356.0 -0.9348555163868661 0.056414202774065364 0.44760464778485265 2.0566212421265475 0.06844913464651936
13327.0 10801356.0 -0.9709131390524288 0.06294695642843459 0.449105457962539 2.0566212421265475 0.06844913464651936
13328.0 10801356.0 -1.0095057547723425 0.06878996142909985 0.4551389060501572 2.0566212421265475 0.06844913464651936
13329.0 10801356.0 -1.04869721138922 0.0722586068050591 0.4602286615378917 2.0566212421265475 0.06844913464651936
13330.0 10801356.0 -1.0845391603173418 0.07673520265497111 0.4645223276847283 2.0566212421265475 0.06844913464651936
13331.0 10801356.0 -1.1213992065508211 0.08353112435725349 0.46814442101894754 2.0566212421265475 0.06844913464651936
13332.0 10801356.0 -1.1641801037222776 0.08688898136683662 0.47119998237332567 2.0566212421265475 0.06844913464651936
13333.0 10801356.0 -1.2143579453207634 0.09506140137996413 0.47377762310283233 2.0566212421265475 0.06844913464651936
13334.0 10801356.0 -1.264535786919249 0.10323382139309165 0.47595209483406425 2.0566212421265475 0.06844913464651936
13335.0 10801356.0 -1.2962948133746115 0.10824562599935514 0.48255383613659825 2.0566212421265475 0.06844913464651936
13336.0 10801356.0 -1.3341213639009306 0.11208730198920189 0.48812299859855995 2.0566212421265475 0.06844913464651936
13337.0 10801356.0 -1.3601659287709713 0.11528898432700393 0.49282108796673 2.0566212421265475 0.06844913464651936
13338.0 10801356.0 -1.386210493641012 0.11849066666480598 0.49678434885402745 2.0566212421265475 0.06844913464651936
13339.0 10801356.0 -1.419084463241141 0.12118039173216652 0.5001277158389363 2.0566212421265475 0.06844913464651936
13340.0 10801356.0 -1.4531332688491252 0.12951221695398893 0.5029481465716746 2.0566212421265475 0.06844913464651936
13341.0 10801356.0 -1.4976535779954594 0.13624505021321562 0.5053274335480878 2.0566212421265475 0.06844913464651936
13342.0 10801356.0 -1.5343652291107135 0.1424104136936046 0.5073345760932512 2.0566212421265475 0.06844913464651936
13343.0 10801356.0 -1.5707783029291564 0.14894566612169544 0.5090277813426306 2.0566212421265475 0.06844913464651936
13344.0 10801356.0 -1.6073061331100391 0.1554018054073115 0.5104561522494526 2.0566212421265475 0.06844913464651936
13345.0 10801356.0 -1.6397182909091923 0.16086246243741595 0.5164284903270694 2.0566212421265475 0.06844913464651936
13346.0 10801356.0 -1.687165585862746 0.16516554203826148 0.521466694621503 2.0566212421265475 0.06844913464651936
13347.0 10801356.0 -1.743016868034226 0.17093266418099215 0.5257168730583582 2.0566212421265475 0.06844913464651936
13348.0 10801356.0 -1.7772727000716995 0.17863277704951183 0.5293022808129443 2.0566212421265475 0.06844913464651936
13349.0 10801356.0 -1.8211549107999285 0.18188740093244546 0.5323268947105284 2.0566212421265475 0.06844913464651936
13350.0 10801356.0 -1.8605666440829454 0.19337762541111378 0.5348784285543713 2.0566212421265475 0.06844913464651936
13351.0 10801356.0 -1.896177264553603 0.19965207032601892 0.5370308768260829 2.0566212421265475 0.06844913464651936
13352.0 10801356.0 -1.9370492824017178 0.20776471254821013 0.5388466605256259 2.0566212421265475 0.06844913464651936
13353.0 10801356.0 -1.9779212814503844 0.21587759176029106 0.5451458161333935 2.0566212421265475 0.06844913464651936
13354.0 10801356.0 -1.9975001461323039 0.2222826364967919 0.5504597204088445 2.0566212421265475 0.06844913464651936
13355.0 10801356.0 -2.037477289377552 0.23068733451779097 0.5549424765760408 2.0566212421265475 0.06844913464651936
13356.0 10801356.0 -2.077999014997113 0.2439440802045891 0.5587240845638756 2.0566212421265475 0.06844913464651936
13357.0 10801356.0 -2.1295767760424855 0.26549186098325306 0.5619142110040226 2.0566212421265475 0.06844913464651936
13358.0 10801356.0 -2.1412675761034405 0.27048508608245303 0.5646053695632622 2.0566212421265475 0.06844913464651936
13359.0 10801356.0 -2.194242719141335 0.2931916459999496 0.566875603839822 2.0566212421265475 0.06844913464651936
13360.0 10801356.0 -2.2232146549941545 0.30781161489114883 0.5735581293805672 2.0566212421265475 0.06844913464651936
13361.0 10801356.0 -2.250504787926548 0.3326607360613693 0.5791954406733305 2.0566212421265475 0.06844913464651936
13362.0 10801356.0 -2.277794920858941 0.3575098572315898 0.5839510197456096 2.0566212421265475 0.06844913464651936
13363.0 10801356.0 -2.305085053791334 0.3823589784018103 0.5879627783905048 2.0566212421265475 0.06844913464651936
13364.0 10801356.0 -2.3323751867237275 0.4072080995720308 0.5913470576087207 2.0566212421265475 0.06844913464651936
13365.0 10801356.0 -2.359665319656121 0.4320572207422513 0.5942020014975872 2.0566212421265475 0.06844913464651936
13366.0 10801356.0 -2.3869554525885137 0.4569063419124718 0.5966104034298823 2.0566212421265475 0.06844913464651936
13367.0 10801356.0 -2.414245585520907 0.4817554630826923 0.5986421070616431 2.0566212421265475 0.06844913464651936
13368.0 10801356.0 -2.4415357184533004 0.5066045842529128 0.6003560317981911 2.0566212421265475 0.06844913464651936
13369.0 10801356.0 -2.450242714551625 0.5220727985400808 0.6018018814568863 2.0566212421265475 0.06844913464651936
13370.0 10801356.0 -2.458949710649949 0.5375410128272489 0.6030215856778309 2.0566212421265475 0.06844913464651936
13371.0 10801356.0 -2.485928533379644 0.5853949864188224 0.6040505158834326 2.0566212421265475 0.06844913464651936
13372.0 10801356.0 -2.5025609516100795 0.6173611931098822 0.6096858898024711 2.0566212421265475 0.06844913464651936
13373.0 10801356.0 -2.5143924952850574 0.6639978100214958 0.6144398345257809 2.0566212421265475 0.06844913464651936
13374.0 10801356.0 -2.5215236011513538 0.6829232459679376 0.6184502144503382 2.0566212421265475 0.06844913464651936
13375.0 10801356.0 -2.530679908567139 0.7407195256317184 0.6218333305939553 2.0566212421265475 0.06844913464651936
13376.0 10801356.0 -2.5350552188059527 0.7800089028977324 0.624687293324797 2.0566212421265475 0.06844913464651936
13377.0 10801356.0 -2.5383070841084567 0.8189306764961862 0.6270948675620578 2.0566212421265475 0.06844913464651936
13378.0 10801356.0 -2.5376586706555173 0.8589130153154784 0.6291258729586182 2.0566212421265475 0.06844913464651936
13379.0 10801356.0 -2.537366216677068 0.8896642913755609 0.6308392086709785 2.0566212421265475 0.06844913464651936
13380.0 10801356.0 -2.5358382358827996 0.926905090989094 0.6322845614347972 2.0566212421265475 0.06844913464651936
13381.0 10801356.0 -2.5296789667723916 0.963097684704857 0.6382712252330418 2.0566212421265475 0.06844913464651936
13382.0 10801356.0 -2.522298554219141 1.003564452970922 0.6433215145630446 2.0566212421265475 0.06844913464651936
13383.0 10801356.0 -2.516179435458399 1.0309484171090904 0.6475818878153758 2.0566212421265475 0.06844913464651936
13384.0 10801356.0 -2.5100603166976567 1.0583323812472585 0.6511758958143529 2.0566212421265475 0.06844913464651936
13385.0 10801356.0 -2.5039019523189303 1.0937073776167192 0.6542077647919462 2.0566212421265475 0.06844913464651936
13386.0 10801356.0 -2.485976183142076 1.148483566605337 0.6567654189485059 2.0566212421265475 0.06844913464651936
13387.0 10801356.0 -2.478389600257759 1.179944256958977 0.6589230302545723 2.0566212421265475 0.06844913464651936
13388.0 10801356.0 -2.4708030173734414 1.2114049473126172 0.6607431694380214 2.0566212421265475 0.06844913464651936
13389.0 10801356.0 -2.4597504944346777 1.245178318062597 0.662278620535173 2.0566212421265475 0.06844913464651936
13390.0 10801356.0 -2.4469710139339806 1.2842287803063306 0.6635739116278445 2.0566212421265475 0.06844913464651936
13391.0 10801356.0 -2.4295632875653386 1.337421846672303 0.6646666061577237 2.0566212421265475 0.06844913464651936
13392.0 10801356.0 -2.4149240263533365 1.3738773300634275 0.6655883922661767 2.0566212421265475 0.06844913464651936
13393.0 10801356.0 -2.4002847651413344 1.410332813454552 0.666366001750349 2.0566212421265475 0.06844913464651936
13394.0 10801356.0 -2.3851327937694773 1.44007720111483 0.6717893640380983 2.0566212421265475 0.06844913464651936
13395.0 10801356.0 -2.3697283986596416 1.4871488762790173 0.6763644578829524 2.0566212421265475 0.06844913464651936
13396.0 10801356.0 -2.3515727073316466 1.5252578858377368 0.6802239610064121 2.0566212421265475 0.06844913464651936
13397.0 10801356.0 -2.333498392009778 1.5625756188659206 0.6834797989990578 2.0566212421265475 0.06844913464651936
13398.0 10801356.0 -2.3133693218295255 1.5931450067925497 0.686226391162676 2.3864760276694317 0.9596587984065638
13399.0 10801356.0 -2.3058665569789394 1.6133576153953182 0.688543388670012 2.3864760276694317 0.9596587984065638
13400.0 10801356.0 -2.2769669934463543 1.6690996292913007 0.6904979844487783 2.3864760276694317 0.9596587984065638
13401.0 10801356.0 -2.2558710767319825 1.7026243063671405 0.6921468617765592 2.3864760276694317 0.9596587984065638
13402.0 10801356.0 -2.234676019824162 1.7331954384880475 0.6983052168486771 2.3864760276694317 0.9596587984065638
13403.0 10801356.0 -2.2118822495302695 1.7675666699547319 0.7035003432094067 2.3864760276694317 0.9596587984065638
13404.0 10801356.0 -2.1853930221021702 1.8132309797345696 0.707882899523209 2.3864760276694317 0.9596587984065638
13405.0 10801356.0 -2.1725354133983554 1.8253816652854222 0.7115799799231844 2.3864760276694317 0.9596587984065638
13406.0 10801356.0 -2.148347084468779 1.865372509638455 0.7146987997409322 2.3864760276694317 0.9596587984065638
13407.0 10801356.0 -2.117975013127941 1.899834484472913 0.717329804751167 2.3864760276694317 0.9596587984065638
13408.0 10801356.0 -2.1001520593978515 1.9298733879117278 0.7195492940991857 2.3864760276694317 0.9596587984065638
13409.0 10801356.0 -2.0616171023408327 1.9814109511024727 0.7214216329760808 2.3864760276694317 0.9596587984065638
13410.0 10801356.0 -2.049622799858382 1.9955384669016956 0.7230011192092821 2.3864760276694317 0.9596587984065638
13411.0 10801356.0 -2.0376284973759313 2.0096659827009185 0.7243335578995528 2.3864760276694317 0.9596587984065638
13412.0 10801356.0 -2.0131519162536 2.0342560396051157 0.7254575897689104 2.3864760276694317 0.9596587984065638
13413.0 10801356.0 -1.9817358184269216 2.0784251812687238 0.7311731904943833 2.3864760276694317 0.9596587984065638
13414.0 10801356.0 -1.9540933250555883 2.112962686152787 0.7359948137441934 2.3864760276694317 0.9596587984065638
13415.0 10801356.0 -1.9344436455242844 2.1377301957450747 0.7400622865925851 2.3864760276694317 0.9596587984065638
13416.0 10801356.0 -1.9121771814296584 2.173209003763262 0.7434935657521617 2.3864760276694317 0.9596587984065638
13417.0 10801356.0 -1.8891164955375597 2.211115353081112 0.7463881583185511 2.3864760276694317 0.9596587984065638
13418.0 10801356.0 -1.8673604070846437 2.2423211348957675 0.7488300074761784 2.3864760276694317 0.9596587984065638
13419.0 10801356.0 -1.8477189410666612 2.2697788116761375 0.750889926850615 2.3864760276694317 0.9596587984065638
13420.0 10801356.0 -1.8284488797123626 2.3110287505855376 0.7526276541037192 2.3864760276694317 0.9596587984065638
13421.0 10801356.0 -1.8079653875767236 2.3424173044242758 0.7540935833258314 2.3864760276694317 0.9596587984065638
13422.0 10801356.0 -1.7790875743497672 2.3926752241168074 0.7553302264643927 2.3864760276694317 0.9596587984065638
13423.0 10801356.0 -1.7635153739515779 2.4294098390097365 0.7611408249232383 2.3864760276694317 0.9596587984065638
13424.0 10801356.0 -1.7451835354004681 2.4637225071733346 0.7660425873048579 2.3864760276694317 0.9596587984065638
13425.0 10801356.0 -1.727592694141437 2.501198735564737 0.7701776647183183 2.3864760276694317 0.9596587984065638
13426.0 10801356.0 -1.7106414241332264 2.5405200541307194 0.7736659744086098 2.3864760276694317 0.9596587984065638
13427.0 10801356.0 -1.692867962305246 2.577469165334853 0.7766086773567512 2.3864760276694317 0.9596587984065638
13428.0 10801356.0 -1.6833395469776626 2.595733760309285 0.7790911119482383 2.3864760276694317 0.9596587984065638
13429.0 10801356.0 -1.6738111316500792 2.6139983552837163 0.7811852687862243 2.3864760276694317 0.9596587984065638
13430.0 10801356.0 -1.6563052486724883 2.656643523830385 0.7829518784190108 2.3864760276694317 0.9596587984065638
13431.0 10801356.0 -1.6325675169187417 2.712906627303594 0.7844421725259486 2.3864760276694317 0.9596587984065638
13432.0 10801356.0 -1.6191524577074359 2.7484776173732413 0.785699369636139 2.3864760276694317 0.9596587984065638
13433.0 10801356.0 -1.604064104942087 2.783734786080299 0.7867599284657772 2.3864760276694317 0.9596587984065638
13434.0 10801356.0 -1.596601419814731 2.8173975968867038 0.7876546052209231 2.3864760276694317 0.9596587984065638
13435.0 10801356.0 -1.5787503393213111 2.8610982713094053 0.7931767242802927 2.3864760276694317 0.9596587984065638
13436.0 10801356.0 -1.5676993081948523 2.8948722379048104 0.7978351283437908 2.3864760276694317 0.9596587984065638
13437.0 10801356.0 -1.5550596905129204 2.9335012144767894 0.8017649111292587 2.3864760276694317 0.9596587984065638
13438.0 10801356.0 -1.5380107782992691 2.977464373627675 0.8050800363374752 2.3864760276694317 0.9596587984065638
13439.0 10801356.0 -1.5266834808190726 3.0120826998933694 0.8078766425994784 2.3864760276694317 0.9596587984065638
13440.0 10801356.0 -1.515459785968192 3.046384397050292 0.8102358314968666 2.3864760276694317 0.9596587984065638
13441.0 10801356.0 -1.5025784368624426 3.08575219338409 0.8122260195076638 2.3864760276694317 0.9596587984065638
13442.0 10801356.0 -1.4913892749617592 3.119948350960216 0.8139049220841833 2.3864760276694317 0.9596587984065638
13443.0 10801356.0 -1.4759290200843578 3.159056539493656 0.8200886061539611 2.3864760276694317 0.9596587984065638
13444.0 10801356.0 -1.4633239571555146 3.1975799977133716 0.8253050998022037 2.3864760276694317 0.9596587984065638
13445.0 10801356.0 -1.4522729423541645 3.2313539904680932 0.8297056813447102 2.3864760276694317 0.9596587984065638
13446.0 10801356.0 -1.4367436678010124 3.2706732916315353 0.8334179676462133 2.3864760276694317 0.9596587984065638
13447.0 10801356.0 -1.418992991127533 3.3249227809994673 0.8365496150094567 2.3864760276694317 0.9596587984065638
13448.0 10801356.0 -1.4095538568964716 3.3619115986939776 0.8391914412079742 2.3864760276694317 0.9596587984065638
13449.0 10801356.0 -1.3936560019692317 3.394216537593171 0.841420059201523 2.3864760276694317 0.9596587984065638
13450.0 10801356.0 -1.3886774204491166 3.413502524526522 0.8433000989119159 2.3864760276694317 0.9596587984065638
13451.0 10801356.0 -1.3836988389290015 3.432788511459873 0.8448860814907544 2.3864760276694317 0.9596587984065638
13452.0 10801356.0 -1.3723370213393735 3.467512415027287 0.8462240004328248 2.3864760276694317 0.9596587984065638
13453.0 10801356.0 -1.3588798976895993 3.5004991354315016 0.8473526553874471 2.3864760276694317 0.9596587984065638
13454.0 10801356.0 -1.3414400414784493 3.553798756966831 0.8530721561011222 2.3864760276694317 0.9596587984065638
13455.0 10801356.0 -1.3303890426105134 3.5875727769698673 0.8578970693417299 2.3864760276694317 0.9596587984065638
13456.0 10801356.0 -1.312651041684567 3.624416749332098 0.8619673175932479 2.3864760276694317 0.9596587984065638
13457.0 10801356.0 -1.300046022507716 3.6629402547792025 0.8654009380549699 2.3864760276694317 0.9596587984065638
13458.0 10801356.0 -1.287337399542939 3.701780394226055 0.8682975057202861 2.3864760276694317 0.9596587984065638
13459.0 10801356.0 -1.2723497470851337 3.7391737694219582 0.8707410210514905 2.3864760276694317 0.9596587984065638
13460.0 10801356.0 -1.2643032624994273 3.763765493792468 0.8728023459931882 2.3864760276694317 0.9596587984065638
13461.0 10801356.0 -1.2429379422613305 3.8209218372008467 0.8745412589686883 2.3864760276694317 0.9596587984065638
13462.0 10801356.0 -1.2305058866897916 3.850504993958396 0.8760081884542804 2.3864760276694317 0.9596587984065638
13463.0 10801356.0 -1.2139654270104374 3.891830357429749 0.8772456754050466 2.3864760276694317 0.9596587984065638
13464.0 10801356.0 -1.2013604569976175 3.9303538979722625 0.8782896069425592 2.3864760276694317 0.9596587984065638
13465.0 10801356.0 -1.1866948724183028 3.9670347692084715 0.8839376358342229 2.3864760276694317 0.9596587984065638
13466.0 10801356.0 -1.1712695622138762 4.00603761964838 0.8887022561650791 2.3864760276694317 0.9596587984065638
13467.0 10801356.0 -1.160184116336208 4.039917240379187 0.8927216419247226 2.3864760276694317 0.9596587984065638
13468.0 10801356.0 -1.142965365225033 4.082773338183305 0.8961123553001831 2.3864760276694317 0.9596587984065638
13469.0 10801356.0 -1.1285047787672775 4.1204560468755504 0.8989727269793488 2.3864760276694317 0.9596587984065638
13470.0 10801356.0 -1.123699951360449 4.1383967837661375 0.9013857077409158 2.3864760276694317 0.9596587984065638
13471.0 10801356.0 -1.1188951239536207 4.156337520656725 0.9034212740269691 2.3864760276694317 0.9596587984065638
13472.0 10801356.0 -1.1074988823457332 4.191167050585482 0.9051384572598047 2.3864760276694317 0.9596587984065638
13473.0 10801356.0 -1.0921059040072645 4.231699465081218 0.9065870557531746 2.3864760276694317 0.9596587984065638
13474.0 10801356.0 -1.0731812489535018 4.289537606991824 0.9078090788633865 2.3864760276694317 0.9596587984065638
13475.0 10801356.0 -1.065712656959913 4.318875343905299 0.9136073440134534 2.3864760276694317 0.9596587984065638
13476.0 10801356.0 -1.0528314466870736 4.358243277701788 0.9184987021399106 2.3864760276694317 0.9596587984065638
13477.0 10801356.0 -1.0432170804735181 4.397394847905195 0.9226250026284252 2.3864760276694317 0.9596587984065638
13478.0 10801356.0 -1.0303152270574207 4.4270580098674195 0.9261059081931641 2.3864760276694317 0.9596587984065638
13479.0 10801356.0 -1.0175376165084056 4.466109318362927 0.9290423650955048 2.3864760276694317 0.9596587984065638
13480.0 10801356.0 -1.0100297854501243 4.498822692397052 0.9315195305856151 2.3864760276694317 0.9596587984065638
13481.0 10801356.0 -1.0003140664735553 4.536655830280127 0.9336092424627083 2.3864760276694317 0.9596587984065638
13482.0 10801356.0 -0.9874328215205987 4.576023768247108 0.9353721023712199 2.3864760276694317 0.9596587984065638
13483.0 10801356.0 -0.9762092159180453 4.610325592932592 0.936859233248497 2.3864760276694317 0.9596587984065638
13484.0 10801356.0 -0.9648474729201242 4.645049595875837 0.9381137618899804 2.3864760276694317 0.9596587984065638
13485.0 10801356.0 -0.9434619915797609 4.69250141253177 0.9439394483790902 2.3864760276694317 0.9596587984065638
13486.0 10801356.0 -0.9306843748797122 4.731552737922948 0.9488539388711936 2.3864760276694317 0.9596587984065638
13487.0 10801356.0 -0.9193917236920746 4.76606566810541 0.9529997535905617 2.3864760276694317 0.9596587984065638
13488.0 10801356.0 -0.9203511473323719 4.76527272293708 0.9564989725732803 2.3864760276694317 0.9596587984065638
13489.0 10801356.0 -0.9213105709726692 4.764479777768751 0.9594527298999457 2.3864760276694317 0.9596587984065638
13490.0 10801356.0 -0.9222699946129664 4.763686832600421 0.961946341263128 2.3864760276694317 0.9596587984065638
13491.0 10801356.0 -0.9232294182532638 4.762893887432092 0.9640517781224567 2.3864760276694317 0.9596587984065638
13492.0 10801356.0 -0.9241888418935611 4.762100942263762 0.9658297548769493 2.3864760276694317 0.9596587984065638
13493.0 10801356.0 -0.9251482655338584 4.761307997095433 0.9673314895825834 2.3864760276694317 0.9596587984065638
13494.0 10801356.0 -0.9261076891741556 4.760515051927103 0.9686001892759193 2.3864760276694317 0.9596587984065638
13495.0 10801356.0 -0.927067112814453 4.759722106758774 0.9696723029781609 2.3864760276694317 0.9596587984065638
13496.0 10801356.0 -0.9280265364547503 4.758929161590444 0.9705785787167702 2.3864760276694317 0.9596587984065638
13497.0 10801356.0 -0.9289859600950476 4.758136216422114 0.971344955218264 2.3864760276694317 0.9596587984065638
13498.0 10801356.0 -0.9299453837353449 4.757343271253785 0.9719933141312828 2.3864760276694317 0.9596587984065638
13499.0 10801356.0 -0.9309048073756422 4.756550326085455 0.9725421145944011 2.3864760276694317 0.9596587984065638
13500.0 10801356.0 -0.9318642310159395 4.755757380917126 0.9730069285511465 2.3864760276694317 0.9596587984065638
13501.0 10801356.0 -0.9328236546562368 4.754964435748796 0.9734008923363616 2.3864760276694317 0.9596587984065638
13502.0 10801356.0 -0.9337830782965342 4.754171490580467 0.9737350876299149 2.3864760276694317 0.9596587984065638
13503.0 10801356.0 -0.9347425019368314 4.753378545412137 0.9740188628254164 2.3864760276694317 0.9596587984065638
13504.0 10801356.0 -0.9357019255771287 4.752585600243807 0.9742601041336327 2.3864760276694317 0.9596587984065638
13505.0 10801356.0 -0.936661349217426 4.751792655075478 0.9744654642825994 2.3864760276694317 0.9596587984065638
13506.0 10801356.0 -0.9376207728577234 4.750999709907148 0.9746405554467333 2.3864760276694317 0.9596587984065638
13507.0 10801356.0 -0.9385801964980206 4.750206764738819 0.9747901119998916 2.3864760276694317 0.9596587984065638
13508.0 10801356.0 -0.9395396201383179 4.749413819570489 0.9749181278122129 2.3864760276694317 0.9596587984065638
13509.0 10801356.0 -0.9404990437786153 4.74862087440216 0.9750279720723516 2.3864760276694317 0.9596587984065638
13510.0 10801356.0 -0.9414584674189126 4.74782792923383 0.9751224869939488 2.3864760276694317 0.9596587984065638
13511.0 10801356.0 -0.9424178910592098 4.747034984065501 0.9752040702398279 2.3864760276694317 0.9596587984065638
13512.0 10801356.0 -0.9433773146995071 4.746242038897171 0.9752747444542166 2.3864760276694317 0.9596587984065638
13513.0 10801356.0 -0.9443367383398045 4.745449093728841 0.9753362159194291 2.3864760276694317 0.9596587984065638
13514.0 10801356.0 -0.9452961619801018 4.744656148560512 0.9753899240380537 2.3864760276694317 0.9596587984065638
13515.0 10801356.0 -0.9462555856203991 4.743863203392182 0.9754370830756276 2.3864760276694317 0.9596587984065638
13516.0 10801356.0 -0.9472150092606964 4.743070258223853 0.9754787173743376 2.3864760276694317 0.9596587984065638
13517.0 10801356.0 -0.9481744329009937 4.742277313055523 0.9755156910589432 2.3864760276694317 0.9596587984065638
13518.0 10801356.0 -0.949133856541291 4.741484367887194 0.9755487330963952 2.3864760276694317 0.9596587984065638
13519.0 10801356.0 -0.9500932801815883 4.740691422718864 0.9755784584358768 2.3864760276694317 0.9596587984065638
13520.0 10801356.0 -0.9510527038218856 4.739898477550535 0.9756053858423299 2.3864760276694317 0.9596587984065638
13521.0 10801356.0 -0.9520121274621829 4.739105532382205 0.9756299529406389 2.3864760276694317 0.9596587984065638
13522.0 10801356.0 -0.9529715511024802 4.738312587213875 0.9756525289067518 2.3864760276694317 0.9596587984065638
13523.0 10801356.0 -0.9539309747427775 4.737519642045546 0.975673425173783 2.3864760276694317 0.9596587984065638
13524.0 10801356.0 -0.9548903983830749 4.736726696877216 0.9756929044635734 2.3864760276694317 0.9596587984065638
13525.0 10801356.0 -0.9558498220233721 4.735933751708887 0.9757111884056241 2.3864760276694317 0.9596587984065638
13526.0 10801356.0 -0.9568092456636694 4.735140806540557 0.9757284639643516 2.3864760276694317 0.9596587984065638
13527.0 10801356.0 -0.9577686693039668 4.734347861372228 0.9757448888610561 2.3864760276694317 0.9596587984065638
13528.0 10801356.0 -0.9587280929442641 4.733554916203898 0.9757605961478392 2.3864760276694317 0.9596587984065638
13529.0 10801356.0 -0.9596875165845613 4.732761971035568 0.9757756980661145 2.3864760276694317 0.9596587984065638
13530.0 10801356.0 -0.9606469402248586 4.731969025867239 0.9757902893016093 2.3864760276694317 0.9596587984065638
13531.0 10801356.0 -0.961606363865156 4.731176080698909 0.9758044497302498 2.3864760276694317 0.9596587984065638
13532.0 10801356.0 -0.9625657875054533 4.73038313553058 0.9758182467345639 2.3864760276694317 0.9596587984065638
13533.0 10801356.0 -0.9635252111457506 4.72959019036225 0.9758317371577736 2.3864760276694317 0.9596587984065638
13534.0 10801356.0 -0.9644846347860478 4.728797245193921 0.9758449689522491 2.3864760276694317 0.9596587984065638
13535.0 10801356.0 -0.9654440584263452 4.728004300025591 0.9758579825701275 2.3864760276694317 0.9596587984065638
13536.0 10801356.0 -0.9664034820666425 4.727211354857262 0.975870812136424 2.3864760276694317 0.9596587984065638
13537.0 10801356.0 -0.9673629057069398 4.726418409688932 0.9758834864386585 2.3864760276694317 0.9596587984065638
13538.0 10801356.0 -0.968322329347237 4.725625464520602 0.975896029761693 2.3864760276694317 0.9596587984065638
13539.0 10801356.0 -0.9692817529875344 4.724832519352273 0.9759084625919924 2.3864760276694317 0.9596587984065638
13540.0 10801356.0 -0.9702411766278317 4.724039574183943 0.9759208022117325 2.3864760276694317 0.9596587984065638
13541.0 10801356.0 -0.971200600268129 4.723246629015614 0.9759330631999829 2.3864760276694317 0.9596587984065638
13542.0 10801356.0 -0.9721600239084263 4.722453683847284 0.9759452578554998 2.3864760276694317 0.9596587984065638
13543.0 10801356.0 -0.9731194475487236 4.721660738678955 0.9759573965533904 2.3864760276694317 0.9596587984065638
13544.0 10801356.0 -0.9740788711890209 4.720867793510625 0.9759694880459907 2.3864760276694317 0.9596587984065638
13545.0 10801356.0 -0.9750382948293183 4.720074848342296 0.975981539716683 2.3864760276694317 0.9596587984065638
13546.0 10801356.0 -0.9759977184696156 4.719281903173966 0.9759935577940146 2.3864760276694317 0.9596587984065638
13547.0 10801356.0 -0.9769571421099128 4.718488958005636 0.9760055475323253 2.3864760276694317 0.9596587984065638
