31114.0 11181355.0 1.2101589615436854 0.002481254455124579 0.32004000000000005 1.956002787820186 -0.6390847452722223
31115.0 11181355.0 1.1749565841557852 0.0018313295587162187 0.32004000000000005 1.956002787820186 -0.6390847452722223
31116.0 11181355.0 1.158479449178899 0.001956992098972571 0.32004000000000005 1.956002787820186 -0.6390847452722223
31117.0 11181355.0 1.101226527999261 0.0006836964528392775 0.3173882790237343 1.956002787820186 -0.6390847452722223
31118.0 11181355.0 1.0590195711934833 0.0019721594371635287 0.31602805918766674 1.956002787820186 -0.6390847452722223
31119.0 11181355.0 1.0188497679517685 -0.0013767682110854967 0.3151895057739465 1.956002787820186 -0.6390847452722223
31120.0 11181355.0 0.9545470000396276 0.00023834900447941565 0.3161947081755435 1.956002787820186 -0.6390847452722223
31121.0 11181355.0 0.9080846986072107 0.00046511954216068576 0.3175119727369783 1.956002787820186 -0.6390847452722223
31122.0 11181355.0 0.8616223971747939 0.0006918900798419559 0.3190676679993554 1.956002787820186 -0.6390847452722223
31123.0 11181355.0 0.815160095742377 0.0009186606175232259 0.3208191836660027 1.956002787820186 -0.6390847452722223
31124.0 11181355.0 0.7686977943099602 0.001145431155204496 0.3227382299012998 1.956002787820186 -0.6390847452722223
31125.0 11181355.0 0.7222354928775434 0.001372201692885766 0.324803629131838 1.956002787820186 -0.6390847452722223
31126.0 11181355.0 0.6961288360243281 0.00464525966969484 0.3277398682634709 1.956002787820186 -0.6390847452722223
31127.0 11181355.0 0.6659307562299313 0.003822876568074736 0.3307855163608945 1.956002787820186 -0.6390847452722223
31128.0 11181355.0 0.6357326764355344 0.0030004934664546318 0.3339301220043145 1.956002787820186 -0.6390847452722223
31129.0 11181355.0 0.5641163554965327 0.008060138827189187 0.3371633812868286 1.956002787820186 -0.6390847452722223
31130.0 11181355.0 0.5276119249469128 0.007780255802588586 0.34077617190467596 1.956002787820186 -0.6390847452722223
31131.0 11181355.0 0.49110749439729284 0.007500372777987985 0.3447101830802386 1.956002787820186 -0.6390847452722223
31132.0 11181355.0 0.4373874357232 0.009166476356263498 0.3492158805134264 1.956002787820186 -0.6390847452722223
31133.0 11181355.0 0.36884472947429886 0.015209615205137889 0.35420414855724036 1.956002787820186 -0.6390847452722223
31134.0 11181355.0 0.319881368090857 0.014854764539535964 0.3596001599962912 1.956002787820186 -0.6390847452722223
31135.0 11181355.0 0.2667047258875902 0.02171864141122093 0.3641469689459017 1.956002787820186 -0.6390847452722223
31136.0 11181355.0 0.21903710384184283 0.021525122623864884 0.37036609468380693 1.956002787820186 -0.6390847452722223
31137.0 11181355.0 0.17172940153181815 0.026237953378411255 0.3756094441429844 1.956002787820186 -0.6390847452722223
31138.0 11181355.0 0.1418157935712403 0.029822542873086333 0.3812234392986747 1.956002787820186 -0.6390847452722223
31139.0 11181355.0 0.09879620443785786 0.03406900775567667 0.38715032879819966 1.956002787820186 -0.6390847452722223
31140.0 11181355.0 0.022153569697942244 0.03598653721428971 0.39334136704300676 1.956002787820186 -0.6390847452722223
31141.0 11181355.0 -0.023547876095798337 0.04181125541686534 0.3997553987713105 1.956002787820186 -0.6390847452722223
31142.0 11181355.0 -0.06925245756093357 0.04436601635867035 0.40635767284715607 1.956002787820186 -0.6390847452722223
31143.0 11181355.0 -0.11823425279271216 0.04939424564295672 0.41311884481189287 1.956002787820186 -0.6390847452722223
31144.0 11181355.0 -0.1655422116822154 0.054109333151121236 0.4200141363398648 1.956002787820186 -0.6390847452722223
31145.0 11181355.0 -0.20738005323481623 0.05925645656368947 0.427022625956751 1.956002787820186 -0.6390847452722223
31146.0 11181355.0 -0.25267559011038226 0.06401544328940667 0.4341266500433112 1.956002787820186 -0.6390847452722223
31147.0 11181355.0 -0.2979711269859483 0.06877443001512387 0.4413112967591269 1.956002787820186 -0.6390847452722223
31148.0 11181355.0 -0.3286428182992625 0.07126523474557084 0.4485639783917807 1.956002787820186 -0.6390847452722223
31149.0 11181355.0 -0.3593145096125767 0.0737560394760178 0.45587406996566926 1.956002787820186 -0.6390847452722223
31150.0 11181355.0 -0.40551680084489505 0.08348554814280648 0.4632326038622735 1.956002787820186 -0.6390847452722223
31151.0 11181355.0 -0.45421232188425975 0.08830562546755646 0.46944015824003804 1.956002787820186 -0.6390847452722223
31152.0 11181355.0 -0.4796566549801573 0.08926336248503627 0.47586862117473927 1.956002787820186 -0.6390847452722223
31153.0 11181355.0 -0.5592098709799513 0.09424137872420899 0.48248344338164184 1.956002787820186 -0.6390847452722223
31154.0 11181355.0 -0.6193565712382072 0.09229126568249321 0.4892554787430772 1.956002787820186 -0.6390847452722223
31155.0 11181355.0 -0.6746198522034583 0.08897864924779295 0.49616013932264885 1.956002787820186 -0.6390847452722223
31156.0 11181355.0 -0.7266562047246208 0.0792369637899201 0.5031766825378429 1.956002787820186 -0.6390847452722223
31157.0 11181355.0 -0.7762854807808515 0.06870856338267137 0.5102876098099024 1.956002787820186 -0.6390847452722223
31158.0 11181355.0 -0.8213246299998016 0.050487367021913004 0.517478159252284 1.956002787820186 -0.6390847452722223
31159.0 11181355.0 -0.8730164218108774 0.030936553199972544 0.5247358776901869 1.956002787820186 -0.6390847452722223
31160.0 11181355.0 -0.9050273204076509 0.014531258392913998 0.5320502596054585 1.956002787820186 -0.6390847452722223
31161.0 11181355.0 -0.9681435275160339 -0.029090356521449562 0.5394124425418713 1.956002787820186 -0.6390847452722223
31162.0 11181355.0 -1.00670382953209 -0.05737407540382458 0.5456231052438859 1.956002787820186 -0.6390847452722223
31163.0 11181355.0 -1.048724404550461 -0.09352254475008828 0.5520542021946249 1.956002787820186 -0.6390847452722223
31164.0 11181355.0 -1.0804600923746333 -0.13081413420095114 0.5586712553312055 1.956002787820186 -0.6390847452722223
31165.0 11181355.0 -1.10411968997011 -0.15970553214845484 0.5645512957174025 1.956002787820186 -0.6390847452722223
31166.0 11181355.0 -1.1277792875655868 -0.18859693009595854 0.5698095996461435 1.956002787820186 -0.6390847452722223
31167.0 11181355.0 -1.146998777574253 -0.22075116491510172 0.5745434130070289 1.956002787820186 -0.6390847452722223
31168.0 11181355.0 -1.166218267582919 -0.25290539973424486 0.578834771434792 1.956002787820186 -0.6390847452722223
31169.0 11181355.0 -1.1961185400267975 -0.29979337589716115 0.5824549181766142 1.956002787820186 -0.6390847452722223
31170.0 11181355.0 -1.217303919377067 -0.34719441787967786 0.5855088375110089 1.956002787820186 -0.6390847452722223
31171.0 11181355.0 -1.2348100276978957 -0.3963827735430472 0.5892769378105317 1.956002787820186 -0.6390847452722223
31172.0 11181355.0 -1.253672508092494 -0.47036416558993654 0.5924556692883477 1.956002787820186 -0.6390847452722223
31173.0 11181355.0 -1.2694804343607118 -0.5187057921874472 0.5951372151645924 1.956002787820186 -0.6390847452722223
31174.0 11181355.0 -1.2781090111079012 -0.5668246988135861 0.5985911849657992 1.956002787820186 -0.6390847452722223
31175.0 11181355.0 -1.2877902766928175 -0.6127299885133972 0.6015049191249978 1.956002787820186 -0.6390847452722223
31176.0 11181355.0 -1.2949602219317515 -0.669971704590251 0.6039629159352093 1.956002787820186 -0.6390847452722223
31177.0 11181355.0 -1.304658253281682 -0.7322285047644744 0.6060364573053736 1.956002787820186 -0.6390847452722223
31178.0 11181355.0 -1.3075219876988287 -0.784452333509429 0.6077856759360919 1.956002787820186 -0.6390847452722223
31179.0 11181355.0 -1.3047065064121453 -0.8682094430594135 0.6092612991681754 1.956002787820186 -0.6390847452722223
31180.0 11181355.0 -1.298085987561947 -0.9213145673309978 0.6105061200756668 1.956002787820186 -0.6390847452722223
31181.0 11181355.0 -1.2841644541072494 -0.9792604825153371 0.6127480831536032 1.956002787820186 -0.6390847452722223
31182.0 11181355.0 -1.2768454586311657 -1.005780130682042 0.6146393806426331 1.956002787820186 -0.6390847452722223
31183.0 11181355.0 -1.269526463155082 -1.0322997788487467 0.6162348601700827 1.956002787820186 -0.6390847452722223
31184.0 11181355.0 -1.2526014814557789 -1.081062830075634 0.6175807906423345 1.956002787820186 -0.6390847452722223
31185.0 11181355.0 -1.222506864692227 -1.1384547013064394 0.6199080487314242 1.956002787820186 -0.6390847452722223
31186.0 11181355.0 -1.190996665028304 -1.1915188934691707 0.6218713002336292 1.956002787820186 -0.6390847452722223
31187.0 11181355.0 -1.1591111195922503 -1.2366439394164157 0.6235274794425517 1.956002787820186 -0.6390847452722223
31188.0 11181355.0 -1.1186126148233064 -1.2825985189640843 0.6249246155552736 1.956002787820186 -0.6390847452722223
31189.0 11181355.0 -1.0800865545008487 -1.3169254675477278 0.6261032255190776 1.956002787820186 -0.6390847452722223
31190.0 11181355.0 -1.0218738119752946 -1.3698389643219349 0.6270974890229224 1.956002787820186 -0.6390847452722223
31191.0 11181355.0 -0.9838222612838448 -1.3974673330182474 0.6279362397084244 1.956002787820186 -0.6390847452722223
31192.0 11181355.0 -0.941490355286243 -1.4228729170227488 0.6286438013454663 1.956002787820186 -0.6390847452722223
31193.0 11181355.0 -0.8876277906520438 -1.456487268235503 0.6280488485333142 1.956002787820186 -0.6390847452722223
31194.0 11181355.0 -0.8296662667604682 -1.4857162425083201 0.6275469523286298 1.956002787820186 -0.6390847452722223
31195.0 11181355.0 -0.7762748156737957 -1.508543793045378 0.6271235577414767 1.956002787820186 -0.6390847452722223
31196.0 11181355.0 -0.720631402909653 -1.5272000640523775 0.6267663863288269 1.956002787820186 -0.6390847452722223
31197.0 11181355.0 -0.6604535759890713 -1.54149645120546 0.6264650801197135 1.956002787820186 -0.6390847452722223
31198.0 11181355.0 -0.5993168842746344 -1.561012612313157 0.6250190565458668 1.956002787820186 -0.6390847452722223
31199.0 11181355.0 -0.564490277400506 -1.567255333415761 0.6237992056118509 1.956002787820186 -0.6390847452722223
31200.0 11181355.0 -0.5296636705263775 -1.5734980545183654 0.622770151640579 1.956002787820186 -0.6390847452722223
31201.0 11181355.0 -0.43705057825606075 -1.5877622222841854 0.6219020520668843 1.956002787820186 -0.6390847452722223
31202.0 11181355.0 -0.3915403217418405 -1.593932543138624 0.6211697320031293 1.956002787820186 -0.6390847452722223
31203.0 11181355.0 -0.34603006522762025 -1.6001028639930623 0.6205519541674652 1.956002787820186 -0.6390847452722223
31204.0 11181355.0 -0.26583577933061053 -1.611591226001138 0.6200308030026577 1.956002787820186 -0.6390847452722223
31205.0 11181355.0 -0.20251843518663626 -1.616278171630639 0.6195911651249272 1.956002787820186 -0.6390847452722223
31206.0 11181355.0 -0.14826224335859428 -1.621508310278885 0.6180284463476153 1.956002787820186 -0.6390847452722223
31207.0 11181355.0 -0.06700211600361361 -1.6338100764418826 0.6167101525143843 1.956002787820186 -0.6390847452722223
31208.0 11181355.0 0.00023396108237749846 -1.6428133641290341 0.6155980531040706 1.956002787820186 -0.6390847452722223
31209.0 11181355.0 0.06369832970879719 -1.6497657749634127 0.6134680525455706 1.956002787820186 -0.6390847452722223
31210.0 11181355.0 0.1157972479652436 -1.6561582591869104 0.6116712055108922 1.956002787820186 -0.6390847452722223
31211.0 11181355.0 0.1821052227818496 -1.6639219661886482 0.6101554034360296 1.956002787820186 -0.6390847452722223
31212.0 11181355.0 0.24503956653149228 -1.6738539244889357 0.608876688060812 1.956002787820186 -0.6390847452722223
31213.0 11181355.0 0.28679200160791407 -1.6820048329948474 0.6077979766393579 1.956002787820186 -0.6390847452722223
31214.0 11181355.0 0.32854443668433586 -1.690155741500759 0.6068879865404452 1.956002787820186 -0.6390847452722223
31215.0 11181355.0 0.3967648905001501 -1.701579774015307 0.6061203280512054 1.956002787820186 -0.6390847452722223
31216.0 11181355.0 0.45531928245014475 -1.709962031940845 0.6054727390754505 1.956002787820186 -0.6390847452722223
31217.0 11181355.0 0.5134955409306589 -1.717869797446254 0.6049264395328837 1.956002787820186 -0.6390847452722223
31218.0 11181355.0 0.5737324257766035 -1.7308896154483036 0.6056574314249747 1.956002787820186 -0.6390847452722223
31219.0 11181355.0 0.633478280537535 -1.7410615253825126 0.6062740888283901 1.956002787820186 -0.6390847452722223
31220.0 11181355.0 0.7024449474711927 -1.7515581090719305 0.6067942948078288 1.956002787820186 -0.6390847452722223
31221.0 11181355.0 0.7699538154816807 -1.763797474115365 0.6072331353366944 1.956002787820186 -0.6390847452722223
31222.0 11181355.0 0.8359733301843038 -1.7737973365951576 0.6076033367903242 1.956002787820186 -0.6390847452722223
31223.0 11181355.0 0.9071975671233627 -1.7868985158298847 0.6091074796990776 1.956002787820186 -0.6390847452722223
31224.0 11181355.0 0.9653851179289424 -1.795039895462884 0.6103763595191043 1.956002787820186 -0.6390847452722223
31225.0 11181355.0 1.0317369999958874 -1.8053801314487767 0.611446773765185 1.956002787820186 -0.6390847452722223
31226.0 11181355.0 1.0950576192157673 -1.8209212866206423 0.6123497644504561 1.956002787820186 -0.6390847452722223
31227.0 11181355.0 1.1640119553969641 -1.8328111742730975 0.6131115183047904 1.956002787820186 -0.6390847452722223
31228.0 11181355.0 1.227164622387562 -1.8423383394075499 0.6137541261899636 1.956002787820186 -0.6390847452722223
31229.0 11181355.0 1.288501978107639 -1.8568795175642563 0.6142962237346458 1.956002787820186 -0.6390847452722223
31230.0 11181355.0 1.345436154001248 -1.870215830591699 0.6135616870794284 1.956002787820186 -0.6390847452722223
31231.0 11181355.0 1.4089444234897939 -1.8797406540990076 0.6129420393495144 1.956002787820186 -0.6390847452722223
31232.0 11181355.0 1.4654315813069043 -1.89281316597041 0.6112274660725322 1.956002787820186 -0.6390847452722223
31233.0 11181355.0 1.4923791198180447 -1.899510071193702 0.6091851469675513 1.956002787820186 -0.6390847452722223
31234.0 11181355.0 1.5193266583291851 -1.9062069764169942 0.6068663447805273 1.956002787820186 -0.6390847452722223
31235.0 11181355.0 1.5699087636038156 -1.917233529251691 0.6049102265921386 1.956002787820186 -0.6390847452722223
31236.0 11181355.0 1.6339154990260951 -1.9371991745207662 0.6020682202867176 1.956002787820186 -0.6390847452722223
31237.0 11181355.0 1.690701359630797 -1.9499000412667205 0.5984788876814072 1.956002787820186 -0.6390847452722223
31238.0 11181355.0 1.7397463097731944 -1.9618252330526504 0.5954509628188577 1.956002787820186 -0.6390847452722223
31239.0 11181355.0 1.8065797227520508 -1.9731330011802035 0.5917047911898508 1.956002787820186 -0.6390847452722223
31240.0 11181355.0 1.8639426519481308 -1.9797126495161186 0.5885445585053496 1.956002787820186 -0.6390847452722223
31241.0 11181355.0 1.957205539954675 -1.9810738899946414 0.5846867733292993 1.956002787820186 -0.6390847452722223
31242.0 11181355.0 2.0044165617119285 -1.965919256443629 0.5812337437984313 1.956002787820186 -0.6390847452722223
31243.0 11181355.0 2.0516275834691817 -1.9507646228926163 0.5781221620563505 1.956002787820186 -0.6390847452722223
31244.0 11181355.0 2.098838605226435 -1.9356099893416037 0.5752986222325365 1.956002787820186 -0.6390847452722223
31245.0 11181355.0 2.1460496269836886 -1.9204553557905912 0.5727180716720985 1.956002787820186 -0.6390847452722223
31246.0 11181355.0 2.193260648740942 -1.9053007222395788 0.5703425044087841 1.956002787820186 -0.6390847452722223
31247.0 11181355.0 2.240471670498195 -1.8901460886885662 0.5681398589919571 1.956002787820186 -0.6390847452722223
31248.0 11181355.0 2.2917709266570365 -1.8554344284963116 0.5656858071417947 1.956002787820186 -0.6390847452722223
31249.0 11181355.0 2.343070182815878 -1.820722768304057 0.5630196713546423 1.956002787820186 -0.6390847452722223
31250.0 11181355.0 2.371546263583961 -1.7926662094758008 0.5601746236926723 1.956002787820186 -0.6390847452722223
31251.0 11181355.0 2.4000223443520436 -1.7646096506475448 0.5571786477736878 1.956002787820186 -0.6390847452722223
31252.0 11181355.0 2.4231371049511568 -1.7359711126204185 0.5546512726401401 1.956002787820186 -0.6390847452722223
31253.0 11181355.0 2.4462518655502703 -1.707332574593292 0.5525192044131566 1.956002787820186 -0.6390847452722223
31254.0 11181355.0 2.486833119027766 -1.6496718857176607 0.5495287684259503 1.956002787820186 -0.6390847452722223
31255.0 11181355.0 2.503616265643184 -1.617301890284485 0.5470060667230967 1.956002787820186 -0.6390847452722223
31256.0 11181355.0 2.536517622911643 -1.5518775695016709 0.5436860962670086 1.956002787820186 -0.6390847452722223
31257.0 11181355.0 2.5525066026783767 -1.502894122631792 0.5408854026026637 1.956002787820186 -0.6390847452722223
31258.0 11181355.0 2.565959983368555 -1.4562370366347135 0.5373309209255919 1.956002787820186 -0.6390847452722223
31259.0 11181355.0 2.5757306053739706 -1.412700016814976 0.5343323959553622 1.956002787820186 -0.6390847452722223
31260.0 11181355.0 2.583845936408342 -1.3551888527882179 0.5306110257796338 1.956002787820186 -0.6390847452722223
31261.0 11181355.0 2.5882890405479992 -1.3241643520803652 0.5274717153515148 1.956002787820186 -0.6390847452722223
31262.0 11181355.0 2.5989554940171375 -1.2572060924696193 0.5236315799803856 1.956002787820186 -0.6390847452722223
31263.0 11181355.0 2.6011357590840958 -1.2333864200071845 0.5197961580845853 1.956002787820186 -0.6390847452722223
31264.0 11181355.0 2.603316024151054 -1.2095667475447498 0.515964712429136 1.956002787820186 -0.6390847452722223
31265.0 11181355.0 2.606208655222103 -1.1832928312220912 0.5115406987459273 1.956002787820186 -0.6390847452722223
31266.0 11181355.0 2.6190456164468268 -1.1113190334032539 0.5078086453263506 1.956002787820186 -0.6390847452722223
31267.0 11181355.0 2.6253871310044916 -1.0592447696999838 0.5034684779330338 1.956002787820186 -0.6390847452722223
31268.0 11181355.0 2.6317286455621565 -1.007170505996714 0.4986153117115708 1.956002787820186 -0.6390847452722223
31269.0 11181355.0 2.635941100813262 -0.9588986544476154 0.4945212295297433 1.956002787820186 -0.6390847452722223
31270.0 11181355.0 2.644727720397558 -0.9129376437732756 0.48987565831607416 1.956002787820186 -0.6390847452722223
31271.0 11181355.0 2.6479165466978687 -0.8705228833230813 0.48595670119357115 1.956002787820186 -0.6390847452722223
31272.0 11181355.0 2.6555012502290682 -0.8010398463065477 0.4814588637174775 1.956002787820186 -0.6390847452722223
31273.0 11181355.0 2.6595713574454973 -0.7820423967737596 0.4776645332891906 1.956002787820186 -0.6390847452722223
31274.0 11181355.0 2.6639331176794325 -0.7344032816949824 0.47446367432629033 1.956002787820186 -0.6390847452722223
31275.0 11181355.0 2.665231320914308 -0.6705779206395756 0.4705716172306482 1.956002787820186 -0.6390847452722223
31276.0 11181355.0 2.664728653210368 -0.6476345741109437 0.46728831703469487 1.956002787820186 -0.6390847452722223
31277.0 11181355.0 2.6655254348705744 -0.5989484366228368 0.46392263568864556 1.956002787820186 -0.6390847452722223
31278.0 11181355.0 2.666322216530781 -0.5502622991347299 0.4604874584334649 1.956002787820186 -0.6390847452722223
31279.0 11181355.0 2.660101323637622 -0.5121934712065552 0.45699365512875256 1.956002787820186 -0.6390847452722223
31280.0 11181355.0 2.6538804307444632 -0.47412464327838055 0.453450395478672 1.956002787820186 -0.6390847452722223
31281.0 11181355.0 2.6422122346434396 -0.42826137409047116 0.4504613372974729 1.956002787820186 -0.6390847452722223
31282.0 11181355.0 2.6269848070448276 -0.3905814641065585 0.4467479532096963 1.956002787820186 -0.6390847452722223
31283.0 11181355.0 2.5954275708290058 -0.33764089564090627 0.4436153797650009 1.956002787820186 -0.6390847452722223
31284.0 11181355.0 2.567902819091066 -0.3009106761603877 0.4403768499893883 1.956002787820186 -0.6390847452722223
31285.0 11181355.0 2.540378067353127 -0.2641804566798691 0.43704893651936594 1.956002787820186 -0.6390847452722223
31286.0 11181355.0 2.510697121458182 -0.23813575318448635 0.43304969752020095 1.956002787820186 -0.6390847452722223
31287.0 11181355.0 2.493737413486246 -0.22208507008339398 0.42967597974912175 1.956002787820186 -0.6390847452722223
31288.0 11181355.0 2.4456054891966437 -0.18183869809953448 0.42563810070256286 1.956002787820186 -0.6390847452722223
31289.0 11181355.0 2.4182707304349065 -0.16356847687104933 0.42163586423227617 1.956002787820186 -0.6390847452722223
31290.0 11181355.0 2.3909359716731693 -0.14529825564256418 0.41766369548062343 1.956002787820186 -0.6390847452722223
31291.0 11181355.0 2.3581538655111944 -0.12875379740816426 0.41431281389790875 1.956002787820186 -0.6390847452722223
31292.0 11181355.0 2.3203999380197016 -0.10567937495586616 0.4102941992300292 1.956002787820186 -0.6390847452722223
31293.0 11181355.0 2.273957163934095 -0.07930032133421719 0.40571229165161626 1.956002787820186 -0.6390847452722223
31294.0 11181355.0 2.2386495468582774 -0.06777152665188754 0.4018470405311002 1.956002787820186 -0.6390847452722223
31295.0 11181355.0 2.1953531392300025 -0.05188162961850437 0.39739450889778183 1.956002787820186 -0.6390847452722223
31296.0 11181355.0 2.1335294838470604 -0.033446112144664364 0.3936383980224991 1.956002787820186 -0.6390847452722223
31297.0 11181355.0 2.0920850851078576 -0.025753604097286747 0.3892779360016646 1.956002787820186 -0.6390847452722223
31298.0 11181355.0 2.0710306177140145 -0.021565080247632304 0.3855994941248784 1.956002787820186 -0.6390847452722223
31299.0 11181355.0 2.0499761503201714 -0.01737655639797786 0.38249639757771364 1.956002787820186 -0.6390847452722223
31300.0 11181355.0 1.9918375771244798 -0.009138321348714507 0.3798786565603026 1.956002787820186 -0.6390847452722223
31301.0 11181355.0 1.9536565194693338 -0.007767639227496875 0.37647851189493614 1.956002787820186 -0.6390847452722223
31302.0 11181355.0 1.90518162292146 -0.0025677519583046093 0.3736101840745228 1.956002787820186 -0.6390847452722223
31303.0 11181355.0 1.8622203336688483 0.0004813365783310486 0.37119049159227063 1.956002787820186 -0.6390847452722223
31304.0 11181355.0 1.8270640366417852 -0.0011211484857380771 0.3679574186779901 1.956002787820186 -0.6390847452722223
31305.0 11181355.0 1.7852278729775617 0.004014188442235805 0.364038186217167 1.956002787820186 -0.6390847452722223
31306.0 11181355.0 1.7405646037799751 0.0004936721010834477 0.36073196115664174 1.956002787820186 -0.6390847452722223
31307.0 11181355.0 1.674417253616411 0.0018874826183980509 0.3567510182814549 1.956002787820186 -0.6390847452722223
31308.0 11181355.0 1.6340655618671112 -0.0009378377457135711 0.35339273493643025 1.956002787820186 -0.6390847452722223
31309.0 11181355.0 1.6224105109279017 -0.00046054435075558453 0.35055972090456206 1.956002787820186 -0.6390847452722223
31310.0 11181355.0 1.6107554599886922 1.6749044202402086e-05 0.34816981877892617 1.956002787820186 -0.6390847452722223
31311.0 11181355.0 1.5194062683848721 0.0031012568053419842 0.34496187670967493 1.956002787820186 -0.6390847452722223
31312.0 11181355.0 1.4746640864783842 0.0020612981157809157 0.34225568906500425 1.956002787820186 -0.6390847452722223
31313.0 11181355.0 1.4413891977721445 0.002416114143644482 0.3387809317150145 1.956002787820186 -0.6390847452722223
31314.0 11181355.0 1.3992597946790744 -0.0004114558373218141 0.33584966138476013 1.956002787820186 -0.6390847452722223
31315.0 11181355.0 1.3455526366266264 0.00101043500154388 0.33337687123466386 1.956002787820186 -0.6390847452722223
31316.0 11181355.0 1.308574449860902 0.001991408833837416 0.3312908503503728 1.956002787820186 -0.6390847452722223
31317.0 11181355.0 1.2631892790165729 0.0003449232562175303 0.3283392594380383 1.956002787820186 -0.6390847452722223
31318.0 11181355.0 1.2299254025464847 0.00046339738224399074 0.32584932704940694 1.956002787820186 -0.6390847452722223
31319.0 11181355.0 1.2054455861340994 0.0016456439832887627 0.3237488451452084 1.956002787820186 -0.6390847452722223
31320.0 11181355.0 1.1809657697217142 0.0028278905843335347 0.32197689975022087 1.956002787820186 -0.6390847452722223
31321.0 11181355.0 1.1564859533093288 0.004010137185378307 0.32048210444798975 1.956002787820186 -0.6390847452722223
31322.0 11181355.0 1.1086805863781883 0.001753282808272319 0.31802926548654614 1.956002787820186 -0.6390847452722223
31323.0 11181355.0 1.0756923919520058 0.002717031826207035 0.3159600752242123 1.956002787820186 -0.6390847452722223
31324.0 11181355.0 1.0427041975258233 0.003680780844141751 0.3142145271433807 1.956002787820186 -0.6390847452722223
31325.0 11181355.0 1.0092205187033234 0.0017691478610899758 0.3127420003497071 1.956002787820186 -0.6390847452722223
31326.0 11181355.0 0.9924108022393825 0.0019649135927503336 0.311499791566175 1.956002787820186 -0.6390847452722223
31327.0 11181355.0 0.9756010857754416 0.0021606793244106914 0.310451876738062 1.956002787820186 -0.6390847452722223
31328.0 11181355.0 0.9587913693115007 0.0023564450560710493 0.3095678663353528 1.956002787820186 -0.6390847452722223
31329.0 11181355.0 0.9162308363474846 0.001658567310449883 0.30921940561910355 1.956002787820186 -0.6390847452722223
31330.0 11181355.0 0.8736703033834685 0.0009606895648287168 0.30932272922854304 1.956002787820186 -0.6390847452722223
31331.0 11181355.0 0.8311097704194524 0.0002628118192075507 0.309807173548345 1.956002787820186 -0.6390847452722223
31332.0 11181355.0 0.7531926595891977 -0.0017332173774449455 0.31021584590104906 1.956002787820186 -0.6390847452722223
31333.0 11181355.0 0.7255015448295312 -0.0008631881388124207 0.3111565201289856 1.956002787820186 -0.6390847452722223
31334.0 11181355.0 0.6978104300698649 6.841099820104057e-06 0.31254598578476483 1.956002787820186 -0.6390847452722223
31335.0 11181355.0 0.6577778944638352 -0.0029178176841059555 0.31371812502830226 1.956002787820186 -0.6390847452722223
31336.0 11181355.0 0.5975463592134258 0.00029066974598146444 0.31589877458586463 1.956002787820186 -0.6390847452722223
31337.0 11181355.0 0.553031200080198 -0.001402233283958762 0.3177383486064171 1.956002787820186 -0.6390847452722223
31338.0 11181355.0 0.5085160409469701 -0.0030951363138989885 0.3192901947365557 1.956002787820186 -0.6390847452722223
31339.0 11181355.0 0.4555061578724666 -0.0022453944369679596 0.3217911612022586 1.956002787820186 -0.6390847452722223
31340.0 11181355.0 0.4034021009970196 -0.0013408170468011404 0.3250927960310312 1.956002787820186 -0.6390847452722223
31341.0 11181355.0 0.3752495071237553 -0.003239494909148821 0.3278780219447037 1.956002787820186 -0.6390847452722223
31342.0 11181355.0 0.30380135999860625 -0.0017372938863829124 0.3314194551829769 1.956002787820186 -0.6390847452722223
31343.0 11181355.0 0.24884274486674995 0.00021804140230846647 0.3344069726215564 1.956002787820186 -0.6390847452722223
31344.0 11181355.0 0.1939065374282486 0.0016991311714963098 0.3381190569543653 1.956002787820186 -0.6390847452722223
31345.0 11181355.0 0.14407133448675657 0.0013966331721695924 0.34244237862705496 1.956002787820186 -0.6390847452722223
31346.0 11181355.0 0.12229824291664798 0.00407320853491322 0.3460894892799292 1.956002787820186 -0.6390847452722223
31347.0 11181355.0 0.10052515134653939 0.006749783897656847 0.34916615512192145 1.956002787820186 -0.6390847452722223
31348.0 11181355.0 0.045495681641455676 0.006860460149690939 0.3529534441506536 1.956002787820186 -0.6390847452722223
31349.0 11181355.0 -0.007498375696442294 0.013199270456067197 0.35734020774795894 1.956002787820186 -0.6390847452722223
31350.0 11181355.0 -0.07416723930347535 0.013026071938188194 0.36223268205815934 1.956002787820186 -0.6390847452722223
31351.0 11181355.0 -0.12897485911083584 0.0176219085267095 0.36755176883625057 1.956002787820186 -0.6390847452722223
31352.0 11181355.0 -0.18117786988063123 0.02393706739238413 0.37323074159879727 1.956002787820186 -0.6390847452722223
31353.0 11181355.0 -0.22577219145508387 0.024727829800619022 0.37921331055591334 1.956002787820186 -0.6390847452722223
