16062.0 10801356.0 -3.3899075974576336 2.7242318596567947 1.00584 2.3864760276694317 0.9596587984065638
16063.0 10801356.0 -3.340643885118851 2.694311813743773 1.00584 2.3864760276694317 0.9596587984065638
16064.0 10801356.0 -3.2855973621018713 2.6522157696748443 1.00584 2.3864760276694317 0.9596587984065638
16065.0 10801356.0 -3.2619085777042027 2.6388503341414524 1.00584 2.3864760276694317 0.9596587984065638
16066.0 10801356.0 -3.1814236018827806 2.5797790631665873 1.00584 2.3864760276694317 0.9596587984065638
16067.0 10801356.0 -3.1380140646588286 2.544182402782844 1.00584 2.3864760276694317 0.9596587984065638
16068.0 10801356.0 -3.079901246421115 2.496527518223615 1.00584 2.3864760276694317 0.9596587984065638
16069.0 10801356.0 -3.0276325207433255 2.458148179931899 1.00584 2.3864760276694317 0.9596587984065638
16070.0 10801356.0 -2.9716779939676057 2.4076957111679245 1.00584 2.3864760276694317 0.9596587984065638
16071.0 10801356.0 -2.923201810749907 2.370208547749129 1.00584 2.3864760276694317 0.9596587984065638
16072.0 10801356.0 -2.875971361131259 2.3272872253989823 1.00584 2.3864760276694317 0.9596587984065638
16073.0 10801356.0 -2.806982233530344 2.266727223947099 1.00584 2.3864760276694317 0.9596587984065638
16074.0 10801356.0 -2.7651930396316473 2.226172489080419 1.00584 2.3864760276694317 0.9596587984065638
16075.0 10801356.0 -2.726778828682154 2.1902285001941415 1.00584 2.3864760276694317 0.9596587984065638
16076.0 10801356.0 -2.6883646177326606 2.1542845113078646 1.00584 2.3864760276694317 0.9596587984065638
16077.0 10801356.0 -2.6633817355626936 2.1302156464152615 1.00584 2.3864760276694317 0.9596587984065638
16078.0 10801356.0 -2.5920631392658438 2.060483361655144 1.00584 2.3864760276694317 0.9596587984065638
16079.0 10801356.0 -2.555153936096003 2.0212941799232764 1.00584 2.3864760276694317 0.9596587984065638
16080.0 10801356.0 -2.530342883907685 1.996698069872001 1.00584 2.3864760276694317 0.9596587984065638
16081.0 10801356.0 -2.460533829331859 1.9196332910502207 1.00584 2.3864760276694317 0.9596587984065638
16082.0 10801356.0 -2.4187096589396795 1.8683205542623529 1.00584 2.3864760276694317 0.9596587984065638
16083.0 10801356.0 -2.3771422229857704 1.8216492580778982 1.00584 2.3864760276694317 0.9596587984065638
16084.0 10801356.0 -2.33617476549061 1.7717862165394125 1.00584 2.3864760276694317 0.9596587984065638
16085.0 10801356.0 -2.292464630048034 1.723246099613373 1.00584 2.3864760276694317 0.9596587984065638
16086.0 10801356.0 -2.2311116059000247 1.6463819126432548 1.00584 2.3864760276694317 0.9596587984065638
16087.0 10801356.0 -2.212694855544786 1.6225949056767468 1.00584 2.3864760276694317 0.9596587984065638
16088.0 10801356.0 -2.1942781051895475 1.5988078987102385 1.00584 2.3864760276694317 0.9596587984065638
16089.0 10801356.0 -2.1357620231073486 1.525210449402733 1.00584 2.3864760276694317 0.9596587984065638
16090.0 10801356.0 -2.1002421157188094 1.4804040477854787 1.00584 2.3864760276694317 0.9596587984065638
16091.0 10801356.0 -2.0659463923058414 1.4372838110860733 1.00584 2.3864760276694317 0.9596587984065638
16092.0 10801356.0 -2.0107401792895114 1.3644207433461788 1.00584 2.3864760276694317 0.9596587984065638
16093.0 10801356.0 -1.9852736430293423 1.3201006383207226 1.00584 2.3864760276694317 0.9596587984065638
16094.0 10801356.0 -1.9442282148106667 1.2636730181140592 1.00584 2.3864760276694317 0.9596587984065638
16095.0 10801356.0 -1.909563685425686 1.2203166926909212 1.00584 2.3864760276694317 0.9596587984065638
16096.0 10801356.0 -1.8735622496724293 1.1729011804357137 1.00584 2.3864760276694317 0.9596587984065638
16097.0 10801356.0 -1.834663857376247 1.1218508803473495 1.00584 2.3864760276694317 0.9596587984065638
16098.0 10801356.0 -1.8029917602628112 1.0682577489625735 1.00584 2.516863095951969 0.5306722116665529
16099.0 10801356.0 -1.7639598233318114 1.0173399748243073 1.00584 2.516863095951969 0.5306722116665529
16100.0 10801356.0 -1.7249278864008117 0.9664222006860411 1.00584 2.516863095951969 0.5306722116665529
16101.0 10801356.0 -1.7080236432990195 0.940445070615691 1.00584 2.516863095951969 0.5306722116665529
16102.0 10801356.0 -1.648655959932902 0.8599166266377926 1.00584 2.516863095951969 0.5306722116665529
16103.0 10801356.0 -1.6137242377998564 0.8160082345694252 1.00584 2.516863095951969 0.5306722116665529
16104.0 10801356.0 -1.571843678198119 0.762115713365032 1.00584 2.516863095951969 0.5306722116665529
16105.0 10801356.0 -1.5565147818782814 0.7410945122690202 1.00584 2.516863095951969 0.5306722116665529
16106.0 10801356.0 -1.4967505064638276 0.6631260459859648 1.00584 2.516863095951969 0.5306722116665529
16107.0 10801356.0 -1.4578227225646032 0.6124205507071848 1.00584 2.516863095951969 0.5306722116665529
16108.0 10801356.0 -1.419765749745255 0.5617665972197603 1.00584 2.516863095951969 0.5306722116665529
16109.0 10801356.0 -1.3803665253727277 0.5111413746531599 1.00584 2.516863095951969 0.5306722116665529
16110.0 10801356.0 -1.3415516843649915 0.46035717037701473 1.00584 2.516863095951969 0.5306722116665529
16111.0 10801356.0 -1.2848816564248369 0.37943156765764263 1.00584 2.516863095951969 0.5306722116665529
16112.0 10801356.0 -1.2504757319423885 0.332543836396449 1.0010726208211265 2.516863095951969 0.5306722116665529
16113.0 10801356.0 -1.2083752477346288 0.2749614463202078 0.9970509078953405 2.516863095951969 0.5306722116665529
16114.0 10801356.0 -1.1863500751681213 0.24602692066789078 0.9936582314481679 2.516863095951969 0.5306722116665529
16115.0 10801356.0 -1.1643249026016138 0.21709239501557373 0.9907962038028315 2.516863095951969 0.5306722116665529
16116.0 10801356.0 -1.1196539272128474 0.1703540394949313 0.988381826121711 2.516863095951969 0.5306722116665529
16117.0 10801356.0 -1.0624416718976046 0.09813406894978402 0.9863450814304985 2.516863095951969 0.5306722116665529
16118.0 10801356.0 -1.0243569227640477 0.057055543488307964 0.9846269041202084 2.516863095951969 0.5306722116665529
16119.0 10801356.0 -0.9608784998282192 -0.001439206718539171 0.9831774670410736 2.516863095951969 0.5306722116665529
16120.0 10801356.0 -0.909565271236153 -0.04824426284867803 0.9867221152939788 2.516863095951969 0.5306722116665529
16121.0 10801356.0 -0.8537198066537364 -0.09314242496225908 0.9897123448782175 2.516863095951969 0.5306722116665529
16122.0 10801356.0 -0.8043831356622557 -0.1340425099308548 0.9922348724566051 2.516863095951969 0.5306722116665529
16123.0 10801356.0 -0.7821555958141799 -0.15299328213677432 0.9943628513318403 2.516863095951969 0.5306722116665529
16124.0 10801356.0 -0.7599280559661041 -0.17194405434269386 0.996157992893061 2.516863095951969 0.5306722116665529
16125.0 10801356.0 -0.6848836746061062 -0.22767383654084303 0.9976723562465968 2.516863095951969 0.5306722116665529
16126.0 10801356.0 -0.6231094854174322 -0.2750918414530765 0.9989498579303332 2.516863095951969 0.5306722116665529
16127.0 10801356.0 -0.5728909845080818 -0.3078658960725228 1.0000275454934786 2.516863095951969 0.5306722116665529
16128.0 10801356.0 -0.5143199005269328 -0.3485106196764375 0.9961692931209316 2.516863095951969 0.5306722116665529
16129.0 10801356.0 -0.455335782723836 -0.3895233631239281 0.9929145102497646 2.516863095951969 0.5306722116665529
16130.0 10801356.0 -0.39998008908327276 -0.42397508698533015 0.9901688081763649 2.516863095951969 0.5306722116665529
16131.0 10801356.0 -0.34472748311608403 -0.45874303891474544 0.9878525615403944 2.516863095951969 0.5306722116665529
16132.0 10801356.0 -0.30277310814636427 -0.48338034831352716 0.9858985991892841 2.516863095951969 0.5306722116665529
16133.0 10801356.0 -0.2608187331766445 -0.5080176577123089 0.9842502562147765 2.516863095951969 0.5306722116665529
16134.0 10801356.0 -0.20284557357428779 -0.5409862944580072 0.9828597306705654 2.516863095951969 0.5306722116665529
16135.0 10801356.0 -0.1474715313701498 -0.5699504000940551 0.9816866973158417 2.516863095951969 0.5306722116665529
16136.0 10801356.0 -0.08569518839308898 -0.5956322636566784 0.9806971381833018 2.516863095951969 0.5306722116665529
16137.0 10801356.0 -0.0037868581076917485 -0.6276593961230444 0.9798623560580925 2.516863095951969 0.5306722116665529
16138.0 10801356.0 0.058059101153313586 -0.6531288885174232 0.9791581422585767 2.516863095951969 0.5306722116665529
16139.0 10801356.0 0.14370140272613252 -0.6780794927551513 0.9785640745845648 2.516863095951969 0.5306722116665529
16140.0 10801356.0 0.2034085828924348 -0.697591300192944 0.9780629250735086 2.516863095951969 0.5306722116665529
16141.0 10801356.0 0.23753176022703493 -0.7032512015469188 0.977640160389586 2.516863095951969 0.5306722116665529
16142.0 10801356.0 0.27165493756163506 -0.7089111029008935 0.9772835203569625 2.516863095951969 0.5306722116665529
16143.0 10801356.0 0.333982427745787 -0.722034643595067 0.9817500411675198 2.516863095951969 0.5306722116665529
16144.0 10801356.0 0.40055480657742215 -0.7330398381258009 0.985517953171929 2.516863095951969 0.5306722116665529
16145.0 10801356.0 0.49032888231853067 -0.7409941878210392 0.9886965258183205 2.516863095951969 0.5306722116665529
16146.0 10801356.0 0.5586130869194845 -0.748117814264578 0.991377937713441 2.516863095951969 0.5306722116665529
16147.0 10801356.0 0.6241513999648853 -0.7473340661959663 0.9936399498022499 2.516863095951969 0.5306722116665529
16148.0 10801356.0 0.682679783502258 -0.7503344722075177 0.9955481604353233 2.516863095951969 0.5306722116665529
16149.0 10801356.0 0.7443463840936249 -0.7437285523437617 0.9971579077210206 2.516863095951969 0.5306722116665529
16150.0 10801356.0 0.8060127499566294 -0.7371221002507218 0.9985158743306273 2.516863095951969 0.5306722116665529
16151.0 10801356.0 0.8319962068194425 -0.7323511058567154 0.999661441295822 2.516863095951969 0.5306722116665529
16152.0 10801356.0 0.8579796636822556 -0.7275801114627091 1.0006278300585953 2.516863095951969 0.5306722116665529
16153.0 10801356.0 0.9224324599884688 -0.7205980364787976 1.001443065893068 2.516863095951969 0.5306722116665529
16154.0 10801356.0 0.9844837523143508 -0.7046532207385222 1.0021307906384396 2.516863095951969 0.5306722116665529
16155.0 10801356.0 1.0645473749654195 -0.677068348470312 1.0027109483123258 2.516863095951969 0.5306722116665529
16156.0 10801356.0 1.1193990167105392 -0.6576025290083483 1.0032003634872695 2.516863095951969 0.5306722116665529
16157.0 10801356.0 1.1664534554718407 -0.6369913182568209 1.003613229203344 2.516863095951969 0.5306722116665529
16158.0 10801356.0 1.237057791028683 -0.6057310435904958 1.0039615185663155 2.516863095951969 0.5306722116665529
16159.0 10801356.0 1.2868498297902342 -0.5729292793644795 1.00425533196771 2.516863095951969 0.5306722116665529
16160.0 10801356.0 1.31055137180026 -0.5588250780707706 1.0045031899961683 2.516863095951969 0.5306722116665529
16161.0 10801356.0 1.3342529138102857 -0.5447208767770619 1.0047122805345154 2.516863095951969 0.5306722116665529
16162.0 10801356.0 1.384940669478694 -0.509173882227102 1.0048886672083635 2.516863095951969 0.5306722116665529
16163.0 10801356.0 1.4465112044157296 -0.4566204004751623 1.0050374652312541 2.516863095951969 0.5306722116665529
16164.0 10801356.0 1.4926369476608934 -0.4173633164230547 1.0051629897458512 2.516863095951969 0.5306722116665529
16165.0 10801356.0 1.5339819095578098 -0.37642780010270716 1.0052688809630779 2.516863095951969 0.5306722116665529
16166.0 10801356.0 1.5715430212097772 -0.33484045150655173 1.0005908309754168 2.516863095951969 0.5306722116665529
16167.0 10801356.0 1.6089469574640476 -0.2882951470117562 0.9966444750860429 2.516863095951969 0.5306722116665529
16168.0 10801356.0 1.6322930253685206 -0.2567845699168039 0.9933153689741643 2.516863095951969 0.5306722116665529
16169.0 10801356.0 1.6556390932729936 -0.2252739928218516 0.9905069685625364 2.516863095951969 0.5306722116665529
16170.0 10801356.0 1.690514395358135 -0.1704260622276548 0.9881378302392221 2.516863095951969 0.5306722116665529
16171.0 10801356.0 1.7163353389852656 -0.12535457318934126 0.9861392489928451 2.516863095951969 0.5306722116665529
16172.0 10801356.0 1.7433753156297456 -0.07519055371358938 0.9844532659672607 2.516863095951969 0.5306722116665529
16173.0 10801356.0 1.7654281295018142 -0.023981838138065037 0.9830309876547269 2.516863095951969 0.5306722116665529
16174.0 10801356.0 1.7876532547359876 0.027754720836150326 0.9818311679841801 2.516863095951969 0.5306722116665529
16175.0 10801356.0 1.8060980260411545 0.08423059876764902 0.9808190121851745 2.516863095951969 0.5306722116665529
16176.0 10801356.0 1.8207848918601843 0.12920018010427312 0.979965167739539 2.516863095951969 0.5306722116665529
16177.0 10801356.0 1.841263762864594 0.19190424980006723 0.9792448731583502 2.516863095951969 0.5306722116665529
16178.0 10801356.0 1.8586742524560131 0.24521327038909005 0.9786372398987535 2.516863095951969 0.5306722116665529
16179.0 10801356.0 1.8733955982777015 0.2902884261146246 0.9781246465962207 2.516863095951969 0.5306722116665529
16180.0 10801356.0 1.900769719560312 0.3741050009551795 0.9776922280449782 2.516863095951969 0.5306722116665529
16181.0 10801356.0 1.9087682042105532 0.39859548898552377 0.9773274441070402 2.516863095951969 0.5306722116665529
16182.0 10801356.0 1.9167666888607944 0.42308597701586803 0.9770197160482063 2.516863095951969 0.5306722116665529
16183.0 10801356.0 1.9328670881060888 0.47238364442314795 0.9767601197547703 2.516863095951969 0.5306722116665529
16184.0 10801356.0 1.9645038436141276 0.552938935296618 0.9765411269342227 2.516863095951969 0.5306722116665529
16185.0 10801356.0 1.9864966035563834 0.6012467805540028 0.9763563867947676 2.516863095951969 0.5306722116665529
16186.0 10801356.0 2.0039665652330614 0.6574569737010184 0.9762005418723606 2.516863095951969 0.5306722116665529
16187.0 10801356.0 2.0267521586056914 0.7081928097349076 0.9760690726642521 2.516863095951969 0.5306722116665529
16188.0 10801356.0 2.047196438176984 0.7558381786866083 0.9759581665634071 2.516863095951969 0.5306722116665529
16189.0 10801356.0 2.070349832700958 0.8079726008329752 0.9758646072929007 2.516863095951969 0.5306722116665529
16190.0 10801356.0 2.092895749584378 0.8604222518607441 0.9757856816338886 2.516863095951969 0.5306722116665529
16191.0 10801356.0 2.1090297499735855 0.9015314364539107 0.9757191007422591 2.516863095951969 0.5306722116665529
16192.0 10801356.0 2.125163750362793 0.9426406210470774 0.9756629337721552 2.516863095951969 0.5306722116665529
16193.0 10801356.0 2.15159071094842 0.988215325983922 0.9756155518814438 2.516863095951969 0.5306722116665529
16194.0 10801356.0 2.1727911748961217 1.0357306034232252 0.9755755809952943 2.516863095951969 0.5306722116665529
16195.0 10801356.0 2.1951875631155184 1.0879954871995543 0.9755418619580083 2.516863095951969 0.5306722116665529
16196.0 10801356.0 2.219045514628947 1.1327737315970474 0.9755134169175046 2.516863095951969 0.5306722116665529
16197.0 10801356.0 2.250560668352945 1.205892277099667 0.9754894209676085 2.516863095951969 0.5306722116665529
16198.0 10801356.0 2.276614144280384 1.258481534903885 0.975469178225773 2.516863095951969 0.5306722116665529
16199.0 10801356.0 2.2955596943896794 1.311055692930769 0.9754521016524849 2.516863095951969 0.5306722116665529
16200.0 10801356.0 2.311625080042533 1.3602480553763752 0.9754376960271188 2.516863095951969 0.5306722116665529
16201.0 10801356.0 2.329332427424535 1.3981565638602464 0.9754255435865393 2.516863095951969 0.5306722116665529
16202.0 10801356.0 2.351741183732058 1.4667725465507944 0.9754152919099695 2.516863095951969 0.5306722116665529
16203.0 10801356.0 2.358755402404044 1.4936873237457877 0.9754066436987886 2.516863095951969 0.5306722116665529
16204.0 10801356.0 2.375899598661965 1.5733683968928245 0.9753993481548727 2.516863095951969 0.5306722116665529
16205.0 10801356.0 2.385358798009431 1.6186435100558612 0.9753931937074481 2.516863095951969 0.5306722116665529
16206.0 10801356.0 2.3894091779718902 1.6663860059564952 0.9753880018775395 2.516863095951969 0.5306722116665529
16207.0 10801356.0 2.3947501107718097 1.6936136282474794 0.9753836221020795 2.516863095951969 0.5306722116665529
16208.0 10801356.0 2.4000910435717295 1.7208412505384636 0.9753799273675798 2.516863095951969 0.5306722116665529
16209.0 10801356.0 2.403540302703054 1.776256726611944 0.9801441892795568 2.516863095951969 0.5306722116665529
16210.0 10801356.0 2.402790329264838 1.8269689053986564 0.984163272680641 2.516863095951969 0.5306722116665529
16211.0 10801356.0 2.4103671447075903 1.8827887544307942 0.9875537309894638 2.516863095951969 0.5306722116665529
16212.0 10801356.0 2.407881151468704 1.9268249832888305 0.990413887496981 2.516863095951969 0.5306722116665529
16213.0 10801356.0 2.4140447574570034 1.9783167027700246 0.9928266867419107 2.516863095951969 0.5306722116665529
16214.0 10801356.0 2.4167860723297716 2.0220476353706838 0.9948620999023557 2.516863095951969 0.5306722116665529
16215.0 10801356.0 2.421196897414567 2.1021493110247866 0.9965791539599691 2.516863095951969 0.5306722116665529
16216.0 10801356.0 2.418790881924024 2.158659612160798 0.9932602647296047 2.516863095951969 0.5306722116665529
16217.0 10801356.0 2.4233003001983313 2.2050842057785216 0.9904604831763988 2.516863095951969 0.5306722116665529
16218.0 10801356.0 2.4240104420747066 2.2317215506679093 0.9880986156353084 2.516863095951969 0.5306722116665529
16219.0 10801356.0 2.42323471204348 2.270117640191658 0.986106167947642 2.516863095951969 0.5306722116665529
16220.0 10801356.0 2.422458982012253 2.3085137297154064 0.9844253591304574 2.516863095951969 0.5306722116665529
16221.0 10801356.0 2.4265873819562334 2.3646423440501563 0.9830074457280559 2.516863095951969 0.5306722116665529
16222.0 10801356.0 2.4237203199884974 2.4167473580315484 0.981811308251768 2.516863095951969 0.5306722116665529
16223.0 10801356.0 2.4247777345569452 2.4868464840002464 0.9808022587147814 2.516863095951969 0.5306722116665529
16224.0 10801356.0 2.425658765226901 2.5248768192836426 0.9799510346805235 2.516863095951969 0.5306722116665529
16225.0 10801356.0 2.427076360904219 2.5998818222189652 0.9792329506520008 2.516863095951969 0.5306722116665529
16226.0 10801356.0 2.4283948595182734 2.6528395843249712 0.9786271821923861 2.516863095951969 0.5306722116665529
16227.0 10801356.0 2.4281964688944173 2.7011525956512994 0.9781161620163505 2.516863095951969 0.5306722116665529
16228.0 10801356.0 2.428678772563031 2.754266734651811 0.9776850705387892 2.516863095951969 0.5306722116665529
16229.0 10801356.0 2.433313499953374 2.7847626379696044 0.9773214061068527 2.516863095951969 0.5306722116665529
16230.0 10801356.0 2.436287759275137 2.842787250796344 0.977014622452015 2.516863095951969 0.5306722116665529
16231.0 10801356.0 2.4401695657133464 2.8900012960448582 0.9767558228482857 2.516863095951969 0.5306722116665529
16232.0 10801356.0 2.440997394541495 2.9441709380081407 0.9765375021071566 2.516863095951969 0.5306722116665529
16233.0 10801356.0 2.4506016103203443 3.0197733448112225 0.9763533289271351 2.516863095951969 0.5306722116665529
16234.0 10801356.0 2.4520251273054683 3.0730475436006395 0.9761979622860005 2.516863095951969 0.5306722116665529
16235.0 10801356.0 2.457837065702879 3.1245378529387966 0.97606689655116 2.516863095951969 0.5306722116665529
16236.0 10801356.0 2.464254774877989 3.1865781616380744 0.9759563308163031 2.516863095951969 0.5306722116665529
16237.0 10801356.0 2.4738899800246488 3.2323803238117845 0.9758630586751189 2.516863095951969 0.5306722116665529
16238.0 10801356.0 2.4787473475903123 3.2798599884017294 0.9757843752355132 2.516863095951969 0.5306722116665529
16239.0 10801356.0 2.485093524611724 3.3196686415206345 0.9757179986777373 2.516863095951969 0.5306722116665529
16240.0 10801356.0 2.4914397016331353 3.3594772946395395 0.9756620040816159 2.516863095951969 0.5306722116665529
16241.0 10801356.0 2.4988669686788754 3.409388632142565 0.9803821463566782 2.516863095951969 0.5306722116665529
16242.0 10801356.0 2.5037247694744567 3.456868213663415 0.9843640108760842 2.516863095951969 0.5306722116665529
16243.0 10801356.0 2.509264711939602 3.4982837473972106 0.9877230717108966 2.516863095951969 0.5306722116665529
16244.0 10801356.0 2.5239632043684646 3.5530630871891353 0.990556741625325 2.516863095951969 0.5306722116665529
16245.0 10801356.0 2.5312606276379626 3.610727333756332 0.9929471970468879 2.516863095951969 0.5306722116665529
16246.0 10801356.0 2.5404722839866523 3.6563174576631963 0.9949637611828106 2.516863095951969 0.5306722116665529
16247.0 10801356.0 2.5498579621016386 3.7040704184447315 0.9966649143930347 2.516863095951969 0.5306722116665529
16248.0 10801356.0 2.5613649717143305 3.752882812171587 0.9980999901206569 2.516863095951969 0.5306722116665529
16249.0 10801356.0 2.5669732450344687 3.8053744676503802 0.9993106055617781 2.516863095951969 0.5306722116665529
16250.0 10801356.0 2.578368067295769 3.8565600284691235 1.0003318685641909 2.516863095951969 0.5306722116665529
16251.0 10801356.0 2.589418132623762 3.9066899647029154 1.0011933957549652 2.516863095951969 0.5306722116665529
16252.0 10801356.0 2.5991145555152193 3.955392889933523 1.0019201714226336 2.516863095951969 0.5306722116665529
16253.0 10801356.0 2.6052149471649573 4.00667242011782 1.002533272061558 2.516863095951969 0.5306722116665529
16254.0 10801356.0 2.6193687301200184 4.066302785512508 1.0030504775902678 2.516863095951969 0.5306722116665529
16255.0 10801356.0 2.6301141663052228 4.132887819017094 1.0034867869690953 2.516863095951969 0.5306722116665529
16256.0 10801356.0 2.6408775722908793 4.182410494845253 1.0038548531700267 2.516863095951969 0.5306722116665529
16257.0 10801356.0 2.6481982236394943 4.238782264478648 1.0041653501128887 2.516863095951969 0.5306722116665529
16258.0 10801356.0 2.658181514841491 4.2872747198380114 1.0044272822090246 2.516863095951969 0.5306722116665529
16259.0 10801356.0 2.6610163701950102 4.303288357680094 1.0046482454892223 2.516863095951969 0.5306722116665529
16260.0 10801356.0 2.6638512255485294 4.319301995522177 1.0048346478886072 2.516863095951969 0.5306722116665529
16261.0 10801356.0 2.6795573198447658 4.383682477855165 1.0049918950767618 2.516863095951969 0.5306722116665529
16262.0 10801356.0 2.68422723155967 4.436013552246837 1.0051245472221426 2.516863095951969 0.5306722116665529
16263.0 10801356.0 2.701968101942264 4.506622066992276 1.0052364512369656 2.516863095951969 0.5306722116665529
16264.0 10801356.0 2.71163982361154 4.552529360043847 1.0053308523376605 2.516863095951969 0.5306722116665529
16265.0 10801356.0 2.7212426400128416 4.598225518457672 1.0054104881561474 2.516863095951969 0.5306722116665529
16266.0 10801356.0 2.7309144871371878 4.644132784961136 1.0054776681311628 2.516863095951969 0.5306722116665529
16267.0 10801356.0 2.736524871167 4.696624007662796 1.0055343404819819 2.516863095951969 0.5306722116665529
16268.0 10801356.0 2.7278175939379223 4.696116216673421 1.0054828283160946 2.516863095951969 0.5306722116665529
16269.0 10801356.0 2.7191103167088446 4.695608425684047 1.0053400527806904 2.516863095951969 0.5306722116665529
16270.0 10801356.0 2.7104030394797665 4.695100634694672 1.0051202883852426 2.516863095951969 0.5306722116665529
16271.0 10801356.0 2.7016957622506887 4.694592843705298 1.0048355769622832 2.516863095951969 0.5306722116665529
16272.0 10801356.0 2.692988485021611 4.6940850527159235 1.0044960768805462 2.516863095951969 0.5306722116665529
16273.0 10801356.0 2.6842812077925333 4.693577261726549 1.0041103576376613 2.516863095951969 0.5306722116665529
16274.0 10801356.0 2.6755739305634556 4.693069470737175 1.003685648375585 2.516863095951969 0.5306722116665529
16275.0 10801356.0 2.6668666533343774 4.6925616797478 1.003228047525717 2.516863095951969 0.5306722116665529
16276.0 10801356.0 2.6581593761052997 4.6920538887584256 1.002742699663411 2.516863095951969 0.5306722116665529
16277.0 10801356.0 2.649452098876222 4.691546097769051 1.0022339447006603 2.516863095951969 0.5306722116665529
16278.0 10801356.0 2.6407448216471443 4.691038306779677 1.001705443743545 2.516863095951969 0.5306722116665529
16279.0 10801356.0 2.6320375444180666 4.690530515790303 1.0011602852643091 2.516863095951969 0.5306722116665529
16280.0 10801356.0 2.6233302671889884 4.690022724800928 1.0006010746670544 2.516863095951969 0.5306722116665529
16281.0 10801356.0 2.6146229899599107 4.689514933811553 1.0000300098444606 2.516863095951969 0.5306722116665529
16282.0 10801356.0 2.605915712730833 4.689007142822179 0.9994489449166722 2.516863095951969 0.5306722116665529
16283.0 10801356.0 2.5972084355017553 4.688499351832805 0.9988594440007837 2.516863095951969 0.5306722116665529
16284.0 10801356.0 2.5885011582726776 4.687991560843431 0.9982628265702344 2.516863095951969 0.5306722116665529
16285.0 10801356.0 2.5797938810435994 4.6874837698540555 0.9976602057195381 2.516863095951969 0.5306722116665529
16286.0 10801356.0 2.5710866038145217 4.686975978864681 0.9970525204440247 2.516863095951969 0.5306722116665529
16287.0 10801356.0 2.562379326585444 4.686468187875307 0.9964405628707044 2.516863095951969 0.5306722116665529
16288.0 10801356.0 2.5536720493563663 4.685960396885933 0.9958250012299508 2.516863095951969 0.5306722116665529
16289.0 10801356.0 2.544964772127288 4.685452605896558 0.995206399234182 2.516863095951969 0.5306722116665529
16290.0 10801356.0 2.5362574948982104 4.684944814907183 0.9945852324255208 2.516863095951969 0.5306722116665529
16291.0 10801356.0 2.5275502176691327 4.684437023917809 0.993961901966516 2.516863095951969 0.5306722116665529
16292.0 10801356.0 2.518842940440055 4.683929232928435 0.9933367462738566 2.516863095951969 0.5306722116665529
16293.0 10801356.0 2.5101356632109773 4.6834214419390605 0.9927100508324553 2.516863095951969 0.5306722116665529
16294.0 10801356.0 2.501428385981899 4.682913650949685 0.9920820564745115 2.516863095951969 0.5306722116665529
16295.0 10801356.0 2.4927211087528214 4.682405859960311 0.9914529663636449 2.516863095951969 0.5306722116665529
16296.0 10801356.0 2.4840138315237437 4.681898068970937 0.9908229518866403 2.516863095951969 0.5306722116665529
16297.0 10801356.0 2.475306554294666 4.681390277981563 0.9901921576236645 2.516863095951969 0.5306722116665529
16298.0 10801356.0 2.4665992770655882 4.680882486992188 0.9895607055410913 2.516863095951969 0.5306722116665529
16299.0 10801356.0 2.45789199983651 4.680374696002813 0.988928698528526 2.516863095951969 0.5306722116665529
16300.0 10801356.0 2.4491847226074324 4.679866905013439 0.9882962233826044 2.516863095951969 0.5306722116665529
16301.0 10801356.0 2.4404774453783546 4.679359114024065 0.9876633533240946 2.516863095951969 0.5306722116665529
16302.0 10801356.0 2.431770168149277 4.67885132303469 0.9870301501212998 2.516863095951969 0.5306722116665529
16303.0 10801356.0 2.4230628909201988 4.678343532045316 0.9863966658813391 2.516863095951969 0.5306722116665529
16304.0 10801356.0 2.414355613691121 4.677835741055941 0.9857629445612535 2.516863095951969 0.5306722116665529
16305.0 10801356.0 2.4056483364620433 4.677327950066567 0.9851290232427605 2.516863095951969 0.5306722116665529
16306.0 10801356.0 2.3969410592329656 4.6768201590771925 0.9844949332076239 2.516863095951969 0.5306722116665529
16307.0 10801356.0 2.388233782003888 4.676312368087818 0.9838607008448248 2.516863095951969 0.5306722116665529
16308.0 10801356.0 2.3795265047748098 4.675804577098444 0.9832263484158419 2.516863095951969 0.5306722116665529
16309.0 10801356.0 2.370819227545732 4.675296786109069 0.9825918947002347 2.516863095951969 0.5306722116665529
16310.0 10801356.0 2.3621119503166543 4.674788995119695 0.9819573555402507 2.516863095951969 0.5306722116665529
16311.0 10801356.0 2.3534046730875766 4.67428120413032 0.9813227443002501 2.516863095951969 0.5306722116665529
16312.0 10801356.0 2.344697395858499 4.673773413140946 0.9806880722542732 2.516863095951969 0.5306722116665529
16313.0 10801356.0 2.3359901186294207 4.673265622151572 0.9800533489129866 2.516863095951969 0.5306722116665529
16314.0 10801356.0 2.327282841400343 4.672757831162197 0.9794185822994929 2.516863095951969 0.5306722116665529
16315.0 10801356.0 2.3185755641712653 4.672250040172822 0.9787837791820008 2.516863095951969 0.5306722116665529
16316.0 10801356.0 2.3098682869421876 4.671742249183448 0.978148945270103 2.516863095951969 0.5306722116665529
16317.0 10801356.0 2.30116100971311 4.671234458194074 0.9775140853803544 2.516863095951969 0.5306722116665529
16318.0 10801356.0 2.2924537324840317 4.6707266672047 0.9768792035759525 2.516863095951969 0.5306722116665529
16319.0 10801356.0 2.283746455254954 4.6702188762153245 0.9762443032845695 2.516863095951969 0.5306722116665529
16320.0 10801356.0 2.2750391780258763 4.66971108522595 0.9756093873977553 2.516863095951969 0.5306722116665529
16321.0 10801356.0 2.2663319007967986 4.669203294236576 0.9749744583547924 2.516863095951969 0.5306722116665529
16322.0 10801356.0 2.257624623567721 4.668695503247202 0.9743395182134347 2.516863095951969 0.5306722116665529
16323.0 10801356.0 2.2489173463386427 4.6681877122578275 0.9737045687095829 2.516863095951969 0.5306722116665529
16324.0 10801356.0 2.240210069109565 4.667679921268452 0.9730696113076254 2.516863095951969 0.5306722116665529
16325.0 10801356.0 2.2315027918804873 4.667172130279078 0.9724346472429053 2.516863095951969 0.5306722116665529
16326.0 10801356.0 2.2227955146514096 4.666664339289704 0.9717996775575458 2.516863095951969 0.5306722116665529
16327.0 10801356.0 2.214088237422332 4.6661565483003296 0.9711647031306714 2.516863095951969 0.5306722116665529
