0.0 10920967.0 -4.1262334839911565 -0.11860355878735077 0.7162800000000001 0.0 0.0
1.0 10920967.0 -4.066291057616906 -0.08477036956586895 0.7162800000000001 0.0 0.0
2.0 10920967.0 -4.006348631242655 -0.05093718034438713 0.7162800000000001 0.0 0.0
3.0 10920967.0 -3.946406204868404 -0.01710399112290531 0.7162800000000001 0.0 0.0
4.0 10920967.0 -3.886463778494153 0.01672919809857651 0.7162800000000001 0.0 0.0
5.0 10920967.0 -3.8265213521199026 0.05056238732005833 0.7162800000000001 0.0 0.0
6.0 10920967.0 -3.7665789257456517 0.08439557654154015 0.7162800000000001 0.0 0.0
7.0 10920967.0 -3.6554379234886216 0.151421484399446 0.7162800000000001 0.0 0.0
8.0 10920967.0 -3.5908339201586896 0.1872943409496368 0.7162800000000001 0.0 0.0
9.0 10920967.0 -3.5262299168287576 0.22316719749982758 0.7162800000000001 0.0 0.0
10.0 10920967.0 -3.468391793153546 0.2558805607118978 0.7162800000000001 0.0 0.0
11.0 10920967.0 -3.4105536694783343 0.288593923923968 0.7162800000000001 0.0 0.0
12.0 10920967.0 -3.371241095930717 0.3114417875638208 0.7162800000000001 0.0 0.0
13.0 10920967.0 -3.3319285223831 0.3342896512036736 0.7162800000000001 0.0 0.0
14.0 10920967.0 -3.2926159488354827 0.3571375148435264 0.7162800000000001 0.0 0.0
15.0 10920967.0 -3.2246634987291185 0.3961468481742201 0.7162800000000001 0.0 0.0
16.0 10920967.0 -3.1567110486227543 0.43515618150491375 0.7162800000000001 0.0 0.0
17.0 10920967.0 -3.0887585985163906 0.4741655148356074 0.7162800000000001 0.0 0.0
18.0 10920967.0 -3.0208061484100264 0.5131748481663011 0.7162800000000001 0.0 0.0
19.0 10920967.0 -2.952853698303662 0.5521841814969948 0.7162800000000001 0.0 0.0
20.0 10920967.0 -2.843716021064541 0.6144985084900331 0.7162800000000001 0.0 0.0
21.0 10920967.0 -2.795929226609231 0.6424423350333535 0.7162800000000001 0.0 0.0
22.0 10920967.0 -2.7641424928661578 0.6594980974845877 0.7162800000000001 0.0 0.0
23.0 10920967.0 -2.7323557591230845 0.676553859935822 0.7162800000000001 0.0 0.0
24.0 10920967.0 -2.6667025333520984 0.7143083831975158 0.7162800000000001 0.0 0.0
25.0 10920967.0 -2.5987565826655254 0.7520140443026647 0.7162800000000001 0.0 0.0
26.0 10920967.0 -2.54627215685018 0.7783047481044292 0.7162800000000001 0.0 0.0
27.0 10920967.0 -2.4832104922690954 0.8173757664804625 0.7162800000000001 0.0 0.0
28.0 10920967.0 -2.413476733289116 0.8556659240615736 0.7162800000000001 0.0 0.0
29.0 10920967.0 -2.332768337377977 0.9041529193390623 0.7162800000000001 0.0 0.0
30.0 10920967.0 -2.265376089729128 0.9418080383014674 0.7162800000000001 0.0 0.0
31.0 10920967.0 -2.174210647814175 0.991314497531624 0.7162800000000001 0.0 0.0
32.0 10920967.0 -2.1425271072935326 1.0105088819253587 0.7162800000000001 0.0 0.0
33.0 10920967.0 -2.0546436468633074 1.0592206662423609 0.7162800000000001 0.0 0.0
34.0 10920967.0 -2.027873229535638 1.074531310890068 0.7162800000000001 0.0 0.0
35.0 10920967.0 -2.001102812207969 1.0898419555377752 0.7162800000000001 0.0 0.0
36.0 10920967.0 -1.9314611126912962 1.1316704196536858 0.7162800000000001 0.0 0.0
37.0 10920967.0 -1.85749783597664 1.1731369912849092 0.7162800000000001 0.0 0.0
38.0 10920967.0 -1.7677716457242043 1.2220659747679785 0.7162800000000001 0.0 0.0
39.0 10920967.0 -1.7263467872375717 1.24823983184144 0.7162800000000001 0.0 0.0
40.0 10920967.0 -1.6849219287509392 1.2744136889149016 0.7162800000000001 0.0 0.0
41.0 10920967.0 -1.614361303620514 1.3109192408796095 0.7162800000000001 0.0 0.0
42.0 10920967.0 -1.5544218985582023 1.3448240529794824 0.7162800000000001 0.0 0.0
43.0 10920967.0 -1.490309145489724 1.3789997382023047 0.7162800000000001 0.0 0.0
44.0 10920967.0 -1.3958015134184933 1.4319758466666364 0.7162800000000001 0.0 0.0
45.0 10920967.0 -1.331760475586971 1.4743546741134572 0.7162800000000001 0.0 0.0
46.0 10920967.0 -1.2966423579799375 1.4926615998401733 0.7162800000000001 0.0 0.0
47.0 10920967.0 -1.2615242403729041 1.5109685255668894 0.7162800000000001 0.0 0.0
48.0 10920967.0 -1.2041833753470195 1.5412852277588207 0.7162800000000001 0.0 0.0
49.0 10920967.0 -1.1417322299273158 1.5788105039705507 0.7162800000000001 0.0 0.0
50.0 10920967.0 -1.0818771083911178 1.6127453300757209 0.7162800000000001 0.0 0.0
51.0 10920967.0 -1.0074711066336912 1.6580450512216995 0.7162800000000001 0.0 0.0
52.0 10920967.0 -0.9450052347665217 1.6901919828507344 0.7162800000000001 0.0 0.0
53.0 10920967.0 -0.8840276959855333 1.724578601655472 0.7162800000000001 0.0 0.0
54.0 10920967.0 -0.7960583623278124 1.771986677428738 0.7162800000000001 0.0 0.0
55.0 10920967.0 -0.7621746583644065 1.790874216250506 0.7162800000000001 0.0 0.0
56.0 10920967.0 -0.7282909544010006 1.8097617550722738 0.7162800000000001 0.0 0.0
57.0 10920967.0 -0.6737509854093722 1.8407634427407873 0.7162800000000001 0.0 0.0
58.0 10920967.0 -0.5846778146509177 1.8931866661464742 0.7162800000000001 0.0 0.0
59.0 10920967.0 -0.5189246251344899 1.9258966560235546 0.7162800000000001 0.0 0.0
60.0 10920967.0 -0.46221370538051487 1.9619144101441546 0.7162800000000001 0.0 0.0
61.0 10920967.0 -0.3990305783644579 1.9938298117548328 0.7162800000000001 0.0 0.0
62.0 10920967.0 -0.34391482190744926 2.029318218043017 0.7162800000000001 0.0 0.0
63.0 10920967.0 -0.25102614614161367 2.0836509196699953 0.7162800000000001 0.0 0.0
64.0 10920967.0 -0.2236493649455802 2.0989427108732026 0.7162800000000001 0.0 0.0
65.0 10920967.0 -0.1962725837495467 2.11423450207641 0.7162800000000001 0.0 0.0
66.0 10920967.0 -0.13700950022265612 2.148835134192563 0.7162800000000001 0.0 0.0
67.0 10920967.0 -0.04304534691742057 2.2037525221898986 0.7162800000000001 0.0 0.0
68.0 10920967.0 0.008376707376364645 2.2295845913140506 0.7162800000000001 0.0 0.0
69.0 10920967.0 0.10944831356902374 2.286151817273019 0.7162800000000001 0.0 0.0
70.0 10920967.0 0.1363139302327776 2.3017868327859703 0.7162800000000001 0.0 0.0
71.0 10920967.0 0.16317954689653147 2.3174218482989217 0.7162800000000001 0.0 0.0
72.0 10920967.0 0.22020558380958954 2.3533398280377997 0.7162800000000001 0.0 0.0
73.0 10920967.0 0.3073132882677335 2.4011548886639074 0.7162800000000001 0.0 0.0
74.0 10920967.0 0.36947461096040723 2.4378482846993883 0.7162800000000001 0.0 0.0
75.0 10920967.0 0.42299677600035956 2.4684868546825025 0.7162800000000001 0.0 0.0
76.0 10920967.0 0.5164375088702416 2.523463020606295 0.7162800000000001 0.0 0.0
77.0 10920967.0 0.5797051925958163 2.5567582244201397 0.7162800000000001 0.0 0.0
78.0 10920967.0 0.6077981264781035 2.5747971132365874 0.7162800000000001 0.0 0.0
79.0 10920967.0 0.6358910603603907 2.5928360020530357 0.7162800000000001 0.0 0.0
80.0 10920967.0 0.7041603581125782 2.630572250694717 0.7162800000000001 0.0 0.0
81.0 10920967.0 0.7851443003848855 2.681677736356207 0.7162800000000001 0.0 0.0
82.0 10920967.0 0.8513938599478286 2.7186730413553044 0.7162800000000001 0.0 0.0
83.0 10920967.0 0.8812270274274072 2.7357932800103093 0.7162800000000001 0.0 0.0
84.0 10920967.0 0.9110601949069859 2.752913518665314 0.7162800000000001 0.0 0.0
85.0 10920967.0 1.0052273862219105 2.807422475092195 0.7162800000000001 0.0 0.0
86.0 10920967.0 1.0667656754721504 2.8463093112327806 0.7162800000000001 0.0 0.0
87.0 10920967.0 1.158576219943464 2.896332344685606 0.7162800000000001 0.0 0.0
88.0 10920967.0 1.2243521859002977 2.933250903376843 0.7162800000000001 0.0 0.0
89.0 10920967.0 1.2866689797041975 2.9731695828988856 0.7162800000000001 0.0 0.0
90.0 10920967.0 1.314097065227485 2.988506655447614 0.7162800000000001 0.0 0.0
91.0 10920967.0 1.3415251507507728 3.0038437279963426 0.7162800000000001 0.0 0.0
92.0 10920967.0 1.4238063376076284 3.053244488704346 0.7162800000000001 0.0 0.0
93.0 10920967.0 1.4921023987079374 3.0910934632877565 0.7162800000000001 0.0 0.0
94.0 10920967.0 1.552485064864357 3.1251031402961322 0.7162800000000001 0.0 0.0
95.0 10920967.0 1.614660824845562 3.164602296998898 0.7162800000000001 0.0 0.0
96.0 10920967.0 1.6681733248524517 3.1952497357957585 0.7162800000000001 0.0 0.0
97.0 10920967.0 1.7296710344996482 3.234036418788635 0.7162800000000001 0.0 0.0
98.0 10920967.0 1.8151773966201779 3.2811009688429063 0.7162800000000001 0.0 0.0
99.0 10920967.0 1.8750527401928334 3.314927598680739 0.7162800000000001 0.0 0.0
100.0 10920967.0 1.9061844317782535 3.334137976996568 0.7162800000000001 0.0 0.0
101.0 10920967.0 1.9373161233636735 3.3533483553123977 0.7162800000000001 0.0 0.0
102.0 10920967.0 1.9985891847312443 3.387653564135693 0.7162800000000001 0.0 0.0
103.0 10920967.0 2.0642817677593177 3.429510846617352 0.7162800000000001 0.0 0.0
104.0 10920967.0 2.1582157802576045 3.484455736866946 0.7162800000000001 0.0 0.0
105.0 10920967.0 2.2114946707860543 3.5149483312676164 0.7162800000000001 0.0 0.0
106.0 10920967.0 2.2779142710646054 3.5522467043495856 0.7162800000000001 0.0 0.0
107.0 10920967.0 2.303943810659259 3.5653559753717654 0.7162800000000001 0.0 0.0
108.0 10920967.0 2.3514099865844638 3.5951780705650993 0.7162800000000001 0.0 0.0
109.0 10920967.0 2.3988761625096684 3.6250001657584328 0.7162800000000001 0.0 0.0
110.0 10920967.0 2.487659108240315 3.679410732208893 0.7162800000000001 0.0 0.0
111.0 10920967.0 2.5250834702634997 3.6961582093701617 0.7162800000000001 0.0 0.0
112.0 10920967.0 2.6400437798458958 3.765500675614157 0.7162800000000001 0.0 0.0
113.0 10920967.0 2.665544618455458 3.7810733420718194 0.7162800000000001 0.0 0.0
114.0 10920967.0 2.6910454570650204 3.796646008529482 0.7162800000000001 0.0 0.0
115.0 10920967.0 2.7165462956745823 3.8122186749871445 0.7162800000000001 0.0 0.0
116.0 10920967.0 2.7420471342841446 3.827791341444807 0.7162800000000001 0.0 0.0
117.0 10920967.0 2.767547972893707 3.8433640079024696 0.7162800000000001 0.0 0.0
118.0 10920967.0 2.842766540096495 3.8870745355139 0.7162800000000001 0.0 0.0
119.0 10920967.0 2.9179851072992835 3.9307850631253305 0.7162800000000001 0.0 0.0
120.0 10920967.0 2.993203674502072 3.9744955907367605 0.7162800000000001 0.0 0.0
121.0 10920967.0 3.0684222417048597 4.018206118348191 0.7162800000000001 0.0 0.0
122.0 10920967.0 3.143640808907648 4.061916645959621 0.7162800000000001 0.0 0.0
123.0 10920967.0 3.2188593761104363 4.105627173571052 0.7162800000000001 0.0 0.0
124.0 10920967.0 3.2940779433132246 4.149337701182482 0.7162800000000001 0.0 0.0
125.0 10920967.0 3.369296510516013 4.193048228793913 0.7162800000000001 0.0 0.0
126.0 10920967.0 3.444515077718801 4.236758756405343 0.7162800000000001 0.0 0.0
127.0 10920967.0 3.563090340446493 4.303644700909946 0.7162800000000001 0.0 0.0
128.0 10920967.0 3.563139795767166 4.303527103962934 0.7162800545429234 0.0 0.0
129.0 10920967.0 3.563189251087839 4.303409507015922 0.7162801550977079 0.0 0.0
130.0 10920967.0 3.5632387064085114 4.303291910068909 0.7162802944676354 0.0 0.0
131.0 10920967.0 3.5632881617291843 4.303174313121897 0.7162804665816268 0.0 0.0
132.0 10920967.0 3.563337617049857 4.3030567161748845 0.7162806663181811 0.0 0.0
133.0 10920967.0 3.56338707237053 4.302939119227872 0.7162808893568514 0.0 0.0
134.0 10920967.0 3.563436527691203 4.30282152228086 0.7162811320529523 0.0 0.0
135.0 10920967.0 3.5634859830118755 4.302703925333847 0.7162813913318639 0.0 0.0
136.0 10920967.0 3.5635354383325484 4.302586328386835 0.7162816645998675 0.0 0.0
137.0 10920967.0 3.5635848936532213 4.302468731439823 0.7162819496689284 0.0 0.0
138.0 10920967.0 3.563634348973894 4.3023511344928105 0.7162822446932426 0.0 0.0
139.0 10920967.0 3.563683804294567 4.302233537545797 0.7162825481157082 0.0 0.0
140.0 10920967.0 3.5637332596152396 4.302115940598785 0.7162828586227699 0.0 0.0
141.0 10920967.0 3.5637827149359125 4.301998343651773 0.7162831751063253 0.0 0.0
142.0 10920967.0 3.5638321702565854 4.301880746704761 0.7162834966315909 0.0 0.0
143.0 10920967.0 3.5638816255772583 4.301763149757749 0.7162838224099923 0.0 0.0
144.0 10920967.0 3.563931080897931 4.301645552810736 0.7162841517762965 0.0 0.0
145.0 10920967.0 3.5639805362186037 4.301527955863723 0.7162844841693191 0.0 0.0
146.0 10920967.0 3.5640299915392766 4.301410358916711 0.7162848191156511 0.0 0.0
147.0 10920967.0 3.5640794468599495 4.301292761969699 0.7162851562159291 0.0 0.0
148.0 10920967.0 3.5641289021806224 4.301175165022687 0.7162854951332543 0.0 0.0
149.0 10920967.0 3.5641783575012953 4.301057568075674 0.7162858355834223 0.0 0.0
150.0 10920967.0 3.5642278128219678 4.3009399711286616 0.716286177326681 0.0 0.0
151.0 10920967.0 3.5642772681426407 4.300822374181649 0.716286520160778 0.0 0.0
152.0 10920967.0 3.5643267234633136 4.300704777234637 0.7162868639150951 0.0 0.0
153.0 10920967.0 3.5643761787839865 4.300587180287624 0.7162872084457008 0.0 0.0
154.0 10920967.0 3.564425634104659 4.300469583340612 0.7162875536311757 0.0 0.0
155.0 10920967.0 3.564475089425332 4.3003519863936 0.7162878993690917 0.0 0.0
156.0 10920967.0 3.5645245447460048 4.3002343894465875 0.7162882455730413 0.0 0.0
157.0 10920967.0 3.5645740000666777 4.300116792499575 0.7162885921701322 0.0 0.0
158.0 10920967.0 3.5646234553873506 4.299999195552562 0.7162889390988733 0.0 0.0
159.0 10920967.0 3.564672910708023 4.29988159860555 0.716289286307391 0.0 0.0
160.0 10920967.0 3.564722366028696 4.299764001658538 0.7162896337519254 0.0 0.0
161.0 10920967.0 3.564771821349369 4.299646404711526 0.7162899813955613 0.0 0.0
162.0 10920967.0 3.564821276670042 4.2995288077645135 0.7162903292071572 0.0 0.0
163.0 10920967.0 3.5648707319907147 4.2994112108175 0.7162906771604423 0.0 0.0
164.0 10920967.0 3.564920187311387 4.299293613870488 0.716291025233255 0.0 0.0
165.0 10920967.0 3.56496964263206 4.299176016923476 0.7162913734069002 0.0 0.0
166.0 10920967.0 3.565019097952733 4.299058419976464 0.7162917216656065 0.0 0.0
167.0 10920967.0 3.565068553273406 4.298940823029451 0.7162920699960695 0.0 0.0
168.0 10920967.0 3.565118008594079 4.298823226082439 0.7162924183870658 0.0 0.0
169.0 10920967.0 3.5651674639147513 4.298705629135426 0.7162927668291273 0.0 0.0
170.0 10920967.0 3.565216919235424 4.298588032188414 0.716293115314267 0.0 0.0
171.0 10920967.0 3.565266374556097 4.298470435241402 0.7162934638357469 0.0 0.0
172.0 10920967.0 3.56531582987677 4.298352838294389 0.716293812387883 0.0 0.0
173.0 10920967.0 3.565365285197443 4.298235241347377 0.7162941609658805 0.0 0.0
174.0 10920967.0 3.5654147405181154 4.298117644400365 0.7162945095656944 0.0 0.0
175.0 10920967.0 3.5654641958387883 4.298000047453352 0.7162948581839124 0.0 0.0
176.0 10920967.0 3.565513651159461 4.29788245050634 0.7162952068176558 0.0 0.0
177.0 10920967.0 3.565563106480134 4.297764853559327 0.7162955554644963 0.0 0.0
178.0 10920967.0 3.565612561800807 4.297647256612315 0.7162959041223855 0.0 0.0
179.0 10920967.0 3.5656620171214795 4.297529659665303 0.7162962527895952 0.0 0.0
180.0 10920967.0 3.5657114724421524 4.297412062718291 0.7162966014646676 0.0 0.0
181.0 10920967.0 3.5657609277628253 4.2972944657712775 0.7162969501463727 0.0 0.0
182.0 10920967.0 3.565810383083498 4.297176868824265 0.7162972988336734 0.0 0.0
183.0 10920967.0 3.565859838404171 4.297059271877253 0.7162976475256944 0.0 0.0
184.0 10920967.0 3.5659092937248436 4.296941674930241 0.7162979962216972 0.0 0.0
185.0 10920967.0 3.5659587490455165 4.296824077983229 0.7162983449210593 0.0 0.0
186.0 10920967.0 3.5660082043661894 4.296706481036216 0.7162986936232549 0.0 0.0
187.0 10920967.0 3.5660576596868623 4.2965888840892035 0.7162990423278413 0.0 0.0
