21370.0 11107627.0 0.8151736795067817 0.003133097081473052 0.33528 0.0 0.0
21371.0 11107627.0 0.7334857897070286 0.003187104689830439 0.33528 0.0 0.0
21372.0 11107627.0 0.7042116302821094 0.0032893163339967335 0.33528 0.0 0.0
21373.0 11107627.0 0.6084863081906902 0.0011553617640509412 0.33528 0.0 0.0
21374.0 11107627.0 0.5399852094634892 0.002160024490452918 0.33528 0.0 0.0
21375.0 11107627.0 0.4714841107362882 0.0031646872168548945 0.33528 0.0 0.0
21376.0 11107627.0 0.4001397455141914 0.004982589243166413 0.34159658708840596 0.0 0.0
21377.0 11107627.0 0.33354084703908804 0.005016672366518898 0.346214062791209 0.0 0.0
21378.0 11107627.0 0.26798569481977175 0.005528024802757048 0.34973997023410613 0.0 0.0
21379.0 11107627.0 0.19545893200404163 0.006449118805508719 0.3525136369260783 0.0 0.0
21380.0 11107627.0 0.1240104113211824 0.007953132762876097 0.3598661527280086 0.0 0.0
21381.0 11107627.0 0.04203549460468703 0.009860685110371054 0.36585625744018735 0.0 0.0
21382.0 11107627.0 -0.02445668119701272 0.011586558122253995 0.37202258089065043 0.0 0.0
21383.0 11107627.0 -0.09094885699871247 0.013312431134136937 0.37835745589883124 0.0 0.0
21384.0 11107627.0 -0.12943439962555114 0.013770786059136716 0.3848496062104789 0.0 0.0
21385.0 11107627.0 -0.16791994225238982 0.014229140984136496 0.39148581449619124 0.0 0.0
21386.0 11107627.0 -0.2704563952289327 0.015734334464793526 0.39704895827597897 0.0 0.0
21387.0 11107627.0 -0.3549431953200406 0.0181167352379121 0.4065204799923937 0.0 0.0
21388.0 11107627.0 -0.43211357503100856 0.021145906768332418 0.4144851832150386 0.0 0.0
21389.0 11107627.0 -0.5411739255473644 0.024436956883809063 0.4211889383923937 0.0 0.0
21390.0 11107627.0 -0.6142290278116005 0.026473083778864454 0.43161397551884717 0.0 0.0
21391.0 11107627.0 -0.688751126797349 0.02945687606644984 0.44039836240200736 0.0 0.0
21392.0 11107627.0 -0.7704779175343386 0.029422647666681373 0.4478027443268073 0.0 0.0
21393.0 11107627.0 -0.8874602277585317 0.03565931396413932 0.4588169176517941 0.0 0.0
21394.0 11107627.0 -0.9523882361942944 0.035391817122311736 0.46810452886569726 0.0 0.0
21395.0 11107627.0 -1.024236283257774 0.041126423540051665 0.47593716310614703 0.0 0.0
21396.0 11107627.0 -1.1073402291813184 0.04096191585410966 0.4825433134752258 0.0 0.0
21397.0 11107627.0 -1.1850905599163324 0.03951490782727693 0.49288381055839336 0.0 0.0
21398.0 11107627.0 -1.2666762558001696 0.04399642463037298 0.5016060264638008 0.0 0.0
21399.0 11107627.0 -1.340181766508011 0.04466789902864485 0.5089634457470936 0.0 0.0
21400.0 11107627.0 -1.4700439639667044 0.050919661184722104 0.519937520544078 0.0 0.0
21401.0 11107627.0 -1.536280519366248 0.05073452866899861 0.5291947864214781 0.0 0.0
21402.0 11107627.0 -1.6197526871248284 0.050812794624212704 0.5370039107326007 0.0 0.0
21403.0 11107627.0 -1.7112149086124229 0.05362228735237426 0.5483589992429725 0.0 0.0
21404.0 11107627.0 -1.801107049493458 0.05580245259145275 0.5579379059259679 0.0 0.0
21405.0 11107627.0 -1.8452335561177347 0.05668338721409735 0.5660184961342197 0.0 0.0
21406.0 11107627.0 -1.8893600627420113 0.057564321836741955 0.57283515324414 0.0 0.0
21407.0 11107627.0 -2.0140955656538084 0.0564231336825107 0.5785855880833316 0.0 0.0
21408.0 11107627.0 -2.0998383613605176 0.057716742606619714 0.5882039839400927 0.0 0.0
21409.0 11107627.0 -2.1767283812476634 0.05891921870928604 0.59631794552211 0.0 0.0
21410.0 11107627.0 -2.2802977785313256 0.06546282405158241 0.6031627896288969 0.0 0.0
21411.0 11107627.0 -2.3570846316749465 0.06698388869652103 0.6089370238917079 0.0 0.0
21412.0 11107627.0 -2.4070361264975775 0.0690727288052749 0.6138081053978507 0.0 0.0
21413.0 11107627.0 -2.549876380363483 0.0723450079875759 0.6226846814506957 0.0 0.0
21414.0 11107627.0 -2.647234580331996 0.07616019616948497 0.6301728682444442 0.0 0.0
21415.0 11107627.0 -2.7385270632409204 0.07951065407856692 0.6364898252028972 0.0 0.0
21416.0 11107627.0 -2.8360291711084464 0.07881841353440108 0.6418187452825921 0.0 0.0
21417.0 11107627.0 -2.936847718568906 0.08563923923004343 0.6463141678890897 0.0 0.0
21418.0 11107627.0 -3.0141004490572567 0.0889170354149332 0.6516955872435372 0.0 0.0
21419.0 11107627.0 -3.091353179545607 0.09219483159982297 0.6578244245229408 0.0 0.0
21420.0 11107627.0 -3.168605910033958 0.09547262778471274 0.664583776056155 0.0 0.0
21421.0 11107627.0 -3.2595250268535407 0.10472531192735521 0.6702858967415675 0.0 0.0
21422.0 11107627.0 -3.3504441436731236 0.11397799606999767 0.6750961482203086 0.0 0.0
21423.0 11107627.0 -3.4920736604277884 0.12505100130125055 0.6839214067764303 0.0 0.0
21424.0 11107627.0 -3.573664098026169 0.13544126752695393 0.6929554322501238 0.0 0.0
21425.0 11107627.0 -3.655254535624549 0.1458315337526573 0.7021655714147791 0.0 0.0
21426.0 11107627.0 -3.7368449732229294 0.1562217999783607 0.7115242783319509 0.0 0.0
