20937.0 10552248.0 1.8622203336688483 0.0004813365783310486 0.38862 1.0067452383807876 0.21226888466662114
20938.0 10552248.0 1.82900297178918 0.0004652339166103525 0.38107542388819055 1.0067452383807876 0.21226888466662114
20939.0 10552248.0 1.800474181414463 -0.000965158511843367 0.38103735516765436 1.0067452383807876 0.21226888466662114
20940.0 10552248.0 1.768543049059542 0.0018699433788628428 0.37837263478434907 1.0067452383807876 0.21226888466662114
20941.0 10552248.0 1.7294195886648533 0.0006289829608113473 0.3770057468065462 1.0067452383807876 0.21226888466662114
20942.0 10552248.0 1.6995111096752122 0.0020444867925761834 0.37527759586891674 1.0067452383807876 0.21226888466662114
20943.0 10552248.0 1.6696026306855711 0.0034599906243410194 0.3733051968145117 1.0067452383807876 0.21226888466662114
20944.0 10552248.0 1.6460832407808663 0.0005108551586272547 0.37186335732390075 1.0067452383807876 0.21226888466662114
20945.0 10552248.0 1.6077870600685196 0.0018040476589853693 0.369387789782012 1.0067452383807876 0.21226888466662114
20946.0 10552248.0 1.5730441305064056 0.0014695590334093123 0.3674403764293171 1.0067452383807876 0.21226888466662114
20947.0 10552248.0 1.5408933963512847 0.0022745331867582846 0.3645952430515229 1.0067452383807876 0.21226888466662114
20948.0 10552248.0 1.5291734341406062 0.0003782836735369832 0.36227730898484223 1.0067452383807876 0.21226888466662114
20949.0 10552248.0 1.4963111076683493 0.00036445884343687396 0.3603696187095103 1.0067452383807876 0.21226888466662114
20950.0 10552248.0 1.4641132558258922 -0.0003335661248891203 0.3575648774602505 1.0067452383807876 0.21226888466662114
20951.0 10552248.0 1.4265051831360316 0.0014367060978762863 0.35522809189925486 1.0067452383807876 0.21226888466662114
20952.0 10552248.0 1.3944451701758687 0.0011612403675338445 0.35327416268568884 1.0067452383807876 0.21226888466662114
20953.0 10552248.0 1.368265470307187 -0.0015022199448663787 0.35163618077152886 1.0067452383807876 0.21226888466662114
20954.0 10552248.0 1.3488250626213838 -0.0005257973065777091 0.35026056160477026 1.0067452383807876 0.21226888466662114
20955.0 10552248.0 1.3293846549355806 0.0004506253317109604 0.3491037888349178 1.0067452383807876 0.21226888466662114
20956.0 10552248.0 1.3018424217089235 0.00041328606828927583 0.3481301528778525 1.0067452383807876 0.21226888466662114
20957.0 10552248.0 1.2743001884822662 0.00037594680486759124 0.34731012479271806 1.0067452383807876 0.21226888466662114
20958.0 10552248.0 1.2467579552556092 0.00033860754144590666 0.3466191494160838 1.0067452383807876 0.21226888466662114
20959.0 10552248.0 1.2251107786433075 0.002036209404905065 0.3460367245232275 1.0067452383807876 0.21226888466662114
20960.0 10552248.0 1.2062438247531684 0.0009175426554186943 0.3455456816699923 1.0067452383807876 0.21226888466662114
20961.0 10552248.0 1.187376870863029 -0.0002011240940676764 0.34513161381617813 1.0067452383807876 0.21226888466662114
20962.0 10552248.0 1.1685099169728899 -0.0013197908435540473 0.3447824129318001 1.0067452383807876 0.21226888466662114
20963.0 10552248.0 1.134054860225795 0.0005901326160400733 0.34448789215112796 1.0067452383807876 0.21226888466662114
20964.0 10552248.0 1.1225528102781952 -0.0009094249841744284 0.34423947434048674 1.0067452383807876 0.21226888466662114
20965.0 10552248.0 1.1062818789778488 -0.0009678264072601195 0.34462595086296666 1.0067452383807876 0.21226888466662114
20966.0 10552248.0 1.0900109476775026 -0.0010262278303458106 0.3455479437867435 1.0067452383807876 0.21226888466662114
20967.0 10552248.0 1.08548147647686 -0.0012988607822846526 0.3463256860427613 1.0067452383807876 0.21226888466662114
20968.0 10552248.0 1.074682685863396 -0.0012383890262504464 0.34687340082641493 1.0067452383807876 0.21226888466662114
20969.0 10552248.0 1.0638838952499317 -0.0011779172702162401 0.3472270810256739 1.0067452383807876 0.21226888466662114
20970.0 10552248.0 1.0530851046364675 -0.0011174455141820339 0.3474170836561744 1.0067452383807876 0.21226888466662114
20971.0 10552248.0 1.0422863140230032 -0.0010569737581478276 0.3474690140043799 1.0067452383807876 0.21226888466662114
20972.0 10552248.0 1.031487523409539 -0.0009965020021136211 0.3474044703852528 1.0067452383807876 0.21226888466662114
20973.0 10552248.0 1.0206887327960747 -0.000936030246079415 0.3472416717664729 1.0067452383807876 0.21226888466662114
20974.0 10552248.0 1.0098899421826106 -0.0008755584900452086 0.34699598684702676 1.0067452383807876 0.21226888466662114
20975.0 10552248.0 0.9990911515691464 -0.0008150867340110024 0.3466803801614064 1.0067452383807876 0.21226888466662114
20976.0 10552248.0 0.9882923609556822 -0.0007546149779767961 0.3463057882803109 1.0067452383807876 0.21226888466662114
20977.0 10552248.0 0.977493570342218 -0.0006941432219425899 0.34588143709591906 1.0067452383807876 0.21226888466662114
20978.0 10552248.0 0.9666947797287537 -0.0006336714659083836 0.3454151094384765 1.0067452383807876 0.21226888466662114
20979.0 10552248.0 0.9558959891152895 -0.0005731997098741774 0.344913370811303 1.0067452383807876 0.21226888466662114
20980.0 10552248.0 0.9450971985018253 -0.0005127279538399711 0.34438175980551905 1.0067452383807876 0.21226888466662114
20981.0 10552248.0 0.934298407888361 -0.00045225619780576477 0.3438249487249691 1.0067452383807876 0.21226888466662114
20982.0 10552248.0 0.9234996172748968 -0.0003917844417715585 0.3432468790841545 1.0067452383807876 0.21226888466662114
20983.0 10552248.0 0.9127008266614327 -0.00033131268573735227 0.34265087591115506 1.0067452383807876 0.21226888466662114
20984.0 10552248.0 0.9019020360479684 -0.0002708409297031459 0.34203974417165317 1.0067452383807876 0.21226888466662114
20985.0 10552248.0 0.8911032454345043 -0.00021036917366893965 0.34141585011101777 1.0067452383807876 0.21226888466662114
20986.0 10552248.0 0.88030445482104 -0.0001498974176347334 0.34078118987366396 1.0067452383807876 0.21226888466662114
20987.0 10552248.0 0.8695056642075758 -8.942566160052715e-05 0.3401374473897578 1.0067452383807876 0.21226888466662114
20988.0 10552248.0 0.8587068735941116 -2.8953905566320897e-05 0.3394860432079958 1.0067452383807876 0.21226888466662114
20989.0 10552248.0 0.8479080829806473 3.1517850467885355e-05 0.33882817569058205 1.0067452383807876 0.21226888466662114
20990.0 10552248.0 0.8275269485058935 0.0008493772295039698 0.3382732052856158 1.0067452383807876 0.21226888466662114
20991.0 10552248.0 0.8071458140311396 0.0016672366085400542 0.3378050378443906 1.0067452383807876 0.21226888466662114
20992.0 10552248.0 0.7867646795563858 0.0024850959875761386 0.3374100965069311 1.0067452383807876 0.21226888466662114
20993.0 10552248.0 0.766383545081632 0.003302955366612223 0.33707692797194183 1.0067452383807876 0.21226888466662114
20994.0 10552248.0 0.7383004128237001 0.0016139564183529492 0.3367958703504016 1.0067452383807876 0.21226888466662114
20995.0 10552248.0 0.7126062473905165 0.004518523503438288 0.33655877297038145 1.0067452383807876 0.21226888466662114
20996.0 10552248.0 0.6621948417843017 -0.00027210979388223033 0.33635876000731785 1.0067452383807876 0.21226888466662114
20997.0 10552248.0 0.6334724502755873 0.0015193697836997366 0.3367859534308324 1.0067452383807876 0.21226888466662114
20998.0 10552248.0 0.6047500587668729 0.0033108493612817036 0.3377422518484617 1.0067452383807876 0.21226888466662114
20999.0 10552248.0 0.5715026000635512 0.00348526610351952 0.33914489791351154 1.0067452383807876 0.21226888466662114
21000.0 10552248.0 0.5382551413602294 0.0036596828457573366 0.3409240783615574 1.0067452383807876 0.21226888466662114
21001.0 10552248.0 0.5164695592786598 0.004937223058767981 0.34242497708097147 1.0067452383807876 0.21226888466662114
21002.0 10552248.0 0.4867984699243905 0.0038264910595579432 0.34369112013506314 1.0067452383807876 0.21226888466662114
21003.0 10552248.0 0.45712738057012126 0.0027157590603479054 0.3447592256726691 1.0067452383807876 0.21226888466662114
21004.0 10552248.0 0.42100136373788766 0.009030293748826551 0.34566026875454076 1.0067452383807876 0.21226888466662114
21005.0 10552248.0 0.3897080684492711 0.00839158243870125 0.34642037963014904 1.0067452383807876 0.21226888466662114
21006.0 10552248.0 0.35677536292764234 0.008171921932577514 0.3482534462033149 1.0067452383807876 0.21226888466662114
21007.0 10552248.0 0.31829455156749464 0.009999196490781403 0.3509916474045498 1.0067452383807876 0.21226888466662114
21008.0 10552248.0 0.28708658412133403 0.015057651435131714 0.35330156638035776 1.0067452383807876 0.21226888466662114
21009.0 10552248.0 0.24872721952284793 0.011821924316460536 0.3564420354693648 1.0067452383807876 0.21226888466662114
21010.0 10552248.0 0.21553487525279058 0.016244078652000976 0.360283148275138 1.0067452383807876 0.21226888466662114
21011.0 10552248.0 0.1802074284804307 0.018209780512740636 0.36352347238080984 1.0067452383807876 0.21226888466662114
21012.0 10552248.0 0.1385384372479369 0.019794816928971254 0.36625697718547695 1.0067452383807876 0.21226888466662114
21013.0 10552248.0 0.09410432839003868 0.019713553400976136 0.3697547790167135 1.0067452383807876 0.21226888466662114
21014.0 10552248.0 0.06120578942054433 0.019600820105830558 0.3727054894394084 1.0067452383807876 0.21226888466662114
21015.0 10552248.0 0.023794164667318762 0.024701889379951936 0.3763865237440423 1.0067452383807876 0.21226888466662114
21016.0 10552248.0 -0.021597841238167603 0.02440877330720799 0.3800877295813443 1.0067452383807876 0.21226888466662114
21017.0 10552248.0 -0.06698984714365397 0.024115657234464044 0.38380595192059924 1.0067452383807876 0.21226888466662114
21018.0 10552248.0 -0.10466867807944091 0.02568294644046462 0.3869426068655444 1.0067452383807876 0.21226888466662114
21019.0 10552248.0 -0.14075156140140677 0.02941588074573967 0.39078050209779225 1.0067452383807876 0.21226888466662114
21020.0 10552248.0 -0.1727877901577235 0.031943076923312025 0.3940181118908723 1.0067452383807876 0.21226888466662114
21021.0 10552248.0 -0.2001001329531199 0.03397781120784016 0.39734524927288806 1.0067452383807876 0.21226888466662114
21022.0 10552248.0 -0.2274124757485163 0.03601254549236829 0.40074791122791836 1.0067452383807876 0.21226888466662114
21023.0 10552248.0 -0.2654124262245692 0.03768561071443968 0.40481020729676187 1.0067452383807876 0.21226888466662114
21024.0 10552248.0 -0.30447884966320604 0.039356992666155416 0.40823711937721047 1.0067452383807876 0.21226888466662114
21025.0 10552248.0 -0.342762125121687 0.044511206111624096 0.412319872607802 1.0067452383807876 0.21226888466662114
21026.0 10552248.0 -0.36380596606759585 0.04262800518229151 0.4169558868322237 1.0067452383807876 0.21226888466662114
21027.0 10552248.0 -0.4171798736642751 0.04780880744621133 0.42086678177477943 1.0067452383807876 0.21226888466662114
21028.0 10552248.0 -0.45043279552475624 0.049332953780770655 0.4241659733888035 1.0067452383807876 0.21226888466662114
21029.0 10552248.0 -0.4937635185768423 0.05263304981619274 0.4281409829193071 1.0067452383807876 0.21226888466662114
21030.0 10552248.0 -0.5299934290278618 0.05863579257469123 0.4326861056426747 1.0067452383807876 0.21226888466662114
21031.0 10552248.0 -0.5606923615085087 0.05710562720517451 0.4365203254296797 1.0067452383807876 0.21226888466662114
21032.0 10552248.0 -0.5967842617827916 0.06353091992439944 0.43975483465414544 1.0067452383807876 0.21226888466662114
21033.0 10552248.0 -0.6336611451404148 0.06483868132451406 0.4436752787717856 1.0067452383807876 0.21226888466662114
21034.0 10552248.0 -0.6655338498994923 0.07058589835507476 0.4481743706620117 1.0067452383807876 0.21226888466662114
21035.0 10552248.0 -0.7032477273177526 0.07205082225749462 0.4519697593014361 1.0067452383807876 0.21226888466662114
21036.0 10552248.0 -0.7431343490279487 0.07936704584993884 0.4551715109606022 1.0067452383807876 0.21226888466662114
21037.0 10552248.0 -0.7715919733762915 0.0830634790037433 0.46025616581403417 1.0067452383807876 0.21226888466662114
21038.0 10552248.0 -0.8260533704183948 0.09035535815892029 0.46573737416427735 1.0067452383807876 0.21226888466662114
21039.0 10552248.0 -0.8580468345877372 0.09030117562568993 0.4703612663652846 1.0067452383807876 0.21226888466662114
21040.0 10552248.0 -0.8914053250723193 0.08987561261561314 0.4754537799790893 1.0067452383807876 0.21226888466662114
21041.0 10552248.0 -0.923776787384677 0.0902958033454164 0.4809416179004918 1.0067452383807876 0.21226888466662114
21042.0 10552248.0 -0.9614563876148337 0.09186765291710738 0.48557110274100856 1.0067452383807876 0.21226888466662114
21043.0 10552248.0 -1.0030170777701608 0.08863332496035356 0.49066833424921885 1.0067452383807876 0.21226888466662114
21044.0 10552248.0 -1.031526685284408 0.08673963368550927 0.49496830745065645 1.0067452383807876 0.21226888466662114
21045.0 10552248.0 -1.04795927798385 0.08673865392578858 0.49978756625636733 1.0067452383807876 0.21226888466662114
21046.0 10552248.0 -1.064391870683292 0.0867376741660679 0.5050448891717171 1.0067452383807876 0.21226888466662114
21047.0 10552248.0 -1.1124845678993693 0.07711085313038421 0.5094799138730466 1.0067452383807876 0.21226888466662114
21048.0 10552248.0 -1.1416415983869939 0.07052212716167758 0.5144131007648987 1.0067452383807876 0.21226888466662114
21049.0 10552248.0 -1.1858658434848557 0.054256186380847254 0.5197665322671371 1.0067452383807876 0.21226888466662114
21050.0 10552248.0 -1.2117108954219136 0.04068436881796364 0.5242826332051225 1.0067452383807876 0.21226888466662114
21051.0 10552248.0 -1.2375559473589715 0.027112551255080025 0.5280923705060564 1.0067452383807876 0.21226888466662114
21052.0 10552248.0 -1.263519653099644 0.0047584438077334645 0.5324980712398703 1.0067452383807876 0.21226888466662114
21053.0 10552248.0 -1.2905638425469326 -0.019812680044681757 0.5374065207278446 1.0067452383807876 0.21226888466662114
21054.0 10552248.0 -1.3149471114881648 -0.043851920294756735 0.5415472393169264 1.0067452383807876 0.21226888466662114
21055.0 10552248.0 -1.3289673481082123 -0.06064801793770205 0.5450403078461991 1.0067452383807876 0.21226888466662114
21056.0 10552248.0 -1.3564008936756526 -0.10542136410538797 0.5479870253030115 1.0067452383807876 0.21226888466662114
21057.0 10552248.0 -1.3722614207858805 -0.13762228698915904 0.5504728464936112 1.0067452383807876 0.21226888466662114
21058.0 10552248.0 -1.382482903827832 -0.1620867317328922 0.5531657825766277 1.0067452383807876 0.21226888466662114
21059.0 10552248.0 -1.3927043868697833 -0.18655117647662536 0.5560334386984687 1.0067452383807876 0.21226888466662114
21060.0 10552248.0 -1.3991593046158288 -0.20628873031990083 0.5596444092307694 1.0067452383807876 0.21226888466662114
21061.0 10552248.0 -1.4152103023206626 -0.25536874112501695 0.5626905876307624 1.0067452383807876 0.21226888466662114
21062.0 10552248.0 -1.4168504058470928 -0.27668091494239666 0.5652603130720475 1.0067452383807876 0.21226888466662114
21063.0 10552248.0 -1.4265510183316163 -0.3443701717695252 0.5692158746247283 1.0067452383807876 0.21226888466662114
21064.0 10552248.0 -1.4351551954516661 -0.39512609618168004 0.5731486688856284 1.0067452383807876 0.21226888466662114
21065.0 10552248.0 -1.4393566941543756 -0.4416552331695147 0.577658179232416 1.0067452383807876 0.21226888466662114
21066.0 10552248.0 -1.4389652753593867 -0.46164551577781177 0.5814623567769436 1.0067452383807876 0.21226888466662114
21067.0 10552248.0 -1.4385738565643977 -0.4816357983861088 0.5846715226680026 1.0067452383807876 0.21226888466662114
21068.0 10552248.0 -1.4401621106140607 -0.5190883699272296 0.5885705874046379 1.0067452383807876 0.21226888466662114
21069.0 10552248.0 -1.4361501491704283 -0.5747294856772993 0.5918597991760076 1.0067452383807876 0.21226888466662114
21070.0 10552248.0 -1.4345237682205918 -0.6091439868762577 0.5958263898116858 1.0067452383807876 0.21226888466662114
21071.0 10552248.0 -1.4243544198706164 -0.6445996486067744 0.6003644104401071 1.0067452383807876 0.21226888466662114
21072.0 10552248.0 -1.4145861484612687 -0.6799240888100295 0.6041926389712915 1.0067452383807876 0.21226888466662114
21073.0 10552248.0 -1.3991655509330208 -0.7169800231994975 0.6086139387208476 1.0067452383807876 0.21226888466662114
21074.0 10552248.0 -1.3792057031599072 -0.7564549250555936 0.6123437026933083 1.0067452383807876 0.21226888466662114
21075.0 10552248.0 -1.3567863108150047 -0.791125843190293 0.6154900940438749 1.0067452383807876 0.21226888466662114
21076.0 10552248.0 -1.3286973036989187 -0.8220424565690517 0.6193362028099181 1.0067452383807876 0.21226888466662114
21077.0 10552248.0 -1.3050565030224923 -0.8516211821161832 0.6225807414574489 1.0067452383807876 0.21226888466662114
21078.0 10552248.0 -1.267754883608201 -0.8910411168133554 0.6253178016072458 1.0067452383807876 0.21226888466662114
21079.0 10552248.0 -1.2363776082760902 -0.9146202042835802 0.628818602691857 1.0067452383807876 0.21226888466662114
21080.0 10552248.0 -1.1985535084211534 -0.9483686557264627 0.6317718432545321 1.0067452383807876 0.21226888466662114
21081.0 10552248.0 -1.1804786601158916 -0.959653012874627 0.6348590896156906 1.0067452383807876 0.21226888466662114
21082.0 10552248.0 -1.16240381181063 -0.9709373700227913 0.6380593819198064 1.0067452383807876 0.21226888466662114
21083.0 10552248.0 -1.1085456940028615 -1.0045533442991965 0.6407591162995965 1.0067452383807876 0.21226888466662114
21084.0 10552248.0 -1.0731852578734096 -1.0254613921101887 0.6442284297402792 1.0067452383807876 0.21226888466662114
21085.0 10552248.0 -1.0250271008209826 -1.0479830303177369 0.6471551076434299 1.0067452383807876 0.21226888466662114
21086.0 10552248.0 -0.9808864256226995 -1.0624144568085943 0.6496240236682401 1.0067452383807876 0.21226888466662114
21087.0 10552248.0 -0.9278277973106142 -1.0699465333615263 0.6514088152073783 1.0067452383807876 0.21226888466662114
21088.0 10552248.0 -0.874769168998529 -1.0774786099144587 0.6526164862154792 1.0067452383807876 0.21226888466662114
21089.0 10552248.0 -0.8217105406864438 -1.085010686467391 0.653337304151778 1.0067452383807876 0.21226888466662114
21090.0 10552248.0 -0.7686519123743585 -1.092542763020323 0.6536474177364274 1.0067452383807876 0.21226888466662114
21091.0 10552248.0 -0.7154169502279182 -1.095458202425708 0.6539090264354331 1.0067452383807876 0.21226888466662114
21092.0 10552248.0 -0.6842039216087186 -1.1005210194891972 0.6541297169010665 1.0067452383807876 0.21226888466662114
21093.0 10552248.0 -0.6265166594743128 -1.100685302523269 0.6531240444686265 1.0067452383807876 0.21226888466662114
21094.0 10552248.0 -0.5655847661052709 -1.1017929231506867 0.6510838246375724 1.0067452383807876 0.21226888466662114
21095.0 10552248.0 -0.5167859394376864 -1.1019717441698573 0.6493627157210079 1.0067452383807876 0.21226888466662114
21096.0 10552248.0 -0.43392712207374484 -1.1039366639031456 0.6479108055603526 1.0067452383807876 0.21226888466662114
21097.0 10552248.0 -0.3937152135396558 -1.1004901849176003 0.6466859887609476 1.0067452383807876 0.21226888466662114
21098.0 10552248.0 -0.3424618009589049 -1.0999514051077164 0.64565274563561 1.0067452383807876 0.21226888466662114
21099.0 10552248.0 -0.30977641020488533 -1.0998275321058353 0.6447811121337051 1.0067452383807876 0.21226888466662114
21100.0 10552248.0 -0.2770910194508658 -1.0997036591039542 0.6440458108836777 1.0067452383807876 0.21226888466662114
21101.0 10552248.0 -0.22344285551471876 -1.1013487487859057 0.643425518149277 1.0067452383807876 0.21226888466662114
21102.0 10552248.0 -0.17457566066491204 -1.1013141081509124 0.6429022454412052 1.0067452383807876 0.21226888466662114
21103.0 10552248.0 -0.09390587683668006 -1.1004570342328288 0.6412689731627242 1.0067452383807876 0.21226888466662114
21104.0 10552248.0 -0.04301633609337596 -1.0955915276188164 0.6398911611059622 1.0067452383807876 0.21226888466662114
21105.0 10552248.0 0.012374477058724631 -1.0973371723981342 0.6387288527212731 1.0067452383807876 0.21226888466662114
21106.0 10552248.0 0.07061212102887393 -1.095806898110566 0.6377483410655009 1.0067452383807876 0.21226888466662114
21107.0 10552248.0 0.10984799350379149 -1.0926230884508672 0.6369211913006283 1.0067452383807876 0.21226888466662114
21108.0 10552248.0 0.18688341276693166 -1.0892903944980465 0.6362234160834739 1.0067452383807876 0.21226888466662114
21109.0 10552248.0 0.21398298599541166 -1.089266782567757 0.6356347799327402 1.0067452383807876 0.21226888466662114
21110.0 10552248.0 0.2852840118596881 -1.0858117419711923 0.6339463677118518 1.0067452383807876 0.21226888466662114
21111.0 10552248.0 0.3357367570578499 -1.0809179665712751 0.632522040154607 1.0067452383807876 0.21226888466662114
21112.0 10552248.0 0.3894526548286132 -1.0823473104269612 0.6313204917618459 1.0067452383807876 0.21226888466662114
21113.0 10552248.0 0.43453792910538963 -1.0775683691240252 0.6303068776301783 1.0067452383807876 0.21226888466662114
21114.0 10552248.0 0.5123966125899013 -1.075786625355323 0.6294518029497859 1.0067452383807876 0.21226888466662114
21115.0 10552248.0 0.5408329153389777 -1.0743877768613301 0.6287304705549372 1.0067452383807876 0.21226888466662114
21116.0 10552248.0 0.5692692180880542 -1.072988928367337 0.6281219618061817 1.0067452383807876 0.21226888466662114
21117.0 10552248.0 0.6342713573863132 -1.0716785516487728 0.6270127076057034 1.0067452383807876 0.21226888466662114
21118.0 10552248.0 0.6789041761358356 -1.0727668344482888 0.6257789907537393 1.0067452383807876 0.21226888466662114
21119.0 10552248.0 0.7235369948853579 -1.0738551172478046 0.6244402784615827 1.0067452383807876 0.21226888466662114
21120.0 10552248.0 0.772081255420126 -1.0737090891516896 0.623310954244812 1.0067452383807876 0.21226888466662114
21121.0 10552248.0 0.8235610346891205 -1.0738207895914422 0.6223582677011408 1.0067452383807876 0.21226888466662114
21122.0 10552248.0 0.8680992735421816 -1.0783235291978313 0.6215545909208027 1.0067452383807876 0.21226888466662114
21123.0 10552248.0 0.9166432912212648 -1.0781765119608797 0.6208766172771679 1.0067452383807876 0.21226888466662114
21124.0 10552248.0 0.9666556263121651 -1.0773405927968114 0.620304685534571 1.0067452383807876 0.21226888466662114
21125.0 10552248.0 1.0152416076067952 -1.0822301001703423 0.6198222096724766 1.0067452383807876 0.21226888466662114
21126.0 10552248.0 1.0596578337023048 -1.0808506501971764 0.6194151978908841 1.0067452383807876 0.21226888466662114
21127.0 10552248.0 1.1034973120728855 -1.0839555022966512 0.617880002159923 1.0067452383807876 0.21226888466662114
21128.0 10552248.0 1.1483021867521783 -1.0841043761365161 0.6165849264915997 1.0067452383807876 0.21226888466662114
21129.0 10552248.0 1.1907308495234217 -1.0874488372013202 0.6154924136915327 0.0 0.0
21130.0 10552248.0 1.2394669836574372 -1.090516757052912 0.6145707808885202 0.0 0.0
21131.0 10552248.0 1.2765094162995634 -1.0885967894200559 0.6137933007312748 0.0 0.0
21132.0 10552248.0 1.3277565476117488 -1.0921338062158124 0.6131374262952364 0.0 0.0
21133.0 10552248.0 1.3715499584678468 -1.0951052245909114 0.6125841372217599 0.0 0.0
21134.0 10552248.0 1.4103340942362017 -1.0949216873278325 0.6121173881277143 0.0 0.0
21135.0 10552248.0 1.4541980461580166 -1.095228762754763 0.6105317986011682 0.0 0.0
21136.0 10552248.0 1.5032468918049497 -1.0932569616130474 0.609194211234056 0.0 0.0
21137.0 10552248.0 1.5471989341780956 -1.0987324221387194 0.6080658359927316 0.0 0.0
21138.0 10552248.0 1.5925547223569998 -1.0971894858970814 0.6071139499951962 0.0 0.0
21139.0 10552248.0 1.6410834770312834 -1.1008880206448302 0.6051191038593173 0.0 0.0
21140.0 10552248.0 1.6835805718618326 -1.1040184021237536 0.6034362717353586 0.0 0.0
21141.0 10552248.0 1.73085854059098 -1.108826561376129 0.6020166514917253 0.0 0.0
21142.0 10552248.0 1.7625306607288 -1.1111083774429829 0.6008190741413522 0.0 0.0
21143.0 10552248.0 1.79420278086662 -1.1133901935098367 0.5998088099410782 0.0 0.0
21144.0 10552248.0 1.8366652793576344 -1.1166252192942383 0.5977647165408912 0.0 0.0
21145.0 10552248.0 1.8855632123177186 -1.116470833112903 0.5948484952321859 0.0 0.0
21146.0 10552248.0 1.9288281793786979 -1.1199673664775656 0.5923884002852139 0.0 0.0
21147.0 10552248.0 1.972230985914125 -1.1230413764567164 0.5903130889465131 0.0 0.0
21148.0 10552248.0 2.015530348995667 -1.1264318149030987 0.5885623771872612 0.0 0.0
21149.0 10552248.0 2.058164979354281 -1.1291376873710661 0.58708549436644 0.0 0.0
21150.0 10552248.0 2.1019458076347695 -1.1326848213468206 0.5846477661940412 0.0 0.0
21151.0 10552248.0 2.15088863387136 -1.1334779413648877 0.5825913232412697 0.0 0.0
21152.0 10552248.0 2.193316331694959 -1.136816392951588 0.5796646839742908 0.0 0.0
21153.0 10552248.0 2.2373983112038003 -1.1350874271798645 0.5771958005425664 0.0 0.0
21154.0 10552248.0 2.295891940192143 -1.1381800132144047 0.5751130753265763 0.0 0.0
21155.0 10552248.0 2.3391638105095955 -1.1389310882472694 0.5733561092950569 0.0 0.0
21156.0 10552248.0 2.382435680827048 -1.139682163280134 0.5718739504330941 0.0 0.0
21157.0 10552248.0 2.4168690614968176 -1.140234248273869 0.570027693789589 0.0 0.0
21158.0 10552248.0 2.4513024421665874 -1.1407863332676043 0.5678742879218798 0.0 0.0
21159.0 10552248.0 2.4925877307647077 -1.1408880468787235 0.5660576964039051 0.0 0.0
21160.0 10552248.0 2.5338730193628276 -1.1409897604898427 0.5645252380816437 0.0 0.0
21161.0 10552248.0 2.569328381293385 -1.143919140331208 0.5620406269755457 0.0 0.0
21162.0 10552248.0 2.6291286880035303 -1.14708524667472 0.5599446340517386 0.0 0.0
21163.0 10552248.0 2.650859174296235 -1.1471695551378966 0.5581764755154318 0.0 0.0
21164.0 10552248.0 2.702532487825599 -1.1439441793350855 0.5566848747690726 0.0 0.0
21165.0 10552248.0 2.749732221000902 -1.1429963670914924 0.5566184200792207 0.0 0.0
21166.0 10552248.0 2.7871649001742935 -1.1360566787265123 0.5559664372275641 0.0 0.0
21167.0 10552248.0 2.824597579347685 -1.129116990361532 0.5548205087114048 0.0 0.0
21168.0 10552248.0 2.8622691575645622 -1.1143699573317722 0.5538538149478762 0.0 0.0
21169.0 10552248.0 2.8999407357814393 -1.0996229243020126 0.5530383218178361 0.0 0.0
21170.0 10552248.0 2.9397554659658827 -1.075587514355944 0.551158535332309 0.0 0.0
21171.0 10552248.0 2.9628761068344613 -1.0546308235248585 0.5491754848086841 0.0 0.0
21172.0 10552248.0 2.9859967477030405 -1.0336741326937728 0.5471053217817762 0.0 0.0
21173.0 10552248.0 3.009117388571619 -1.0127174418626874 0.5449616715238051 0.0 0.0
21174.0 10552248.0 3.0307361785697937 -0.9832103187438563 0.5425573873959223 0.0 0.0
21175.0 10552248.0 3.0523549685679683 -0.9537031956250254 0.5399332351584191 0.0 0.0
21176.0 10552248.0 3.0817015153581067 -0.9032384745761902 0.5371236043964079 0.0 0.0
