22377.0 10552248.0 1.0607404742010447 -0.003768949851475947 0.34226500000000004 0.6347677865124084 0.8097307648880199
22378.0 10552248.0 1.0493057185242902 -0.00349890144654017 0.341950642662008 0.6347677865124084 0.8097307648880199
22379.0 10552248.0 1.037870962847536 -0.003228853041604393 0.3417888046000252 0.6347677865124084 0.8097307648880199
22380.0 10552248.0 1.0264362071707818 -0.0029588046366686156 0.34162305303847945 0.6347677865124084 0.8097307648880199
22381.0 10552248.0 1.0150014514940275 -0.0026887562317328383 0.34145110412076346 0.6347677865124084 0.8097307648880199
22382.0 10552248.0 1.0035666958172733 -0.0024187078267970613 0.341271309848388 0.6347677865124084 0.8097307648880199
22383.0 10552248.0 0.992131940140519 -0.002148659421861284 0.3410824526298229 0.6347677865124084 0.8097307648880199
22384.0 10552248.0 0.9806971844637647 -0.0018786110169255067 0.3408837242458052 0.6347677865124084 0.8097307648880199
22385.0 10552248.0 0.9692624287870105 -0.0016085626119897297 0.34067470104068037 0.6347677865124084 0.8097307648880199
22386.0 10552248.0 0.9578276731102562 -0.0013385142070539524 0.34045530111634 0.6347677865124084 0.8097307648880199
22387.0 10552248.0 0.946392917433502 -0.001068465802118175 0.34022572798638834 0.6347677865124084 0.8097307648880199
22388.0 10552248.0 0.9349581617567477 -0.0007984173971823981 0.3399864080226781 0.6347677865124084 0.8097307648880199
22389.0 10552248.0 0.9235234060799935 -0.0005283689922466208 0.33973792835813965 0.6347677865124084 0.8097307648880199
22390.0 10552248.0 0.9120886504032392 -0.00025832058731084344 0.3394809801380783 0.6347677865124084 0.8097307648880199
22391.0 10552248.0 0.9006538947264849 1.1727817624933475e-05 0.3392163100503614 0.6347677865124084 0.8097307648880199
22392.0 10552248.0 0.8892191390497306 0.0002817762225607104 0.33894468135459327 0.6347677865124084 0.8097307648880199
22393.0 10552248.0 0.8777843833729764 0.0005518246274964882 0.33866684435503625 0.6347677865124084 0.8097307648880199
22394.0 10552248.0 0.8663496276962221 0.0008218730324322651 0.3383835154442548 0.6347677865124084 0.8097307648880199
22395.0 10552248.0 0.8549148720194679 0.001091921437368042 0.3380953634182405 0.6347677865124084 0.8097307648880199
22396.0 10552248.0 0.8434801163427136 0.0013619698423038198 0.3378030016284755 0.6347677865124084 0.8097307648880199
22397.0 10552248.0 0.8320453606659594 0.0016320182472395967 0.3375069845910605 0.6347677865124084 0.8097307648880199
22398.0 10552248.0 0.820610604989205 0.0019020666521753736 0.33720780783382587 0.6347677865124084 0.8097307648880199
22399.0 10552248.0 0.8091758493124508 0.0021721150571111514 0.33690590996809133 0.6347677865124084 0.8097307648880199
22400.0 10552248.0 0.7877114214511195 0.0033439482532237885 0.33665137965663966 0.6347677865124084 0.8097307648880199
22401.0 10552248.0 0.7599134035965821 -0.0001906908313318023 0.33643674906157234 0.6347677865124084 0.8097307648880199
22402.0 10552248.0 0.7379463494958043 0.003248397857861407 0.3362557420287353 0.6347677865124084 0.8097307648880199
22403.0 10552248.0 0.7158687935480189 -0.0018047320721419208 0.3361030782326133 0.6347677865124084 0.8097307648880199
22404.0 10552248.0 0.6875752925999035 -0.0012485444355801456 0.3361233256228915 0.6347677865124084 0.8097307648880199
22405.0 10552248.0 0.6592817916517881 -0.0006923567990183704 0.33628940858571804 0.6347677865124084 0.8097307648880199
22406.0 10552248.0 0.6309882907036728 -0.00013616916245659527 0.3365785013921819 0.6347677865124084 0.8097307648880199
22407.0 10552248.0 0.6026947897555573 0.0004200184741051799 0.33697135668372546 0.6347677865124084 0.8097307648880199
22408.0 10552248.0 0.5744012888074419 0.0009762061106669551 0.33745174193435573 0.6347677865124084 0.8097307648880199
22409.0 10552248.0 0.5461077878593266 0.0015323937472287302 0.3380059657567032 0.6347677865124084 0.8097307648880199
22410.0 10552248.0 0.5178142869112112 0.0020885813837905054 0.3386224792721137 0.6347677865124084 0.8097307648880199
22411.0 10552248.0 0.4895207859630958 0.0026447690203522806 0.33929154038118287 0.6347677865124084 0.8097307648880199
22412.0 10552248.0 0.4503066658747419 0.0049446591841529886 0.34104781028227404 0.6347677865124084 0.8097307648880199
22413.0 10552248.0 0.4153860518520724 2.423799926737358e-07 0.3425293715791193 0.6347677865124084 0.8097307648880199
22414.0 10552248.0 0.35518857074277066 0.0033163458869086004 0.3425873420256706 0.6347677865124084 0.8097307648880199
22415.0 10552248.0 0.32480107754859594 0.0027324181447003076 0.34323217063925043 0.6347677865124084 0.8097307648880199
22416.0 10552248.0 0.2944135843544212 0.002148490402492015 0.3443720647934417 0.6347677865124084 0.8097307648880199
22417.0 10552248.0 0.2568040982901796 0.003924967792177825 0.34652551419808164 0.6347677865124084 0.8097307648880199
22418.0 10552248.0 0.2236462241547874 0.008452639076058366 0.34834214013455445 0.6347677865124084 0.8097307648880199
22419.0 10552248.0 0.1819284833461543 0.006898948094062662 0.35106647241327227 0.6347677865124084 0.8097307648880199
22420.0 10552248.0 0.13823831028809264 0.005289142267982716 0.3533646902264838 0.6347677865124084 0.8097307648880199
22421.0 10552248.0 0.10052515134653939 0.006749783897656847 0.3564952882644786 0.6347677865124084 0.8097307648880199
22422.0 10552248.0 0.0438051969246005 0.0016882843255785485 0.36032807367368985 0.6347677865124084 0.8097307648880199
22423.0 10552248.0 0.0013117812213545577 0.004828631186598292 0.36356137212144585 0.6347677865124084 0.8097307648880199
22424.0 10552248.0 -0.03886002747840256 0.0014856769353121246 0.36628894970155995 0.6347677865124084 0.8097307648880199
22425.0 10552248.0 -0.061284287404152815 0.0008122746438498918 0.3691858288765622 0.6347677865124084 0.8097307648880199
22426.0 10552248.0 -0.08370854732990307 0.00013887235238765894 0.37222552920883245 0.6347677865124084 0.8097307648880199
22427.0 10552248.0 -0.14184469079492906 0.0016168288508693895 0.37598163445953714 0.6347677865124084 0.8097307648880199
22428.0 10552248.0 -0.18157714846119635 0.002337010059626596 0.38004413048617397 0.6347677865124084 0.8097307648880199
22429.0 10552248.0 -0.22130960612746364 0.003057191268383802 0.3843650947023539 0.6347677865124084 0.8097307648880199
22430.0 10552248.0 -0.2550291136604042 0.0023379568256826633 0.38890410009542553 0.6347677865124084 0.8097307648880199
22431.0 10552248.0 -0.28874862119334477 0.0016187223829815245 0.3936270428423708 0.6347677865124084 0.8097307648880199
22432.0 10552248.0 -0.32411359879931 0.0010286898081373896 0.3988031144760525 0.6347677865124084 0.8097307648880199
22433.0 10552248.0 -0.3617238430585443 0.0028084480648332966 0.4043614410821807 0.6347677865124084 0.8097307648880199
22434.0 10552248.0 -0.39991191552727745 0.00010398035461148258 0.4090503894419419 0.6347677865124084 0.8097307648880199
22435.0 10552248.0 -0.4170215409112197 -0.0006117446181735098 0.4141977837680675 0.6347677865124084 0.8097307648880199
22436.0 10552248.0 -0.46747026275114845 -0.00549992868281432 0.4197319184989528 0.6347677865124084 0.8097307648880199
22437.0 10552248.0 -0.5019744802783601 -0.005085397883622583 0.4255923035445143 0.6347677865124084 0.8097307648880199
22438.0 10552248.0 -0.5347703410436246 -0.004878715845678255 0.4305360653826585 0.6347677865124084 0.8097307648880199
22439.0 10552248.0 -0.5861598488414059 -0.009925931417092498 0.4358984178007726 0.6347677865124084 0.8097307648880199
22440.0 10552248.0 -0.6204571817624613 -0.00887751420858543 0.4416138890198617 0.6347677865124084 0.8097307648880199
22441.0 10552248.0 -0.6525197809086816 -0.00914373784675035 0.4464354030169387 0.6347677865124084 0.8097307648880199
22442.0 10552248.0 -0.691243495361904 -0.008049846747310768 0.4516946283882047 0.6347677865124084 0.8097307648880199
22443.0 10552248.0 -0.7294321930096206 -0.010752546891582365 0.45732310266972165 0.6347677865124084 0.8097307648880199
22444.0 10552248.0 -0.7614604241790386 -0.010912727659842664 0.46207122692738706 0.6347677865124084 0.8097307648880199
22445.0 10552248.0 -0.7991402767271456 -0.009341752608709036 0.46607669676518215 0.6347677865124084 0.8097307648880199
22446.0 10552248.0 -0.8357329653985033 -0.009878578541203525 0.47064751549707895 0.6347677865124084 0.8097307648880199
22447.0 10552248.0 -0.8524339751038806 -0.008799175717990104 0.4750993345221795 0.6347677865124084 0.8097307648880199
22448.0 10552248.0 -0.869134984809258 -0.007719772894776683 0.4794507665923091 0.6347677865124084 0.8097307648880199
22449.0 10552248.0 -0.926999272885159 -0.0024108470894070033 0.4849093579258321 0.6347677865124084 0.8097307648880199
22450.0 10552248.0 -0.9542661718105079 -0.0028126429544830522 0.48981213181110556 0.6347677865124084 0.8097307648880199
22451.0 10552248.0 -0.9815330707358567 -0.003214438819559101 0.49424602369085713 0.6347677865124084 0.8097307648880199
22452.0 10552248.0 -1.0150948318882407 -0.00018490081936586855 0.49917825494580337 0.6347677865124084 0.8097307648880199
22453.0 10552248.0 -1.0451604021417533 0.0015847105369524994 0.5045308802823453 0.6347677865124084 0.8097307648880199
22454.0 10552248.0 -1.0819950054718679 0.00031030677365426196 0.5090463011470348 0.6347677865124084 0.8097307648880199
22455.0 10552248.0 -1.1118062369743036 -0.006648863461310134 0.5140473094331761 0.6347677865124084 0.8097307648880199
22456.0 10552248.0 -1.1471310713899834 -0.011454422705539785 0.5182661096928605 0.6347677865124084 0.8097307648880199
22457.0 10552248.0 -1.1781074410744752 -0.024692035333469448 0.5218250471336263 0.6347677865124084 0.8097307648880199
22458.0 10552248.0 -1.2220353815885725 -0.0422232166931136 0.5260191756294674 0.6347677865124084 0.8097307648880199
22459.0 10552248.0 -1.2377222355996473 -0.05216521715375891 0.5295573002185573 0.6347677865124084 0.8097307648880199
22460.0 10552248.0 -1.2692081591228044 -0.06967572440161587 0.5337338712021875 0.6347677865124084 0.8097307648880199
22461.0 10552248.0 -1.2979246128952988 -0.09229796982258234 0.5372571844506783 0.6347677865124084 0.8097307648880199
22462.0 10552248.0 -1.3332682667047264 -0.12431971468077677 0.5414212607364419 0.6347677865124084 0.8097307648880199
22463.0 10552248.0 -1.3545558435724596 -0.14867030522868643 0.544934033583561 0.6347677865124084 0.8097307648880199
22464.0 10552248.0 -1.377577956436636 -0.17560821887524616 0.5502810627810115 0.6347677865124084 0.8097307648880199
22465.0 10552248.0 -1.3943445382396409 -0.2078633371298724 0.5547917627991105 0.6347677865124084 0.8097307648880199
22466.0 10552248.0 -1.408720866856718 -0.23552564045673777 0.5585969439383831 0.6347677865124084 0.8097307648880199
22467.0 10552248.0 -1.4244352302647034 -0.2808601140934923 0.5629988011400728 0.6347677865124084 0.8097307648880199
22468.0 10552248.0 -1.4323053987638368 -0.3049251483009279 0.5667121635748243 0.6347677865124084 0.8097307648880199
22469.0 10552248.0 -1.4377339155351405 -0.340537709511728 0.5710365634414499 0.6347677865124084 0.8097307648880199
22470.0 10552248.0 -1.4388520027154603 -0.3670445854954078 0.5746845836478774 0.6347677865124084 0.8097307648880199
22471.0 10552248.0 -1.4399700898957801 -0.3935514614790876 0.5777620167800933 0.6347677865124084 0.8097307648880199
22472.0 10552248.0 -1.4430252801923882 -0.4191911531014382 0.5815499530871361 0.6347677865124084 0.8097307648880199
22473.0 10552248.0 -1.4441737722798111 -0.46344728450183126 0.5847454180337057 0.6347677865124084 0.8097307648880199
22474.0 10552248.0 -1.4418617731261898 -0.49983863534068873 0.588632924791457 0.6347677865124084 0.8097307648880199
22475.0 10552248.0 -1.4384624108696011 -0.5383381079647196 0.5919123863681606 0.6347677865124084 0.8097307648880199
22476.0 10552248.0 -1.4345623614378347 -0.5698742443122788 0.595870751837745 0.6347677865124084 0.8097307648880199
22477.0 10552248.0 -1.4314733755775217 -0.6093236804685441 0.599209989110624 0.6347677865124084 0.8097307648880199
22478.0 10552248.0 -1.4226803624490103 -0.6557792216645607 0.6032187807559152 0.6347677865124084 0.8097307648880199
22479.0 10552248.0 -1.407580916455265 -0.6927301919195037 0.606600557043128 0.6347677865124084 0.8097307648880199
22480.0 10552248.0 -1.3942294730734155 -0.7344839137894928 0.6106452341727957 0.6347677865124084 0.8097307648880199
22481.0 10552248.0 -1.3791985814162648 -0.771645946006877 0.6140572830934745 0.6347677865124084 0.8097307648880199
22482.0 10552248.0 -1.362705754100639 -0.8037946520446796 0.6181274979120683 0.6347677865124084 0.8097307648880199
22483.0 10552248.0 -1.3409160145728716 -0.8376753547585908 0.6215610901701121 0.6347677865124084 0.8097307648880199
22484.0 10552248.0 -1.313098290527672 -0.8762142546212655 0.6256494787312933 0.6347677865124084 0.8097307648880199
22485.0 10552248.0 -1.283623577409321 -0.9096866618030167 0.6302902468638862 0.6347677865124084 0.8097307648880199
22486.0 10552248.0 -1.2605993082809241 -0.9370772755108939 0.634205152155532 0.6347677865124084 0.8097307648880199
22487.0 10552248.0 -1.2224902478197632 -0.9726715317519813 0.6375077268596882 0.6347677865124084 0.8097307648880199
22488.0 10552248.0 -1.1923291458142724 -0.9972546205762683 0.6402937456427752 0.6347677865124084 0.8097307648880199
22489.0 10552248.0 -1.1521447265359541 -1.0224276020893928 0.643835847737707 0.6347677865124084 0.8097307648880199
22490.0 10552248.0 -1.1242792282042737 -1.0377306987460377 0.6468239294170323 0.6347677865124084 0.8097307648880199
22491.0 10552248.0 -1.0964137298725933 -1.0530337954026825 0.6493446450494516 0.6347677865124084 0.8097307648880199
22492.0 10552248.0 -1.0360701222397048 -1.08175940597521 0.6514710953883048 0.6347677865124084 0.8097307648880199
22493.0 10552248.0 -0.9911136585708606 -1.0950547597222964 0.653264947493419 0.6347677865124084 0.8097307648880199
22494.0 10552248.0 -0.9461571949020164 -1.1083501134693827 0.6547782230758423 0.6347677865124084 0.8097307648880199
22495.0 10552248.0 -0.9012007312331722 -1.121645467216469 0.6560548071274651 0.6347677865124084 0.8097307648880199
22496.0 10552248.0 -0.856244267564328 -1.1349408209635554 0.6571317205857843 0.6347677865124084 0.8097307648880199
22497.0 10552248.0 -0.8112878038954838 -1.1482361747106418 0.6580401939410913 0.6347677865124084 0.8097307648880199
22498.0 10552248.0 -0.7663313402266396 -1.1615315284577281 0.6588065729206899 0.6347677865124084 0.8097307648880199
22499.0 10552248.0 -0.723538867482066 -1.1712558733257015 0.6594530825149885 0.6347677865124084 0.8097307648880199
22500.0 10552248.0 -0.6807463947374923 -1.1809802181936748 0.6599984715022217 0.6347677865124084 0.8097307648880199
22501.0 10552248.0 -0.6361600609996889 -1.1856241946770683 0.6604585561630194 0.6347677865124084 0.8097307648880199
22502.0 10552248.0 -0.5739853955246044 -1.1954329376823887 0.6596548342643405 0.6347677865124084 0.8097307648880199
22503.0 10552248.0 -0.4936658841458681 -1.2038116666311922 0.6589768225593273 0.6347677865124084 0.8097307648880199
22504.0 10552248.0 -0.44887410139334505 -1.2094562903121022 0.6584048587085347 0.6347677865124084 0.8097307648880199
22505.0 10552248.0 -0.4000058775022979 -1.209423181985453 0.6579223557602896 0.6347677865124084 0.8097307648880199
22506.0 10552248.0 -0.35287180930559736 -1.2119773907674587 0.6575153211290928 0.6347677865124084 0.8097307648880199
22507.0 10552248.0 -0.2941912421475219 -1.2172536263537597 0.6571719508106398 0.6347677865124084 0.8097307648880199
22508.0 10552248.0 -0.2477401070161993 -1.2137424764727591 0.6568822870656954 0.6347677865124084 0.8097307648880199
22509.0 10552248.0 -0.2018492051799211 -1.2146625934350643 0.6566379296456561 1.5314650184869447 1.3744057314893527
22510.0 10552248.0 -0.1559583033436429 -1.2155827103973693 0.6564317921853409 1.5314650184869447 1.3744057314893527
22511.0 10552248.0 -0.06949351611879506 -1.2119457354288883 0.6550660520101963 1.5314650184869447 1.3744057314893527
22512.0 10552248.0 -0.020980119921880203 -1.2102755115914843 0.6539139273433474 1.5314650184869447 1.3744057314893527
22513.0 10552248.0 0.0379735280531428 -1.2038387439639537 0.6529420065694556 1.5314650184869447 1.3744057314893527
22514.0 10552248.0 0.06376625665780661 -1.203738909188092 0.652122103986078 1.5314650184869447 1.3744057314893527
22515.0 10552248.0 0.08955898526247041 -1.20363907441223 0.6514304424182966 1.5314650184869447 1.3744057314893527
22516.0 10552248.0 0.15652740850635338 -1.198769059233219 0.6496551189924417 1.5314650184869447 1.3744057314893527
22517.0 10552248.0 0.20531419277269058 -1.198705561124092 0.6481574740173676 1.5314650184869447 1.3744057314893527
22518.0 10552248.0 0.2606634502194888 -1.195412025438338 0.6468940757887971 1.5314650184869447 1.3744057314893527
22519.0 10552248.0 0.3111055777566023 -1.1902810600114715 0.6458282857581017 1.5314650184869447 1.3744057314893527
22520.0 10552248.0 0.38914137922465836 -1.1838849813156458 0.643737351326187 1.5314650184869447 1.3744057314893527
22521.0 10552248.0 0.43936230261901943 -1.182419408894677 0.6419734600827318 1.5314650184869447 1.3744057314893527
22522.0 10552248.0 0.49809167126026405 -1.182097857398619 0.6404854591816758 1.5314650184869447 1.3744057314893527
22523.0 10552248.0 0.5373271215268516 -1.1789116751358564 0.6392301965968884 1.5314650184869447 1.3744057314893527
22524.0 10552248.0 0.5901968341401835 -1.1774927707509162 0.6369794250252065 1.5314650184869447 1.3744057314893527
22525.0 10552248.0 0.6462767100867459 -1.1771222803455812 0.6350806967792556 1.5314650184869447 1.3744057314893527
22526.0 10552248.0 0.7069430336292594 -1.1776656238702974 0.6334789487399032 1.5314650184869447 1.3744057314893527
22527.0 10552248.0 0.761163591345526 -1.1789065564400667 0.6321277302140079 1.5314650184869447 1.3744057314893527
22528.0 10552248.0 0.8186413465522528 -1.1796924372151616 0.6309878558643188 1.5314650184869447 1.3744057314893527
22529.0 10552248.0 0.8936174979395108 -1.182922967742875 0.630026269334695 1.5314650184869447 1.3744057314893527
22530.0 10552248.0 0.9424373090328931 -1.1827488477769412 0.6292150846157774 1.5314650184869447 1.3744057314893527
22531.0 10552248.0 0.994497607645449 -1.1892404795597373 0.6285307773507173 1.5314650184869447 1.3744057314893527
22532.0 10552248.0 1.0221483620650056 -1.1875248070572388 0.627953502628828 1.5314650184869447 1.3744057314893527
22533.0 10552248.0 1.0906310016857197 -1.1937725281228373 0.6274665194831747 1.5314650184869447 1.3744057314893527
22534.0 10552248.0 1.1426911920769989 -1.200263068522877 0.6270557054025334 1.5314650184869447 1.3744057314893527
22535.0 10552248.0 1.192943969759359 -1.200321747285761 0.6267091467785656 1.5314650184869447 1.3744057314893527
22536.0 10552248.0 1.2196449114138508 -1.2035521176592976 0.6264167934111762 1.5314650184869447 1.3744057314893527
22537.0 10552248.0 1.246345853068343 -1.2067824880328344 0.6261701670527109 1.5314650184869447 1.3744057314893527
22538.0 10552248.0 1.3074196644802907 -1.2134120781827753 0.6259621155387742 1.5314650184869447 1.3744057314893527
22539.0 10552248.0 1.3415469343245368 -1.2153875581916576 0.626382527719564 1.5314650184869447 1.3744057314893527
22540.0 10552248.0 1.3756742041687828 -1.21736303820054 0.6273331055483233 1.5314650184869447 1.3744057314893527
22541.0 10552248.0 1.4410043255792155 -1.2212928614439689 0.628135003437984 1.5314650184869447 1.3744057314893527
22542.0 10552248.0 1.4814834414253994 -1.2251669676147052 0.6288114764273462 1.5314650184869447 1.3744057314893527
22543.0 10552248.0 1.522434408025797 -1.2265080566506363 0.6293821422331015 1.5314650184869447 1.3744057314893527
22544.0 10552248.0 1.5669425373552235 -1.2245713862058725 0.6298635501636167 1.5314650184869447 1.3744057314893527
22545.0 10552248.0 1.6107244882016414 -1.2281215444756675 0.6302696610488768 1.5314650184869447 1.3744057314893527
22546.0 10552248.0 1.650382521891962 -1.2247173630724035 0.6306122521045544 1.5314650184869447 1.3744057314893527
22547.0 10552248.0 1.697858343923343 -1.2262023037910643 0.630901258471264 1.5314650184869447 1.3744057314893527
22548.0 10552248.0 1.741872750159977 -1.224687523166679 0.6311450613336402 1.5314650184869447 1.3744057314893527
22549.0 10552248.0 1.7843703599968284 -1.2278172855613512 0.6313507309746921 1.5314650184869447 1.3744057314893527
22550.0 10552248.0 1.8317770419373796 -1.2295124574931147 0.6315242318140101 1.5314650184869447 1.3744057314893527
22551.0 10552248.0 1.882098647219808 -1.2277199861976122 0.6316705953759343 1.5314650184869447 1.3744057314893527
22552.0 10552248.0 1.9242750671017244 -1.2307440849093094 0.6317940662037607 1.5314650184869447 1.3744057314893527
22553.0 10552248.0 1.9701916155914934 -1.2310172914110338 0.6330900696397003 1.5314650184869447 1.3744057314893527
22554.0 10552248.0 2.0299705387491436 -1.234531335493257 0.6341833650951912 1.5314650184869447 1.3744057314893527
22555.0 10552248.0 2.0698917218140167 -1.2308605282347036 0.6351056581384427 1.5314650184869447 1.3744057314893527
22556.0 10552248.0 2.1080668494731505 -1.2319931009932061 0.6358836952677089 1.5314650184869447 1.3744057314893527
22557.0 10552248.0 2.1380477716301467 -1.234013078662565 0.6365400395597388 1.5314650184869447 1.3744057314893527
22558.0 10552248.0 2.1680286937871434 -1.2360330563319235 0.6370937249990011 1.5314650184869447 1.3744057314893527
22559.0 10552248.0 2.211362875384732 -1.2393167189609278 0.6375608084632344 1.5314650184869447 1.3744057314893527
22560.0 10552248.0 2.256351301553167 -1.2375329428794177 0.6379548353729014 1.5314650184869447 1.3744057314893527
22561.0 10552248.0 2.2739882202424875 -1.237917241170256 0.6382872325083827 1.5314650184869447 1.3744057314893527
22562.0 10552248.0 2.332803535244116 -1.241114311005793 0.638567639386607 1.5314650184869447 1.3744057314893527
22563.0 10552248.0 2.375013925344684 -1.2440301590406537 0.638804187807043 1.5314650184869447 1.3744057314893527
22564.0 10552248.0 2.4193227781593345 -1.247046720137052 0.6390037376738832 1.5314650184869447 1.3744057314893527
22565.0 10552248.0 2.4457535315132697 -1.2504181464768438 0.639172075933266 1.5314650184869447 1.3744057314893527
22566.0 10552248.0 2.512712294092065 -1.250431340650249 0.6393140843947135 1.5314650184869447 1.3744057314893527
22567.0 10552248.0 2.560895169137062 -1.256814362818692 0.6394338813036077 1.5314650184869447 1.3744057314893527
22568.0 10552248.0 2.599840543654321 -1.2534064324640368 0.6383430960821023 1.5314650184869447 1.3744057314893527
22569.0 10552248.0 2.6421767179305684 -1.2564786511872421 0.6374229206469778 1.5314650184869447 1.3744057314893527
22570.0 10552248.0 2.6794679367329097 -1.258137541501134 0.6366466699106157 1.5314650184869447 1.3744057314893527
22571.0 10552248.0 2.7418610862850104 -1.2601629442764097 0.6359918326016614 1.5314650184869447 1.3744057314893527
22572.0 10552248.0 2.764359882002696 -1.2606143918598325 0.6348434960940531 1.5314650184869447 1.3744057314893527
22573.0 10552248.0 2.7868586777203816 -1.2610658394432555 0.6332788486290704 1.5314650184869447 1.3744057314893527
22574.0 10552248.0 2.829355174939808 -1.2641893304658878 0.6319589277743306 1.5314650184869447 1.3744057314893527
22575.0 10552248.0 2.897246555135043 -1.2663725813569813 0.6308454558250465 1.5314650184869447 1.3744057314893527
22576.0 10552248.0 2.935819192294294 -1.2675722418913038 0.6299061420946886 1.5314650184869447 1.3744057314893527
22577.0 10552248.0 2.9743918294535456 -1.2687719024256263 0.6291137464850768 1.5314650184869447 1.3744057314893527
22578.0 10552248.0 3.0000886427355464 -1.2716681820331264 0.6284452895235322 1.5314650184869447 1.3744057314893527
22579.0 10552248.0 3.065015816398887 -1.2729993625221099 0.62788138595817 1.5314650184869447 1.3744057314893527
22580.0 10552248.0 3.102628413528704 -1.273125663718352 0.6274056825855947 1.5314650184869447 1.3744057314893527
22581.0 10552248.0 3.149905626245257 -1.2779243285626616 0.6270043840080016 1.5314650184869447 1.3744057314893527
22582.0 10552248.0 3.212918041928675 -1.278045321319546 0.6254740078784364 1.5314650184869447 1.3744057314893527
22583.0 10552248.0 3.252479367097883 -1.279274072645497 0.6241829979773459 1.5314650184869447 1.3744057314893527
22584.0 10552248.0 3.301203326062641 -1.2796377608952525 0.6219020703293942 1.5314650184869447 1.3744057314893527
22585.0 10552248.0 3.343871525444726 -1.2822303098110635 0.6199779027209947 1.5314650184869447 1.3744057314893527
22586.0 10552248.0 3.377269453607864 -1.282615261565484 0.6183546942915042 1.5314650184869447 1.3744057314893527
22587.0 10552248.0 3.4106673817710016 -1.2830002133199045 0.6169853719964673 1.5314650184869447 1.3744057314893527
22588.0 10552248.0 3.456123928296031 -1.2811286345059427 0.615830225489328 1.5314650184869447 1.3744057314893527
22589.0 10552248.0 3.474023692235071 -1.2820631740246615 0.6148557555213792 1.5314650184869447 1.3744057314893527
22590.0 10552248.0 3.5227593388748266 -1.281027542026586 0.6140337024635504 1.5314650184869447 1.3744057314893527
22591.0 10552248.0 3.5651861306047996 -1.2843577612379742 0.6133402267771645 1.5314650184869447 1.3744057314893527
22592.0 10552248.0 3.632113728876826 -1.2841758118105826 0.6127552176673163 1.5314650184869447 1.3744057314893527
22593.0 10552248.0 3.6662477692206856 -1.2852961455985685 0.6122617098698204 1.5314650184869447 1.3744057314893527
22594.0 10552248.0 3.7003818095645453 -1.2864164793865542 0.6118453916585492 1.5314650184869447 1.3744057314893527
22595.0 10552248.0 3.7604581964619586 -1.2846406146876228 0.6114941898053761 1.5314650184869447 1.3744057314893527
22596.0 10552248.0 3.798138098518046 -1.2861872115714033 0.6111979194565588 1.5314650184869447 1.3744057314893527
22597.0 10552248.0 3.851814389271855 -1.2876958783598331 0.6109479887719816 1.5314650184869447 1.3744057314893527
22598.0 10552248.0 3.8870415760368386 -1.2858720447489087 0.6107371497617919 1.5314650184869447 1.3744057314893527
22599.0 10552248.0 3.9247902088053683 -1.287206821593037 0.6105592880946943 1.5314650184869447 1.3744057314893527
22600.0 10552248.0 3.963306943011365 -1.2889087947016151 0.6104092457823427 1.5314650184869447 1.3744057314893527
22601.0 10552248.0 4.01950753564964 -1.28539932533524 0.6114745162858832 1.5314650184869447 1.3744057314893527
22602.0 10552248.0 4.035307675068051 -1.2886846471041686 0.6123731677617145 1.5314650184869447 1.3744057314893527
22603.0 10552248.0 4.074537025197759 -1.285478939124236 0.6119394164144312 1.5314650184869447 1.3744057314893527
22604.0 10552248.0 4.116576815569164 -1.2791015206859044 0.6115735081431664 1.5314650184869447 1.3744057314893527
22605.0 10552248.0 4.15044886525949 -1.2670389064660361 0.6110945680811671 1.5314650184869447 1.3744057314893527
22606.0 10552248.0 4.184320914949815 -1.2549762922461678 0.610520275538064 1.5314650184869447 1.3744057314893527
22607.0 10552248.0 4.21819296464014 -1.2429136780262995 0.6098655446015355 1.5314650184869447 1.3744057314893527
22608.0 10552248.0 4.252065014330465 -1.230851063806431 0.6091429566458509 1.5314650184869447 1.3744057314893527
22609.0 10552248.0 4.28593706402079 -1.2187884495865626 0.6083631251917241 1.5314650184869447 1.3744057314893527
22610.0 10552248.0 4.319809113711115 -1.2067258353666943 0.6075350036984137 1.5314650184869447 1.3744057314893527
22611.0 10552248.0 4.353681163401441 -1.194663221146826 0.6066661452140425 1.5314650184869447 1.3744057314893527
22612.0 10552248.0 4.389349866118558 -1.1724231859791963 0.6059331849408784 1.5314650184869447 1.3744057314893527
22613.0 10552248.0 4.419056043969305 -1.1494063412562303 0.6041230223427956 1.5314650184869447 1.3744057314893527
22614.0 10552248.0 4.4352295523711565 -1.1324882049604013 0.6014041427044496 1.5314650184869447 1.3744057314893527
22615.0 10552248.0 4.4693404054749735 -1.1041330858403668 0.5979186785163285 1.5314650184869447 1.3744057314893527
22616.0 10552248.0 4.500360169608905 -1.0607528464688476 0.5949783760051809 1.5314650184869447 1.3744057314893527
22617.0 10552248.0 4.5178763674467355 -1.0397170882360596 0.5924979663981835 1.5314650184869447 1.3744057314893527
22618.0 10552248.0 4.557528260125402 -0.9671470846241011 0.5892136731285292 1.5314650184869447 1.3744057314893527
22619.0 10552248.0 4.573362488712659 -0.9349332686021327 0.5864430763796022 1.5314650184869447 1.3744057314893527
22620.0 10552248.0 4.585999838252733 -0.8961868412250934 0.585297673533888 1.5314650184869447 1.3744057314893527
22621.0 10552248.0 4.598602754301964 -0.8575459874487189 0.5843314232206565 1.5314650184869447 1.3744057314893527
22622.0 10552248.0 4.604112226087012 -0.840653809913844 0.583516304180824 1.5314650184869447 1.3744057314893527
22623.0 10552248.0 4.60962169787206 -0.823761632378969 0.5828286779622354 1.5314650184869447 1.3744057314893527
22624.0 10552248.0 4.622765022623565 -0.7807415570140444 0.5822486034045516 1.5314650184869447 1.3744057314893527
22625.0 10552248.0 4.636480375074119 -0.7414122589205893 0.5817592583455998 1.5314650184869447 1.3744057314893527
22626.0 10552248.0 4.64040101989425 -0.7103354492618735 0.5813464517786705 1.5314650184869447 1.3744057314893527
22627.0 10552248.0 4.647304117134072 -0.675559096791087 0.5798063676251184 1.5314650184869447 1.3744057314893527
22628.0 10552248.0 4.657171496528787 -0.62352765164527 0.5785071681326946 1.5314650184869447 1.3744057314893527
22629.0 10552248.0 4.659712023851605 -0.6048494723834191 0.5774111765161191 1.5314650184869447 1.3744057314893527
22630.0 10552248.0 4.66473068591492 -0.5497180616534532 0.5764866090185109 1.5314650184869447 1.3744057314893527
22631.0 10552248.0 4.670717111592357 -0.5139418580912016 0.5745148084942353 1.5314650184869447 1.3744057314893527
22632.0 10552248.0 4.666729932295107 -0.47444540318294204 0.5728514174162926 1.5314650184869447 1.3744057314893527
22633.0 10552248.0 4.668291453643239 -0.4369923177034064 0.5714481974434225 1.5314650184869447 1.3744057314893527
22634.0 10552248.0 4.664346446538078 -0.40825584280385485 0.5702644551964114 1.5314650184869447 1.3744057314893527
22635.0 10552248.0 4.655303752929236 -0.36792799231920137 0.5692658621500963 1.5314650184869447 1.3744057314893527
22636.0 10552248.0 4.643798516491901 -0.3215405135227267 0.5672316144179298 1.5314650184869447 1.3744057314893527
22637.0 10552248.0 4.6335276383130894 -0.28606826718916645 0.5655155435038832 1.5314650184869447 1.3744057314893527
22638.0 10552248.0 4.620249270002564 -0.26036130714755523 0.5640678833514493 1.5314650184869447 1.3744057314893527
22639.0 10552248.0 4.6040164763033005 -0.22574765286821377 0.5628466518162074 1.5314650184869447 1.3744057314893527
22640.0 10552248.0 4.583806040409644 -0.18971963296729347 0.5606245884954313 1.5314650184869447 1.3744057314893527
22641.0 10552248.0 4.565266369824889 -0.1621794430304743 0.5587500782410227 1.5314650184869447 1.3744057314893527
22642.0 10552248.0 4.539825108720816 -0.13402319965485945 0.5571687602556038 1.5314650184869447 1.3744057314893527
22643.0 10552248.0 4.527815753655597 -0.11912574155513592 0.5558347763175974 1.5314650184869447 1.3744057314893527
22644.0 10552248.0 4.515806398590378 -0.10422828345541238 0.5547094408928013 1.5314650184869447 1.3744057314893527
22645.0 10552248.0 4.471019402399503 -0.0733236522764967 0.5531641969097943 1.5314650184869447 1.3744057314893527
22646.0 10552248.0 4.443232466859157 -0.05617012779370212 0.5521586058092225 1.5314650184869447 1.3744057314893527
22647.0 10552248.0 4.41544553131881 -0.03901660331090753 0.5516082604491692 1.5314650184869447 1.3744057314893527
22648.0 10552248.0 4.378650399676715 -0.021172743685253487 0.5499521499539376 1.5314650184869447 1.3744057314893527
22649.0 10552248.0 4.353685317677235 -0.007888829876574271 0.5485550718073701 1.5314650184869447 1.3744057314893527
22650.0 10552248.0 4.304826057547316 0.0029110454241163264 0.5461846660550121 1.5314650184869447 1.3744057314893527
22651.0 10552248.0 4.274353987456524 0.007478964527807469 0.5441850156182495 1.5314650184869447 1.3744057314893527
22652.0 10552248.0 4.234114913178057 0.014766226071364658 0.5424981306344161 1.5314650184869447 1.3744057314893527
22653.0 10552248.0 4.197941971759194 0.013426559263570198 0.5410750914389808 1.5314650184869447 1.3744057314893527
22654.0 10552248.0 4.161769030340332 0.012086892455775738 0.5398746298952759 1.5314650184869447 1.3744057314893527
22655.0 10552248.0 4.132279879011128 0.010143750208725238 0.5376700879303299 1.5314650184869447 1.3744057314893527
22656.0 10552248.0 4.103991762154603 0.00848057505678515 0.5358103585153634 1.5314650184869447 1.3744057314893527
22657.0 10552248.0 4.075703645298078 0.006817399904845062 0.5342415094973424 1.5314650184869447 1.3744057314893527
22658.0 10552248.0 4.0520871989811145 0.004506242255327281 0.5329180442547443 1.5314650184869447 1.3744057314893527
22659.0 10552248.0 4.028470752664152 0.0021950846058094997 0.5318015822955339 1.5314650184869447 1.3744057314893527
22660.0 10552248.0 3.9788942170069577 -8.530809044351995e-05 0.5296679015346897 1.5314650184869447 1.3744057314893527
22661.0 10552248.0 3.947193989175399 0.0020811981697227144 0.5278679499183515 1.5314650184869447 1.3744057314893527
22662.0 10552248.0 3.907489664715235 0.0014861728325480106 0.5263495288496455 1.5314650184869447 1.3744057314893527
22663.0 10552248.0 3.8802919533143454 -0.002955908384663891 0.5250686041175792 1.5314650184869447 1.3744057314893527
22664.0 10552248.0 3.843088031179751 -0.0013293727970351832 0.5239880289049227 1.5314650184869447 1.3744057314893527
22665.0 10552248.0 3.808976261498513 -0.006552262516402424 0.5218846218423047 1.5314650184869447 1.3744057314893527
22666.0 10552248.0 3.7713710174790593 -0.004794430408014 0.5189183641249093 1.5314650184869447 1.3744057314893527
22667.0 10552248.0 3.7389929264288826 -0.004975746476710868 0.5176079036553406 1.5314650184869447 1.3744057314893527
22668.0 10552248.0 3.6904257129643048 -0.0052474436889862475 0.5153105677035724 1.5314650184869447 1.3744057314893527
22669.0 10552248.0 3.661670680241242 -0.005208973072829998 0.5133725582152079 1.5314650184869447 1.3744057314893527
22670.0 10552248.0 3.631541409477485 -0.002035234968305738 0.5117376729150844 1.5314650184869447 1.3744057314893527
22671.0 10552248.0 3.595400889057122 -0.0053102402809404314 0.5091666554412941 1.5314650184869447 1.3744057314893527
22672.0 10552248.0 3.5636444450444733 -0.0003202736213217261 0.5069977709753014 1.5314650184869447 1.3744057314893527
22673.0 10552248.0 3.5241584349500696 0.0011180459746083782 0.5051681218675924 1.5314650184869447 1.3744057314893527
22674.0 10552248.0 3.4974660261566584 -0.0006841398182107217 0.5024328036058394 1.5314650184869447 1.3744057314893527
22675.0 10552248.0 3.472253734408871 -0.000399333218548209 0.5001253166486557 1.5314650184869447 1.3744057314893527
22676.0 10552248.0 3.4470414426610834 -0.00011452661888569637 0.49817874387428296 1.5314650184869447 1.3744057314893527
22677.0 10552248.0 3.4201308766036727 -0.0023125133976196477 0.4965366346722645 1.5314650184869447 1.3744057314893527
22678.0 10552248.0 3.3808169393294314 -0.00034554706863101914 0.4951513678757417 1.5314650184869447 1.3744057314893527
22679.0 10552248.0 3.3473834223714816 -0.0007648451013611279 0.49279092605941116 1.5314650184869447 1.3744057314893527
22680.0 10552248.0 3.3110588005514847 -0.004328924440598875 0.49079968109880356 1.5314650184869447 1.3744057314893527
22681.0 10552248.0 3.280597415319974 5.949152466516727e-06 0.48792804220185704 1.5314650184869447 1.3744057314893527
22682.0 10552248.0 3.2410398005391796 -0.0028530639906960975 0.48550555652876437 1.5314650184869447 1.3744057314893527
22683.0 10552248.0 3.2027683369453896 -0.002043142043207019 0.48227012730680163 1.5314650184869447 1.3744057314893527
22684.0 10552248.0 3.154831231322543 -0.0014658190372238977 0.4783489070885319 1.5314650184869447 1.3744057314893527
22685.0 10552248.0 3.119666033516082 -0.0020198161718410212 0.4750410051758296 1.5314650184869447 1.3744057314893527
22686.0 10552248.0 3.084811867847 1.1584224429123102e-05 0.47225049241322636 1.5314650184869447 1.3744057314893527
22687.0 10552248.0 3.05223799318141 -0.00021978207638054248 0.4698964439306067 1.5314650184869447 1.3744057314893527
22688.0 10552248.0 3.0199279423435916 -0.0001866813204969564 0.4667187476337704 1.5314650184869447 1.3744057314893527
22689.0 10552248.0 2.9912618196003624 -0.0036792357411985777 0.46403807501831346 1.2695355730248168 1.6194615297760397
22690.0 10552248.0 2.9551373846929687 0.002622343401320809 0.4617766865783876 1.2695355730248168 1.6194615297760397
22691.0 10552248.0 2.9324062502013546 0.001806938541542874 0.45927307970513287 1.2695355730248168 1.6194615297760397
22692.0 10552248.0 2.9096751157097405 0.000991533681764939 0.45656513979922486 1.2695355730248168 1.6194615297760397
22693.0 10552248.0 2.876493535693479 0.001076096328581827 0.4542807489474944 1.2695355730248168 1.6194615297760397
22694.0 10552248.0 2.8485164376323118 -0.0003045369688247368 0.4523536598152412 1.2695355730248168 1.6194615297760397
22695.0 10552248.0 2.8166217002472678 0.004266517226436034 0.44953614212942583 1.2695355730248168 1.6194615297760397
22696.0 10552248.0 2.780148216952391 0.0025641929570225652 0.4471593125653638 1.2695355730248168 1.6194615297760397
22697.0 10552248.0 2.7436747336575134 0.0008618686876090964 0.44515424306569734 1.2695355730248168 1.6194615297760397
22698.0 10552248.0 2.7058835614509755 0.0006997387406024458 0.4422709419267319 1.2695355730248168 1.6194615297760397
22699.0 10552248.0 2.671831396266434 0.002471203754603718 0.4398386181036416 1.2695355730248168 1.6194615297760397
22700.0 10552248.0 2.6385692820284095 0.0025830760703544897 0.43778673420555697 1.2695355730248168 1.6194615297760397
22701.0 10552248.0 2.6033231369944576 0.0020578342656228654 0.4360557855994335 1.2695355730248168 1.6194615297760397
22702.0 10552248.0 2.5804468437201478 -0.0011039703656537114 0.43340373008748934 1.2695355730248168 1.6194615297760397
22703.0 10552248.0 2.543929603638067 0.001005590724124844 0.4311664827480824 1.2695355730248168 1.6194615297760397
22704.0 10552248.0 2.5152062191613416 -0.0012983958345633428 0.4280873187201656 1.2695355730248168 1.6194615297760397
22705.0 10552248.0 2.482895510018238 -0.0012628503227375687 0.4266816116233378 1.2695355730248168 1.6194615297760397
22706.0 10552248.0 2.4503208728075148 -0.0014914546927735917 0.4243039265753826 1.2695355730248168 1.6194615297760397
22707.0 10552248.0 2.420703904492836 -0.0024519772671054707 0.42229813539811345 1.2695355730248168 1.6194615297760397
22708.0 10552248.0 2.398499758060992 -0.003145862270854033 0.4206060701473896 1.2695355730248168 1.6194615297760397
22709.0 10552248.0 2.3762956116291485 -0.003839747274602595 0.4191786609309401 1.2695355730248168 1.6194615297760397
22710.0 10552248.0 2.35260856459191 -0.0015961449260563365 0.4167826681932836 1.2695355730248168 1.6194615297760397
22711.0 10552248.0 2.3072081283082952 -0.0033020692170829813 0.4147614328332323 1.2695355730248168 1.6194615297760397
22712.0 10552248.0 2.2778346570320673 -0.004195489645484871 0.41246041668124267 1.2695355730248168 1.6194615297760397
22713.0 10552248.0 2.24846118575584 -0.00508891007388676 0.40992338026890696 1.2695355730248168 1.6194615297760397
22714.0 10552248.0 2.2276170562811126 -0.003656390980859875 0.4077831618843695 1.2695355730248168 1.6194615297760397
22715.0 10552248.0 2.1882778799965363 -0.0028432631176728285 0.4059776951944788 1.2695355730248168 1.6194615297760397
22716.0 10552248.0 2.155129857937707 -0.0026497639598760114 0.40326277697702373 1.2695355730248168 1.6194615297760397
22717.0 10552248.0 2.1270829264765823 -0.00423868560082466 0.4009724992919024 1.2695355730248168 1.6194615297760397
22718.0 10552248.0 2.1000825536806316 -0.0012627983263670817 0.39904044408624617 1.2695355730248168 1.6194615297760397
22719.0 10552248.0 2.071383457176223 -0.0007694248389705505 0.3962187370708869 1.2695355730248168 1.6194615297760397
22720.0 10552248.0 2.038841621635333 -0.002525692641958177 0.3938383734305833 1.2695355730248168 1.6194615297760397
22721.0 10552248.0 2.0053605635843645 -0.00280690309707024 0.39183032261976664 1.2695355730248168 1.6194615297760397
22722.0 10552248.0 1.973669751796406 -0.0008688981196517676 0.38894450647671897 1.2695355730248168 1.6194615297760397
22723.0 10552248.0 1.9492240201849105 -0.0009462957422162604 0.38651006102149615 1.2695355730248168 1.6194615297760397
22724.0 10552248.0 1.924778288573415 -0.0010236933647807533 0.3844563873358967 1.2695355730248168 1.6194615297760397
22725.0 10552248.0 1.8783190050186649 0.0008312332253200827 0.3827239288830383 1.2695355730248168 1.6194615297760397
22726.0 10552248.0 1.8507658555231328 0.0007565765751265755 0.3808651628050533 1.2695355730248168 1.6194615297760397
22727.0 10552248.0 1.8232127060276007 0.0006819199249330684 0.37889984488568 1.2695355730248168 1.6194615297760397
22728.0 10552248.0 1.7956595565320685 0.0006072632747395612 0.37684464090525677 1.2695355730248168 1.6194615297760397
22729.0 10552248.0 1.7624872504568443 -0.0003577786717960385 0.37511089151108595 1.2695355730248168 1.6194615297760397
22730.0 10552248.0 1.72931494438162 -0.0013228206183316382 0.3736483179707366 1.2695355730248168 1.6194615297760397
22731.0 10552248.0 1.7024789094775261 -0.00056034385002042 0.37241450565153866 1.2695355730248168 1.6194615297760397
22732.0 10552248.0 1.6756428745734322 0.00020213291829079827 0.37137367399623533 1.2695355730248168 1.6194615297760397
22733.0 10552248.0 1.6524005009713947 -0.0002672967541501904 0.3698997165427207 1.2695355730248168 1.6194615297760397
22734.0 10552248.0 1.6291581273693572 -0.0007367264265911791 0.36806037852484286 1.2695355730248168 1.6194615297760397
22735.0 10552248.0 1.6059157537673197 -0.0012061560990321678 0.3659128091400834 1.2695355730248168 1.6194615297760397
22736.0 10552248.0 1.5826733801652821 -0.0016755857714731565 0.36350521887628423 1.2695355730248168 1.6194615297760397
22737.0 10552248.0 1.5547993302948337 -0.0010991043002965828 0.3612358310222564 1.2695355730248168 1.6194615297760397
22738.0 10552248.0 1.5269252804243856 -0.0005226228291200091 0.3590830293302332 1.2695355730248168 1.6194615297760397
22739.0 10552248.0 1.4990512305539372 5.385864205656454e-05 0.35702857855114595 1.2695355730248168 1.6194615297760397
22740.0 10552248.0 1.471177180683489 0.0006303401132331382 0.35505709561240106 1.2695355730248168 1.6194615297760397
22741.0 10552248.0 1.4433031308130406 0.0012068215844097119 0.35315560350877495 1.2695355730248168 1.6194615297760397
22742.0 10552248.0 1.4164668387809927 0.0019703807248202115 0.3515515239069033 1.2695355730248168 1.6194615297760397
22743.0 10552248.0 1.3896305467489447 0.002733939865230711 0.3501983384983318 1.2695355730248168 1.6194615297760397
22744.0 10552248.0 1.3615826789384047 0.0011480393884464868 0.349056804906212 1.2695355730248168 1.6194615297760397
22745.0 10552248.0 1.346217145753876 0.00032607139449442046 0.3469019739681681 1.2695355730248168 1.6194615297760397
22746.0 10552248.0 1.3022081078865684 -0.001186044079416776 0.34508418027520105 1.2695355730248168 1.6194615297760397
22747.0 10552248.0 1.280874409831955 0.0005648230433227726 0.34355070781021485 1.2695355730248168 1.6194615297760397
22748.0 10552248.0 1.2595407117773416 0.002315690166062321 0.3422570858717249 1.2695355730248168 1.6194615297760397
22749.0 10552248.0 1.2382070137227283 0.00406655728880187 0.3411657994235149 1.2695355730248168 1.6194615297760397
22750.0 10552248.0 1.216658766204555 0.0033487584464919895 0.3404835700962277 1.2695355730248168 1.6194615297760397
22751.0 10552248.0 1.1951105186863815 0.0026309596041821093 0.34014641723937195 1.2695355730248168 1.6194615297760397
22752.0 10552248.0 1.1735622711682083 0.001913160761872229 0.3401003674200988 1.2695355730248168 1.6194615297760397
22753.0 10552248.0 1.152014023650035 0.0011953619195623488 0.3402998891936494 1.2695355730248168 1.6194615297760397
22754.0 10552248.0 1.1304657761318615 0.0004775630772524686 0.34070657269145666 1.2695355730248168 1.6194615297760397
22755.0 10552248.0 1.1086805863781883 0.001753282808272319 0.3410496467973162 1.2695355730248168 1.6194615297760397
