20648.0 10801356.0 -0.3607529376382219 -1.7035920983397572 0.6096 2.5707765526581845 0.08556141830814923
20649.0 10801356.0 -0.2986963803299425 -1.7083348638213058 0.6096 2.5707765526581845 0.08556141830814923
20650.0 10801356.0 -0.2501162639214414 -1.712995634399826 0.6096 2.5707765526581845 0.08556141830814923
20651.0 10801356.0 -0.19673233215809294 -1.7198100972233503 0.6096 2.5707765526581845 0.08556141830814923
20652.0 10801356.0 -0.13380834527161922 -1.7295080789267994 0.6096 2.5707765526581845 0.08556141830814923
20653.0 10801356.0 -0.07734722803167593 -1.7320699692568657 0.6096 2.5707765526581845 0.08556141830814923
20654.0 10801356.0 -0.020317027056625747 -1.739957820206736 0.6096 2.5707765526581845 0.08556141830814923
20655.0 10801356.0 0.02756375761541041 -1.7440377353088528 0.6096 2.5707765526581845 0.08556141830814923
20656.0 10801356.0 0.09177187757154459 -1.754153342518517 0.6096 2.5707765526581845 0.08556141830814923
20657.0 10801356.0 0.15158125848363668 -1.7573402361114623 0.6096 2.5707765526581845 0.08556141830814923
20658.0 10801356.0 0.20966607258450753 -1.7658045062122454 0.6096 2.5707765526581845 0.08556141830814923
20659.0 10801356.0 0.26782300193907427 -1.7699692891056487 0.6096 2.5707765526581845 0.08556141830814923
20660.0 10801356.0 0.3215089032538837 -1.7715045825271063 0.6096 2.5707765526581845 0.08556141830814923
20661.0 10801356.0 0.3768156159516822 -1.7680782256112024 0.6096 2.5707765526581845 0.08556141830814923
20662.0 10801356.0 0.43082235900500765 -1.769717585213221 0.6096 2.5707765526581845 0.08556141830814923
20663.0 10801356.0 0.49077097686072013 -1.7700266466409198 0.6096 2.5707765526581845 0.08556141830814923
20664.0 10801356.0 0.5183991180933117 -1.7711084426273553 0.6096 2.5707765526581845 0.08556141830814923
20665.0 10801356.0 0.5460272593259033 -1.7721902386137909 0.6096 2.5707765526581845 0.08556141830814923
20666.0 10801356.0 0.6009742915644133 -1.7736682787883224 0.6096 2.5707765526581845 0.08556141830814923
20667.0 10801356.0 0.6551756663953829 -1.7752528117081297 0.6096 2.5707765526581845 0.08556141830814923
20668.0 10801356.0 0.7382694710751452 -1.773774868794952 0.6096 2.5707765526581845 0.08556141830814923
20669.0 10801356.0 0.7668159571971791 -1.7734034463362163 0.6096 2.5707765526581845 0.08556141830814923
20670.0 10801356.0 0.8602164964576574 -1.7768096675147482 0.6096 2.5707765526581845 0.08556141830814923
20671.0 10801356.0 0.9341490772166763 -1.779171327465776 0.6096 2.5707765526581845 0.08556141830814923
20672.0 10801356.0 0.979711148967632 -1.7804140421721006 0.6096 2.5707765526581845 0.08556141830814923
20673.0 10801356.0 1.0252732207185877 -1.7816567568784252 0.6096 2.5707765526581845 0.08556141830814923
20674.0 10801356.0 1.082099400412515 -1.784446048915634 0.6096 2.5707765526581845 0.08556141830814923
20675.0 10801356.0 1.111113068383427 -1.7880810765484894 0.6096 2.5707765526581845 0.08556141830814923
20676.0 10801356.0 1.192663749960658 -1.7940381562453285 0.6096 2.5707765526581845 0.08556141830814923
20677.0 10801356.0 1.2432301702592383 -1.7931463137003145 0.6096 2.5707765526581845 0.08556141830814923
20678.0 10801356.0 1.2908682520869084 -1.797956621107971 0.6096 2.5707765526581845 0.08556141830814923
20679.0 10801356.0 1.324964800270468 -1.797993820562208 0.6096 2.5707765526581845 0.08556141830814923
20680.0 10801356.0 1.372763337591234 -1.802856001379364 0.6096 2.5707765526581845 0.08556141830814923
20681.0 10801356.0 1.427535593176378 -1.8064906012289204 0.6096 2.5707765526581845 0.08556141830814923
20682.0 10801356.0 1.4745658815167815 -1.810984418284357 0.6096 2.5707765526581845 0.08556141830814923
20683.0 10801356.0 1.5414033685485788 -1.8141189558249027 0.6096 2.5707765526581845 0.08556141830814923
20684.0 10801356.0 1.5605684641297795 -1.8125502561985074 0.6096 2.5707765526581845 0.08556141830814923
20685.0 10801356.0 1.6344119306670826 -1.817621259239906 0.6048325857615434 2.5707765526581845 0.08556141830814923
20686.0 10801356.0 1.6789685967361092 -1.8158155531163533 0.60081085727196 2.5707765526581845 0.08556141830814923
20687.0 10801356.0 1.7269056499779327 -1.8186179347190203 0.5974181761072681 2.5707765526581845 0.08556141830814923
20688.0 10801356.0 1.7671608811787551 -1.817743610991745 0.5945561495322575 2.5707765526581845 0.08556141830814923
20689.0 10801356.0 1.813022266808721 -1.8201013545645406 0.5921417757857298 2.5707765526581845 0.08556141830814923
20690.0 10801356.0 1.8509605195544152 -1.8195213664511074 0.5901050362337216 2.5707765526581845 0.08556141830814923
20691.0 10801356.0 1.8888987723001096 -1.8189413783376742 0.5883868643514353 2.5707765526581845 0.08556141830814923
20692.0 10801356.0 1.9319960592851437 -1.8213304875903231 0.58693743250725 2.5707765526581845 0.08556141830814923
20693.0 10801356.0 1.9580734990374076 -1.8247044457246744 0.5857147067892465 2.5707765526581845 0.08556141830814923
20694.0 10801356.0 2.0229737426225913 -1.8245154581172096 0.5846832279184101 2.5707765526581845 0.08556141830814923
20695.0 10801356.0 2.0800351053153285 -1.8243951778444865 0.5814293929000002 2.5707765526581845 0.08556141830814923
20696.0 10801356.0 2.1268777358661914 -1.8193905100985943 0.5774926458492349 2.5707765526581845 0.08556141830814923
20697.0 10801356.0 2.1737203664170544 -1.814385842352702 0.572979801096673 2.5707765526581845 0.08556141830814923
20698.0 10801356.0 2.2175049440121914 -1.8067761380991367 0.5691728109074932 2.5707765526581845 0.08556141830814923
20699.0 10801356.0 2.2612895216073285 -1.7991664338455717 0.565961272433689 2.5707765526581845 0.08556141830814923
20700.0 10801356.0 2.3071709886613863 -1.7837717124333847 0.5632520509799637 2.5707765526581845 0.08556141830814923
20701.0 10801356.0 2.349610497831814 -1.7707576970752756 0.5609665790763985 2.5707765526581845 0.08556141830814923
20702.0 10801356.0 2.370398712821534 -1.756049435471031 0.5590385780091177 2.5707765526581845 0.08556141830814923
20703.0 10801356.0 2.4170075568527944 -1.7302613903476873 0.5526447568993756 2.5707765526581845 0.08556141830814923
20704.0 10801356.0 2.4747479929188643 -1.68941618716804 0.5472509938007356 2.5707765526581845 0.08556141830814923
20705.0 10801356.0 2.488539034819622 -1.677096355739523 0.5427008695589495 2.5707765526581845 0.08556141830814923
20706.0 10801356.0 2.537188573234898 -1.62872765622571 0.5388624305563647 2.5707765526581845 0.08556141830814923
20707.0 10801356.0 2.5729881689330427 -1.590883233341572 0.535624362053117 2.5707765526581845 0.08556141830814923
20708.0 10801356.0 2.5865856670395138 -1.5753461243697364 0.5328927600573357 2.5707765526581845 0.08556141830814923
20709.0 10801356.0 2.6052543196983593 -1.5440003528395811 0.5305884081079753 2.5707765526581845 0.08556141830814923
20710.0 10801356.0 2.623922972357205 -1.5126545813094256 0.5286444799966027 2.5707765526581845 0.08556141830814923
20711.0 10801356.0 2.6446152648052434 -1.4819109093919485 0.5270046018068465 2.5707765526581845 0.08556141830814923
20712.0 10801356.0 2.6620424531289566 -1.4448447930876323 0.5256212170705183 2.5707765526581845 0.08556141830814923
20713.0 10801356.0 2.6761759653570576 -1.4124275564543074 0.5244542076298532 2.5707765526581845 0.08556141830814923
20714.0 10801356.0 2.6937494136159863 -1.35858776444662 0.5234697302108249 2.5707765526581845 0.08556141830814923
20715.0 10801356.0 2.703047223158939 -1.3192186299339848 0.5178718562140042 2.5707765526581845 0.08556141830814923
20716.0 10801356.0 2.7093529994179857 -1.299899646217822 0.5131495460482911 2.5707765526581845 0.08556141830814923
20717.0 10801356.0 2.7202890453732524 -1.2419075094557754 0.5091658527185196 2.5707765526581845 0.08556141830814923
20718.0 10801356.0 2.7281153173449697 -1.2097678628354396 0.5058052491179099 2.5707765526581845 0.08556141830814923
20719.0 10801356.0 2.7326314303661405 -1.1703565408879284 0.5029702777419146 2.5707765526581845 0.08556141830814923
20720.0 10801356.0 2.735761895331347 -1.1275725340888272 0.500578724420552 2.5707765526581845 0.08556141830814923
20721.0 10801356.0 2.741423135330683 -1.0914553546880312 0.49856123410745556 2.5707765526581845 0.08556141830814923
20722.0 10801356.0 2.7477953942580005 -1.055336620119317 0.4968592995835176 2.5707765526581845 0.08556141830814923
20723.0 10801356.0 2.753562334534016 -1.0148149347858044 0.49542356474752697 2.5707765526581845 0.08556141830814923
20724.0 10801356.0 2.7573747607235948 -0.9786491288242779 0.4942123932892298 2.5707765526581845 0.08556141830814923
20725.0 10801356.0 2.761187186913173 -0.9424833228627514 0.49319066123632943 2.5707765526581845 0.08556141830814923
20726.0 10801356.0 2.764846289118511 -0.9142693343079245 0.4923287383592881 2.5707765526581845 0.08556141830814923
20727.0 10801356.0 2.768505391323848 -0.8860553457530975 0.4916016288946694 2.5707765526581845 0.08556141830814923
20728.0 10801356.0 2.777391651527977 -0.8248240615018488 0.48622086791516544 2.5707765526581845 0.08556141830814923
20729.0 10801356.0 2.7794873513967993 -0.7884774951872962 0.48168171210521166 2.5707765526581845 0.08556141830814923
20730.0 10801356.0 2.786619570906876 -0.7475836791196037 0.4778525259463153 2.5707765526581845 0.08556141830814923
20731.0 10801356.0 2.788110485517961 -0.7266930184521441 0.47462226303986577 2.5707765526581845 0.08556141830814923
20732.0 10801356.0 2.7934578431626003 -0.679025325424117 0.47189724576157466 2.5707765526581845 0.08556141830814923
20733.0 10801356.0 2.7936731654468074 -0.642999444560591 0.46959844861037053 2.5707765526581845 0.08556141830814923
20734.0 10801356.0 2.79470336021925 -0.6058377439259305 0.467659206468868 2.5707765526581845 0.08556141830814923
20735.0 10801356.0 2.8025006140048987 -0.5656282283277644 0.46602328131496307 2.5707765526581845 0.08556141830814923
20736.0 10801356.0 2.8051038792944514 -0.5250082372569415 0.4646432313191924 2.5707765526581845 0.08556141830814923
20737.0 10801356.0 2.8107892945513635 -0.48854836505762744 0.4634790350316785 2.5707765526581845 0.08556141830814923
20738.0 10801356.0 2.8171833692923824 -0.4363159724903821 0.46249693076008336 2.5707765526581845 0.08556141830814923
20739.0 10801356.0 2.8203038513061083 -0.3941125239874159 0.4616684374805307 2.5707765526581845 0.08556141830814923
20740.0 10801356.0 2.8198750149415783 -0.362782548122319 0.4609695288879135 2.5707765526581845 0.08556141830814923
20741.0 10801356.0 2.821307134633253 -0.32575193975837957 0.4603799366330457 2.5707765526581845 0.08556141830814923
20742.0 10801356.0 2.816561786376243 -0.2842516279532954 0.45988256254053633 2.5707765526581845 0.08556141830814923
20743.0 10801356.0 2.813168511081667 -0.24459443865216438 0.4546956040088855 2.5707765526581845 0.08556141830814923
20744.0 10801356.0 2.801101933713041 -0.21355394815752496 0.45031993799349235 2.5707765526581845 0.08556141830814923
20745.0 10801356.0 2.7949961185551015 -0.19485593733160617 0.44662867017991054 2.5707765526581845 0.08556141830814923
20746.0 10801356.0 2.788890303397162 -0.17615792650568737 0.4435147538015462 2.5707765526581845 0.08556141830814923
20747.0 10801356.0 2.7717877616494535 -0.14966462888176055 0.4408878852834267 2.5707765526581845 0.08556141830814923
20748.0 10801356.0 2.738907309543659 -0.1062219366165473 0.4386718854385266 2.5707765526581845 0.08556141830814923
20749.0 10801356.0 2.6975717833933395 -0.0709996023257469 0.4368024902713437 2.5707765526581845 0.08556141830814923
20750.0 10801356.0 2.6662028731192393 -0.05012836024636888 0.4352254873220298 2.5707765526581845 0.08556141830814923
20751.0 10801356.0 2.640172929405313 -0.03602306529645849 0.4338951435050548 2.5707765526581845 0.08556141830814923
20752.0 10801356.0 2.6141429856913865 -0.0219177703465481 0.4327728788497264 2.5707765526581845 0.08556141830814923
20753.0 10801356.0 2.5694070068365935 -0.007312388101155143 0.43182614768104 2.5707765526581845 0.08556141830814923
20754.0 10801356.0 2.5408298905757096 -0.0006691527980180606 0.42864380541869535 2.5707765526581845 0.08556141830814923
20755.0 10801356.0 2.5122527743148257 0.005974082505119022 0.4235755241370844 2.5707765526581845 0.08556141830814923
20756.0 10801356.0 2.4808392966088437 0.010389458244603106 0.4192999730554489 2.5707765526581845 0.08556141830814923
20757.0 10801356.0 2.450262718246095 0.01464854316888406 0.41569316119242145 2.5707765526581845 0.08556141830814923
20758.0 10801356.0 2.4175201039067735 0.020432715764350545 0.4126504910039742 2.5707765526581845 0.08556141830814923
20759.0 10801356.0 2.3817125646009485 0.02090953275488064 0.4100837250546422 2.5707765526581845 0.08556141830814923
20760.0 10801356.0 2.355706545567272 0.018770267649609623 0.4079184271318948 2.5707765526581845 0.08556141830814923
20761.0 10801356.0 2.322845318281137 0.018752618286897033 0.40609180359597236 2.5707765526581845 0.08556141830814923
20762.0 10801356.0 2.2844014729200133 0.020674787468573846 0.4045508823643331 2.5707765526581845 0.08556141830814923
20763.0 10801356.0 2.250599849364777 0.020497229249184484 0.40325097672125954 2.5707765526581845 0.08556141830814923
20764.0 10801356.0 2.223929113360004 0.01904272261364201 0.4021543894031025 2.5707765526581845 0.08556141830814923
20765.0 10801356.0 2.1828212890622387 0.015526989317188905 0.40122931937763545 2.5707765526581845 0.08556141830814923
20766.0 10801356.0 2.1494552025406066 0.015324463051541976 0.3956815608613029 2.5707765526581845 0.08556141830814923
20767.0 10801356.0 2.1133008620028058 0.012294321697685268 0.3910015276099481 2.5707765526581845 0.08556141830814923
20768.0 10801356.0 2.080886297686598 0.012015007312210307 0.38705349865928185 2.5707765526581845 0.08556141830814923
20769.0 10801356.0 2.0483789947794104 0.010364261316480189 0.38372298116973474 2.5707765526581845 0.08556141830814923
20770.0 10801356.0 2.0162125009457563 0.008397984195747332 0.38091339013410996 2.5707765526581845 0.08556141830814923
20771.0 10801356.0 1.9840460071121027 0.006431707075014476 0.37854324741237433 2.5707765526581845 0.08556141830814923
20772.0 10801356.0 1.9566548656254878 0.005583370932656716 0.37654381886559757 2.5707765526581845 0.08556141830814923
20773.0 10801356.0 1.9292637241388733 0.004735034790298955 0.37485712106592317 2.5707765526581845 0.08556141830814923
20774.0 10801356.0 1.9018725826522584 0.0038866986479411947 0.3734342397771605 2.5707765526581845 0.08556141830814923
20775.0 10801356.0 1.8590605168581353 0.007120727153088063 0.3722339114419355 2.5707765526581845 0.08556141830814923
20776.0 10801356.0 1.8305888459321846 0.005321113722608212 0.3712213265385267 2.5707765526581845 0.08556141830814923
20777.0 10801356.0 1.79610894566986 0.0036146918516037907 0.3703671201047351 2.5707765526581845 0.08556141830814923
20778.0 10801356.0 1.7644179545472378 0.005553633167230593 0.36964652015398086 2.5707765526581845 0.08556141830814923
20779.0 10801356.0 1.7358314364877425 0.0036750441317541793 0.36903862928769204 2.5707765526581845 0.08556141830814923
20780.0 10801356.0 1.6935451698684671 0.004985939303743886 0.3685258186707463 2.5707765526581845 0.08556141830814923
20781.0 10801356.0 1.6611990055501884 0.004919664300129162 0.3633258380424353 2.5707765526581845 0.08556141830814923
20782.0 10801356.0 1.628336860748775 0.0049052287588634 0.3589391867173549 2.5707765526581845 0.08556141830814923
20783.0 10801356.0 1.5959906158199977 0.004839250895188968 0.3552386518070778 2.5707765526581845 0.08556141830814923
20784.0 10801356.0 1.5634148851495655 0.004614717010342231 0.35211691779920595 2.5707765526581845 0.08556141830814923
20785.0 10801356.0 1.5308629336782607 0.005550785511247616 0.3494834544075111 2.5707765526581845 0.08556141830814923
20786.0 10801356.0 1.498561705734479 0.004535921179120175 0.3472618911936341 2.5707765526581845 0.08556141830814923
20787.0 10801356.0 1.4647138671869633 0.005311433982225708 0.3453878028243724 2.5707765526581845 0.08556141830814923
20788.0 10801356.0 1.437805238949403 0.008843863991844503 0.34380684073701756 2.5707765526581845 0.08556141830814923
20789.0 10801356.0 1.4072466966351689 0.007727436135052335 0.3424731570310362 2.5707765526581845 0.08556141830814923
20790.0 10801356.0 1.3650257289150605 0.005163614398207492 0.3413480748789549 2.5707765526581845 0.08556141830814923
20791.0 10801356.0 1.3365878988339117 0.003471539655124131 0.3403989668983633 2.5707765526581845 0.08556141830814923
20792.0 10801356.0 1.3094961419988205 0.0075315483844656805 0.3395983089578242 2.5707765526581845 0.08556141830814923
20793.0 10801356.0 1.286788414894599 0.006888525283220368 0.3389228819770621 2.5707765526581845 0.08556141830814923
20794.0 10801356.0 1.2640806877903776 0.006245502181975056 0.33835309857363477 2.5707765526581845 0.08556141830814923
20795.0 10801356.0 1.241372960686156 0.005602479080729743 0.33787243502884284 2.5707765526581845 0.08556141830814923
20796.0 10801356.0 1.2221455538421944 0.004920896581712589 0.33746695209988736 2.5707765526581845 0.08556141830814923
20797.0 10801356.0 1.2029181469982329 0.004239314082695435 0.3371248907818286 2.5707765526581845 0.08556141830814923
20798.0 10801356.0 1.1836907401542711 0.003557731583678281 0.33683633129644286 2.5707765526581845 0.08556141830814923
20799.0 10801356.0 1.1644633333103096 0.002876149084661127 0.33659290541865394 2.5707765526581845 0.08556141830814923
20800.0 10801356.0 1.1452359264663479 0.0021945665856439728 0.336387553798006 2.5707765526581845 0.08556141830814923
20801.0 10801356.0 1.1152194708242154 0.005458361196372136 0.3362143212375002 2.5707765526581845 0.08556141830814923
20802.0 10801356.0 1.0987303666527408 0.005003935999716352 0.33606818399288196 2.5707765526581845 0.08556141830814923
20803.0 10801356.0 1.0755670761373282 0.0036925052040886475 0.3359449040840573 2.5707765526581845 0.08556141830814923
20804.0 10801356.0 1.0485878896644962 0.005380176248706653 0.3358409063936703 2.5707765526581845 0.08556141830814923
20805.0 10801356.0 1.026802657384212 0.0066561479664226375 0.3357531749886997 2.5707765526581845 0.08556141830814923
20806.0 10801356.0 1.0050611429407026 0.005347730089049124 0.33567916565840145 2.5707765526581845 0.08556141830814923
20807.0 10801356.0 0.9850922872047043 0.0053878825195343705 0.33561673213219684 2.5707765526581845 0.08556141830814923
20808.0 10801356.0 0.9651234314687062 0.005428034950019617 0.3355640638378259 2.5707765526581845 0.08556141830814923
20809.0 10801356.0 0.9295606279163666 0.006123731616006725 0.33551963339475194 2.5707765526581845 0.08556141830814923
20810.0 10801356.0 0.8939978243640272 0.0068194282819938334 0.3354821523201258 2.5707765526581845 0.08556141830814923
20811.0 10801356.0 0.8633298005370891 0.005916178114708015 0.33545053366278327 2.5707765526581845 0.08556141830814923
20812.0 10801356.0 0.8326617767101508 0.005012927947422197 0.33542386048166145 2.5707765526581845 0.08556141830814923
20813.0 10801356.0 0.8066737046732172 0.0038464643861991455 0.3354013592545078 2.5707765526581845 0.08556141830814923
20814.0 10801356.0 0.7806856326362835 0.002680000824976094 0.3353823774457349 2.5707765526581845 0.08556141830814923
20815.0 10801356.0 0.7546975605993499 0.0015135372637530425 0.3353663645828883 2.5707765526581845 0.08556141830814923
20816.0 10801356.0 0.7059185687953365 0.0014464763586966023 0.3353528562929455 2.5707765526581845 0.08556141830814923
20817.0 10801356.0 0.6657146439179844 0.0025500383295772693 0.33534146083549804 2.5707765526581845 0.08556141830814923
20818.0 10801356.0 0.6255107190406322 0.003653600300457936 0.3353318477422801 2.5707765526581845 0.08556141830814923
20819.0 10801356.0 0.5844908509044205 0.002804447339918959 0.33532373823358824 2.5707765526581845 0.08556141830814923
20820.0 10801356.0 0.5434709827682089 0.001955294379379982 0.33531689713367047 2.5707765526581845 0.08556141830814923
20821.0 10801356.0 0.5164695592786598 0.004937223058767981 0.3353111260506291 2.5707765526581845 0.08556141830814923
20822.0 10801356.0 0.4730889849938628 0.0026402443628363303 0.33530625762305605 2.5707765526581845 0.08556141830814923
20823.0 10801356.0 0.4282232928197724 0.006670251993924695 0.33530215066655156 2.5707765526581845 0.08556141830814923
20824.0 10801356.0 0.3866505793543956 0.0066453816547007785 0.3352986860793771 2.5707765526581845 0.08556141830814923
20825.0 10801356.0 0.3450778658890189 0.0066205113154768624 0.33529576338850453 2.5707765526581845 0.08556141830814923
20826.0 10801356.0 0.2985299146665205 0.008222052934604665 0.3352932978358986 2.5707765526581845 0.08556141830814923
20827.0 10801356.0 0.25198196344402213 0.009823594553732468 0.33529121792053374 2.5707765526581845 0.08556141830814923
20828.0 10801356.0 0.20785844040401547 0.01069175459246903 0.3352894633248643 2.5707765526581845 0.08556141830814923
20829.0 10801356.0 0.1637349173640088 0.011559914631205592 0.335287983165616 2.5707765526581845 0.08556141830814923
20830.0 10801356.0 0.12092072769962559 0.01480444797911637 0.33528673451817054 2.5707765526581845 0.08556141830814923
20831.0 10801356.0 0.07115598851188465 0.016348700390569237 0.335285681171752 2.5707765526581845 0.08556141830814923
20832.0 10801356.0 0.027270671091795817 0.014686477264809872 0.34005217133213117 2.5707765526581845 0.08556141830814923
20833.0 10801356.0 -0.014832722667635023 0.017933122692888798 0.3440731344611422 2.5707765526581845 0.08556141830814923
20834.0 10801356.0 -0.06217523834227279 0.02254196148778606 0.3474651784895263 2.5707765526581845 0.08556141830814923
20835.0 10801356.0 -0.09934394810112071 0.023971818528351188 0.35032667269410667 2.5707765526581845 0.08556141830814923
20836.0 10801356.0 -0.13651265785996863 0.025401675568916315 0.35274060040681615 2.5707765526581845 0.08556141830814923
20837.0 10801356.0 -0.1879394559402651 0.028046007731031164 0.3547769655313233 2.5707765526581845 0.08556141830814923
20838.0 10801356.0 -0.23936625402056155 0.030690339893146013 0.35649482265623883 2.5707765526581845 0.08556141830814923
20839.0 10801356.0 -0.27271615692385215 0.03259594729300409 0.35794398963818524 2.5707765526581845 0.08556141830814923
20840.0 10801356.0 -0.30606605982714274 0.034501554692862174 0.35916649231963904 2.5707765526581845 0.08556141830814923
20841.0 10801356.0 -0.35549678446378175 0.038159235065418434 0.3601977832783624 2.5707765526581845 0.08556141830814923
20842.0 10801356.0 -0.40755068739308054 0.04466094023698733 0.3610677699521582 2.5707765526581845 0.08556141830814923
20843.0 10801356.0 -0.4645227207228573 0.05242033984797864 0.3618016819545667 2.5707765526581845 0.08556141830814923
20844.0 10801356.0 -0.5033926939412552 0.055781034950754566 0.36242080273365757 2.5707765526581845 0.08556141830814923
20845.0 10801356.0 -0.5591049882217529 0.061961011378829506 0.36771046554484144 2.5707765526581845 0.08556141830814923
20846.0 10801356.0 -0.6069223254029943 0.06240574023040921 0.37217277185682573 2.5707765526581845 0.08556141830814923
20847.0 10801356.0 -0.6320737248506858 0.06969405000652576 0.375937128552658 2.5707765526581845 0.08556141830814923
20848.0 10801356.0 -0.6745331202684615 0.07294400977081414 0.3791127019765173 2.5707765526581845 0.08556141830814923
20849.0 10801356.0 -0.7330237486582594 0.0760613174794578 0.3817915837576956 2.5707765526581845 0.08556141830814923
20850.0 10801356.0 -0.7739992572145895 0.08385056905871016 0.3840514614678471 2.5707765526581845 0.08556141830814923
20851.0 10801356.0 -0.837591017029645 0.08875342078033052 0.3859578715605661 2.5707765526581845 0.08556141830814923
20852.0 10801356.0 -0.8829220623654483 0.0984347847199438 0.3875660999285416 2.5707765526581845 0.08556141830814923
20853.0 10801356.0 -0.9051095700316689 0.09984788841668021 0.38892278519444473 2.5707765526581845 0.08556141830814923
20854.0 10801356.0 -0.9748576932711495 0.10629761529987422 0.3948346499838037 2.5707765526581845 0.08556141830814923
20855.0 10801356.0 -1.008816714596384 0.11272858783559578 0.39982183962269296 2.5707765526581845 0.08556141830814923
20856.0 10801356.0 -1.0483944477676173 0.11936135431522496 0.4040289826106403 2.5707765526581845 0.08556141830814923
20857.0 10801356.0 -1.0868419807531253 0.12130181799373249 0.41234546484711315 2.5707765526581845 0.08556141830814923
20858.0 10801356.0 -1.1290945721516903 0.12518780437103036 0.41936116556415226 2.5707765526581845 0.08556141830814923
20859.0 10801356.0 -1.1581541037798295 0.12908266653936132 0.4252795400825518 2.5707765526581845 0.08556141830814923
20860.0 10801356.0 -1.1872136354079688 0.13297752870769228 0.43027222126334536 2.5707765526581845 0.08556141830814923
20861.0 10801356.0 -1.2184993354009492 0.13549757225282585 0.4344839968607759 2.5707765526581845 0.08556141830814923
20862.0 10801356.0 -1.24978503539393 0.13801761579795943 0.4380370083671689 2.5707765526581845 0.08556141830814923
20863.0 10801356.0 -1.2851454036966528 0.14233778239407022 0.44103429311620984 2.5707765526581845 0.08556141830814923
20864.0 10801356.0 -1.3342232223986012 0.14436775353157302 0.44356277236562086 2.5707765526581845 0.08556141830814923
20865.0 10801356.0 -1.3718080045395638 0.14894847212056936 0.44569577201363486 2.5707765526581845 0.08556141830814923
20866.0 10801356.0 -1.4143975221690213 0.14909064494523447 0.4522625278028612 2.5707765526581845 0.08556141830814923
20867.0 10801356.0 -1.4500883119122998 0.15538908306088892 0.4578021768983705 2.5707765526581845 0.08556141830814923
20868.0 10801356.0 -1.4745713078691354 0.1552179001368282 0.4624753691239325 2.5707765526581845 0.08556141830814923
20869.0 10801356.0 -1.5314495815426754 0.15512688442276454 0.46641762705408857 2.5707765526581845 0.08556141830814923
20870.0 10801356.0 -1.5738751194885212 0.15848779121223597 0.46974327616881323 2.5707765526581845 0.08556141830814923
20871.0 10801356.0 -1.6063394971240126 0.1583571218329349 0.4725487602924335 2.5707765526581845 0.08556141830814923
20872.0 10801356.0 -1.6435839084285198 0.1599069217518466 0.47491543846453427 2.5707765526581845 0.08556141830814923
20873.0 10801356.0 -1.6812640919646469 0.16148260421810742 0.48167932310492345 2.5707765526581845 0.08556141830814923
20874.0 10801356.0 -1.718944315318305 0.16305848707816115 0.48738526811535543 2.5707765526581845 0.08556141830814923
20875.0 10801356.0 -1.7610724056876392 0.16597264061484426 0.4921987459011327 2.5707765526581845 0.08556141830814923
20876.0 10801356.0 -1.8030969578827871 0.16920368330145993 0.49625934731804283 2.5707765526581845 0.08556141830814923
20877.0 10801356.0 -1.8684731688131075 0.16920763047760198 0.4996848298071762 2.5707765526581845 0.08556141830814923
20878.0 10801356.0 -1.9021862532139642 0.17042140965120475 0.5025745323607177 2.5707765526581845 0.08556141830814923
20879.0 10801356.0 -1.9385035664231258 0.17073465624304227 0.50501225635272 2.5707765526581845 0.08556141830814923
20880.0 10801356.0 -1.9837491664428815 0.1752540974003237 0.5070686957789512 2.5707765526581845 0.08556141830814923
20881.0 10801356.0 -2.018277906638364 0.17533313599540176 0.5088034873827719 2.5707765526581845 0.08556141830814923
20882.0 10801356.0 -2.0368830637152917 0.1761618911585802 0.5102669401206931 2.5707765526581845 0.08556141830814923
20883.0 10801356.0 -2.0554882207922196 0.17699064632175862 0.5115014941221143 2.5707765526581845 0.08556141830814923
20884.0 10801356.0 -2.1228335618131777 0.18021146523992412 0.5173103302058938 2.5707765526581845 0.08556141830814923
20885.0 10801356.0 -2.1536633024668657 0.1810088986540168 0.5222106058656442 2.5707765526581845 0.08556141830814923
20886.0 10801356.0 -2.184493043120554 0.18180633206810945 0.5263444290954983 2.5707765526581845 0.08556141830814923
20887.0 10801356.0 -2.2197337433593427 0.1718371223544862 0.5298316807691218 2.5707765526581845 0.08556141830814923
