32903.0 10494520.0 0.4965004276493779 0.30528670747047015 0.33528 1.5869194662810213 2.024326912220049
32904.0 10494520.0 0.6177074416037964 0.3147462773226942 0.33528 1.5869194662810213 2.024326912220049
32905.0 10494520.0 0.6092369996143461 0.3309494897872091 0.33528 1.5869194662810213 2.024326912220049
32906.0 10494520.0 0.6007665576248956 0.347152702251724 0.33528 1.5869194662810213 2.024326912220049
32907.0 10494520.0 0.5779811764242033 0.31954997051343903 0.33528 1.5869194662810213 2.024326912220049
32908.0 10494520.0 0.5551957952235109 0.29194723877515405 0.33528 1.5869194662810213 2.024326912220049
32909.0 10494520.0 0.557498690383682 0.2962767360589342 0.33528 1.5869194662810213 2.024326912220049
32910.0 10494520.0 0.5598015855438532 0.3006062333427143 0.33528 1.5869194662810213 2.024326912220049
32911.0 10494520.0 0.5594262545143095 0.3008165065087438 0.33528 1.5869194662810213 2.024326912220049
32912.0 10494520.0 0.5590509234847658 0.30102677967477337 0.33528 1.5869194662810213 2.024326912220049
32913.0 10494520.0 0.5586755924552221 0.30123705284080293 0.33528 1.5869194662810213 2.024326912220049
32914.0 10494520.0 0.5583002614256785 0.30144732600683244 0.33528 1.5869194662810213 2.024326912220049
