42899.0 11017321.0 1.2878504224780092 0.0037962339328010547 0.17907000000000003 0.9545904110677726 0.3838635193626256
42900.0 11017321.0 1.2450144008266095 0.0031572120222787964 0.26771876931376143 0.9545904110677726 0.3838635193626256
42901.0 11017321.0 1.2021783791752096 0.002518190111756538 0.31335710279290635 0.9545904110677726 0.3838635193626256
42902.0 11017321.0 1.1799878134840942 0.003458896665442542 0.3289413216776838 0.9545904110677726 0.3838635193626256
42903.0 11017321.0 1.1577972477929788 0.004399603219128546 0.3369353617167472 0.9545904110677726 0.3838635193626256
42904.0 11017321.0 1.1356066821018633 0.00534030977281455 0.3418635574292526 0.9545904110677726 0.3838635193626256
42905.0 11017321.0 1.101226527999261 0.0006836964528392775 0.3436574935635673 0.9545904110677726 0.3838635193626256
42906.0 11017321.0 1.066639202365018 0.0012847630819837405 0.3452115642161902 0.9545904110677726 0.3838635193626256
42907.0 11017321.0 1.0320518767307751 0.0018858297111282035 0.34662734990349864 0.9545904110677726 0.3838635193626256
42908.0 11017321.0 0.9974645510965321 0.0024868963402726665 0.347960966902018 0.9545904110677726 0.3838635193626256
42909.0 11017321.0 0.962877225462289 0.0030879629694171296 0.34924545771296034 0.9545904110677726 0.3838635193626256
42910.0 11017321.0 0.928289899828046 0.0036890295985615926 0.35050107981804823 0.9545904110677726 0.3838635193626256
42911.0 11017321.0 0.8937025741938031 0.004290096227706056 0.35174053807877215 0.9545904110677726 0.3838635193626256
42912.0 11017321.0 0.8591152485595601 0.004891162856850519 0.3529718675409535 0.9545904110677726 0.3838635193626256
42913.0 11017321.0 0.8245279229253171 0.005492229485994982 0.3542001255118342 0.9545904110677726 0.3838635193626256
42914.0 11017321.0 0.789940597291074 0.006093296115139445 0.3554284345062547 0.9545904110677726 0.3838635193626256
42915.0 11017321.0 0.7553532716568311 0.006694362744283908 0.35665864881351184 0.9545904110677726 0.3838635193626256
42916.0 11017321.0 0.7207659460225881 0.007295429373428371 0.35789179142760014 0.9545904110677726 0.3838635193626256
42917.0 11017321.0 0.6861786203883451 0.007896496002572834 0.3591283450919527 0.9545904110677726 0.3838635193626256
42918.0 11017321.0 0.6276900573172925 0.011002565289138289 0.36136503045236695 0.9545904110677726 0.3838635193626256
42919.0 11017321.0 0.6116595763572237 0.010866618506798709 0.36324884010405334 0.9545904110677726 0.3838635193626256
42920.0 11017321.0 0.5513835353772583 0.009183495642393347 0.3654331316292561 0.9545904110677726 0.3838635193626256
42921.0 11017321.0 0.49110749439729284 0.007500372777987985 0.3678709287244009 0.9545904110677726 0.3838635193626256
42922.0 11017321.0 0.4732088061343582 0.00844251331615449 0.36992623723866763 0.9545904110677726 0.3838635193626256
42923.0 11017321.0 0.4226579314899547 0.008664353863743195 0.37225565115613335 0.9545904110677726 0.3838635193626256
42924.0 11017321.0 0.3721070568455511 0.0088861944113319 0.37481632946307064 0.9545904110677726 0.3838635193626256
42925.0 11017321.0 0.33640930139601066 0.007000066830121346 0.37757214988344856 0.9545904110677726 0.3838635193626256
42926.0 11017321.0 0.3007115459464702 0.005113939248910793 0.38049264196601096 0.9545904110677726 0.3838635193626256
42927.0 11017321.0 0.28124161748006593 0.005869066412986859 0.3835520960108477 0.9545904110677726 0.3838635193626256
42928.0 11017321.0 0.26177168901366166 0.006624193577062926 0.38672881601087183 0.9545904110677726 0.3838635193626256
42929.0 11017321.0 0.21586334252450712 0.011814028905113655 0.39060046203600945 0.9545904110677726 0.3838635193626256
42930.0 11017321.0 0.1621885502321384 0.013350437086153966 0.39386641905752773 0.9545904110677726 0.3838635193626256
42931.0 11017321.0 0.13054995911671496 0.011657316813886265 0.39781336602620954 0.9545904110677726 0.3838635193626256
42932.0 11017321.0 0.09729748645849678 0.013178890663192944 0.40233478571453857 0.9545904110677726 0.3838635193626256
42933.0 11017321.0 0.05806633196259925 0.009995345848106518 0.40614895741646784 0.9545904110677726 0.3838635193626256
42934.0 11017321.0 0.020788811370838545 0.011430832430512933 0.40936652279497954 0.9545904110677726 0.3838635193626256
42935.0 11017321.0 -0.02436618456288875 0.013221481641530558 0.41327266682051195 0.9545904110677726 0.3838635193626256
42936.0 11017321.0 -0.05726489727823725 0.013109296564918466 0.41775968783964706 0.9545904110677726 0.3838635193626256
42937.0 11017321.0 -0.09817911257294287 0.012930096461508916 0.42154488026543835 0.9545904110677726 0.3838635193626256
42938.0 11017321.0 -0.13545681463873627 0.01436640469682346 0.42592987166899554 0.9545904110677726 0.3838635193626256
42939.0 11017321.0 -0.16722989007589772 0.016340213864243475 0.43082084756531874 0.9545904110677726 0.3838635193626256
42940.0 11017321.0 -0.20049548543770412 0.016465393741231932 0.43494682036448445 0.9545904110677726 0.3838635193626256
42941.0 11017321.0 -0.2338646322487865 0.016274069497257487 0.43961929265313954 0.9545904110677726 0.3838635193626256
42942.0 11017321.0 -0.28008562106701196 0.018882014147762388 0.44475278655523637 0.9545904110677726 0.3838635193626256
42943.0 11017321.0 -0.31079318567293623 0.020040794003863688 0.4490833483635982 0.9545904110677726 0.3838635193626256
42944.0 11017321.0 -0.3505947849239692 0.02055071605294609 0.4539284108030031 0.9545904110677726 0.3838635193626256
42945.0 11017321.0 -0.38705748255075334 0.023123824092726036 0.4592075008712109 0.9545904110677726 0.3838635193626256
42946.0 11017321.0 -0.4248747408446869 0.024270603927932094 0.46366088738845007 0.9545904110677726 0.3838635193626256
42947.0 11017321.0 -0.46438286881754176 0.020245522389554876 0.4686095638923776 0.9545904110677726 0.3838635193626256
42948.0 11017321.0 -0.49386532531589733 0.019719363209568158 0.47278421723825315 0.9545904110677726 0.3838635193626256
42949.0 11017321.0 -0.5127050163120647 0.02050414164189243 0.476305912577308 0.9545904110677726 0.3838635193626256
42950.0 11017321.0 -0.531544707308232 0.021288920074216705 0.47927677919696376 0.9545904110677726 0.3838635193626256
42951.0 11017321.0 -0.5830205697013806 0.021410649250801467 0.482974817044932 0.9545904110677726 0.3838635193626256
42952.0 11017321.0 -0.6057859883099925 0.01833839777741017 0.48609444448927785 0.9545904110677726 0.3838635193626256
42953.0 11017321.0 -0.6546476504699321 0.018306923391986057 0.4887261307650246 0.9545904110677726 0.3838635193626256
42954.0 11017321.0 -0.6928319857115766 0.019691857634573012 0.49094619479766444 0.9545904110677726 0.3838635193626256
42955.0 11017321.0 -0.7436631381350856 0.017033511291921294 0.4934149408092688 0.9545904110677726 0.3838635193626256
42956.0 11017321.0 -0.7687918908633198 0.015902796630101856 0.49579551126208754 0.9545904110677726 0.3838635193626256
42957.0 11017321.0 -0.793920643591554 0.014772081968282419 0.4981016977038037 0.9545904110677726 0.3838635193626256
42958.0 11017321.0 -0.837722222431295 0.017994358614879385 0.5000471733709979 0.9545904110677726 0.3838635193626256
42959.0 11017321.0 -0.8825937215029811 0.01794484282728634 0.5028802017529418 0.9545904110677726 0.3838635193626256
42960.0 11017321.0 -0.9050273204076509 0.014531258392913998 0.5052701159807861 0.9545904110677726 0.3838635193626256
42961.0 11017321.0 -0.9544245189558684 0.018298664692274674 0.5072862235691106 0.9545904110677726 0.3838635193626256
42962.0 11017321.0 -1.010228357100906 0.014697630800181577 0.5101788363286438 0.9545904110677726 0.3838635193626256
42963.0 11017321.0 -1.0444700161023717 0.014561406842575425 0.513810860029006 0.9545904110677726 0.3838635193626256
42964.0 11017321.0 -1.083668765860045 0.011489708613173638 0.5168747986685868 0.9545904110677726 0.3838635193626256
42965.0 11017321.0 -1.1238426149660614 0.008152882288419122 0.5194595064685824 0.9545904110677726 0.3838635193626256
42966.0 11017321.0 -1.1637318588477006 0.002970636327684989 0.5228317846441144 0.9545904110677726 0.3838635193626256
42967.0 11017321.0 -1.1850138265786863 0.004438849819642904 0.5256766045737826 0.9545904110677726 0.3838635193626256
42968.0 11017321.0 -1.2386440943061319 -0.0033765100888977495 0.5292683107241349 0.9545904110677726 0.3838635193626256
42969.0 11017321.0 -1.2594558726037877 -0.0018281838911974602 0.5322982378851944 0.9545904110677726 0.3838635193626256
42970.0 11017321.0 -1.2987657865206546 -0.01175588418133891 0.5348542539447486 0.9545904110677726 0.3838635193626256
42971.0 11017321.0 -1.3375181718412386 -0.015089190876229758 0.5370104833685949 0.9545904110677726 0.3838635193626256
42972.0 11017321.0 -1.3758461107981803 -0.018210615121557666 0.540021301498314 0.9545904110677726 0.3838635193626256
42973.0 11017321.0 -1.4408108255890226 -0.029444927867243204 0.5425611973714212 0.9545904110677726 0.3838635193626256
42974.0 11017321.0 -1.4705537972039264 -0.03619151019783909 0.5447038279682618 0.9545904110677726 0.3838635193626256
42975.0 11017321.0 -1.5070428231457236 -0.04563882690750634 0.5477031742643789 0.9545904110677726 0.3838635193626256
42976.0 11017321.0 -1.540282862003244 -0.06199053508381716 0.5502333926141403 0.9545904110677726 0.3838635193626256
42977.0 11017321.0 -1.578154831466034 -0.0772945370239895 0.5535597040379102 0.9545904110677726 0.3838635193626256
42978.0 11017321.0 -1.6114520993175823 -0.09327679228717115 0.5563657468787668 0.9545904110677726 0.3838635193626256
42979.0 11017321.0 -1.6411421618451996 -0.11371025611550348 0.5599247410673083 0.9545904110677726 0.3838635193626256
42980.0 11017321.0 -1.6767330760669072 -0.13969127508399096 0.5629270727467948 0.9545904110677726 0.3838635193626256
42981.0 11017321.0 -1.6814879592026593 -0.14608107523357058 0.5654598095359342 0.9545904110677726 0.3838635193626256
42982.0 11017321.0 -1.6862428423384113 -0.1524708753831502 0.5675964008016132 0.9545904110677726 0.3838635193626256
42983.0 11017321.0 -1.7269303574881383 -0.19267483542161926 0.5705906523787428 0.9545904110677726 0.3838635193626256
42984.0 11017321.0 -1.7568671031761116 -0.23803086435247195 0.573712495218957 0.9545904110677726 0.3838635193626256
42985.0 11017321.0 -1.786803848864085 -0.2833868932833246 0.576941972764622 0.9545904110677726 0.3838635193626256
42986.0 11017321.0 -1.8071854175700173 -0.32906413954059666 0.5796663275204603 0.9545904110677726 0.3838635193626256
42987.0 11017321.0 -1.8275669862759494 -0.37474138579786875 0.5819645657743915 0.9545904110677726 0.3838635193626256
42988.0 11017321.0 -1.8344234837411237 -0.40147475149555867 0.5839033364357797 0.9545904110677726 0.3838635193626256
42989.0 11017321.0 -1.8412799812062983 -0.4282081171932486 0.5855388638538055 0.9545904110677726 0.3838635193626256
42990.0 11017321.0 -1.855124502079353 -0.48139814289007854 0.5869185783235915 0.9545904110677726 0.3838635193626256
42991.0 11017321.0 -1.864809264580398 -0.5273026956024549 0.5880824915647616 0.9545904110677726 0.3838635193626256
42992.0 11017321.0 -1.8676826287163772 -0.5534694656949353 0.5890643570613097 0.9545904110677726 0.3838635193626256
42993.0 11017321.0 -1.872391120682001 -0.6210979429685944 0.59108449360084 0.9545904110677726 0.3838635193626256
42994.0 11017321.0 -1.8772735562660567 -0.6699752949155338 0.5927886604547946 0.9545904110677726 0.3838635193626256
42995.0 11017321.0 -1.8743718094716237 -0.7113505720206051 0.5954181231501425 0.9545904110677726 0.3838635193626256
42996.0 11017321.0 -1.862559202246053 -0.7741008344451332 0.5988281561050488 0.9545904110677726 0.3838635193626256
42997.0 11017321.0 -1.8539497036537054 -0.7982982145155084 0.6017048255870014 0.9545904110677726 0.3838635193626256
42998.0 11017321.0 -1.8303848558949956 -0.8647752220206768 0.6041315550109772 0.9545904110677726 0.3838635193626256
42999.0 11017321.0 -1.8125572980379052 -0.9026196266832943 0.6061787195302711 0.9545904110677726 0.3838635193626256
43000.0 11017321.0 -1.793050956507462 -0.9366899764257505 0.6090975316041473 0.9545904110677726 0.3838635193626256
43001.0 11017321.0 -1.761257670976718 -0.9782838265676271 0.6115598120945436 0.9545904110677726 0.3838635193626256
43002.0 11017321.0 -1.7325110058554312 -1.005561564035004 0.6136369671356817 0.9545904110677726 0.3838635193626256
43003.0 11017321.0 -1.6988383428295781 -1.0384225898394794 0.6153892342237546 0.9545904110677726 0.3838635193626256
43004.0 11017321.0 -1.6651308618432867 -1.0711779115140885 0.6180592737925206 0.9545904110677726 0.3838635193626256
43005.0 11017321.0 -1.6250113786946654 -1.0924768287621613 0.6203116923012696 0.9545904110677726 0.3838635193626256
43006.0 11017321.0 -1.5906584691467693 -1.1117143039383743 0.6228077322308576 0.9545904110677726 0.3838635193626256
43007.0 11017321.0 -1.5563055595988733 -1.1309517791145873 0.6255092887392426 0.9545904110677726 0.3838635193626256
43008.0 11017321.0 -1.5122446211811489 -1.1453602911730212 0.6289801393092699 0.9545904110677726 0.3838635193626256
43009.0 11017321.0 -1.455730035142788 -1.1616209852871433 0.6307162692310617 0.9545904110677726 0.3838635193626256
43010.0 11017321.0 -1.4026269167987018 -1.1717416751258107 0.6327767733046564 0.9545904110677726 0.3838635193626256
43011.0 11017321.0 -1.3446633106009442 -1.1785440387217567 0.6345149938040862 0.9545904110677726 0.3838635193626256
43012.0 11017321.0 -1.2866997044031867 -1.1853464023177027 0.6359813391238344 0.9545904110677726 0.3838635193626256
43013.0 11017321.0 -1.2403453887314069 -1.1889362113432895 0.6369203721061227 0.9545904110677726 0.3838635193626256
43014.0 11017321.0 -1.193991073059627 -1.1925260203688763 0.6374145697074376 0.9545904110677726 0.3838635193626256
43015.0 11017321.0 -1.1397210484387366 -1.1939132665462269 0.6378314698302682 0.9545904110677726 0.3838635193626256
43016.0 11017321.0 -1.0740305034648205 -1.197865683042027 0.6393750072663807 0.9545904110677726 0.3838635193626256
43017.0 11017321.0 -1.0218641252400291 -1.204055491389481 0.6406771199132184 0.9545904110677726 0.3838635193626256
43018.0 11017321.0 -0.9681794215857329 -1.2056006426661594 0.6429674137257436 0.9545904110677726 0.3838635193626256
43019.0 11017321.0 -0.9112321790807358 -1.2134694982932441 0.6448994825363153 0.9545904110677726 0.3838635193626256
43020.0 11017321.0 -0.8648564707705855 -1.2183492512485825 0.6465293563404403 0.9545904110677726 0.3838635193626256
43021.0 11017321.0 -0.7821232623035612 -1.2342963242999538 0.647904301478438 0.9545904110677726 0.3838635193626256
43022.0 11017321.0 -0.7299915176777809 -1.2405895299591008 0.6490641913593104 0.9545904110677726 0.3838635193626256
43023.0 11017321.0 -0.6732622224048275 -1.2484434250286427 0.6500426627896028 0.9545904110677726 0.3838635193626256
43024.0 11017321.0 -0.616532927131874 -1.2562973200981846 0.6508680914407936 0.9545904110677726 0.3838635193626256
43025.0 11017321.0 -0.563407076172737 -1.2602269582385504 0.6515644147437675 0.9545904110677726 0.3838635193626256
43026.0 11017321.0 -0.5102812252136 -1.264156596378916 0.6521518260743107 0.9545904110677726 0.3838635193626256
43027.0 11017321.0 -0.4547322898177606 -1.270863781563777 0.6526473603610088 0.9545904110677726 0.3838635193626256
43028.0 11017321.0 -0.4220088805559141 -1.2740238252183353 0.652469465754074 0.9545904110677726 0.3838635193626256
43029.0 11017321.0 -0.38928547129406765 -1.2771838688728936 0.6517234733099054 2.2691385112094458 -1.2112899144904086
43030.0 11017321.0 -0.3314773924628496 -1.2840443442406937 0.6510941615917241 2.2691385112094458 -1.2112899144904086
43031.0 11017321.0 -0.27340675679146487 -1.2922752951894592 0.6517551252479069 2.2691385112094458 -1.2112899144904086
43032.0 11017321.0 -0.22047268040677626 -1.29882704792677 0.652312707536279 2.2691385112094458 -1.2112899144904086
43033.0 11017321.0 -0.15493312065167886 -1.303773384042345 0.6527830783432033 2.2691385112094458 -1.2112899144904086
43034.0 11017321.0 -0.10171257621443042 -1.3105347197965929 0.6531798784220804 2.2691385112094458 -1.2112899144904086
43035.0 11017321.0 -0.04389407600071171 -1.3184477577452847 0.654706459663402 2.2691385112094458 -1.2112899144904086
43036.0 11017321.0 0.011280646731597122 -1.3197717909759612 0.6548024235467581 2.2691385112094458 -1.2112899144904086
43037.0 11017321.0 0.07171515143665719 -1.326202217025969 0.6560752224011744 2.2691385112094458 -1.2112899144904086
43038.0 11017321.0 0.11992770958017518 -1.328171081876598 0.658340787393429 2.2691385112094458 -1.2112899144904086
43039.0 11017321.0 0.1775298297933312 -1.3340255837300552 0.6590601505318888 2.2691385112094458 -1.2112899144904086
43040.0 11017321.0 0.23602867369948088 -1.3371351291578628 0.6608588427239777 2.2691385112094458 -1.2112899144904086
43041.0 11017321.0 0.2881598241359725 -1.3434208243474985 0.6623762013550618 2.2691385112094458 -1.2112899144904086
43042.0 11017321.0 0.3466585290278309 -1.346529455419375 0.6636562298254427 2.2691385112094458 -1.2112899144904086
43043.0 11017321.0 0.4079694353244644 -1.3464675321080812 0.6647360489607614 2.2691385112094458 -1.2112899144904086
43044.0 11017321.0 0.4625929354611786 -1.3478418297438366 0.6656469735159423 2.2691385112094458 -1.2112899144904086
43045.0 11017321.0 0.5502417597841017 -1.3541641416909267 0.6664154203030854 2.2691385112094458 -1.2112899144904086
43046.0 11017321.0 0.5990054923559415 -1.3544408081841175 0.667063674279018 2.2691385112094458 -1.2112899144904086
43047.0 11017321.0 0.6407966017877624 -1.3543083468847095 0.6676105348090422 2.2691385112094458 -1.2112899144904086
43048.0 11017321.0 0.6825877112195833 -1.3541758855853017 0.6680718608485287 2.2691385112094458 -1.2112899144904086
43049.0 11017321.0 0.7154217208641453 -1.354271226730693 0.6684610308526224 2.2691385112094458 -1.2112899144904086
43050.0 11017321.0 0.802690644038274 -1.3617515677301784 0.6687893307514422 2.2691385112094458 -1.2112899144904086
43051.0 11017321.0 0.8611885241974453 -1.364855950671873 0.6690662812420538 2.2691385112094458 -1.2112899144904086
43052.0 11017321.0 0.922106581404128 -1.3673485525701758 0.6692999138886849 2.2691385112094458 -1.2112899144904086
43053.0 11017321.0 0.9734374247610998 -1.3692791617874478 0.6694970040380879 2.2691385112094458 -1.2112899144904086
43054.0 11017321.0 1.0252479971041135 -1.373819413096121 0.6696632673045955 2.2691385112094458 -1.2112899144904086
43055.0 11017321.0 1.0832831280510127 -1.3821447782569387 0.6698035253229363 2.2691385112094458 -1.2112899144904086
43056.0 11017321.0 1.136562617655052 -1.3851780429607616 0.6711136902638465 2.2691385112094458 -1.2112899144904086
43057.0 11017321.0 1.2146891696147022 -1.3948076079640752 0.671027087534204 2.2691385112094458 -1.2112899144904086
43058.0 11017321.0 1.266819479423603 -1.401086088737471 0.6721458750312577 2.2691385112094458 -1.2112899144904086
43059.0 11017321.0 1.2932762861463534 -1.4016661946631723 0.6718978282160135 2.2691385112094458 -1.2112899144904086
43060.0 11017321.0 1.3774470091733777 -1.4104643005281476 0.6716885784190338 2.2691385112094458 -1.2112899144904086
43061.0 11017321.0 1.4087290084235935 -1.4153067361155922 0.6715120573962061 2.2691385112094458 -1.2112899144904086
43062.0 11017321.0 1.4633801271374027 -1.4247434756823523 0.6713631460378684 2.2691385112094458 -1.2112899144904086
43063.0 11017321.0 1.5433642933005598 -1.434392019240703 0.6712375259146288 2.2691385112094458 -1.2112899144904086
43064.0 11017321.0 1.5909998840856203 -1.4392003502276987 0.6723233987311177 2.2691385112094458 -1.2112899144904086
43065.0 11017321.0 1.6221391001007976 -1.443118999154433 0.673239430110809 2.2691385112094458 -1.2112899144904086
43066.0 11017321.0 1.6532783161159748 -1.4470376480811677 0.6740121849637137 2.2691385112094458 -1.2112899144904086
43067.0 11017321.0 1.7021439880178098 -1.446990030201503 0.6746640731805662 2.2691385112094458 -1.2112899144904086
43068.0 11017321.0 1.7442414959704582 -1.4499889663835053 0.6752139995196551 2.2691385112094458 -1.2112899144904086
43069.0 11017321.0 1.7860287404740398 -1.4539377307050543 0.675677911844814 2.2691385112094458 -1.2112899144904086
43070.0 11017321.0 1.8603535515741951 -1.453440687707669 0.6748774189252682 2.2691385112094458 -1.2112899144904086
43071.0 11017321.0 1.9022526826545783 -1.4522851949965463 0.6742021311545552 2.2691385112094458 -1.2112899144904086
43072.0 11017321.0 1.9441518137349614 -1.4511297022854233 0.6736324651873242 2.2691385112094458 -1.2112899144904086
43073.0 11017321.0 1.9866158763775514 -1.4543637900209574 0.6731519007105257 2.2691385112094458 -1.2112899144904086
43074.0 11017321.0 2.009187155729429 -1.4505186685700078 0.6727465013543323 2.2691385112094458 -1.2112899144904086
43075.0 11017321.0 2.0747836714074857 -1.450908037194233 0.6712126658492105 2.2691385112094458 -1.2112899144904086
43076.0 11017321.0 2.1143473459624893 -1.4521431139308298 0.6687268929655115 2.2691385112094458 -1.2112899144904086
43077.0 11017321.0 2.1368495245310695 -1.4485087201277473 0.6666299199778123 2.2691385112094458 -1.2112899144904086
43078.0 11017321.0 2.188545613082443 -1.4506671044723494 0.6648609346694697 2.2691385112094458 -1.2112899144904086
43079.0 11017321.0 2.2325946970708115 -1.4490436789830554 0.6633686364665418 2.2691385112094458 -1.2112899144904086
43080.0 11017321.0 2.286826328343367 -1.4488750989051191 0.6609179040329393 2.2691385112094458 -1.2112899144904086
43081.0 11017321.0 2.3254170303113724 -1.446286862700717 0.658850490816292 2.2691385112094458 -1.2112899144904086
43082.0 11017321.0 2.3640077322793775 -1.443698626496315 0.6571064418333172 2.2691385112094458 -1.2112899144904086
43083.0 11017321.0 2.4000059688068194 -1.442249712344595 0.6544433349753045 2.2691385112094458 -1.2112899144904086
43084.0 11017321.0 2.4662130683354166 -1.4355924813212737 0.6521967648315755 2.2691385112094458 -1.2112899144904086
43085.0 11017321.0 2.504517039145266 -1.4323841415892322 0.6497056585238602 2.2691385112094458 -1.2112899144904086
43086.0 11017321.0 2.5428210099551154 -1.429175801857191 0.6470082639692346 2.2691385112094458 -1.2112899144904086
43087.0 11017321.0 2.581802473280675 -1.4240272342163343 0.6447327690697169 2.2691385112094458 -1.2112899144904086
43088.0 11017321.0 2.6258506958224745 -1.4224013757498126 0.6428131844732209 2.2691385112094458 -1.2112899144904086
43089.0 11017321.0 2.6825421517028323 -1.409248805331197 0.6411938422264484 2.2691385112094458 -1.2112899144904086
43090.0 11017321.0 2.7221300233331025 -1.4060497541525383 0.6386359367160386 2.2691385112094458 -1.2112899144904086
43091.0 11017321.0 2.7659198455061347 -1.3932413881694197 0.6376699580585982 2.2691385112094458 -1.2112899144904086
43092.0 11017321.0 2.788455515276429 -1.3894993761166223 0.636855068184857 2.2691385112094458 -1.2112899144904086
43093.0 11017321.0 2.846716926609918 -1.3769749969730358 0.6349757906002726 2.2691385112094458 -1.2112899144904086
43094.0 11017321.0 2.889153181152185 -1.3639579017245773 0.6333904509430961 2.2691385112094458 -1.2112899144904086
43095.0 11017321.0 2.917985733119549 -1.357247685534418 0.6320530743632693 2.2691385112094458 -1.2112899144904086
43096.0 11017321.0 2.958767887914931 -1.3492975045606912 0.6297330322517731 2.2691385112094458 -1.2112899144904086
43097.0 11017321.0 3.0171956306306407 -1.3348988756833509 0.6265840233873742 2.2691385112094458 -1.2112899144904086
43098.0 11017321.0 3.055348616367932 -1.3267034008144072 0.6227357065130048 2.2691385112094458 -1.2112899144904086
43099.0 11017321.0 3.0935016021052233 -1.3185079259454633 0.6182974604393083 2.2691385112094458 -1.2112899144904086
43100.0 11017321.0 3.118319931735482 -1.312122427630528 0.6145534007183518 2.2691385112094458 -1.2112899144904086
43101.0 11017321.0 3.175036655195564 -1.3007854415898494 0.6107990272741255 2.2691385112094458 -1.2112899144904086
43102.0 11017321.0 3.231753378655646 -1.2894484555491705 0.6070359532767466 2.2691385112094458 -1.2112899144904086
43103.0 11017321.0 3.2649318513376437 -1.2811181400472123 0.6032655395802913 2.2691385112094458 -1.2112899144904086
43104.0 11017321.0 3.2981103240196417 -1.2727878245452542 0.5994889341875622 2.2691385112094458 -1.2112899144904086
43105.0 11017321.0 3.342565183508343 -1.2549371932466402 0.5963030278862725 2.2691385112094458 -1.2112899144904086
43106.0 11017321.0 3.38741961823121 -1.2404874906576473 0.5936154293936847 2.2691385112094458 -1.2112899144904086
43107.0 11017321.0 3.421507333262575 -1.223517205033018 0.5913481983535138 2.2691385112094458 -1.2112899144904086
43108.0 11017321.0 3.45559504829394 -1.2065469194083889 0.5894355850655948 2.2691385112094458 -1.2112899144904086
43109.0 11017321.0 3.5050802286391534 -1.1691940593928192 0.587822123744578 2.2691385112094458 -1.2112899144904086
43110.0 11017321.0 3.5183617883712808 -1.1627810932301452 0.5852691793239497 2.2691385112094458 -1.2112899144904086
43111.0 11017321.0 3.5654540798332146 -1.1158863569009967 0.583115541103716 2.2691385112094458 -1.2112899144904086
43112.0 11017321.0 3.591645893544114 -1.086235093348519 0.58129875357549 2.2691385112094458 -1.2112899144904086
43113.0 11017321.0 3.6133088013576664 -1.0552228868513058 0.578574285212749 2.2691385112094458 -1.2112899144904086
43114.0 11017321.0 3.624565659105686 -1.0370521060450606 0.5762759511211778 2.2691385112094458 -1.2112899144904086
43115.0 11017321.0 3.6595072544455833 -0.9789502370770263 0.5731452549239164 2.2691385112094458 -1.2112899144904086
43116.0 11017321.0 3.6743880861956306 -0.933343105816815 0.5705042311194487 2.2691385112094458 -1.2112899144904086
43117.0 11017321.0 3.6958409127818745 -0.8839229206978918 0.5670844453292407 2.2691385112094458 -1.2112899144904086
43118.0 11017321.0 3.7003397965109515 -0.8619701559731772 0.5641995484535808 2.2691385112094458 -1.2112899144904086
43119.0 11017321.0 3.7048386802400284 -0.8400173912484624 0.5617658784830747 2.2691385112094458 -1.2112899144904086
43120.0 11017321.0 3.712768667596497 -0.7993846085098778 0.5585210143003735 2.2691385112094458 -1.2112899144904086
43121.0 11017321.0 3.7165571868978033 -0.738243440062434 0.554591834844179 2.2691385112094458 -1.2112899144904086
43122.0 11017321.0 3.7156715239826505 -0.7065321576846177 0.5512772185984656 2.2691385112094458 -1.2112899144904086
43123.0 11017321.0 3.7147858610674973 -0.6748208753068016 0.5484810416921077 2.2691385112094458 -1.2112899144904086
43124.0 11017321.0 3.711924317856525 -0.6141964243679622 0.5449303703066167 2.2691385112094458 -1.2112899144904086
43125.0 11017321.0 3.7043055180535465 -0.5763164912390385 0.5407432149718134 2.2691385112094458 -1.2112899144904086
43126.0 11017321.0 3.6950959532808305 -0.5324272801963755 0.5372109728711927 2.2691385112094458 -1.2112899144904086
43127.0 11017321.0 3.684289106210832 -0.4964272677211742 0.5342312089838366 2.2691385112094458 -1.2112899144904086
43128.0 11017321.0 3.6702294402356515 -0.45352516659579856 0.5317175101570117 2.2691385112094458 -1.2112899144904086
43129.0 11017321.0 3.6504148688146865 -0.40921232710634936 0.5295969791247402 2.2691385112094458 -1.2112899144904086
43130.0 11017321.0 3.640307831756898 -0.37379085885193597 0.5278081204870861 2.2691385112094458 -1.2112899144904086
43131.0 11017321.0 3.623721184886543 -0.34162830066451544 0.5262990573435575 2.2691385112094458 -1.2112899144904086
43132.0 11017321.0 3.6123285211098244 -0.3098756132025804 0.5238341821747878 2.2691385112094458 -1.2112899144904086
43133.0 11017321.0 3.5936032226807963 -0.26766995687701756 0.521754838289087 2.2691385112094458 -1.2112899144904086
43134.0 11017321.0 3.5799506177599083 -0.23903446156714833 0.5200007247137697 2.2691385112094458 -1.2112899144904086
43135.0 11017321.0 3.567035578595994 -0.21466960712779845 0.5179250498110496 2.2691385112094458 -1.2112899144904086
43136.0 11017321.0 3.554120539432079 -0.19030475268844857 0.5155781090087479 2.2691385112094458 -1.2112899144904086
43137.0 11017321.0 3.5236597479884413 -0.13971321143832996 0.5135982533676998 2.2691385112094458 -1.2112899144904086
43138.0 11017321.0 3.516380672688067 -0.12583160503851418 0.511928067074315 2.2691385112094458 -1.2112899144904086
