46072.0 10866934.0 -1.1146684166011893 -4.46017426421266 0.6019800000000001 2.0372626117500676 -0.2897192923595061
46073.0 10866934.0 -1.09695488241172 -4.421743540339023 0.6019800000000001 2.0372626117500676 -0.2897192923595061
46074.0 10866934.0 -1.0792413482222505 -4.383312816465384 0.6019800000000001 2.0372626117500676 -0.2897192923595061
46075.0 10866934.0 -1.0586594329199095 -4.336648448980225 0.6019800000000001 2.0372626117500676 -0.2897192923595061
46076.0 10866934.0 -1.0333778857584452 -4.279953907038888 0.5998937896439954 2.0372626117500676 -0.2897192923595061
46077.0 10866934.0 -1.0121299949815457 -4.232338878147203 0.5986076748782942 2.0372626117500676 -0.2897192923595061
46078.0 10866934.0 -0.9921192685966929 -4.1819829788728216 0.5977273990156965 2.0372626117500676 -0.2897192923595061
46079.0 10866934.0 -0.9727342290287633 -4.140067884183824 0.5970839103167487 2.0372626117500676 -0.2897192923595061
46080.0 10866934.0 -0.9520723500616224 -4.093429607750286 0.5965925419286783 2.0372626117500676 -0.2897192923595061
46081.0 10866934.0 -0.9335171081557243 -4.040728796364315 0.5948866981956652 2.0372626117500676 -0.2897192923595061
46082.0 10866934.0 -0.9118222814413244 -3.993376612961661 0.5935168443362001 2.0372626117500676 -0.2897192923595061
46083.0 10866934.0 -0.8915703407395263 -3.9422817108311743 0.5911459484435024 2.0372626117500676 -0.2897192923595061
46084.0 10866934.0 -0.8803715176271292 -3.924328196859015 0.589194669887594 2.0372626117500676 -0.2897192923595061
46085.0 10866934.0 -0.8407267143531889 -3.835643334961803 0.5875771851172464 2.0372626117500676 -0.2897192923595061
46086.0 10866934.0 -0.8242443617190978 -3.793363757946741 0.5862295688059465 2.0372626117500676 -0.2897192923595061
46087.0 10866934.0 -0.8114244503943555 -3.770449062489585 0.5838950197915196 2.0372626117500676 -0.2897192923595061
46088.0 10866934.0 -0.780501089874722 -3.7002936123436374 0.5819379637033042 2.0372626117500676 -0.2897192923595061
46089.0 10866934.0 -0.761151186873235 -3.6584837843944964 0.5802943778724122 2.0372626117500676 -0.2897192923595061
46090.0 10866934.0 -0.7420421999272853 -3.6165952209248293 0.5789122690882121 2.0372626117500676 -0.2897192923595061
46091.0 10866934.0 -0.7186983682647377 -3.572352039551918 0.5765530724601471 2.0372626117500676 -0.2897192923595061
46092.0 10866934.0 -0.6993135674103621 -3.5296189673662806 0.5745660798071653 2.0372626117500676 -0.2897192923595061
46093.0 10866934.0 -0.6797569632497031 -3.487175685958177 0.5728917920337916 2.0372626117500676 -0.2897192923595061
46094.0 10866934.0 -0.6575361427356765 -3.4409299009368484 0.5714805306343367 2.0372626117500676 -0.2897192923595061
46095.0 10866934.0 -0.6411827201385609 -3.401762492789689 0.5702906951160598 2.0372626117500676 -0.2897192923595061
46096.0 10866934.0 -0.6194794455330495 -3.357099983516809 0.5680947923057853 2.0372626117500676 -0.2897192923595061
46097.0 10866934.0 -0.6058541730203238 -3.330359426069828 0.5662428948539725 2.0372626117500676 -0.2897192923595061
46098.0 10866934.0 -0.5922289005075982 -3.3036188686228467 0.5646809793273148 2.0372626117500676 -0.2897192923595061
46099.0 10866934.0 -0.5792978205713109 -3.2847125719715278 0.5633635590941708 2.0372626117500676 -0.2897192923595061
46100.0 10866934.0 -0.5553798794652394 -3.2234832298867278 0.561060280075258 2.0372626117500676 -0.2897192923595061
46101.0 10866934.0 -0.528835092005189 -3.177598905819689 0.5591174034424923 2.0372626117500676 -0.2897192923595061
46102.0 10866934.0 -0.5107979732039973 -3.141435029176741 0.5574785001314545 2.0372626117500676 -0.2897192923595061
46103.0 10866934.0 -0.4933222528058634 -3.10426990095788 0.5560959905369511 2.0372626117500676 -0.2897192923595061
46104.0 10866934.0 -0.47425990664178186 -3.062249162659709 0.5537378577263384 2.0372626117500676 -0.2897192923595061
46105.0 10866934.0 -0.45685327742644777 -3.0252950994462657 0.5517485990541121 2.0372626117500676 -0.2897192923595061
46106.0 10866934.0 -0.4391255877941598 -2.9884459434070894 0.55007050353137 2.0372626117500676 -0.2897192923595061
46107.0 10866934.0 -0.4183619723366432 -2.941490214157331 0.5474630306827244 2.0372626117500676 -0.2897192923595061
46108.0 10866934.0 -0.40070276397995763 -2.9040345284952536 0.5452634081459332 2.0372626117500676 -0.2897192923595061
46109.0 10866934.0 -0.38269930088660464 -2.866340845654985 0.5434078379060532 2.0372626117500676 -0.2897192923595061
46110.0 10866934.0 -0.3560958334024009 -2.817554892652516 0.5418425030463401 2.0372626117500676 -0.2897192923595061
46111.0 10866934.0 -0.3386895549062374 -2.780600670741779 0.5393301564451953 2.0372626117500676 -0.2897192923595061
46112.0 10866934.0 -0.31927334582011446 -2.7402142595681247 0.5372107699219507 2.0372626117500676 -0.2897192923595061
46113.0 10866934.0 -0.3037391812656469 -2.7062699318902235 0.5354228790528914 2.0372626117500676 -0.2897192923595061
46114.0 10866934.0 -0.28958474882085805 -2.68028632131205 0.5336166720964941 2.0372626117500676 -0.2897192923595061
46115.0 10866934.0 -0.2754303163760692 -2.6543027107338766 0.5317950136064679 2.0372626117500676 -0.2897192923595061
46116.0 10866934.0 -0.25521475608387906 -2.614527948195758 0.5299603201644183 2.0372626117500676 -0.2897192923595061
46117.0 10866934.0 -0.23499919579168893 -2.5747531856576398 0.5281146304277526 2.0372626117500676 -0.2897192923595061
46118.0 10866934.0 -0.2151451673066463 -2.5350647165238027 0.525961702950484 2.0372626117500676 -0.2897192923595061
46119.0 10866934.0 -0.19529113882160365 -2.4953762473899657 0.5235495928058177 2.0372626117500676 -0.2897192923595061
46120.0 10866934.0 -0.16959950421512615 -2.445299186130928 0.5215147612024714 2.0372626117500676 -0.2897192923595061
46121.0 10866934.0 -0.15835838590071638 -2.4224525324688924 0.519798197884085 2.0372626117500676 -0.2897192923595061
46122.0 10866934.0 -0.1471172675863066 -2.399605878806857 0.5183501224304604 2.0372626117500676 -0.2897192923595061
46123.0 10866934.0 -0.12474173492994323 -2.35831712692999 0.5159366958390311 2.0372626117500676 -0.2897192923595061
46124.0 10866934.0 -0.10880800161700821 -2.3261388753971715 0.5139007535167378 2.0372626117500676 -0.2897192923595061
46125.0 10866934.0 -0.09101241496475232 -2.2890781119561856 0.5121832531003424 2.0372626117500676 -0.2897192923595061
46126.0 10866934.0 -0.07033658155358369 -2.25027144985427 0.5107343870562225 2.0372626117500676 -0.2897192923595061
46127.0 10866934.0 -0.052758719191674075 -2.2127890474474468 0.508320293548518 2.0372626117500676 -0.2897192923595061
46128.0 10866934.0 -0.035428656813956017 -2.184221353763743 0.5062837885767597 2.0372626117500676 -0.2897192923595061
46129.0 10866934.0 -0.01957544993854543 -2.1520167562786905 0.5045658134875586 2.0372626117500676 -0.2897192923595061
46130.0 10866934.0 -0.0026928344703054385 -2.11965198693414 0.5028185858239973 2.0372626117500676 -0.2897192923595061
46131.0 10866934.0 0.014189780997934553 -2.087287217589589 0.5010466809820441 2.0372626117500676 -0.2897192923595061
46132.0 10866934.0 0.031072396466174546 -2.0549224482450383 0.4992539587199691 2.0372626117500676 -0.2897192923595061
46133.0 10866934.0 0.04795501193441454 -2.0225576789004878 0.49744367509121357 2.0372626117500676 -0.2897192923595061
46134.0 10866934.0 0.06382547837218577 -1.9973683046456479 0.49591653804234737 2.0372626117500676 -0.2897192923595061
46135.0 10866934.0 0.09151402686694066 -1.9515067775952146 0.4946282605980564 2.0372626117500676 -0.2897192923595061
46136.0 10866934.0 0.10328324614613932 -1.9273138577800766 0.4929455603673607 2.0372626117500676 -0.2897192923595061
46137.0 10866934.0 0.11505246542533798 -1.9031209379649388 0.49093012904364425 2.0372626117500676 -0.2897192923595061
46138.0 10866934.0 0.13427255406326655 -1.8769231106376456 0.4892299314628343 2.0372626117500676 -0.2897192923595061
46139.0 10866934.0 0.15120382402604537 -1.8441360791233476 0.4877956618948312 2.0372626117500676 -0.2897192923595061
46140.0 10866934.0 0.17683887728020853 -1.7983044791942349 0.48658572652200915 2.0372626117500676 -0.2897192923595061
46141.0 10866934.0 0.19286390317128688 -1.7655718039116655 0.485565037218464 2.0372626117500676 -0.2897192923595061
46142.0 10866934.0 0.2044145986290582 -1.749251670200328 0.48470399399433756 2.0372626117500676 -0.2897192923595061
46143.0 10866934.0 0.21853324032589005 -1.7196345498508951 0.48278578190780846 2.0372626117500676 -0.2897192923595061
46144.0 10866934.0 0.24096981004424356 -1.6863097293926113 0.4811675974966851 2.0372626117500676 -0.2897192923595061
46145.0 10866934.0 0.26048724392367506 -1.6605594468018634 0.4798025134130131 2.0372626117500676 -0.2897192923595061
46146.0 10866934.0 0.2830502933296485 -1.6265749543490542 0.4786509422183471 2.0372626117500676 -0.2897192923595061
46147.0 10866934.0 0.30292373319080534 -1.6000063425854922 0.47767948834803026 2.0372626117500676 -0.2897192923595061
46148.0 10866934.0 0.31658099599234113 -1.5881128820951678 0.475668134951597 2.0372626117500676 -0.2897192923595061
46149.0 10866934.0 0.3372488149533863 -1.5574812080789315 0.4739713774687752 2.0372626117500676 -0.2897192923595061
46150.0 10866934.0 0.36309585341993833 -1.532747450167825 0.472540009932557 2.0372626117500676 -0.2897192923595061
46151.0 10866934.0 0.4051204805169759 -1.4992800838535443 0.4713325226843884 2.0372626117500676 -0.2897192923595061
46152.0 10866934.0 0.43745223964459423 -1.4750876953990328 0.47031389859407036 2.0372626117500676 -0.2897192923595061
46153.0 10866934.0 0.4697839987722125 -1.4508953069445214 0.46945459756298236 2.0372626117500676 -0.2897192923595061
46154.0 10866934.0 0.4835703068181638 -1.442139731820474 0.4681337775171189 2.0372626117500676 -0.2897192923595061
46155.0 10866934.0 0.4973566148641151 -1.4333841566964267 0.4664236246751503 2.0372626117500676 -0.2897192923595061
46156.0 10866934.0 0.5231508547847201 -1.4166938428905669 0.4649809569487623 2.0372626117500676 -0.2897192923595061
46157.0 10866934.0 0.5637309501360019 -1.3960721584906837 0.4637639369738891 2.0372626117500676 -0.2897192923595061
46158.0 10866934.0 0.5960272009340524 -1.3798703517107145 0.4627372711712592 2.0372626117500676 -0.2897192923595061
46159.0 10866934.0 0.6272185276046974 -1.3686814402994634 0.461871186232596 2.0372626117500676 -0.2897192923595061
46160.0 10866934.0 0.6671816693188363 -1.3442362352557249 0.4611405656946782 2.0372626117500676 -0.2897192923595061
46161.0 10866934.0 0.6953003053772245 -1.3315760022135439 0.4605242215619062 2.0372626117500676 -0.2897192923595061
46162.0 10866934.0 0.7191300262344367 -1.318449171683347 0.46000427985442954 2.0372626117500676 -0.2897192923595061
46163.0 10866934.0 0.7347207450407135 -1.3115094431425929 0.4595656622627314 2.0372626117500676 -0.2897192923595061
46164.0 10866934.0 0.7748401076908789 -1.2920215409697688 0.45919564887665243 2.0372626117500676 -0.2897192923595061
46165.0 10866934.0 0.8198876678340226 -1.2764798908654773 0.4588835093079964 2.0372626117500676 -0.2897192923595061
46166.0 10866934.0 0.8325437320867951 -1.2676467501236117 0.45862019150927225 2.0372626117500676 -0.2897192923595061
46167.0 10866934.0 0.8561634007923158 -1.2548890729000226 0.45839805926431704 2.0372626117500676 -0.2897192923595061
46168.0 10866934.0 0.8797830694978366 -1.2421313956764335 0.458210670738027 2.0372626117500676 -0.2897192923595061
46169.0 10866934.0 0.903954906899519 -1.2268670387952532 0.4580525916631398 2.0372626117500676 -0.2897192923595061
46170.0 10866934.0 0.9281267443012013 -1.2116026819140726 0.4579192377464836 2.0372626117500676 -0.2897192923595061
46171.0 10866934.0 0.9577426541309061 -1.1889167055178242 0.4578067417244754 2.0372626117500676 -0.2897192923595061
46172.0 10866934.0 0.9700191446338922 -1.1812444990358313 0.457711841212477 2.0372626117500676 -0.2897192923595061
46173.0 10866934.0 1.0027226937772307 -1.1545435877415215 0.4576317840956404 2.0372626117500676 -0.2897192923595061
46174.0 10866934.0 1.0260401375883108 -1.1348234797478687 0.45756424871757745 2.0372626117500676 -0.2897192923595061
46175.0 10866934.0 1.0420844383206815 -1.1183351160704138 0.4575072765523242 2.0372626117500676 -0.2897192923595061
46176.0 10866934.0 1.0645991543555806 -1.098352738646092 0.4562673707188841 2.0372626117500676 -0.2897192923595061
46177.0 10866934.0 1.0845669804556868 -1.0796412258999057 0.4552213986362917 2.0372626117500676 -0.2897192923595061
46178.0 10866934.0 1.1091313475436486 -1.0479449927322293 0.4543390271141517 2.0372626117500676 -0.2897192923595061
46179.0 10866934.0 1.117754391963325 -1.041123694462241 0.4535946673783221 2.0372626117500676 -0.2897192923595061
46180.0 10866934.0 1.1263774363830013 -1.0343023961922528 0.45296673299646384 2.0372626117500676 -0.2897192923595061
46181.0 10866934.0 1.1390542843940674 -1.0118074095512497 0.45243701387150304 2.0372626117500676 -0.2897192923595061
46182.0 10866934.0 1.1571842529865748 -0.9889323752578039 0.45139422580471367 2.0372626117500676 -0.2897192923595061
46183.0 10866934.0 1.1753142215790824 -0.9660573409643579 0.4499186179421589 2.0372626117500676 -0.2897192923595061
46184.0 10866934.0 1.19130101916017 -0.9334284396642268 0.4486738099999268 2.0372626117500676 -0.2897192923595061
46185.0 10866934.0 1.2033570480650313 -0.9128334625996888 0.4476237025476925 2.0372626117500676 -0.2897192923595061
46186.0 10866934.0 1.2154130769698925 -0.8922384855351507 0.44673784246934134 2.0372626117500676 -0.2897192923595061
46187.0 10866934.0 1.2266415481062554 -0.8741769522676323 0.44599053982260106 2.0372626117500676 -0.2897192923595061
46188.0 10866934.0 1.231706202955626 -0.8600308892904307 0.4453601228307162 2.0372626117500676 -0.2897192923595061
46189.0 10866934.0 1.2367708578049967 -0.8458848263132293 0.4448283094009221 2.0372626117500676 -0.2897192923595061
46190.0 10866934.0 1.2470829265046777 -0.8224713529817063 0.44378375459965264 2.0372626117500676 -0.2897192923595061
46191.0 10866934.0 1.2573949952043586 -0.7990578796501834 0.44230665633767097 2.0372626117500676 -0.2897192923595061
46192.0 10866934.0 1.264359891094042 -0.7777345422203947 0.44106059110948176 2.0372626117500676 -0.2897192923595061
46193.0 10866934.0 1.2683715525394634 -0.7491381231372699 0.44000942302346757 2.0372626117500676 -0.2897192923595061
46194.0 10866934.0 1.2698791742347448 -0.7418034016538763 0.4391226682051339 2.0372626117500676 -0.2897192923595061
46195.0 10866934.0 1.277947440419946 -0.7171021138867355 0.4371827660765449 2.0372626117500676 -0.2897192923595061
46196.0 10866934.0 1.2849576187785574 -0.6888425757729032 0.4355462841641757 2.0372626117500676 -0.2897192923595061
46197.0 10866934.0 1.2919677971371688 -0.6605830376590709 0.43416576449256755 2.0372626117500676 -0.2897192923595061
46198.0 10866934.0 1.2923841943328145 -0.6402749600900158 0.43180932730303967 2.0372626117500676 -0.2897192923595061
46199.0 10866934.0 1.3013929228602361 -0.6154135621892137 0.42982146060529997 2.0372626117500676 -0.2897192923595061
46200.0 10866934.0 1.3019817691217792 -0.5945776898866267 0.4281445162651139 2.0372626117500676 -0.2897192923595061
46201.0 10866934.0 1.3087508205332317 -0.5591715639778262 0.4267298628966162 2.0372626117500676 -0.2897192923595061
46202.0 10866934.0 1.3117640272100037 -0.5320013356790757 0.4255364755521203 2.0372626117500676 -0.2897192923595061
46203.0 10866934.0 1.3125943435478384 -0.5104265559877738 0.4233379013104317 2.0372626117500676 -0.2897192923595061
46204.0 10866934.0 1.3140892650561262 -0.48953615068009215 0.4214832062067456 2.0372626117500676 -0.2897192923595061
46205.0 10866934.0 1.3190072126344587 -0.4608852458809918 0.41991860408305515 2.0372626117500676 -0.2897192923595061
46206.0 10866934.0 1.3221794059450873 -0.4511736416453518 0.4185987214777733 2.0372626117500676 -0.2897192923595061
46207.0 10866934.0 1.3268810733097305 -0.42046608558135445 0.41748528179534683 2.0372626117500676 -0.2897192923595061
46208.0 10866934.0 1.3251694072957227 -0.4093928610972919 0.4153541505967812 2.0372626117500676 -0.2897192923595061
46209.0 10866934.0 1.3298021825151898 -0.37889643995622346 0.41355634976552225 2.0372626117500676 -0.2897192923595061
46210.0 10866934.0 1.3342354216336203 -0.3620616182426039 0.41203974307746344 2.0372626117500676 -0.2897192923595061
46211.0 10866934.0 1.3386686607520508 -0.34522679652898436 0.4107603489386511 2.0372626117500676 -0.2897192923595061
46212.0 10866934.0 1.3402547689750777 -0.34037099723619835 0.40968106491905965 2.0372626117500676 -0.2897192923595061
46213.0 10866934.0 1.343951660233239 -0.31926523482104874 0.4087705917821209 2.0372626117500676 -0.2897192923595061
46214.0 10866934.0 1.345034845402183 -0.28223545875401956 0.4068106811186594 2.0372626117500676 -0.2897192923595061
46215.0 10866934.0 1.3478102230315159 -0.2666698696949591 0.4051573202076391 2.0372626117500676 -0.2897192923595061
46216.0 10866934.0 1.3512081448276105 -0.24675150279299876 0.4037625615826403 2.0372626117500676 -0.2897192923595061
46217.0 10866934.0 1.3523021354188518 -0.22573009388075246 0.4025859572435381 2.0372626117500676 -0.2897192923595061
46218.0 10866934.0 1.3520592550008121 -0.20608276229943745 0.4009974633203963 2.0372626117500676 -0.2897192923595061
46219.0 10866934.0 1.3518163745827725 -0.18643543071812244 0.39906150348944397 2.0372626117500676 -0.2897192923595061
46220.0 10866934.0 1.3472493040047488 -0.1759481646456265 0.39742834725968545 2.0372626117500676 -0.2897192923595061
46221.0 10866934.0 1.3487446424227227 -0.15505783351166516 0.39605063310045785 2.0372626117500676 -0.2897192923595061
46222.0 10866934.0 1.3399524062791908 -0.12216207153421146 0.3948884073011435 2.0372626117500676 -0.2897192923595061
46223.0 10866934.0 1.3365475624966585 -0.11389439311882008 0.3939079653135623 2.0372626117500676 -0.2897192923595061
46224.0 10866934.0 1.333142718714126 -0.1056267147034287 0.39308087432007444 2.0372626117500676 -0.2897192923595061
46225.0 10866934.0 1.3205969782446778 -0.07810533219530602 0.39238314868186874 2.0372626117500676 -0.2897192923595061
46226.0 10866934.0 1.3084883904515299 -0.06351895358153992 0.39060270966723304 2.0372626117500676 -0.2897192923595061
46227.0 10866934.0 1.3043242155642987 -0.05859554071357362 0.3891007492329471 2.0372626117500676 -0.2897192923595061
46228.0 10866934.0 1.3001600406770675 -0.05367212784560732 0.3878337105264166 2.0372626117500676 -0.2897192923595061
46229.0 10866934.0 1.2892771157237028 -0.04077113549666636 0.38676484942515216 2.0372626117500676 -0.2897192923595061
46230.0 10866934.0 1.2776514228044171 -0.02470686384629256 0.3858631689572172 2.0372626117500676 -0.2897192923595061
46231.0 10866934.0 1.2591076849321545 -0.01350895163592021 0.38510252038904147 2.0372626117500676 -0.2897192923595061
46232.0 10866934.0 1.2451717186726656 -0.004517152299141888 0.38446084491214794 2.0372626117500676 -0.2897192923595061
46233.0 10866934.0 1.232417552838061 0.0053737101027278855 0.3839195339377067 2.0372626117500676 -0.2897192923595061
46234.0 10866934.0 1.2196633870034566 0.01526457250459766 0.383462889447459 2.0372626117500676 -0.2897192923595061
46235.0 10866934.0 1.2078175202671357 0.024537536980466346 0.3827797075791365 2.0372626117500676 -0.2897192923595061
46236.0 10866934.0 1.195971653530815 0.03381050145633503 0.3819054210585579 2.0372626117500676 -0.2897192923595061
46237.0 10866934.0 1.1841257867944943 0.04308346593220372 0.38086992057662644 2.0372626117500676 -0.2897192923595061
46238.0 10866934.0 1.1722799200581735 0.052356430408072405 0.3796984216193661 2.0372626117500676 -0.2897192923595061
46239.0 10866934.0 1.1593879768254451 0.061825173308233644 0.3787101568890674 2.0372626117500676 -0.2897192923595061
46240.0 10866934.0 1.1528120434493636 0.06888010739230047 0.37787646670855163 2.0372626117500676 -0.2897192923595061
46241.0 10866934.0 1.139221176425336 0.07892770896553164 0.3771731740625839 2.0372626117500676 -0.2897192923595061
46242.0 10866934.0 1.1296424791130342 0.0876646028176837 0.37657988346443105 2.0372626117500676 -0.2897192923595061
46243.0 10866934.0 1.1167506414061832 0.09713342256234662 0.3760793894867467 2.0372626117500676 -0.2897192923595061
46244.0 10866934.0 1.1109145475894442 0.10441402308754821 0.3750612554600759 2.0372626117500676 -0.2897192923595061
46245.0 10866934.0 1.1050784537727054 0.11169462361274979 0.3736064454976452 2.0372626117500676 -0.2897192923595061
46246.0 10866934.0 1.0966000156916214 0.1197216595979428 0.3723791824546462 2.0372626117500676 -0.2897192923595061
46247.0 10866934.0 1.0869709320933603 0.1228674693126393 0.3713438757028319 2.0372626117500676 -0.2897192923595061
46248.0 10866934.0 1.0778028039924559 0.1287833512258449 0.37047050134639975 2.0372626117500676 -0.2897192923595061
46249.0 10866934.0 1.0686346758915513 0.13469923313905047 0.36973373152901323 2.0372626117500676 -0.2897192923595061
46250.0 10866934.0 1.0605919945769717 0.1427007941577672 0.36911219992596805 2.0372626117500676 -0.2897192923595061
46251.0 10866934.0 1.0456669655557977 0.14757688117623033 0.368587882120776 2.0372626117500676 -0.2897192923595061
46252.0 10866934.0 1.0354762282851124 0.15090627797679088 0.3681455728970864 2.0372626117500676 -0.2897192923595061
46253.0 10866934.0 1.0252854910144271 0.15423567477735142 0.3677724452874123 2.0372626117500676 -0.2897192923595061
46254.0 10866934.0 1.0204709722848126 0.15580862676391574 0.3674576785910732 2.0372626117500676 -0.2897192923595061
46255.0 10866934.0 1.0119076179403352 0.15813906569707525 0.366000299885671 2.0372626117500676 -0.2897192923595061
46256.0 10866934.0 0.9955109255302165 0.15823889968574947 0.3659627145651575 2.0372626117500676 -0.2897192923595061
46257.0 10866934.0 0.9894111630821547 0.1585962187028714 0.36553372640429876 2.0372626117500676 -0.2897192923595061
46258.0 10866934.0 0.9833114006340928 0.15895353771999335 0.36477455474643 2.0372626117500676 -0.2897192923595061
46259.0 10866934.0 0.9772116381860311 0.1593108567371153 0.36373684361347297 2.0372626117500676 -0.2897192923595061
46260.0 10866934.0 0.9723732114472241 0.1597233968369846 0.36238470307002496 2.0372626117500676 -0.2897192923595061
46261.0 10866934.0 0.967534784708417 0.16013593693685393 0.360767313040326 2.0372626117500676 -0.2897192923595061
46262.0 10866934.0 0.9626963579696101 0.16054847703672326 0.3589261612135148 2.0372626117500676 -0.2897192923595061
46263.0 10866934.0 0.957857931230803 0.16096101713659258 0.35689624618661375 2.0372626117500676 -0.2897192923595061
46264.0 10866934.0 0.953019504491996 0.1613735572364619 0.35470709242384285 2.0372626117500676 -0.2897192923595061
46265.0 10866934.0 0.9530180234671842 0.16137358842037428 0.3528557259816829 2.0372626117500676 -0.2897192923595061
46266.0 10866934.0 0.9530165424423724 0.16137361960428662 0.3512893135236756 2.0372626117500676 -0.2897192923595061
46267.0 10866934.0 0.9530150614175605 0.16137365078819899 0.3499632853789029 2.0372626117500676 -0.2897192923595061
46268.0 10866934.0 0.9530135803927487 0.16137368197211135 0.3488400430215307 2.0372626117500676 -0.2897192923595061
46269.0 10866934.0 0.953012099367937 0.1613737131560237 0.34788786871355937 2.0372626117500676 -0.2897192923595061
46270.0 10866934.0 0.9530106183431252 0.16137374433993606 0.347080005690422 2.0372626117500676 -0.2897192923595061
46271.0 10866934.0 0.9530091373183134 0.16137377552384843 0.346393882214812 2.0372626117500676 -0.2897192923595061
46272.0 10866934.0 0.9530076562935015 0.16137380670776078 0.34581045699630075 2.0372626117500676 -0.2897192923595061
46273.0 10866934.0 0.9530061752686897 0.16137383789167314 0.34531366699391575 2.0372626117500676 -0.2897192923595061
46274.0 10866934.0 0.9530046942438779 0.1613738690755855 0.34488996158795204 2.0372626117500676 -0.2897192923595061
46275.0 10866934.0 0.9530032132190661 0.16137390025949785 0.34452790961200097 2.0372626117500676 -0.2897192923595061
46276.0 10866934.0 0.9530017321942543 0.16137393144341022 0.34421786784912417 2.0372626117500676 -0.2897192923595061
46277.0 10866934.0 0.9530002511694424 0.1613739626273226 0.34395170137856246 2.0372626117500676 -0.2897192923595061
46278.0 10866934.0 0.9529987701446306 0.16137399381123493 0.34372254766303384 2.0372626117500676 -0.2897192923595061
46279.0 10866934.0 0.9529972891198188 0.1613740249951473 0.3435246175351522 2.0372626117500676 -0.2897192923595061
46280.0 10866934.0 0.9529958080950071 0.16137405617905967 0.3433530273115732 2.0372626117500676 -0.2897192923595061
46281.0 10866934.0 0.9529943270701953 0.161374087362972 0.3432036571661773 2.0372626117500676 -0.2897192923595061
46282.0 10866934.0 0.9529928460453834 0.16137411854688438 0.34307303165511227 2.0372626117500676 -0.2897192923595061
46283.0 10866934.0 0.9529913650205716 0.16137414973079675 0.3429582189289215 2.0372626117500676 -0.2897192923595061
46284.0 10866934.0 0.9529898839957598 0.1613741809147091 0.3428567457089096 2.0372626117500676 -0.2897192923595061
46285.0 10866934.0 0.952988402970948 0.16137421209862146 0.34276652556206066 2.0372626117500676 -0.2897192923595061
46286.0 10866934.0 0.9529869219461362 0.16137424328253383 0.34268579839448016 2.0372626117500676 -0.2897192923595061
46287.0 10866934.0 0.9529854409213243 0.16137427446644617 0.3426130794086726 2.0372626117500676 -0.2897192923595061
46288.0 10866934.0 0.9529839598965125 0.16137430565035854 0.3425471160444137 2.0372626117500676 -0.2897192923595061
46289.0 10866934.0 0.9529824788717007 0.1613743368342709 0.34248685165450427 2.0372626117500676 -0.2897192923595061
46290.0 10866934.0 0.9529809978468889 0.16137436801818328 0.3424313948620012 2.0372626117500676 -0.2897192923595061
46291.0 10866934.0 0.9529795168220772 0.16137439920209562 0.3423799937102861 2.0372626117500676 -0.2897192923595061
46292.0 10866934.0 0.9529780357972653 0.161374430386008 0.34233201385632356 2.0372626117500676 -0.2897192923595061
46293.0 10866934.0 0.9529765547724535 0.16137446156992036 0.34228692017471285 2.0372626117500676 -0.2897192923595061
46294.0 10866934.0 0.9529750737476417 0.1613744927538327 0.3422442612390515 2.0372626117500676 -0.2897192923595061
46295.0 10866934.0 0.9529735927228299 0.16137452393774507 0.3422036562305696 2.0372626117500676 -0.2897192923595061
46296.0 10866934.0 0.9529721116980181 0.16137455512165744 0.34216478389438537 2.0372626117500676 -0.2897192923595061
46297.0 10866934.0 0.9529706306732062 0.16137458630556978 0.34212737322311376 2.0372626117500676 -0.2897192923595061
46298.0 10866934.0 0.9529691496483944 0.16137461748948215 0.34209119559765216 2.0372626117500676 -0.2897192923595061
46299.0 10866934.0 0.9529676686235826 0.16137464867339452 0.3420560581572264 2.0372626117500676 -0.2897192923595061
46300.0 10866934.0 0.9529661875987708 0.16137467985730686 0.34202179820642836 2.0372626117500676 -0.2897192923595061
46301.0 10866934.0 0.952964706573959 0.16137471104121923 0.3419882784970492 2.0372626117500676 -0.2897192923595061
46302.0 10866934.0 0.9529632255491471 0.1613747422251316 0.34195538324788116 2.0372626117500676 -0.2897192923595061
46303.0 10866934.0 0.9529617445243354 0.16137477340904394 0.34192301478706255 2.0372626117500676 -0.2897192923595061
46304.0 10866934.0 0.9529602634995236 0.1613748045929563 0.34189109071959395 2.0372626117500676 -0.2897192923595061
46305.0 10866934.0 0.9529587824747118 0.16137483577686867 0.341859541537883 2.0372626117500676 -0.2897192923595061
46306.0 10866934.0 0.9529573014499 0.16137486696078102 0.3418283086060243 2.0372626117500676 -0.2897192923595061
46307.0 10866934.0 0.9529558204250881 0.16137489814469339 0.3417973424593582 2.0372626117500676 -0.2897192923595061
46308.0 10866934.0 0.9529543394002763 0.16137492932860575 0.3417666013699957 2.0372626117500676 -0.2897192923595061
46309.0 10866934.0 0.9529528583754645 0.1613749605125181 0.34173605013670943 2.0372626117500676 -0.2897192923595061
46310.0 10866934.0 0.9529513773506527 0.16137499169643046 0.3417056590640984 2.0372626117500676 -0.2897192923595061
46311.0 10866934.0 0.9529498963258409 0.16137502288034283 0.3416754031014211 2.0372626117500676 -0.2897192923595061
46312.0 10866934.0 0.952948415301029 0.16137505406425517 0.34164526111612414 2.0372626117500676 -0.2897192923595061
46313.0 10866934.0 0.9529469342762172 0.16137508524816754 0.3416152152809982 2.0372626117500676 -0.2897192923595061
46314.0 10866934.0 0.9529454532514054 0.1613751164320799 0.34158525055718886 2.0372626117500676 -0.2897192923595061
46315.0 10866934.0 0.9529439722265937 0.16137514761599225 0.3415553542580699 2.0372626117500676 -0.2897192923595061
46316.0 10866934.0 0.9529424912017819 0.16137517879990462 0.34152551568133105 2.0372626117500676 -0.2897192923595061
46317.0 10866934.0 0.95294101017697 0.161375209983817 0.3414957257986112 2.0372626117500676 -0.2897192923595061
46318.0 10866934.0 0.9529395291521582 0.16137524116772933 0.3414659769936757 2.0372626117500676 -0.2897192923595061
46319.0 10866934.0 0.9529380481273464 0.1613752723516417 0.34143626284154566 2.0372626117500676 -0.2897192923595061
46320.0 10866934.0 0.9529365671025346 0.16137530353555407 0.3414065779221736 2.0372626117500676 -0.2897192923595061
46321.0 10866934.0 0.9529350860777228 0.1613753347194664 0.34137691766326195 2.0372626117500676 -0.2897192923595061
46322.0 10866934.0 0.9529336050529109 0.16137536590337878 0.34134727820766647 2.0372626117500676 -0.2897192923595061
46323.0 10866934.0 0.9529321240280991 0.16137539708729115 0.3413176563015392 2.0372626117500676 -0.2897192923595061
46324.0 10866934.0 0.9529306430032873 0.1613754282712035 0.3412880491999667 2.0372626117500676 -0.2897192923595061
