14361.0 10532852.0 1.032147837241433 -0.004843974281300555 0.27051000000000003 -0.9596587984065638 2.3864760276694317
14362.0 10532852.0 1.0654448314726344 -0.006901951708030731 0.27428228805590477 -0.9596587984065638 2.3864760276694317
14363.0 10532852.0 1.0987418257038355 -0.008959929134760907 0.27622434479969815 -0.9596587984065638 2.3864760276694317
14364.0 10532852.0 1.1320388199350369 -0.011017906561491084 0.2782133635382471 -0.9596587984065638 2.3864760276694317
14365.0 10532852.0 1.1730533527923552 -0.012150054535670349 0.2792336453728368 -0.9596587984065638 2.3864760276694317
14366.0 10532852.0 1.2024749397149175 -0.01370048424701329 0.28074811925849197 -0.9596587984065638 2.3864760276694317
14367.0 10532852.0 1.2318965266374795 -0.015250913958356233 0.2825742679499743 -0.9596587984065638 2.3864760276694317
14368.0 10532852.0 1.2707243938995156 -0.011929825687411508 0.2824530633478435 -0.9596587984065638 2.3864760276694317
14369.0 10532852.0 1.324397291393752 -0.01345784115574468 0.28236051143500784 -0.9596587984065638 2.3864760276694317
14370.0 10532852.0 1.3665224166138832 -0.01635363029868417 0.28228770516823315 -0.9596587984065638 2.3864760276694317
14371.0 10532852.0 1.4105314115960732 -0.01484111376166225 0.28222923911791187 -0.9596587984065638 2.3864760276694317
14372.0 10532852.0 1.4545747985805741 -0.01322276392014081 0.2821816067464942 -0.9596587984065638 2.3864760276694317
14373.0 10532852.0 1.4970664984671835 -0.016354392619633798 0.28214240467726764 -0.9596587984065638 2.3864760276694317
14374.0 10532852.0 1.536031796478996 -0.012609611563622891 0.28210990867624924 -0.9596587984065638 2.3864760276694317
14375.0 10532852.0 1.5800166045015795 -0.012256347091100846 0.2826899416747589 -0.9596587984065638 2.3864760276694317
14376.0 10532852.0 1.6240014125241629 -0.011903082618578802 0.28377880504228475 -0.9596587984065638 2.3864760276694317
14377.0 10532852.0 1.6888217690993539 -0.009476053381513555 0.2870978523907775 -0.9596587984065638 2.3864760276694317
14378.0 10532852.0 1.715773147918041 -0.009341566263912415 0.2898852733680766 -0.9596587984065638 2.3864760276694317
14379.0 10532852.0 1.742724526736728 -0.009207079146311276 0.29222924527728805 -0.9596587984065638 2.3864760276694317
14380.0 10532852.0 1.7929371551654096 -0.006097053718180423 0.294202126548906 -0.9596587984065638 2.3864760276694317
14381.0 10532852.0 1.848229384191807 -0.0026596719545029512 0.29705848050838257 -0.9596587984065638 2.3864760276694317
14382.0 10532852.0 1.8839360673072247 -0.0010031925789885932 0.3006592094747304 -0.9596587984065638 2.3864760276694317
14383.0 10532852.0 1.9360622973647585 0.0008986709397656167 0.3048875775152042 -0.9596587984065638 2.3864760276694317
14384.0 10532852.0 1.9737981007191217 0.002243359952705054 0.308452517703355 -0.9596587984065638 2.3864760276694317
14385.0 10532852.0 2.0289270258513774 0.0024643245912217837 0.31265120802343477 -0.9596587984065638 2.3864760276694317
14386.0 10532852.0 2.056137149162919 0.0042093353442833326 0.31619214064956275 -0.9596587984065638 2.3864760276694317
14387.0 10532852.0 2.101806146086192 0.00401539270169185 0.31917861144047194 -0.9596587984065638 2.3864760276694317
14388.0 10532852.0 2.1462838472046695 0.005612573305007668 0.32169759340747783 -0.9596587984065638 2.3864760276694317
14389.0 10532852.0 2.191526606288292 0.002754656455637633 0.3250143905176514 -0.9596587984065638 2.3864760276694317
14390.0 10532852.0 2.2580326401284028 0.007906880820614387 0.3290041759627008 -0.9596587984065638 2.3864760276694317
14391.0 10532852.0 2.2979242841453207 0.010418287125934095 0.33236973837976175 -0.9596587984065638 2.3864760276694317
14392.0 10532852.0 2.347720827624943 0.010630337531392003 0.3352087846500022 -0.9596587984065638 2.3864760276694317
14393.0 10532852.0 2.3689219188696957 0.011651635312199066 0.33760371048911647 -0.9596587984065638 2.3864760276694317
14394.0 10532852.0 2.3901230101144484 0.012672933093006128 0.3396240067902222 -0.9596587984065638 2.3864760276694317
14395.0 10532852.0 2.444015569257946 0.017272340369128697 0.3425201542879276 -0.9596587984065638 2.3864760276694317
14396.0 10532852.0 2.494304030648074 0.01627333339822376 0.34496329126442155 -0.9596587984065638 2.3864760276694317
14397.0 10532852.0 2.533909768126347 0.02063153654390973 0.34821613983297756 -0.9596587984065638 2.3864760276694317
14398.0 10532852.0 2.578787796064831 0.02210042887015065 0.3509601965507516 -0.9596587984065638 2.3864760276694317
14399.0 10532852.0 2.6272448415800005 0.026372925257353436 0.354466898019787 -0.9596587984065638 2.3864760276694317
14400.0 10532852.0 2.6871673171204016 0.030407137524587763 0.3574251086635459 -0.9596587984065638 2.3864760276694317
14401.0 10532852.0 2.710511999629234 0.031196764740274746 0.3599206209342033 -0.9596587984065638 2.3864760276694317
14402.0 10532852.0 2.781796347928086 0.03467651676108671 0.363217654258687 -0.9596587984065638 2.3864760276694317
14403.0 10532852.0 2.804235106083735 0.03541170933167101 0.36599899587405316 -0.9596587984065638 2.3864760276694317
14404.0 10532852.0 2.855920719032347 0.03706692083220321 0.36906041366326714 -0.9596587984065638 2.3864760276694317
14405.0 10532852.0 2.9076063319809586 0.03872213233273542 0.37235810102192124 -0.9596587984065638 2.3864760276694317
14406.0 10532852.0 2.9592919449295705 0.040377343833267625 0.37585510314578546 -0.9596587984065638 2.3864760276694317
14407.0 10532852.0 3.0109775578781823 0.042032555333799834 0.37952024532117756 -0.9596587984065638 2.3864760276694317
14408.0 10532852.0 3.062663170826794 0.04368776683433204 0.3833272288539289 -0.9596587984065638 2.3864760276694317
14409.0 10532852.0 3.1070586344253117 0.045317148331527196 0.3865387614711234 -0.9596587984065638 2.3864760276694317
14410.0 10532852.0 3.1525202989127523 0.04694921325503673 0.38924797783940274 -0.9596587984065638 2.3864760276694317
14411.0 10532852.0 3.2046680041000553 0.05165593355939477 0.3927252901606851 -0.9596587984065638 2.3864760276694317
14412.0 10532852.0 3.2488111029772826 0.05360210086622405 0.395658715714807 -0.9596587984065638 2.3864760276694317
14413.0 10532852.0 3.293275080988873 0.055443782139789705 0.3981333239155051 -0.9596587984065638 2.3864760276694317
14414.0 10532852.0 3.3429688462450224 0.060251419725401795 0.4014127231708165 -0.9596587984065638 2.3864760276694317
14415.0 10532852.0 3.380092861128867 0.05864844136685496 0.4041791913362826 -0.9596587984065638 2.3864760276694317
14416.0 10532852.0 3.4285922873595363 0.06034197079390055 0.4077048007210461 -0.9596587984065638 2.3864760276694317
14417.0 10532852.0 3.4794553334384455 0.0654697174528944 0.4118708139951123 -0.9596587984065638 2.3864760276694317
14418.0 10532852.0 3.529858558689967 0.06864518954549945 0.4153852208467426 -0.9596587984065638 2.3864760276694317
14419.0 10532852.0 3.573863148067236 0.07017109290357734 0.41834993908594253 -0.9596587984065638 2.3864760276694317
14420.0 10532852.0 3.60711376712994 0.07275365887281768 0.4214468678950327 -0.9596587984065638 2.3864760276694317
14421.0 10532852.0 3.640364386192644 0.07533622484205801 0.42465532821137475 -0.9596587984065638 2.3864760276694317
14422.0 10532852.0 3.667080791972313 0.07993449325473531 0.42736195304025776 -0.9596587984065638 2.3864760276694317
14423.0 10532852.0 3.7460550158635186 0.08360006277003526 0.42964523450395303 -0.9596587984065638 2.3864760276694317
14424.0 10532852.0 3.804117957642182 0.09011835613806793 0.43276323245573184 -0.9596587984065638 2.3864760276694317
14425.0 10532852.0 3.852227244402526 0.09334363180265168 0.4353935441467694 -0.9596587984065638 2.3864760276694317
14426.0 10532852.0 3.9003365311628695 0.09656890746723543 0.43761244861688814 -0.9596587984065638 2.3864760276694317
14427.0 10532852.0 3.925011154597464 0.10008204186726796 0.43948429409619116 -0.9596587984065638 2.3864760276694317
14428.0 10532852.0 4.0062261349832875 0.11633552265381128 0.44225520879239244 -0.9596587984065638 2.3864760276694317
14429.0 10532852.0 4.054373292734804 0.1278430785471175 0.4445927245431269 -0.9596587984065638 2.3864760276694317
14430.0 10532852.0 4.077444749759873 0.13596811650665783 0.4477564739937146 -0.9596587984065638 2.3864760276694317
14431.0 10532852.0 4.122971377901688 0.1584936061549896 0.450425381189862 -0.9596587984065638 2.3864760276694317
14432.0 10532852.0 4.165689143299809 0.18193579773060056 0.4538686891286488 -0.9596587984065638 2.3864760276694317
14433.0 10532852.0 4.208406908697929 0.2053779893062115 0.4579652737402884 -0.9596587984065638 2.3864760276694317
14434.0 10532852.0 4.251104688741719 0.2362444846777556 0.46201703363439933 -0.9596587984065638 2.3864760276694317
14435.0 10532852.0 4.293802468785509 0.2671109800492997 0.4660309798479404 -0.9596587984065638 2.3864760276694317
14436.0 10532852.0 4.281206400868962 0.30980600595468843 0.46961574525838296 -0.9596587984065638 2.3864760276694317
14437.0 10532852.0 4.268610332952415 0.35250103186007714 0.47283845806265057 -0.9596587984065638 2.3864760276694317
14438.0 10532852.0 4.256014265035867 0.39519605776546585 0.47575574693207995 -0.9596587984065638 2.3864760276694317
14439.0 10532852.0 4.24341819711932 0.4378910836708546 0.4784153832438927 -0.9596587984065638 2.3864760276694317
14440.0 10532852.0 4.230822129202773 0.48058610957624337 0.4808576664511365 -0.9596587984065638 2.3864760276694317
14441.0 10532852.0 4.2182260612862255 0.523281135481632 0.4831165927668246 -0.9596587984065638 2.3864760276694317
14442.0 10532852.0 4.205629993369678 0.5659761613870208 0.4852208410541141 -0.9596587984065638 2.3864760276694317
14443.0 10532852.0 4.19303392545313 0.6086711872924095 0.48719460451333774 -0.9596587984065638 2.3864760276694317
14444.0 10532852.0 4.180437857536583 0.6513662131977983 0.48905829228481384 -0.9596587984065638 2.3864760276694317
14445.0 10532852.0 4.167841789620035 0.6940612391031871 0.49082912131391576 -0.9596587984065638 2.3864760276694317
14446.0 10532852.0 4.155245721703488 0.7367562650085757 0.4925216156424879 -0.9596587984065638 2.3864760276694317
14447.0 10532852.0 4.142649653786941 0.7794512909139645 0.4941480276060591 -0.9596587984065638 2.3864760276694317
14448.0 10532852.0 4.130053585870393 0.8221463168193532 0.49571869315157296 -0.9596587984065638 2.3864760276694317
14449.0 10532852.0 4.117457517953846 0.8648413427247419 0.4972423315798496 -0.9596587984065638 2.3864760276694317
14450.0 10532852.0 4.104861450037299 0.9075363686301307 0.498726298405309 -0.9596587984065638 2.3864760276694317
14451.0 10532852.0 4.092265382120751 0.9502313945355194 0.5001767986658897 -0.9596587984065638 2.3864760276694317
14452.0 10532852.0 4.079669314204204 0.9929264204409082 0.5015990668691485 -0.9596587984065638 2.3864760276694317
14453.0 10532852.0 4.067073246287657 1.035621446346297 0.5029975187929798 -0.9596587984065638 2.3864760276694317
14454.0 10532852.0 4.054477178371109 1.0783164722516856 0.504375879543175 -0.9596587984065638 2.3864760276694317
14455.0 10532852.0 4.041881110454562 1.1210114981570745 0.5057372915814895 -0.9596587984065638 2.3864760276694317
14456.0 10532852.0 4.029285042538014 1.163706524062463 0.5070844058570346 -0.9596587984065638 2.3864760276694317
14457.0 10532852.0 4.0166889746214665 1.2064015499678518 0.5084194586838011 -0.9596587984065638 2.3864760276694317
14458.0 10532852.0 4.004092906704919 1.2490965758732404 0.5097443365937652 -0.9596587984065638 2.3864760276694317
14459.0 10532852.0 3.991496838788372 1.2917916017786293 0.5110606310463158 -0.9596587984065638 2.3864760276694317
14460.0 10532852.0 3.9789007708718245 1.334486627684018 0.512369684580577 -0.9596587984065638 2.3864760276694317
14461.0 10532852.0 3.966304702955277 1.3771816535894068 0.5136726297490422 -0.9596587984065638 2.3864760276694317
14462.0 10532852.0 3.95370863503873 1.4198766794947955 0.514970421961597 -0.9596587984065638 2.3864760276694317
14463.0 10532852.0 3.9411125671221825 1.462571705400184 0.5162638671924056 -0.9596587984065638 2.3864760276694317
14464.0 10532852.0 3.928516499205635 1.505266731305573 0.5175536453531612 -0.9596587984065638 2.3864760276694317
14465.0 10532852.0 3.915920431289088 1.5479617572109616 0.5188403300105259 -0.9596587984065638 2.3864760276694317
14466.0 10532852.0 3.9033243633725405 1.5906567831163505 0.5201244050195631 -0.9596587984065638 2.3864760276694317
14467.0 10532852.0 3.8907282954559927 1.6333518090217392 0.5214062785555351 -0.9596587984065638 2.3864760276694317
14468.0 10532852.0 3.8781322275394454 1.6760468349271278 0.5226862949509851 -0.9596587984065638 2.3864760276694317
14469.0 10532852.0 3.865536159622898 1.7187418608325167 0.5239647446813809 -0.9596587984065638 2.3864760276694317
14470.0 10532852.0 3.8529400917063508 1.7614368867379053 0.5252418727889042 -0.9596587984065638 2.3864760276694317
14471.0 10532852.0 3.8403440237898034 1.8041319126432942 0.5265178859886731 -0.9596587984065638 2.3864760276694317
14472.0 10532852.0 3.827747955873256 1.8468269385486829 0.5277929586634809 -0.9596587984065638 2.3864760276694317
14473.0 10532852.0 3.8151518879567083 1.8895219644540715 0.5290672379208969 -0.9596587984065638 2.3864760276694317
14474.0 10532852.0 3.802555820040161 1.9322169903594604 0.5303408478593864 -0.9596587984065638 2.3864760276694317
14475.0 10532852.0 3.7899597521236137 1.974912016264849 0.5316138931671655 -0.9596587984065638 2.3864760276694317
14476.0 10532852.0 3.7773636842070664 2.017607042170238 0.5328864621581597 -0.9596587984065638 2.3864760276694317
14477.0 10532852.0 3.764767616290519 2.0603020680756265 0.5341586293331079 -1.5354540774505023 3.8183616442710906
14478.0 10532852.0 3.704652903737608 2.069761549547821 0.5358277391028183 -1.5354540774505023 3.8183616442710906
14479.0 10532852.0 3.6445381911846972 2.079221031020016 0.5378317056506127 -1.5354540774505023 3.8183616442710906
14480.0 10532852.0 3.600294038303936 2.081281059025651 0.5383303869740705 -1.5354540774505023 3.8183616442710906
14481.0 10532852.0 3.5453052330804926 2.07808866214566 0.5384105424660038 -1.5354540774505023 3.8183616442710906
14482.0 10532852.0 3.4903164278570493 2.0748962652656684 0.5381376337785357 -1.5354540774505023 3.8183616442710906
14483.0 10532852.0 3.435327622633606 2.071703868385677 0.5375668837025868 -1.5354540774505023 3.8183616442710906
14484.0 10532852.0 3.3803388174101627 2.0685114715056856 0.5367448776288116 -1.5354540774505023 3.8183616442710906
14485.0 10532852.0 3.3253500121867194 2.065319074625694 0.5357109145239279 -1.5354540774505023 3.8183616442710906
14486.0 10532852.0 3.270361206963276 2.062126677745703 0.5344981466007512 -1.5354540774505023 3.8183616442710906
14487.0 10532852.0 3.215372401739833 2.0589342808657114 0.5331345407323665 -1.5354540774505023 3.8183616442710906
14488.0 10532852.0 3.193731894698928 2.0606259878847544 0.5319842165452205 -1.5354540774505023 3.8183616442710906
14489.0 10532852.0 3.119328478398634 2.0475362151714336 0.5310138146378859 -1.5354540774505023 3.8183616442710906
14490.0 10532852.0 3.05528108456165 2.041696321913873 0.5313870380432542 -1.5354540774505023 3.8183616442710906
14491.0 10532852.0 3.0252550074097417 2.0353790489130104 0.5317018855518768 -1.5354540774505023 3.8183616442710906
14492.0 10532852.0 2.9441572595303986 2.0235420186827535 0.5319674877415039 -1.5354540774505023 3.8183616442710906
14493.0 10532852.0 2.9331363230740046 2.024453771155729 0.5321915470756347 -1.5354540774505023 3.8183616442710906
14494.0 10532852.0 2.9221153866176106 2.0253655236287047 0.5323805612749588 -1.5354540774505023 3.8183616442710906
14495.0 10532852.0 2.820347621773343 2.0114006944047467 0.5325400117512568 -1.5354540774505023 3.8183616442710906
14496.0 10532852.0 2.7665930785375368 2.005823428374274 0.5326745225683411 -1.5354540774505023 3.8183616442710906
14497.0 10532852.0 2.742279098209876 2.0047679412776156 0.5339798392281115 -1.5354540774505023 3.8183616442710906
14498.0 10532852.0 2.6807058121069733 1.9983566497942906 0.5350809912254972 -1.5354540774505023 3.8183616442710906
14499.0 10532852.0 2.6461978027290467 1.9932706718769015 0.5360099119684224 -1.5354540774505023 3.8183616442710906
14500.0 10532852.0 2.5669782334845292 1.9817584822253118 0.5367935401584317 -1.5354540774505023 3.8183616442710906
14501.0 10532852.0 2.523413580276695 1.9761260274664252 0.5374546010130357 -1.5354540774505023 3.8183616442710906
14502.0 10532852.0 2.49617549851265 1.9742738956631867 0.5380122652970175 -1.5354540774505023 3.8183616442710906
14503.0 10532852.0 2.420465005450541 1.9653553754666002 0.538482705274613 -1.5354540774505023 3.8183616442710906
14504.0 10532852.0 2.3810980299643054 1.9627919757804018 0.5388795637051721 -1.5354540774505023 3.8183616442710906
14505.0 10532852.0 2.337650270839603 1.9605101725489218 0.5392143494831813 -1.5354540774505023 3.8183616442710906
14506.0 10532852.0 2.2888852740438184 1.96043257859354 0.5394967713962027 -1.5354540774505023 3.8183616442710906
14507.0 10532852.0 2.214570490197586 1.9628592606352724 0.539735019679714 -1.5354540774505023 3.8183616442710906
14508.0 10532852.0 2.191480971116019 1.960120429333086 0.5399360035339371 -1.5354540774505023 3.8183616442710906
14509.0 10532852.0 2.1408350253736588 1.9593148420385083 0.5404035126626954 -1.5354540774505023 3.8183616442710906
14510.0 10532852.0 2.090189079631298 1.9585092547439302 0.541095859830723 -1.5354540774505023 3.8183616442710906
14511.0 10532852.0 2.055360299341833 1.955166091453052 0.5413819557617904 -1.5354540774505023 3.8183616442710906
14512.0 10532852.0 2.020531519052368 1.951822928162174 0.5413253422378986 -1.5354540774505023 3.8183616442710906
14513.0 10532852.0 1.977150560467368 1.9481193690304053 0.541277583638906 -1.5354540774505023 3.8183616442710906
14514.0 10532852.0 1.9036684567429276 1.9338047119099926 0.5412372949654416 -1.5354540774505023 3.8183616442710906
14515.0 10532852.0 1.866577828644291 1.9269371015045822 0.541203307845975 -1.5354540774505023 3.8183616442710906
14516.0 10532852.0 1.8294872005456542 1.920069491099172 0.5411746366540418 -1.5354540774505023 3.8183616442710906
14517.0 10532852.0 1.7704315179864685 1.899641220769741 0.5411504499250757 -1.5354540774505023 3.8183616442710906
14518.0 10532852.0 1.7232600567404002 1.888415317532089 0.5411300462439368 -1.5354540774505023 3.8183616442710906
14519.0 10532852.0 1.6779956436774435 1.8819406261385887 0.5411128339038721 -1.5354540774505023 3.8183616442710906
14520.0 10532852.0 1.630571899750141 1.8710312828649267 0.5410983137470197 -1.5354540774505023 3.8183616442710906
14521.0 10532852.0 1.5791818259127899 1.8604834158188026 0.5410860646888308 -1.5354540774505023 3.8183616442710906
14522.0 10532852.0 1.5288516551901496 1.8558981958400351 0.541075731506618 -1.5354540774505023 3.8183616442710906
14523.0 10532852.0 1.4831622532700908 1.8492128989619572 0.5410670145380972 -1.5354540774505023 3.8183616442710906
14524.0 10532852.0 1.4166432320589695 1.8429080369844628 0.5410596609911813 -1.5354540774505023 3.8183616442710906
14525.0 10532852.0 1.3713479262723332 1.8412349834688393 0.5410534576130096 -1.5354540774505023 3.8183616442710906
14526.0 10532852.0 1.3224603059675668 1.8353620428341868 0.5410482245056152 -1.5354540774505023 3.8183616442710906
14527.0 10532852.0 1.2735726856628007 1.8294891021995345 0.5410438099088836 -1.5354540774505023 3.8183616442710906
14528.0 10532852.0 1.211746481030504 1.8283116767584746 0.5410400857995096 -1.5354540774505023 3.8183616442710906
14529.0 10532852.0 1.1718877939117573 1.8239871507562915 0.5410369441783214 -1.5354540774505023 3.8183616442710906
14530.0 10532852.0 1.1320291067930106 1.8196626247541083 0.5410342939383045 -1.5354540774505023 3.8183616442710906
14531.0 10532852.0 1.0816398712364637 1.8146321168457311 0.5410320582224984 -1.5354540774505023 3.8183616442710906
14532.0 10532852.0 1.035657850994469 1.814937781171544 0.5410301721951449 -1.5354540774505023 3.8183616442710906
14533.0 10532852.0 0.993901928297173 1.8110587652602856 0.5398367364732464 -1.5354540774505023 3.8183616442710906
14534.0 10532852.0 0.9435700611236255 1.806477675707588 0.538829966109072 -1.5354540774505023 3.8183616442710906
14535.0 10532852.0 0.8734108875280545 1.8077924380924533 0.5379806647620606 -1.5354540774505023 3.8183616442710906
14536.0 10532852.0 0.8345899835849475 1.8044738400061893 0.537264202693149 -1.5354540774505023 3.8183616442710906
14537.0 10532852.0 0.7784865120231851 1.8066868867361747 0.537851647190543 -1.5354540774505023 3.8183616442710906
14538.0 10532852.0 0.7272308369333167 1.807432777355575 0.5371553647682585 -1.5354540774505023 3.8183616442710906
14539.0 10532852.0 0.6998865134408936 1.805270843622482 0.5353761432360493 -1.5354540774505023 3.8183616442710906
14540.0 10532852.0 0.6236064843209335 1.808237880350391 0.5338752098576856 -1.5354540774505023 3.8183616442710906
14541.0 10532852.0 0.5685567658573913 1.8098743936110426 0.5326090375651946 -1.5354540774505023 3.8183616442710906
14542.0 10532852.0 0.5285731737715027 1.8135967019251156 0.5315409073620944 -1.5354540774505023 3.8183616442710906
14543.0 10532852.0 0.4796892666995415 1.8134521832533868 0.5306398434724948 -1.5354540774505023 3.8183616442710906
14544.0 10532852.0 0.4270959681421069 1.818259087259624 0.5298797150435975 -1.5354540774505023 3.8183616442710906
14545.0 10532852.0 0.38990237447873677 1.820602934887497 0.5298344006950667 -1.5354540774505023 3.8183616442710906
14546.0 10532852.0 0.3527087808153666 1.82294678251537 0.530392096310795 -1.5354540774505023 3.8183616442710906
14547.0 10532852.0 0.32920694656628047 1.8230350639756085 0.529670718031332 -1.5354540774505023 3.8183616442710906
14548.0 10532852.0 0.25296064029883847 1.8261116469186416 0.5278703258865736 -1.5354540774505023 3.8183616442710906
14549.0 10532852.0 0.22891959085074898 1.8259091712776432 0.5275433778807299 -1.5354540774505023 3.8183616442710906
14550.0 10532852.0 0.17594644613421795 1.8295568587226776 0.5272675678334274 -1.5354540774505023 3.8183616442710906
14551.0 10532852.0 0.12321478875056746 1.833943811059749 0.5258430525650901 -1.5354540774505023 3.8183616442710906
14552.0 10532852.0 0.0732088878234336 1.8358043552768424 0.5246413458211404 -1.5354540774505023 3.8183616442710906
14553.0 10532852.0 0.02221960611423157 1.8400897364366278 0.5236275981060038 -1.5354540774505023 3.8183616442710906
14554.0 10532852.0 -0.04110519096238363 1.8446697349031103 0.5227724107359413 -1.5354540774505023 3.8183616442710906
14555.0 10532852.0 -0.079163927467927 1.8477660076731854 0.5208591385890169 -1.5354540774505023 3.8183616442710906
14556.0 10532852.0 -0.12656483433672272 1.8521643940061263 0.519245121461174 -1.5354540774505023 3.8183616442710906
14557.0 10532852.0 -0.1706533402746222 1.8558305723317572 0.5178835528557051 -1.5354540774505023 3.8183616442710906
14558.0 10532852.0 -0.21310291881297094 1.859077977333615 0.5167349472830517 -1.5354540774505023 3.8183616442710906
14559.0 10532852.0 -0.25726051938464933 1.862533593572554 0.516957839869811 -1.5354540774505023 3.8183616442710906
14560.0 10532852.0 -0.29991724605419945 1.865148214489124 0.5171458698127949 -1.5354540774505023 3.8183616442710906
14561.0 10532852.0 -0.3366991782355717 1.872151248409414 0.5173044899803497 -1.5354540774505023 3.8183616442710906
14562.0 10532852.0 -0.3784501945170604 1.8748206812219417 0.5162464556691305 -1.5354540774505023 3.8183616442710906
14563.0 10532852.0 -0.42485974971766427 1.8741065500118508 0.5153539085723161 -1.5354540774505023 3.8183616442710906
14564.0 10532852.0 -0.4666966541304498 1.8819453550053333 0.5134091201358946 -1.5354540774505023 3.8183616442710906
14565.0 10532852.0 -0.4915749712817312 1.881902147034872 0.511768516183414 -1.5354540774505023 3.8183616442710906
14566.0 10532852.0 -0.5164532884330126 1.8818589390644107 0.5103845192002524 -1.5354540774505023 3.8183616442710906
14567.0 10532852.0 -0.5755605584768038 1.8857653516036297 0.5092169932738981 -1.5354540774505023 3.8183616442710906
14568.0 10532852.0 -0.6124294422732202 1.8870732199499993 0.508232080152487 -1.5354540774505023 3.8183616442710906
14569.0 10532852.0 -0.6548794031991598 1.8903232765060178 0.5085930620437021 -1.5354540774505023 3.8183616442710906
14570.0 10532852.0 -0.6957415624182275 1.898428834754656 0.5088975827341846 -1.5354540774505023 3.8183616442710906
14571.0 10532852.0 -0.7334472800476204 1.8998941397341578 0.5091544733239585 -1.5354540774505023 3.8183616442710906
14572.0 10532852.0 -0.7855239675004575 1.9062932944290079 0.5093711836401271 -1.5354540774505023 3.8183616442710906
14573.0 10532852.0 -0.8111784695841617 1.909309057781223 0.5095539982818595 -1.5354540774505023 3.8183616442710906
14574.0 10532852.0 -0.863220670605513 1.9158143338878537 0.5097082188737658 -1.5354540774505023 3.8183616442710906
14575.0 10532852.0 -0.8974842335247679 1.919659835614074 0.5098383178130114 -1.5354540774505023 3.8183616442710906
14576.0 10532852.0 -0.9240445448140429 1.922621742921059 0.5099480679688342 -1.5354540774505023 3.8183616442710906
14577.0 10532852.0 -0.964217925939465 1.9219743447750115 0.508848807407549 -1.5354540774505023 3.8183616442710906
14578.0 10532852.0 -1.0057705537217247 1.9279707468119345 0.5079214822610827 -1.5354540774505023 3.8183616442710906
14579.0 10532852.0 -1.0544557308033726 1.9327951798563994 0.5071392001001878 -1.5354540774505023 3.8183616442710906
14580.0 10532852.0 -1.0900841534207373 1.936270138989032 0.5052874300539941 -1.5354540774505023 3.8183616442710906
14581.0 10532852.0 -1.1306588453183972 1.9357548845580723 0.5025334507911621 -1.5354540774505023 3.8183616442710906
14582.0 10532852.0 -1.1791603396507029 1.9408705764337577 0.5002102216012737 -1.5354540774505023 3.8183616442710906
14583.0 10532852.0 -1.222195626113664 1.9439648455731429 0.49705852414961804 -1.5354540774505023 3.8183616442710906
14584.0 10532852.0 -1.2654848214995826 1.945740337873242 0.4932079392100971 -1.5354540774505023 3.8183616442710906
14585.0 10532852.0 -1.3154578620670174 1.9477162412947682 0.49115146919587316 -1.5354540774505023 3.8183616442710906
14586.0 10532852.0 -1.3533022479752137 1.9487626649059633 0.48941665178832955 -1.5354540774505023 3.8183616442710906
14587.0 10532852.0 -1.3969215964044104 1.9525163665722733 0.48795317728264753 -1.5354540774505023 3.8183616442710906
14588.0 10532852.0 -1.4351326467319623 1.953799990404533 0.48671860491816227 -1.5354540774505023 3.8183616442710906
14589.0 10532852.0 -1.4520838968515997 1.9535618692012555 0.4856771320963037 -1.5354540774505023 3.8183616442710906
14590.0 10532852.0 -1.469035146971237 1.9533237479979781 0.4847985561052379 -1.5354540774505023 3.8183616442710906
14591.0 10532852.0 -1.513807332784029 1.952197409297219 0.48405739824122407 -1.5354540774505023 3.8183616442710906
14592.0 10532852.0 -1.5610577505545138 1.9407821329371917 0.4834321649262057 -1.5354540774505023 3.8183616442710906
14593.0 10532852.0 -1.594290459234491 1.935296766421427 0.4817128797058431 -1.5354540774505023 3.8183616442710906
14594.0 10532852.0 -1.6290779438225187 1.9200381555990427 0.4796665856528478 -1.5354540774505023 3.8183616442710906
14595.0 10532852.0 -1.6638654284105463 1.9047795447766585 0.47734443023968304 -1.5354540774505023 3.8183616442710906
14596.0 10532852.0 -1.6770700761211546 1.898350274472581 0.4753854833034691 -1.5354540774505023 3.8183616442710906
14597.0 10532852.0 -1.7253916231532773 1.8660209391410443 0.47254109069485145 -1.5354540774505023 3.8183616442710906
14598.0 10532852.0 -1.7545079653255022 1.843532425810312 0.47014158971638453 -1.5354540774505023 3.8183616442710906
14599.0 10532852.0 -1.7879888299095572 1.8063477004095059 0.4681173948396928 -1.5354540774505023 3.8183616442710906
14600.0 10532852.0 -1.802585055244718 1.7791085008385967 0.4664098044133521 -1.5354540774505023 3.8183616442710906
14601.0 10532852.0 -1.8138327055056738 1.7612895365250145 0.4649692983149986 -1.5354540774505023 3.8183616442710906
14602.0 10532852.0 -1.833136621930297 1.7199337264797914 0.4637541018677801 -1.5354540774505023 3.8183616442710906
14603.0 10532852.0 -1.8387760202489492 1.6945545227818843 0.4627289743747272 -1.5354540774505023 3.8183616442710906
14604.0 10532852.0 -1.8444154185676014 1.6691753190839773 0.4618641871385414 -1.5354540774505023 3.8183616442710906
14605.0 10532852.0 -1.846328592606107 1.6407074716913312 0.46113466132937325 -1.5354540774505023 3.8183616442710906
14606.0 10532852.0 -1.8482417666446125 1.6122396242986854 0.460519240698757 -1.5354540774505023 3.8183616442710906
14607.0 10532852.0 -1.8501549406831181 1.5837717769060393 0.46000007804840465 -1.5354540774505023 3.8183616442710906
14608.0 10532852.0 -1.8413214430640668 1.5429077940994673 0.45837027297325184 -1.5354540774505023 3.8183616442710906
14609.0 10532852.0 -1.834365384316694 1.517613972429501 0.45610150229817015 -1.5354540774505023 3.8183616442710906
14610.0 10532852.0 -1.8274093255693216 1.4923201507595347 0.4532937066735822 -1.5354540774505023 3.8183616442710906
14611.0 10532852.0 -1.8180768992086613 1.460173115057187 0.4506271173704771 -1.5354540774505023 3.8183616442710906
14612.0 10532852.0 -1.8087444728480013 1.4280260793548394 0.44807964829906477 -1.5354540774505023 3.8183616442710906
14613.0 10532852.0 -1.799666149659019 1.3987664657931436 0.4447387843401211 -1.5354540774505023 3.8183616442710906
14614.0 10532852.0 -1.7956776324568453 1.370237377458674 0.4407286204388367 -1.5354540774505023 3.8183616442710906
14615.0 10532852.0 -1.7873750486068116 1.3348053371907416 0.4373456865302786 -1.5354540774505023 3.8183616442710906
14616.0 10532852.0 -1.7821209975640773 1.3003707122148132 0.4344918775310986 -1.5354540774505023 3.8183616442710906
14617.0 10532852.0 -1.7751911203116382 1.267257327667106 0.4308925882921162 -1.5354540774505023 3.8183616442710906
14618.0 10532852.0 -1.7693132209768516 1.2363576115423245 0.4278562641136051 -1.5354540774505023 3.8183616442710906
14619.0 10532852.0 -1.7596572872541192 1.2007166855337785 0.4252948515943886 -1.5354540774505023 3.8183616442710906
14620.0 10532852.0 -1.752458882553159 1.1711376633213315 0.42194222508320517 -1.5354540774505023 3.8183616442710906
14621.0 10532852.0 -1.743187494144039 1.130247951481009 0.41911398309943465 -1.5354540774505023 3.8183616442710906
14622.0 10532852.0 -1.734346539483749 1.0934717199445474 0.41672810662554777 -1.5354540774505023 3.8183616442710906
14623.0 10532852.0 -1.732540429938368 1.0609832443905818 0.4135235605555975 -1.5354540774505023 3.8183616442710906
14624.0 10532852.0 -1.725205220294659 1.0209607857030154 0.4108202377417596 -1.5354540774505023 3.8183616442710906
14625.0 10532852.0 -1.7184366329331653 0.9862647436211779 0.4085397418224327 -1.5354540774505023 3.8183616442710906
14626.0 10532852.0 -1.7165447256579853 0.9486072924375067 0.40661593841595634 -1.5354540774505023 3.8183616442710906
14627.0 10532852.0 -1.7111164644852728 0.9147003168686698 0.40380119253533847 -1.5354540774505023 3.8183616442710906
14628.0 10532852.0 -1.7061694716092923 0.8809508159087799 0.4014267012382455 -1.5354540774505023 3.8183616442710906
14629.0 10532852.0 -1.70223261620389 0.8556522243994562 0.3994236042770616 -1.5354540774505023 3.8183616442710906
14630.0 10532852.0 -1.6982957607984877 0.8303536328901326 0.39773381183991247 -1.5354540774505023 3.8183616442710906
14631.0 10532852.0 -1.6904563152906527 0.7796508890647885 0.3951164752579166 -1.5354540774505023 3.8183616442710906
14632.0 10532852.0 -1.6829029858706497 0.7530525120336207 0.3929085164584003 -1.5354540774505023 3.8183616442710906
14633.0 10532852.0 -1.6753496564506467 0.7264541350024529 0.3910459046361776 -1.5354540774505023 3.8183616442710906
14634.0 10532852.0 -1.6700464425884192 0.6927051562528567 0.38828277936019984 -1.5354540774505023 3.8183616442710906
14635.0 10532852.0 -1.6586962114842987 0.6622359432556492 0.38595183468566785 -1.5354540774505023 3.8183616442710906
14636.0 10532852.0 -1.649560294366833 0.6209239699383647 0.3839854732170202 -1.5354540774505023 3.8183616442710906
14637.0 10532852.0 -1.6371442746640568 0.5896388925602714 0.3823266704716662 -1.5354540774505023 3.8183616442710906
14638.0 10532852.0 -1.6265025794453998 0.5608037071116928 0.38092732116999045 -1.5354540774505023 3.8183616442710906
14639.0 10532852.0 -1.6123283758756755 0.5324488364543488 0.37855499949404026 -1.5354540774505023 3.8183616442710906
14640.0 10532852.0 -1.59501736857446 0.4995628119426634 0.3765537328034172 -1.5354540774505023 3.8183616442710906
14641.0 10532852.0 -1.5762440162595068 0.4716900098538833 0.3748654843640932 -1.5354540774505023 3.8183616442710906
14642.0 10532852.0 -1.5568080943089024 0.4414974845828513 0.3722494502831238 -1.5354540774505023 3.8183616442710906
14643.0 10532852.0 -1.5389487109529616 0.41626061450368723 0.3700425902603649 -1.5354540774505023 3.8183616442710906
14644.0 10532852.0 -1.5172023168649302 0.38063903374741315 0.36698906066695236 -1.5354540774505023 3.8183616442710906
14645.0 10532852.0 -1.4927591980809367 0.3565204564579234 0.3644131338328815 -1.5354540774505023 3.8183616442710906
14646.0 10532852.0 -1.4696743902464184 0.32770538666234095 0.36224010787996413 -1.5354540774505023 3.8183616442710906
14647.0 10532852.0 -1.4500341491704722 0.3049242703281929 0.36040696505556574 -1.5354540774505023 3.8183616442710906
14648.0 10532852.0 -1.4146031224181257 0.2723051378576167 0.35886054421777874 -1.5354540774505023 3.8183616442710906
14649.0 10532852.0 -1.3924750815570481 0.24871062264522434 0.35755599916230735 -1.5354540774505023 3.8183616442710906
14650.0 10532852.0 -1.3669712739276576 0.2289193546282464 0.35645549808254284 -1.5354540774505023 3.8183616442710906
14651.0 10532852.0 -1.3352981381031837 0.20897995322279736 0.3555271264471721 -1.5354540774505023 3.8183616442710906
14652.0 10532852.0 -1.302451224349188 0.19262933661056633 0.35355211679056514 -1.5354540774505023 3.8183616442710906
14653.0 10532852.0 -1.2795653527591417 0.1797702637853296 0.3512900961767824 -1.5354540774505023 3.8183616442710906
14654.0 10532852.0 -1.2566794811690956 0.16691119096009285 0.3487859560080243 -1.5354540774505023 3.8183616442710906
14655.0 10532852.0 -1.2237287485980268 0.1508775864135534 0.3466734885634989 -1.5354540774505023 3.8183616442710906
14656.0 10532852.0 -1.206023928431424 0.1398299612348539 0.34489143228731495 -1.5354540774505023 3.8183616442710906
14657.0 10532852.0 -1.1545845408621884 0.11623162858335842 0.3421962628592589 -1.5354540774505023 3.8183616442710906
14658.0 10532852.0 -1.119759301965775 0.1048432565610797 0.33873080036591713 -1.5354540774505023 3.8183616442710906
14659.0 10532852.0 -1.096471810696191 0.09185353886759126 0.335807371083187 -1.5354540774505023 3.8183616442710906
14660.0 10532852.0 -1.057220130153676 0.08042006900486318 0.33334119556186925 -1.5354540774505023 3.8183616442710906
14661.0 10532852.0 -1.0081917056594503 0.06438785808745148 0.33006891002364147 -1.5354540774505023 3.8183616442710906
14662.0 10532852.0 -0.9745197949962405 0.05734982985380252 0.32611659818789507 -1.5354540774505023 3.8183616442710906
14663.0 10532852.0 -0.9412231980675139 0.05323873948521038 0.32397431238780183 -1.5354540774505023 3.8183616442710906
14664.0 10532852.0 -0.900730593715199 0.0439708153535385 0.3209752569587506 -1.5354540774505023 3.8183616442710906
14665.0 10532852.0 -0.8693494743590737 0.03943486741245025 0.3184452839815032 -1.5354540774505023 3.8183616442710906
14666.0 10532852.0 -0.8328215627839726 0.0329825495737637 0.31511917955151514 -1.5354540774505023 3.8183616442710906
14667.0 10532852.0 -0.7912548166184243 0.03107515153850307 0.312313311328521 -1.5354540774505023 3.8183616442710906
14668.0 10532852.0 -0.7555526379989692 0.024542710071497803 0.3087544644458498 -1.5354540774505023 3.8183616442710906
14669.0 10532852.0 -0.7241785568121439 0.02433257226964977 0.30575225703210823 -1.5354540774505023 3.8183616442710906
14670.0 10532852.0 -0.6807093560480781 0.021453275829823787 0.30202778038409356 -1.5354540774505023 3.8183616442710906
14671.0 10532852.0 -0.6447207331602638 0.014710902465406434 0.3000776940554218 -1.5354540774505023 3.8183616442710906
14672.0 10532852.0 -0.6125892145158462 0.015188261780953977 0.297240776166153 -1.5354540774505023 3.8183616442710906
14673.0 10532852.0 -0.5845647061569004 0.013970842046249238 0.2948475807857027 -1.5354540774505023 3.8183616442710906
14674.0 10532852.0 -0.5565401977979545 0.012753422311544499 0.2928287052480378 -1.5354540774505023 3.8183616442710906
14675.0 10532852.0 -0.5082565375186061 0.008301154738312805 0.28993375747436173 -1.5354540774505023 3.8183616442710906
14676.0 10532852.0 -0.47392489960834316 0.0073588303723981785 0.28749160866744217 -1.5354540774505023 3.8183616442710906
14677.0 10532852.0 -0.4416210396639644 0.008364725468822914 0.2842395918236742 -1.5354540774505023 3.8183616442710906
14678.0 10532852.0 -0.40903237787229485 0.007525156851078324 0.28030437845458855 -1.5354540774505023 3.8183616442710906
14679.0 10532852.0 -0.3751237324168928 0.008006710756796293 0.276984672060686 -1.5354540774505023 3.8183616442710906
14680.0 10532852.0 -0.3321211188084985 0.009137429869898489 0.2741842011565433 -1.5354540774505023 3.8183616442710906
14681.0 10532852.0 -0.31127542830108434 0.007697379778124097 0.2706299073977361 -1.5354540774505023 3.8183616442710906
14682.0 10532852.0 -0.2683162749172707 0.011412961688285511 0.2676315409534633 -1.5354540774505023 3.8183616442710906
14683.0 10532852.0 -0.23063717622335478 0.009844804645077504 0.26391030450863673 -1.5354540774505023 3.8183616442710906
14684.0 10532852.0 -0.19590070718031294 0.012860494547201257 0.2607711068945606 -1.5354540774505023 3.8183616442710906
14685.0 10532852.0 -0.1582907100509472 0.011081614727171424 0.25812291138042676 -1.5354540774505023 3.8183616442710906
14686.0 10532852.0 -0.11942981469243857 0.010412952358656358 0.25529299795222316 -1.5354540774505023 3.8183616442710906
14687.0 10532852.0 -0.08056891933392996 0.009744289990141292 0.2523097891205319 -1.5354540774505023 3.8183616442710906
14688.0 10532852.0 -0.06573720833522495 0.008927099874061262 0.249197261829234 -1.5354540774505023 3.8183616442710906
14689.0 10532852.0 -0.050905497336519945 0.008109909757981232 0.24597564278688175 -1.5354540774505023 3.8183616442710906
14690.0 10532852.0 -0.011376204617037117 0.008128967543181362 0.24266199504124694 -1.5354540774505023 3.8183616442710906
14691.0 10532852.0 0.02815308810244571 0.008148025328381492 0.23927071280770618 -1.5354540774505023 3.8183616442710906
14692.0 10532852.0 0.06768238082192854 0.008167083113581622 0.2358139389014868 -1.5354540774505023 3.8183616442710906
14693.0 10532852.0 0.10721167354141137 0.008186140898781752 0.23230191687930843 -1.5354540774505023 3.8183616442710906
14694.0 10532852.0 0.14579625099575189 0.006674386074072947 0.22933921044663 -1.5354540774505023 3.8183616442710906
14695.0 10532852.0 0.1621825024414263 0.006809933686201863 0.22683990111690383 -1.5354540774505023 3.8183616442710906
14696.0 10532852.0 0.19532167305478781 0.006844537895513758 0.22413558657546576 -1.5354540774505023 3.8183616442710906
14697.0 10532852.0 0.22846084366814934 0.006879142104825653 0.22125833170061407 -1.5354540774505023 3.8183616442710906
14698.0 10532852.0 0.2616187209027009 0.0023514934981570257 0.22002295313328443 -1.5354540774505023 3.8183616442710906
14699.0 10532852.0 0.3056296562110268 0.003857162318832291 0.2177889555186158 -1.5354540774505023 3.8183616442710906
14700.0 10532852.0 0.3219925625574657 0.003650206437347314 0.2153084552698849 -1.5354540774505023 3.8183616442710906
14701.0 10532852.0 0.33835546890390467 0.003443250555862337 0.21262000787987856 -1.5354540774505023 3.8183616442710906
14702.0 10532852.0 0.4033494933199908 0.0039336713700243164 0.21154390540659293 -1.5354540774505023 3.8183616442710906
14703.0 10532852.0 0.42553133513825725 0.003992301407267779 0.2106361161900985 -1.5354540774505023 3.8183616442710906
14704.0 10532852.0 0.44771317695652363 0.004050931444511241 0.20987031434311693 -1.5354540774505023 3.8183616442710906
14705.0 10532852.0 0.46989501877479006 0.004109561481754703 0.20922429161208575 -1.5354540774505023 3.8183616442710906
14706.0 10532852.0 0.49207686059305644 0.0041681915189981655 0.20867931333780504 -1.5354540774505023 3.8183616442710906
14707.0 10532852.0 0.5142587024113229 0.004226821556241628 0.2082195751503207 -1.5354540774505023 3.8183616442710906
14708.0 10532852.0 0.5364405442295893 0.00428545159348509 0.20783174464219564 -1.5354540774505023 3.8183616442710906
14709.0 10532852.0 0.5586223860478557 0.004344081630728552 0.20750457472869427 -1.5354540774505023 3.8183616442710906
14710.0 10532852.0 0.5808042278661221 0.004402711667972015 0.207228577482325 -1.5354540774505023 3.8183616442710906
14711.0 10532852.0 0.6029860696843885 0.004461341705215477 0.20699574898294318 -1.5354540774505023 3.8183616442710906
14712.0 10532852.0 0.6251679115026549 0.004519971742458939 0.2067993372040667 -1.5354540774505023 3.8183616442710906
14713.0 10532852.0 0.6473497533209214 0.0045786017797024015 0.20663364620410818 -1.5354540774505023 3.8183616442710906
14714.0 10532852.0 0.6593989883803936 0.0020433784269724697 0.2064938709440688 -1.5354540774505023 3.8183616442710906
14715.0 10532852.0 0.6761974020046149 0.001811677854614141 0.2063759579414074 -1.5354540774505023 3.8183616442710906
14716.0 10532852.0 0.6929958058540782 0.0015800170642919775 0.2062764877190468 -1.5354540774505023 3.8183616442710906
14717.0 10532852.0 0.7042116302821094 0.0032893163339967335 0.20619257564053858 -1.5354540774505023 3.8183616442710906
14718.0 10532852.0 0.7174208695960818 0.00294536095228351 0.20612178825560598 -1.5354540774505023 3.8183616442710906
14719.0 10532852.0 0.7328107527360567 0.004926423055807719 0.20606207273008595 -1.5354540774505023 3.8183616442710906
14720.0 10532852.0 0.7327988930609441 0.004926483112599126 0.2060121121088735 -1.5354540774505023 3.8183616442710906
14721.0 10532852.0 0.7327870333858316 0.004926543169390532 0.2059703806267609 -1.5354540774505023 3.8183616442710906
14722.0 10532852.0 0.7327751737107191 0.004926603226181939 0.20593559116357435 -1.5354540774505023 3.8183616442710906
14723.0 10532852.0 0.7327633140356065 0.0049266632829733465 0.2059066579176888 -1.5354540774505023 3.8183616442710906
14724.0 10532852.0 0.7327514543604939 0.004926723339764753 0.20588266491778107 -1.5354540774505023 3.8183616442710906
14725.0 10532852.0 0.7327395946853814 0.00492678339655616 0.2058628394596612 -1.5354540774505023 3.8183616442710906
14726.0 10532852.0 0.7327277350102689 0.004926843453347567 0.20584652969785114 -1.5354540774505023 3.8183616442710906
14727.0 10532852.0 0.7327158753351564 0.0049269035101389734 0.20583318574206586 -1.5354540774505023 3.8183616442710906
14728.0 10532852.0 0.7327040156600438 0.004926963566930381 0.20582234371039498 -1.5354540774505023 3.8183616442710906
14729.0 10532852.0 0.7326921559849313 0.004927023623721787 0.2058136122767275 -1.5354540774505023 3.8183616442710906
14730.0 10532852.0 0.7326802963098188 0.004927083680513194 0.20580666132229447 -1.5354540774505023 3.8183616442710906
14731.0 10532852.0 0.7326684366347062 0.004927143737304601 0.20580121236222476 -1.5354540774505023 3.8183616442710906
14732.0 10532852.0 0.7326565769595936 0.0049272037940960075 0.20579703046948375 -1.5354540774505023 3.8183616442710906
14733.0 10532852.0 0.7326447172844811 0.004927263850887415 0.2057939174619894 -1.5354540774505023 3.8183616442710906
14734.0 10532852.0 0.7326328576093686 0.004927323907678822 0.20579170615533182 -1.5354540774505023 3.8183616442710906
14735.0 10532852.0 0.7326209979342561 0.004927383964470228 0.2057902555144253 -1.5354540774505023 3.8183616442710906
14736.0 10532852.0 0.7326091382591435 0.004927444021261635 0.20578944656349105 -1.5354540774505023 3.8183616442710906
14737.0 10532852.0 0.732597278584031 0.004927504078053042 0.20578917893575935 -1.5354540774505023 3.8183616442710906
14738.0 10532852.0 0.7325854189089185 0.004927564134844449 0.2057893679628334 -1.5354540774505023 3.8183616442710906
14739.0 10532852.0 0.7325735592338058 0.004927624191635856 0.2057899422193058 -1.5354540774505023 3.8183616442710906
14740.0 10532852.0 0.7325616995586933 0.004927684248427263 0.20579084145142165 -1.5354540774505023 3.8183616442710906
14741.0 10532852.0 0.7325498398835808 0.004927744305218669 0.20579201482971976 -1.5354540774505023 3.8183616442710906
14742.0 10532852.0 0.7325379802084683 0.0049278043620100765 0.2057934194749782 -1.5354540774505023 3.8183616442710906
14743.0 10532852.0 0.7325261205333558 0.004927864418801483 0.20579501921471688 -1.5354540774505023 3.8183616442710906
14744.0 10532852.0 0.7325142608582432 0.00492792447559289 0.20579678353419564 -1.5354540774505023 3.8183616442710906
14745.0 10532852.0 0.7325024011831307 0.004927984532384297 0.2057986866914868 -1.5354540774505023 3.8183616442710906
14746.0 10532852.0 0.7324905415080182 0.004928044589175703 0.20580070697095923 -1.5354540774505023 3.8183616442710906
14747.0 10532852.0 0.7324786818329055 0.0049281046459671105 0.20580282605352504 -1.5354540774505023 3.8183616442710906
14748.0 10532852.0 0.732466822157793 0.004928164702758518 0.20580502848538607 -1.5354540774505023 3.8183616442710906
14749.0 10532852.0 0.7324549624826805 0.004928224759549924 0.2058073012298737 -1.5354540774505023 3.8183616442710906
14750.0 10532852.0 0.732443102807568 0.004928284816341331 0.20580963328938554 -1.5354540774505023 3.8183616442710906
14751.0 10532852.0 0.7324312431324554 0.004928344873132738 0.2058120153864548 -1.5354540774505023 3.8183616442710906
14752.0 10532852.0 0.7324193834573429 0.004928404929924145 0.20581443969470395 -1.5354540774505023 3.8183616442710906
14753.0 10532852.0 0.7324075237822304 0.004928464986715552 0.20581689961187966 -1.5354540774505023 3.8183616442710906
14754.0 10532852.0 0.7323956641071179 0.004928525043506959 0.2058193895683874 -1.5354540774505023 3.8183616442710906
14755.0 10532852.0 0.7323838044320052 0.004928585100298365 0.20582190486577334 -1.5354540774505023 3.8183616442710906
14756.0 10532852.0 0.7323719447568927 0.004928645157089772 0.2058244415404691 -1.5354540774505023 3.8183616442710906
14757.0 10532852.0 0.7323600850817802 0.0049287052138811795 0.2058269962488483 -1.5354540774505023 3.8183616442710906
14758.0 10532852.0 0.7323482254066677 0.004928765270672586 0.20582956617026132 -1.5354540774505023 3.8183616442710906
14759.0 10532852.0 0.7323363657315551 0.004928825327463993 0.2058321489252366 -1.5354540774505023 3.8183616442710906
14760.0 10532852.0 0.7323245060564426 0.004928885384255399 0.20583474250647582 -1.5354540774505023 3.8183616442710906
14761.0 10532852.0 0.7323126463813301 0.004928945441046806 0.20583734522064234 -1.5354540774505023 3.8183616442710906
14762.0 10532852.0 0.7323007867062175 0.0049290054978382136 0.20583995563925445 -1.5354540774505023 3.8183616442710906
14763.0 10532852.0 0.7322889270311049 0.00492906555462962 0.20584257255725927 -1.5354540774505023 3.8183616442710906
14764.0 10532852.0 0.7322770673559924 0.004929125611421027 0.20584519495808642 -1.5354540774505023 3.8183616442710906
14765.0 10532852.0 0.7322652076808799 0.004929185668212434 0.2058478219841673 -1.5354540774505023 3.8183616442710906
14766.0 10532852.0 0.7322533480057674 0.0049292457250038405 0.20585045291206563 -1.5354540774505023 3.8183616442710906
14767.0 10532852.0 0.7322414883306548 0.004929305781795248 0.20585308713149794 -1.5354540774505023 3.8183616442710906
14768.0 10532852.0 0.7322296286555423 0.004929365838586655 0.20585572412763517 -1.5354540774505023 3.8183616442710906
14769.0 10532852.0 0.7322177689804298 0.004929425895378061 0.20585836346617276 -1.5354540774505023 3.8183616442710906
14770.0 10532852.0 0.7322059093053171 0.004929485952169468 0.20586100478073568 -1.5354540774505023 3.8183616442710906
14771.0 10532852.0 0.7321940496302046 0.004929546008960875 0.2058636477622537 -1.5354540774505023 3.8183616442710906
14772.0 10532852.0 0.7321821899550921 0.004929606065752282 0.20586629214999824 -1.5354540774505023 3.8183616442710906
14773.0 10532852.0 0.7321703302799796 0.004929666122543689 0.20586893772402134 -1.5354540774505023 3.8183616442710906
14774.0 10532852.0 0.732158470604867 0.004929726179335095 0.2058715842987771 -1.5354540774505023 3.8183616442710906
14775.0 10532852.0 0.7321466109297545 0.004929786236126502 0.20587423171774086 -1.5354540774505023 3.8183616442710906
14776.0 10532852.0 0.732134751254642 0.004929846292917909 0.20587687984887 -1.5354540774505023 3.8183616442710906
14777.0 10532852.0 0.7321228915795295 0.004929906349709316 0.20587952858077466 -1.9032812934348848 3.0570079300618165
14778.0 10532852.0 0.7321110319044168 0.004929966406500723 0.2058821778194875 -1.9032812934348848 3.0570079300618165
14779.0 10532852.0 0.7320991722293043 0.00493002646329213 0.20588482748573866 -1.9032812934348848 3.0570079300618165
