21347.0 10520887.0 0.1621825024414263 0.006809933686201863 0.18288 -0.9780013939100929 0.31954237263611124
21348.0 10520887.0 0.1790614531256043 0.0065508302770796445 0.18288 -0.9780013939100929 0.31954237263611124
21349.0 10520887.0 0.18863633582512157 0.00663437173875657 0.18288 -0.9780013939100929 0.31954237263611124
21350.0 10520887.0 0.19821121852463885 0.006717913200433495 0.18288 -0.9780013939100929 0.31954237263611124
21351.0 10520887.0 0.2282838367720907 0.007696440587013589 0.18288 -0.9780013939100929 0.31954237263611124
21352.0 10520887.0 0.2583564550195425 0.008674967973593684 0.18288 -0.9780013939100929 0.31954237263611124
21353.0 10520887.0 0.2837404279005381 0.004818750517724124 0.18288 -0.9780013939100929 0.31954237263611124
21354.0 10520887.0 0.33354079896419464 0.005016847019603893 0.1857922678144921 -0.9780013939100929 0.31954237263611124
21355.0 10520887.0 0.3833411700278512 0.0052149435214836615 0.1907652333499058 -0.9780013939100929 0.31954237263611124
21356.0 10520887.0 0.4194146113523687 0.0041747045232257834 0.1946772330519084 -0.9780013939100929 0.31954237263611124
21357.0 10520887.0 0.43576619911395625 0.004205327404858877 0.19781870948747204 -0.9780013939100929 0.31954237263611124
21358.0 10520887.0 0.4895207859630958 0.0026447690203522806 0.20037807464992813 -0.9780013939100929 0.31954237263611124
21359.0 10520887.0 0.5059525766967664 0.00264933171686145 0.20248446589790378 -0.9780013939100929 0.31954237263611124
21360.0 10520887.0 0.535190281726063 -1.1758834217060615e-05 0.2042305291412461 -0.9780013939100929 0.31954237263611124
21361.0 10520887.0 0.5644279867553595 -0.002672849385295571 0.20568527131281159 -0.9780013939100929 0.31954237263611124
21362.0 10520887.0 0.5936656917846561 -0.005333939936374082 0.20690167014489663 -0.9780013939100929 0.31954237263611124
21363.0 10520887.0 0.6229033968139527 -0.007995030487452592 0.20792137918733644 -0.9780013939100929 0.31954237263611124
21364.0 10520887.0 0.6596009294716974 -0.009705274150429433 0.21117748249792023 -0.9780013939100929 0.31954237263611124
21365.0 10520887.0 0.6962984621294421 -0.011415517813406273 0.21631066565295928 -0.9780013939100929 0.31954237263611124
21366.0 10520887.0 0.7343715180397635 -0.011316092190524882 0.22063117856975795 -0.9780013939100929 0.31954237263611124
21367.0 10520887.0 0.772444573950085 -0.011216666567643493 0.2242700560251876 -0.9780013939100929 0.31954237263611124
21368.0 10520887.0 0.8105176298604064 -0.011117240944762102 0.22733626164164453 -0.9780013939100929 0.31954237263611124
21369.0 10520887.0 0.8447108601762933 -0.011112399814415407 0.23071631043625318 -0.9780013939100929 0.31954237263611124
21370.0 10520887.0 0.87890409049218 -0.011107558684068713 0.23436128763222994 -0.9780013939100929 0.31954237263611124
21371.0 10520887.0 0.9130973208080668 -0.011102717553722018 0.23822994057534905 -0.9780013939100929 0.31954237263611124
21372.0 10520887.0 0.9472905511239537 -0.011097876423375322 0.24228745250569295 -0.9780013939100929 0.31954237263611124
21373.0 10520887.0 0.9814837814398405 -0.011093035293028628 0.2465044259417685 -0.9780013939100929 0.31954237263611124
21374.0 10520887.0 1.0156770117557272 -0.011088194162681933 0.2508560338292224 -0.9780013939100929 0.31954237263611124
21375.0 10520887.0 1.057674036728697 -0.012113347651486714 0.25452661786640873 -0.9780013939100929 0.31954237263611124
21376.0 10520887.0 1.0996710617016667 -0.013138501140291492 0.25762285236335564 -0.9780013939100929 0.31954237263611124
21377.0 10520887.0 1.1416680866746365 -0.014163654629096273 0.26023466460259825 0.36214911544938283 2.5465782646875845
21378.0 10520887.0 1.1806181723285847 -0.01590640829451681 0.2624378790664873 0.36214911544938283 2.5465782646875845
21379.0 10520887.0 1.1989992865805505 -0.015368924128016728 0.2642964381551461 0.36214911544938283 2.5465782646875845
21380.0 10520887.0 1.2403231743084537 -0.01664048361120103 0.26745344197609155 0.36214911544938283 2.5465782646875845
21381.0 10520887.0 1.281647062036357 -0.017912043094385325 0.2717057810810004 0.36214911544938283 2.5465782646875845
21382.0 10520887.0 1.32297094976426 -0.019183602577569625 0.2768821260615851 0.36214911544938283 2.5465782646875845
21383.0 10520887.0 1.3585009756202449 -0.024598041023040085 0.28124880818577813 0.36214911544938283 2.5465782646875845
21384.0 10520887.0 1.401027335170177 -0.02762468387199213 0.284932479025271 0.36214911544938283 2.5465782646875845
21385.0 10520887.0 1.4485093828102533 -0.027713691870266566 0.28803997571434253 0.36214911544938283 2.5465782646875845
21386.0 10520887.0 1.4709476562237118 -0.02943538410044752 0.29066142206848156 0.36214911544938283 2.5465782646875845
21387.0 10520887.0 1.5231031953263963 -0.03560657774358625 0.2928728438809971 0.36214911544938283 2.5465782646875845
21388.0 10520887.0 1.5518048372018933 -0.03364948760662939 0.2947383746951604 0.36214911544938283 2.5465782646875845
21389.0 10520887.0 1.5950300063343892 -0.03725374742471399 0.2963121162917798 0.36214911544938283 2.5465782646875845
21390.0 10520887.0 1.6127964967015491 -0.03791638448186367 0.2976397080099401 0.36214911544938283 2.5465782646875845
21391.0 10520887.0 1.6305629870687093 -0.03857902153901335 0.2987596505094168 0.36214911544938283 2.5465782646875845
21392.0 10520887.0 1.6777890086058806 -0.04325588896215718 0.3044718035099313 0.36214911544938283 2.5465782646875845
21393.0 10520887.0 1.7150759992519942 -0.04491999111071007 0.3092905171758522 0.36214911544938283 2.5465782646875845
21394.0 10520887.0 1.7688517104276635 -0.04612795112012161 0.31335553485749473 0.36214911544938283 2.5465782646875845
21395.0 10520887.0 1.8080080004763612 -0.047233879959406755 0.316784742460248 0.36214911544938283 2.5465782646875845
21396.0 10520887.0 1.8456877414788633 -0.044703204087036125 0.3196775872402966 0.36214911544938283 2.5465782646875845
21397.0 10520887.0 1.869525612011768 -0.045128463070820996 0.3221179618377638 0.36214911544938283 2.5465782646875845
21398.0 10520887.0 1.9138382288239335 -0.05083834260675149 0.3241766372009248 0.36214911544938283 2.5465782646875845
21399.0 10520887.0 1.9489792148866802 -0.05472099808564648 0.32591331496630904 0.36214911544938283 2.5465782646875845
21400.0 10520887.0 1.9886755726701553 -0.05389958554881624 0.3273783588197283 0.36214911544938283 2.5465782646875845
21401.0 10520887.0 2.0419670618506265 -0.058218477071743324 0.33338163391340286 0.36214911544938283 2.5465782646875845
21402.0 10520887.0 2.074114611368003 -0.06310896423363824 0.33844593631005826 0.36214911544938283 2.5465782646875845
21403.0 10520887.0 2.134205903311761 -0.06672715007412106 0.34271813081137364 0.36214911544938283 2.5465782646875845
21404.0 10520887.0 2.1775091036441805 -0.0728067282525067 0.3463221110772036 0.36214911544938283 2.5465782646875845
21405.0 10520887.0 2.1976640354447987 -0.07635067775491144 0.3541297713276971 0.36214911544938283 2.5465782646875845
21406.0 10520887.0 2.219380301743951 -0.07701658297663692 0.36071623491983895 0.36214911544938283 2.5465782646875845
21407.0 10520887.0 2.2410965680431034 -0.0776824881983624 0.3662725093085342 0.36214911544938283 2.5465782646875845
21408.0 10520887.0 2.276900855168348 -0.08388290670653048 0.3709597264574985 0.36214911544938283 2.5465782646875845
21409.0 10520887.0 2.335387026936351 -0.08697535151688349 0.37491381566791976 0.36214911544938283 2.5465782646875845
21410.0 10520887.0 2.3709069461671195 -0.08969469441884684 0.37824944552922257 0.36214911544938283 2.5465782646875845
21411.0 10520887.0 2.408721082085628 -0.09082655431960493 0.3810633493087787 0.36214911544938283 2.5465782646875845
21412.0 10520887.0 2.447199754924685 -0.09264247076337964 0.3882045089724399 0.36214911544938283 2.5465782646875845
21413.0 10520887.0 2.47844133543836 -0.09758581752405385 0.39422871939403137 0.36214911544938283 2.5465782646875845
21414.0 10520887.0 2.5213113196789765 -0.09955007119558282 0.39931068267668673 0.36214911544938283 2.5465782646875845
21415.0 10520887.0 2.5638021379248594 -0.10267529166565667 0.40359777575614775 0.36214911544938283 2.5465782646875845
21416.0 10520887.0 2.5933158720338145 -0.10203085922909924 0.4072143243320458 0.36214911544938283 2.5465782646875845
21417.0 10520887.0 2.6498530718595066 -0.10401729432066023 0.4102652083132783 0.36214911544938283 2.5465782646875845
21418.0 10520887.0 2.686440089823267 -0.10509760839091467 0.4176062820885722 0.36214911544938283 2.5465782646875845
21419.0 10520887.0 2.7264348509073364 -0.10226707854342329 0.42379913804413155 0.36214911544938283 2.5465782646875845
21420.0 10520887.0 2.7609846974200862 -0.097074768116619 0.4290233690027887 0.36214911544938283 2.5465782646875845
21421.0 10520887.0 2.7909831477964966 -0.09086379657396007 0.4334304776624175 0.36214911544938283 2.5465782646875845
21422.0 10520887.0 2.825352185801637 -0.08105634438045642 0.4371482701741908 0.36214911544938283 2.5465782646875845
21423.0 10520887.0 2.8528931324672526 -0.07135610828740405 0.4402845625209762 0.36214911544938283 2.5465782646875845
21424.0 10520887.0 2.8804340791328684 -0.061655872194351674 0.4429303071808463 0.36214911544938283 2.5465782646875845
21425.0 10520887.0 2.9122512271875065 -0.04307155210065475 0.44516223074894673 0.36214911544938283 2.5465782646875845
21426.0 10520887.0 2.9335503701139993 -0.030866344194769774 0.4470450590087581 0.36214911544938283 2.5465782646875845
21427.0 10520887.0 2.9742087631158842 0.009363547291720148 0.4486333939798184 0.36214911544938283 2.5465782646875845
21428.0 10520887.0 3.0009203287253534 0.04223084500389482 0.44997329737629027 0.36214911544938283 2.5465782646875845
21429.0 10520887.0 3.027137014617492 0.07222249521317589 0.45110362639667273 0.36214911544938283 2.5465782646875845
21430.0 10520887.0 3.0449994602540302 0.10926337227612945 0.4520571605825576 0.36214911544938283 2.5465782646875845
21431.0 10520887.0 3.068860298067918 0.1497198085299641 0.45762893117815695 0.36214911544938283 2.5465782646875845
21432.0 10520887.0 3.080713353334004 0.1844000831019222 0.46232922077792005 0.36214911544938283 2.5465782646875845
21433.0 10520887.0 3.1036544464424685 0.239992413563438 0.4662943377802412 0.36214911544938283 2.5465782646875845
21434.0 10520887.0 3.1063511514832394 0.2629426595215032 0.46963927057818833 0.36214911544938283 2.5465782646875845
21435.0 10520887.0 3.1239953602786654 0.3186285741465763 0.4724610222229023 0.36214911544938283 2.5465782646875845
21436.0 10520887.0 3.1366419671916326 0.35737202893173536 0.47484142351208014 0.36214911544938283 2.5465782646875845
21437.0 10520887.0 3.1380402697267638 0.394296793760356 0.47684950608310805 0.36214911544938283 2.5465782646875845
21438.0 10520887.0 3.1442031227711853 0.4137208980518923 0.4809271937069546 0.36214911544938283 2.5465782646875845
21439.0 10520887.0 3.150365975815607 0.4331450023434287 0.4867507793247112 0.36214911544938283 2.5465782646875845
21440.0 10520887.0 3.1594952307270896 0.494297174673204 0.4916634975428843 0.36214911544938283 2.5465782646875845
21441.0 10520887.0 3.1621924808743715 0.536288341104946 0.4958078171898009 0.36214911544938283 2.5465782646875845
21442.0 10520887.0 3.166072295054665 0.5808139186423523 0.4993039235352216 0.36214911544938283 2.5465782646875845
21443.0 10520887.0 3.1713893358369614 0.613422346432102 0.5022532036631638 0.36214911544938283 2.5465782646875845
21444.0 10520887.0 3.179694676787954 0.6579051369849243 0.5047411866973377 0.36214911544938283 2.5465782646875845
21445.0 10520887.0 3.1819196522238373 0.6957283109276708 0.5068400241457344 0.36214911544938283 2.5465782646875845
21446.0 10520887.0 3.1877203382392754 0.7314497493502273 0.5086105822943573 0.36214911544938283 2.5465782646875845
21447.0 10520887.0 3.190601270194448 0.7729137747875534 0.5101042073295166 0.36214911544938283 2.5465782646875845
21448.0 10520887.0 3.198114326941562 0.8149684450406159 0.5113642143772318 0.36214911544938283 2.5465782646875845
21449.0 10520887.0 3.201384268293433 0.8549037120191005 0.5171945223947036 0.36214911544938283 2.5465782646875845
21450.0 10520887.0 3.207632159195968 0.8903623844873222 0.522112911561622 0.36214911544938283 2.5465782646875845
21451.0 10520887.0 3.212562524411296 0.9625812012134216 0.5262620151638273 0.36214911544938283 2.5465782646875845
21452.0 10520887.0 3.2189484396940307 0.9984621077889031 0.5297621572057837 0.36214911544938283 2.5465782646875845
21453.0 10520887.0 3.2259631065832113 1.031509392242723 0.5327148418067077 0.36214911544938283 2.5465782646875845
21454.0 10520887.0 3.232977773472392 1.064556676696543 0.5352056968200263 0.36214911544938283 2.5465782646875845
21455.0 10520887.0 3.237627566189317 1.1012379745702667 0.5373069570411256 0.36214911544938283 2.5465782646875845
21456.0 10520887.0 3.242277358906242 1.1379192724439904 0.5390795590164176 0.36214911544938283 2.5465782646875845
21457.0 10520887.0 3.259720270890946 1.1995118480402447 0.5405749082031857 0.36214911544938283 2.5465782646875845
21458.0 10520887.0 3.2662842178022213 1.24409595897223 0.5418363697278461 0.36214911544938283 2.5465782646875845
21459.0 10520887.0 3.275142070199415 1.2902675962362344 0.5429005259746141 0.36214911544938283 2.5465782646875845
21460.0 10520887.0 3.2875526605997356 1.334812205368401 0.543798237474646 0.36214911544938283 2.5465782646875845
21461.0 10520887.0 3.2991838302574488 1.3965497574454107 0.5445555378614425 0.36214911544938283 2.5465782646875845
21462.0 10520887.0 3.305748118200821 1.4411337971115896 0.5451943888462208 0.36214911544938283 2.5465782646875845
21463.0 10520887.0 3.3112689933545374 1.4852407452231897 0.5457333171075396 0.36214911544938283 2.5465782646875845
21464.0 10520887.0 3.319432447039949 1.5211255485286246 0.546187951564977 0.36214911544938283 2.5465782646875845
21465.0 10520887.0 3.3275959007253606 1.5570103518340594 0.5465714766177987 0.36214911544938283 2.5465782646875845
21466.0 10520887.0 3.331280870496805 1.5982121319242137 0.5468950144925366 0.36214911544938283 2.5465782646875845
21467.0 10520887.0 3.343229684241323 1.637533918979084 0.551935326540375 0.36214911544938283 2.5465782646875845
21468.0 10520887.0 3.348982557991147 1.6850697017485314 0.5561872830578842 0.36214911544938283 2.5465782646875845
21469.0 10520887.0 3.3531214697940293 1.7358191866478505 0.5597741907840721 0.36214911544938283 2.5465782646875845
21470.0 10520887.0 3.360965446865573 1.7734437623763977 0.562800070042998 0.36214911544938283 2.5465782646875845
21471.0 10520887.0 3.362391619843435 1.8131634616173675 0.565352671333171 0.36214911544938283 2.5465782646875845
21472.0 10520887.0 3.366550061686647 1.8585330090631087 0.5675060200920059 0.36214911544938283 2.5465782646875845
21473.0 10520887.0 3.3697781187152627 1.901052224336156 0.569322563433509 0.36214911544938283 2.5465782646875845
21474.0 10520887.0 3.37030945200779 1.9554327109839431 0.5708549811145838 0.36214911544938283 2.5465782646875845
21475.0 10520887.0 3.3750304288464896 2.0014364009291197 0.5721477132479815 0.36214911544938283 2.5465782646875845
21476.0 10520887.0 3.376375071195171 2.0545000780347986 0.5732382490655707 0.36214911544938283 2.5465782646875845
21477.0 10520887.0 3.3786885558798456 2.09965431907979 0.5741582141060615 0.36214911544938283 2.5465782646875845
21478.0 10520887.0 3.3770007326770477 2.1434280617179424 0.579701666108445 0.36214911544938283 2.5465782646875845
21479.0 10520887.0 3.3813419691489024 2.186635354091973 0.5843780664279734 0.36214911544938283 2.5465782646875845
21480.0 10520887.0 3.385732164815667 2.265339459222145 0.588323030673913 0.36214911544938283 2.5465782646875845
21481.0 10520887.0 3.386107997985344 2.3089068520700993 0.5916509628093961 0.36214911544938283 2.5465782646875845
21482.0 10520887.0 3.3892996871253573 2.3314621810300498 0.5944583728663517 0.36214911544938283 2.5465782646875845
21483.0 10520887.0 3.3924913762653706 2.3540175099900007 0.5968266757364314 0.36214911544938283 2.5465782646875845
21484.0 10520887.0 3.3986787401196414 2.397439895828062 0.6035919309556846 0.36214911544938283 2.5465782646875845
21485.0 10520887.0 3.406451586599627 2.445718324260317 0.6092990321726527 0.36214911544938283 2.5465782646875845
21486.0 10520887.0 3.4171668767797945 2.4894147419917094 0.6141134853226277 0.36214911544938283 2.5465782646875845
21487.0 10520887.0 3.4236018680734173 2.5417513514027354 0.6181749095469589 0.36214911544938283 2.5465782646875845
21488.0 10520887.0 3.436197289964496 2.5857685069056022 0.6216010861481518 0.36214911544938283 2.5465782646875845
21489.0 10520887.0 3.4588254154846876 2.649640297009918 0.6244913742476411 0.36214911544938283 2.5465782646875845
21490.0 10520887.0 3.4652704292031693 2.6693812314138827 0.6269295922003121 0.36214911544938283 2.5465782646875845
21491.0 10520887.0 3.4861095667049122 2.7168983854507385 0.6289864483267921 0.36214911544938283 2.5465782646875845
21492.0 10520887.0 3.515326897819648 2.7792030542865716 0.630721591454749 0.36214911544938283 2.5465782646875845
21493.0 10520887.0 3.532681692164555 2.82692323749657 0.6369527194877106 0.36214911544938283 2.5465782646875845
21494.0 10520887.0 3.5613004695320445 2.8710828204150585 0.6422092363858158 0.36214911544938283 2.5465782646875845
21495.0 10520887.0 3.5867608481754365 2.906928082440944 0.6466435811391097 0.36214911544938283 2.5465782646875845
21496.0 10520887.0 3.625718753869429 2.967805076890626 0.6503843497454377 0.36214911544938283 2.5465782646875845
21497.0 10520887.0 3.6361646805791317 2.9889266681569224 0.6535400244943834 0.36214911544938283 2.5465782646875845
21498.0 10520887.0 3.6539562483550365 3.0162362960645166 0.6585858093300747 0.36214911544938283 2.5465782646875845
21499.0 10520887.0 3.6717478161309414 3.0435459239721108 0.6652260720127466 0.36214911544938283 2.5465782646875845
21500.0 10520887.0 3.696007598763382 3.083871890832762 0.6708277307837882 0.36214911544938283 2.5465782646875845
21501.0 10520887.0 3.7187320281315133 3.1249327522190993 0.6755532337475596 0.36214911544938283 2.5465782646875845
21502.0 10520887.0 3.733962007411331 3.1525530093949476 0.6843069992428271 0.36214911544938283 2.5465782646875845
21503.0 10520887.0 3.759659518742577 3.21495558044868 0.6916915877161366 0.36214911544938283 2.5465782646875845
21504.0 10520887.0 3.762886568800867 3.238433904538891 0.697921152233214 0.36214911544938283 2.5465782646875845
21505.0 10520887.0 3.7755003309423323 3.2770714631167714 0.7031763501650548 0.36214911544938283 2.5465782646875845
21506.0 10520887.0 3.778138588953751 3.339525707653013 0.707609582251682 0.36214911544938283 2.5465782646875845
21507.0 10520887.0 3.7821366530475116 3.3816769248411656 0.7113494122236081 0.36214911544938283 2.5465782646875845
21508.0 10520887.0 3.777283839812813 3.4048726353096512 0.7145042951500189 0.36214911544938283 2.5465782646875845
21509.0 10520887.0 3.767978034380284 3.4785859736636104 0.7171657226357802 0.36214911544938283 2.5465782646875845
21510.0 10520887.0 3.7630839411562675 3.521771247341528 0.719410876077979 0.36214911544938283 2.5465782646875845
21511.0 10520887.0 3.758745491842544 3.5499391786805097 0.7213048649264393 0.36214911544938283 2.5465782646875845
21512.0 10520887.0 3.75440704252882 3.578107110019491 0.7229026148577663 0.36214911544938283 2.5465782646875845
21513.0 10520887.0 3.737588804258592 3.6570771708388037 0.7242504606199686 0.36214911544938283 2.5465782646875845
21514.0 10520887.0 3.726801073624319 3.7096633196182833 0.7253874897401499 0.36214911544938283 2.5465782646875845
21515.0 10520887.0 3.7163802296275215 3.762012966351851 0.7263466760627956 0.36214911544938283 2.5465782646875845
21516.0 10520887.0 3.711194608539534 3.811368407814844 0.7271558359912623 0.36214911544938283 2.5465782646875845
21517.0 10520887.0 3.698177588159929 3.8693554988889893 0.7278384351634757 0.36214911544938283 2.5465782646875845
21518.0 10520887.0 3.6898972286749148 3.9173851455163438 0.7284142689554298 0.36214911544938283 2.5465782646875845
21519.0 10520887.0 3.6826696241650474 3.9632020155256558 0.7289000365470915 0.36214911544938283 2.5465782646875845
21520.0 10520887.0 3.6734154756842097 4.010965663822511 0.7293098251986188 0.36214911544938283 2.5465782646875845
21521.0 10520887.0 3.6666387992182914 4.088060081565614 0.7296555187809061 0.36214911544938283 2.5465782646875845
21522.0 10520887.0 3.660790852598492 4.138099516358566 0.7299471424078396 0.36214911544938283 2.5465782646875845
21523.0 10520887.0 3.651851398338689 4.1909007753421745 0.7301931531646005 0.36214911544938283 2.5465782646875845
21524.0 10520887.0 3.6458787996061437 4.241915622338242 0.7304006853631348 0.36214911544938283 2.5465782646875845
21525.0 10520887.0 3.6448035216882886 4.242483143682472 0.7305585259477321 0.36214911544938283 2.5465782646875845
21526.0 10520887.0 3.6437282437704335 4.243050665026703 0.7306744471869118 0.36214911544938283 2.5465782646875845
21527.0 10520887.0 3.642652965852578 4.2436181863709335 0.7307550056881764 0.36214911544938283 2.5465782646875845
21528.0 10520887.0 3.641577687934723 4.244185707715164 0.730805732539629 0.36214911544938283 2.5465782646875845
21529.0 10520887.0 3.6405024100168677 4.244753229059395 0.7308312937115278 0.36214911544938283 2.5465782646875845
21530.0 10520887.0 3.6394271320990126 4.245320750403625 0.7308356253694243 0.36214911544938283 2.5465782646875845
21531.0 10520887.0 3.6383518541811575 4.245888271747855 0.7308220480229636 0.36214911544938283 2.5465782646875845
21532.0 10520887.0 3.6372765762633024 4.246455793092086 0.7307933628206646 0.36214911544938283 2.5465782646875845
21533.0 10520887.0 3.636201298345447 4.2470233144363165 0.7307519327832271 0.36214911544938283 2.5465782646875845
21534.0 10520887.0 3.6351260204275917 4.247590835780547 0.7306997513311316 0.36214911544938283 2.5465782646875845
21535.0 10520887.0 3.6340507425097366 4.248158357124778 0.7306385000938336 0.36214911544938283 2.5465782646875845
21536.0 10520887.0 3.6329754645918815 4.248725878469008 0.7305695976770176 0.36214911544938283 2.5465782646875845
21537.0 10520887.0 3.6319001866740264 4.249293399813238 0.7304942408021622 0.36214911544938283 2.5465782646875845
21538.0 10520887.0 3.6308249087561713 4.249860921157469 0.7304134390114629 0.36214911544938283 2.5465782646875845
21539.0 10520887.0 3.6297496308383157 4.2504284425017 0.7303280439445559 0.36214911544938283 2.5465782646875845
21540.0 10520887.0 3.6286743529204606 4.25099596384593 0.7302387740360669 0.36214911544938283 2.5465782646875845
21541.0 10520887.0 3.6275990750026055 4.251563485190161 0.730146235350216 0.36214911544938283 2.5465782646875845
21542.0 10520887.0 3.6265237970847504 4.252131006534391 0.73005093915668 0.36214911544938283 2.5465782646875845
21543.0 10520887.0 3.6254485191668953 4.252698527878621 0.7299533167574124 0.36214911544938283 2.5465782646875845
21544.0 10520887.0 3.62437324124904 4.2532660492228525 0.7298537319944007 0.36214911544938283 2.5465782646875845
21545.0 10520887.0 3.6232979633311846 4.253833570567083 0.729752491801084 0.36214911544938283 2.5465782646875845
21546.0 10520887.0 3.6222226854133295 4.254401091911313 0.7296498551034223 0.36214911544938283 2.5465782646875845
21547.0 10520887.0 3.6211474074954744 4.254968613255544 0.7295460403287496 0.36214911544938283 2.5465782646875845
21548.0 10520887.0 3.6200721295776193 4.255536134599774 0.7294412317401667 0.36214911544938283 2.5465782646875845
21549.0 10520887.0 3.618996851659764 4.256103655944004 0.7293355847801711 0.36214911544938283 2.5465782646875845
21550.0 10520887.0 3.617921573741909 4.2566711772882355 0.7292292305784891 0.36214911544938283 2.5465782646875845
21551.0 10520887.0 3.6168462958240535 4.257238698632466 0.7291222797548381 0.36214911544938283 2.5465782646875845
21552.0 10520887.0 3.6157710179061984 4.257806219976696 0.7290148256268986 0.36214911544938283 2.5465782646875845
21553.0 10520887.0 3.6146957399883433 4.258373741320927 0.7289069469165265 0.36214911544938283 2.5465782646875845
21554.0 10520887.0 3.613620462070488 4.258941262665157 0.7287987100326874 0.36214911544938283 2.5465782646875845
21555.0 10520887.0 3.612545184152633 4.2595087840093875 0.7286901709973161 0.36214911544938283 2.5465782646875845
21556.0 10520887.0 3.611469906234778 4.260076305353619 0.7285813770699533 0.36214911544938283 2.5465782646875845
21557.0 10520887.0 3.6103946283169224 4.260643826697849 0.7284723681182715 0.36214911544938283 2.5465782646875845
21558.0 10520887.0 3.6093193503990673 4.261211348042079 0.7283631777742383 0.36214911544938283 2.5465782646875845
21559.0 10520887.0 3.608244072481212 4.26177886938631 0.728253834409443 0.36214911544938283 2.5465782646875845
21560.0 10520887.0 3.607168794563357 4.26234639073054 0.7281443619578729 0.36214911544938283 2.5465782646875845
21561.0 10520887.0 3.606093516645502 4.2629139120747706 0.7280347806099986 0.36214911544938283 2.5465782646875845
21562.0 10520887.0 3.605018238727647 4.263481433419002 0.7279251073982981 0.36214911544938283 2.5465782646875845
21563.0 10520887.0 3.6039429608097913 4.264048954763232 0.7278153566911982 0.36214911544938283 2.5465782646875845
21564.0 10520887.0 3.602867682891936 4.264616476107462 0.7277055406097594 0.36214911544938283 2.5465782646875845
21565.0 10520887.0 3.601792404974081 4.265183997451693 0.7275956693791863 0.36214911544938283 2.5465782646875845
21566.0 10520887.0 3.600717127056226 4.265751518795923 0.7274857516253583 0.36214911544938283 2.5465782646875845
21567.0 10520887.0 3.599641849138371 4.266319040140154 0.7273757946249809 0.36214911544938283 2.5465782646875845
21568.0 10520887.0 3.5985665712205153 4.266886561484385 0.7272658045166093 0.36214911544938283 2.5465782646875845
21569.0 10520887.0 3.59749129330266 4.267454082828615 0.727155786478667 0.36214911544938283 2.5465782646875845
21570.0 10520887.0 3.596416015384805 4.268021604172845 0.7270457448796199 0.36214911544938283 2.5465782646875845
21571.0 10520887.0 3.59534073746695 4.268589125517076 0.7269356834046621 0.36214911544938283 2.5465782646875845
21572.0 10520887.0 3.594265459549095 4.2691566468613065 0.7268256051625859 0.36214911544938283 2.5465782646875845
21573.0 10520887.0 3.5931901816312397 4.269724168205537 0.7267155127759374 0.36214911544938283 2.5465782646875845
21574.0 10520887.0 3.592114903713384 4.270291689549768 0.7266054084570701 0.36214911544938283 2.5465782646875845
21575.0 10520887.0 3.591039625795529 4.270859210893998 0.7264952940723031 0.36214911544938283 2.5465782646875845
21576.0 10520887.0 3.589964347877674 4.271426732238228 0.7263851711960443 0.36214911544938283 2.5465782646875845
21577.0 10520887.0 3.588889069959819 4.271994253582459 0.7262750411564486 0.36214911544938283 2.5465782646875845
21578.0 10520887.0 3.5878137920419637 4.2725617749266895 0.7261649050739339 0.36214911544938283 2.5465782646875845
21579.0 10520887.0 3.5867385141241086 4.27312929627092 0.7260547638936737 0.36214911544938283 2.5465782646875845
21580.0 10520887.0 3.585663236206253 4.273696817615151 0.7259446184130066 0.36214911544938283 2.5465782646875845
21581.0 10520887.0 3.584587958288398 4.274264338959381 0.7258344693045595 0.36214911544938283 2.5465782646875845
21582.0 10520887.0 3.583512680370543 4.274831860303611 0.7257243171357537 0.36214911544938283 2.5465782646875845
21583.0 10520887.0 3.5824374024526877 4.275399381647842 0.7256141623852601 0.36214911544938283 2.5465782646875845
21584.0 10520887.0 3.5813621245348326 4.275966902992073 0.7255040054568807 0.36214911544938283 2.5465782646875845
