30725.0 10961435.0 -4.125864846396114 -0.10119667405775937 0.63246 4.113242484253095 0.13689826929303872
30726.0 10961435.0 -4.072584544461185 -0.09585618275593624 0.6249154238881905 4.113242484253095 0.13689826929303872
30727.0 10961435.0 -3.994414805892913 -0.08884907668476241 0.6248773551676544 4.113242484253095 0.13689826929303872
30728.0 10961435.0 -3.9559289420028043 -0.0871062550053113 0.6248643557606149 4.113242484253095 0.13689826929303872
30729.0 10961435.0 -3.9174430781126954 -0.08536343332586019 0.6248576876188796 4.113242484253095 0.13689826929303872
30730.0 10961435.0 -3.8429246430846673 -0.08095707777779318 0.6230826033720266 4.113242484253095 0.13689826929303872
30731.0 10961435.0 -3.795876480787114 -0.07836526742267128 0.6218676543968236 4.113242484253095 0.13689826929303872
30732.0 10961435.0 -3.7821027324751544 -0.07428614477012388 0.6202514500211039 4.113242484253095 0.13689826929303872
30733.0 10961435.0 -3.768328984163195 -0.07020702211757648 0.6183300263254335 4.113242484253095 0.13689826929303872
30734.0 10961435.0 -3.6629209586418323 -0.06194814357721548 0.6168185320527796 4.113242484253095 0.13689826929303872
30735.0 10961435.0 -3.5781639824591487 -0.06737613615028684 0.6143234573718355 4.113242484253095 0.13689826929303872
30736.0 10961435.0 -3.5256799148784816 -0.06445894485116846 0.6122907166057922 4.113242484253095 0.13689826929303872
30737.0 10961435.0 -3.470823199768283 -0.062434918781204246 0.6093813558207093 4.113242484253095 0.13689826929303872
30738.0 10961435.0 -3.3928309205324414 -0.05758405955464321 0.60696968233254 4.113242484253095 0.13689826929303872
30739.0 10961435.0 -3.3960328091069636 -0.0592234766725849 0.6037461688932807 4.113242484253095 0.13689826929303872
30740.0 10961435.0 -3.281632918133531 -0.04899532629169104 0.6010507923108408 4.113242484253095 0.13689826929303872
30741.0 10961435.0 -3.2848002255999473 -0.05052925285924639 0.5975881281656265 4.113242484253095 0.13689826929303872
30742.0 10961435.0 -3.225947813964085 -0.04443645949099309 0.5946800941238418 4.113242484253095 0.13689826929303872
30743.0 10961435.0 -3.181699103253546 -0.04156733549593364 0.5916359245841946 4.113242484253095 0.13689826929303872
30744.0 10961435.0 -3.1374503925430073 -0.038698211500874186 0.5884757492904157 4.113242484253095 0.13689826929303872
30745.0 10961435.0 -3.1179180950665764 -0.03737912427057469 0.58342468867732 4.113242484253095 0.13689826929303872
30746.0 10961435.0 -3.063097031817101 -0.035457497753187545 0.5791685435856987 4.113242484253095 0.13689826929303872
30747.0 10961435.0 -2.94691367174173 -0.027911584537367334 0.5743877236352913 4.113242484253095 0.13689826929303872
30748.0 10961435.0 -2.897598489145472 -0.026523839335622773 0.5703570108377339 4.113242484253095 0.13689826929303872
30749.0 10961435.0 -2.839576291318312 -0.022960853450594648 0.5669581453692116 4.113242484253095 0.13689826929303872
30750.0 10961435.0 -2.756505773314527 -0.017779372329001092 0.5617069975424409 4.113242484253095 0.13689826929303872
30751.0 10961435.0 -2.7816233434499518 -0.01960847902596133 0.5560858890254659 4.113242484253095 0.13689826929303872
30752.0 10961435.0 -2.644759043636901 -0.016722657475330444 0.5513446837768008 4.113242484253095 0.13689826929303872
30753.0 10961435.0 -2.6200540328303417 -0.014524438116618438 0.5461534399067896 4.113242484253095 0.13689826929303872
30754.0 10961435.0 -2.571568427871762 -0.01566745697263397 0.5417744887127681 4.113242484253095 0.13689826929303872
30755.0 10961435.0 -2.51189958613869 -0.015211448688416312 0.5380806475857899 4.113242484253095 0.13689826929303872
30756.0 10961435.0 -2.4307195084091955 -0.016885950851585757 0.5349646792646419 4.113242484253095 0.13689826929303872
30757.0 10961435.0 -2.379688764406949 -0.01839314043569687 0.5323361511126343 4.113242484253095 0.13689826929303872
30758.0 10961435.0 -2.35161977153144 -0.022202105453398208 0.5301187940587654 4.113242484253095 0.13689826929303872
30759.0 10961435.0 -2.2986550564879957 -0.027028867669413176 0.5282482796825462 4.113242484253095 0.13689826929303872
30760.0 10961435.0 -2.198019477966077 -0.042544006213740465 0.5266703480194573 4.113242484253095 0.13689826929303872
30761.0 10961435.0 -2.1451326446686663 -0.0549388371759392 0.5253392300178071 4.113242484253095 0.13689826929303872
30762.0 10961435.0 -2.079749982222091 -0.07095379113671732 0.5242163178325037 4.113242484253095 0.13689826929303872
30763.0 10961435.0 -2.0628986191451935 -0.07646652965717651 0.5232690437545546 4.113242484253095 0.13689826929303872
30764.0 10961435.0 -2.024437091393721 -0.08788011069704302 0.5224699348812474 4.113242484253095 0.13689826929303872
30765.0 10961435.0 -1.9859755636422485 -0.09929369173690952 0.5217958158819338 4.113242484253095 0.13689826929303872
30766.0 10961435.0 -1.9187703694409977 -0.12127786961450673 0.5212271366012489 4.113242484253095 0.13689826929303872
30767.0 10961435.0 -1.8986087641708052 -0.12787297926891725 0.5207474049171861 4.113242484253095 0.13689826929303872
30768.0 10961435.0 -1.8784471589006129 -0.13446808892332776 0.5203427083570462 4.113242484253095 0.13689826929303872
30769.0 10961435.0 -1.7788307984037883 -0.16938947930019524 0.5200013105681833 4.113242484253095 0.13689826929303872
30770.0 10961435.0 -1.6911909478451401 -0.208337057082034 0.5209051561950031 4.113242484253095 0.13689826929303872
30771.0 10961435.0 -1.728267528611476 -0.18861546426031797 0.52166763109255 4.113242484253095 0.13689826929303872
30772.0 10961435.0 -1.6011430788868595 -0.2480709186857283 0.5223108471363371 4.113242484253095 0.13689826929303872
30773.0 10961435.0 -1.5769225152257043 -0.2582124714559192 0.5216616127552348 4.113242484253095 0.13689826929303872
30774.0 10961435.0 -1.5118775389252825 -0.2908770602857136 0.5223057700489427 4.113242484253095 0.13689826929303872
30775.0 10961435.0 -1.4468325626248608 -0.323541649115508 0.5240410194214593 4.113242484253095 0.13689826929303872
30776.0 10961435.0 -1.432677145709574 -0.33050774519971116 0.5231211687384575 4.113242484253095 0.13689826929303872
30777.0 10961435.0 -1.3818797382315544 -0.35716811063947607 0.5223451919830987 4.113242484253095 0.13689826929303872
30778.0 10961435.0 -1.300501492908421 -0.39896927735653165 0.5228824305423901 4.113242484253095 0.13689826929303872
30779.0 10961435.0 -1.2284400693162227 -0.4350354415963713 0.5233356395772868 4.113242484253095 0.13689826929303872
30780.0 10961435.0 -1.2005186324338106 -0.4490728635721053 0.5237179621538469 4.113242484253095 0.13689826929303872
30781.0 10961435.0 -1.1586251111850447 -0.470366129797244 0.5240404856292199 4.113242484253095 0.13689826929303872
30782.0 10961435.0 -1.1325009390319143 -0.4814788230030842 0.5231207184875999 4.113242484253095 0.13689826929303872
30783.0 10961435.0 -1.0780304225609514 -0.5064166667069314 0.5223448121865657 4.113242484253095 0.13689826929303872
30784.0 10961435.0 -0.9814109769655266 -0.550509647315644 0.5216902654416107 4.113242484253095 0.13689826929303872
30785.0 10961435.0 -0.9480983954695333 -0.5640886092860189 0.5211380963960646 4.113242484253095 0.13689826929303872
30786.0 10961435.0 -0.9147858139735401 -0.5776675712563938 0.5206722921469662 4.113242484253095 0.13689826929303872
30787.0 10961435.0 -0.9220083424971313 -0.5753061517937371 0.5202793443707072 4.113242484253095 0.13689826929303872
30788.0 10961435.0 -0.868240572050627 -0.5928854300646943 0.5199478575815454 4.113242484253095 0.13689826929303872
30789.0 10961435.0 -0.8141516645342883 -0.6105692449453638 0.5196682186624565 4.113242484253095 0.13689826929303872
30790.0 10961435.0 -0.6973240293511369 -0.6433889573565493 0.5182404733958519 4.113242484253095 0.13689826929303872
30791.0 10961435.0 -0.6201866495360095 -0.6639327376478691 0.5170360418581809 4.113242484253095 0.13689826929303872
30792.0 10961435.0 -0.6463004498202014 -0.6530592846692888 0.5160199955346696 4.113242484253095 0.13689826929303872
30793.0 10961435.0 -0.5356581840594392 -0.6787134593226906 0.516354713770265 4.113242484253095 0.13689826929303872
30794.0 10961435.0 -0.48050947699396107 -0.6920676608684545 0.5166370787051597 4.113242484253095 0.13689826929303872
30795.0 10961435.0 -0.3955640114071799 -0.7148106858386517 0.5156834342341586 4.113242484253095 0.13689826929303872
30796.0 10961435.0 -0.3296358197537479 -0.7288831847710983 0.5148789493560034 4.113242484253095 0.13689826929303872
30797.0 10961435.0 -0.3124663517105517 -0.7269011807110021 0.5153921386974697 4.113242484253095 0.13689826929303872
30798.0 10961435.0 -0.2548408395876809 -0.7408294401975789 0.5134413706846538 2.445003484775232 -0.7988559315902778
30799.0 10961435.0 -0.16531391876280144 -0.757706684321087 0.5117957224217337 2.445003484775232 -0.7988559315902778
30800.0 10961435.0 -0.14924703681813067 -0.7574668913588705 0.5127911594855199 2.445003484775232 -0.7988559315902778
30801.0 10961435.0 -0.05487041997447917 -0.7758109308232198 0.5124390554861561 2.445003484775232 -0.7988559315902778
30802.0 10961435.0 -0.038976061531865946 -0.7760986631291522 0.5133338687841087 2.445003484775232 -0.7988559315902778
30803.0 10961435.0 0.0170010195010577 -0.7869156454567047 0.5140887242767956 2.445003484775232 -0.7988559315902778
30804.0 10961435.0 0.09613884567872466 -0.8029645042109386 0.513533668085297 2.445003484775232 -0.7988559315902778
30805.0 10961435.0 0.12289266419846068 -0.8039968267461689 0.5142572729564816 2.445003484775232 -0.7988559315902778
30806.0 10961435.0 0.2121564932158999 -0.8203159248014638 0.5148676987434028 2.445003484775232 -0.7988559315902778
30807.0 10961435.0 0.28968017881361796 -0.8331480606545026 0.5153826477938818 2.445003484775232 -0.7988559315902778
30808.0 10961435.0 0.31558885896613215 -0.8367657472572393 0.5158170536303829 2.445003484775232 -0.7988559315902778
30809.0 10961435.0 0.34149753911864633 -0.8403834338599759 0.5161835140221648 2.445003484775232 -0.7988559315902778
30810.0 10961435.0 0.3639592537388572 -0.845035967432918 0.5164926563205893 2.445003484775232 -0.7988559315902778
30811.0 10961435.0 0.43746103826003047 -0.8538652620959497 0.5167534456523107 2.445003484775232 -0.7988559315902778
30812.0 10961435.0 0.49973655013219187 -0.8617127916008052 0.5169734449079492 2.445003484775232 -0.7988559315902778
30813.0 10961435.0 0.5751868907808113 -0.8716446513959798 0.517159034065918 2.445003484775232 -0.7988559315902778
30814.0 10961435.0 0.6328593359756869 -0.8778116169769554 0.5173155952117985 2.445003484775232 -0.7988559315902778
30815.0 10961435.0 0.6905317811705624 -0.883978582557931 0.5174476686188211 2.445003484775232 -0.7988559315902778
30816.0 10961435.0 0.7455843120446104 -0.8894641721476193 0.5175590844157895 2.445003484775232 -0.7988559315902778
30817.0 10961435.0 0.7853979250567715 -0.892657865103516 0.5176530736608158 2.445003484775232 -0.7988559315902778
30818.0 10961435.0 0.7659875374911544 -0.9015038656101818 0.5177323620420058 2.445003484775232 -0.7988559315902778
30819.0 10961435.0 0.9034843015635983 -0.9036643813628799 0.5166074042342097 2.445003484775232 -0.7988559315902778
30820.0 10961435.0 0.9163155397904437 -0.9051690824616986 0.5168502458374099 2.445003484775232 -0.7988559315902778
30821.0 10961435.0 0.9976949542522258 -0.9143464480317706 0.5158632598816908 2.445003484775232 -0.7988559315902778
30822.0 10961435.0 0.9705747780535843 -0.913080792422213 0.5150306484625407 2.445003484775232 -0.7988559315902778
30823.0 10961435.0 1.0754610310964858 -0.9247958964620456 0.5155201105370084 2.445003484775232 -0.7988559315902778
30824.0 10961435.0 1.1298694402988736 -0.9325214767650304 0.5159330158170495 2.445003484775232 -0.7988559315902778
30825.0 10961435.0 1.2294069987432157 -0.9347768997050053 0.5150894938675807 2.445003484775232 -0.7988559315902778
30826.0 10961435.0 1.2349576259867276 -0.9343702604441965 0.5143779072402719 2.445003484775232 -0.7988559315902778
30827.0 10961435.0 1.3240892381749085 -0.9429218563296949 0.5149694646111351 2.445003484775232 -0.7988559315902778
30828.0 10961435.0 1.3342290583067415 -0.9717010076318694 0.5154684964557212 2.445003484775232 -0.7988559315902778
30829.0 10961435.0 1.392637052824447 -0.9505907139914084 0.5158894746975233 2.445003484775232 -0.7988559315902778
30830.0 10961435.0 1.4309337062099936 -0.9536650165456526 0.5159466465335025 2.445003484775232 -0.7988559315902778
30831.0 10961435.0 1.4692303595955405 -0.956739319099897 0.5156969149469022 2.445003484775232 -0.7988559315902778
30832.0 10961435.0 1.5078889525376649 -0.9587048491655787 0.5151882827217109 2.445003484775232 -0.7988559315902778
30833.0 10961435.0 1.5465475454797892 -0.9606703792312606 0.5144612445233983 2.445003484775232 -0.7988559315902778
30834.0 10961435.0 1.6591277236705564 -0.9722029315820867 0.5138479224162641 2.445003484775232 -0.7988559315902778
30835.0 10961435.0 1.703755993568822 -0.9769639699502447 0.5145223747474058 2.445003484775232 -0.7988559315902778
30836.0 10961435.0 1.7407600215702397 -0.9792350006777931 0.5138994912580181 2.445003484775232 -0.7988559315902778
30837.0 10961435.0 1.8026139435076296 -0.9815599366924196 0.513374033015113 2.445003484775232 -0.7988559315902778
30838.0 10961435.0 1.8970770784927862 -0.99009327091053 0.512930761729646 2.445003484775232 -0.7988559315902778
30839.0 10961435.0 1.8592458832542156 -0.990356593789763 0.5125568225343389 2.445003484775232 -0.7988559315902778
30840.0 10961435.0 1.9102749516747457 -0.9918327612978143 0.5134332158807318 2.445003484775232 -0.7988559315902778
30841.0 10961435.0 2.014907697870515 -1.003217975395333 0.5141725324876659 2.445003484775232 -0.7988559315902778
30842.0 10961435.0 2.085185067180459 -1.0036762841950242 0.5153921348808445 2.445003484775232 -0.7988559315902778
30843.0 10961435.0 2.155462436490403 -1.0041345929947154 0.5170169015296696 2.445003484775232 -0.7988559315902778
30844.0 10961435.0 2.1844360820999906 -1.0111410419573281 0.517791615978753 2.445003484775232 -0.7988559315902778
30845.0 10961435.0 2.2134097277095783 -1.0181474909199408 0.5178492349471182 2.445003484775232 -0.7988559315902778
30846.0 10961435.0 2.30818455094253 -0.9835547127665217 0.5202815311053582 2.445003484775232 -0.7988559315902778
30847.0 10961435.0 2.3150160892009017 -0.9884718433387479 0.5247170810420622 2.445003484775232 -0.7988559315902778
30848.0 10961435.0 2.3833184132242664 -0.9628752108017081 0.5260751769525773 2.445003484775232 -0.7988559315902778
30849.0 10961435.0 2.4525974525057803 -0.9329242790486826 0.5272208529947173 2.445003484775232 -0.7988559315902778
30850.0 10961435.0 2.4823031877589052 -0.9126582193477388 0.5281873337737041 2.445003484775232 -0.7988559315902778
30851.0 10961435.0 2.51200892301203 -0.8923921596467951 0.5290026472321283 2.445003484775232 -0.7988559315902778
30852.0 10961435.0 2.533467625425752 -0.8756250549212615 0.5296904374602842 2.445003484775232 -0.7988559315902778
30853.0 10961435.0 2.554926327839474 -0.858857950195728 0.5302706503747884 2.445003484775232 -0.7988559315902778
30854.0 10961435.0 2.592215783335238 -0.8207996251735892 0.5331438015265698 2.445003484775232 -0.7988559315902778
30855.0 10961435.0 2.6168321418498914 -0.786197305226506 0.5331838735462133 2.445003484775232 -0.7988559315902778
30856.0 10961435.0 2.6474101576206106 -0.7333317916726656 0.533217677898697 2.445003484775232 -0.7988559315902778
30857.0 10961435.0 2.6682902845369045 -0.6949398113454555 0.5332461949102429 2.445003484775232 -0.7988559315902778
30858.0 10961435.0 2.679733223344655 -0.6764800496740342 0.5308865621977775 2.445003484775232 -0.7988559315902778
30859.0 10961435.0 2.699031374281728 -0.6173623675339345 0.5300878444772519 2.445003484775232 -0.7988559315902778
30860.0 10961435.0 2.7122988540720527 -0.5767189577022254 0.5294140542465665 2.445003484775232 -0.7988559315902778
30861.0 10961435.0 2.723703667559742 -0.5251876383945899 0.5288456515890315 2.445003484775232 -0.7988559315902778
30862.0 10961435.0 2.736551596637569 -0.47658054821368634 0.5271743081393743 2.445003484775232 -0.7988559315902778
30863.0 10961435.0 2.7414511160619464 -0.4708204833508296 0.5257643796257588 2.445003484775232 -0.7988559315902778
30864.0 10961435.0 2.747258674212741 -0.40297671718390327 0.5233831334330862 2.445003484775232 -0.7988559315902778
30865.0 10961435.0 2.7467465993003977 -0.39638463339498 0.521374338109973 2.445003484775232 -0.7988559315902778
30866.0 10961435.0 2.746234524388054 -0.3897925496060567 0.5196797385920492 2.445003484775232 -0.7988559315902778
30867.0 10961435.0 2.7547412691292443 -0.3147694939092892 0.5182501914932948 2.445003484775232 -0.7988559315902778
30868.0 10961435.0 2.757254426551425 -0.2730685435187966 0.5182360846360501 2.445003484775232 -0.7988559315902778
30869.0 10961435.0 2.7553221152080747 -0.2449857640315257 0.5158404948568424 2.445003484775232 -0.7988559315902778
30870.0 10961435.0 2.751049030637736 -0.20095260836281445 0.5162032888048915 2.445003484775232 -0.7988559315902778
30871.0 10961435.0 2.7442764141322584 -0.13846403044859532 0.5129338040636698 2.445003484775232 -0.7988559315902778
30872.0 10961435.0 2.744318493352866 -0.16335983393597361 0.5101756996402946 2.445003484775232 -0.7988559315902778
30873.0 10961435.0 2.7186251123940304 -0.06770955302969675 0.507848990506488 2.445003484775232 -0.7988559315902778
30874.0 10961435.0 2.70248560493195 -0.04234802129322959 0.5046943574091652 2.445003484775232 -0.7988559315902778
30875.0 10961435.0 2.701663601336721 -0.03670605757813736 0.5020331406767083 2.445003484775232 -0.7988559315902778
30876.0 10961435.0 2.683938916006788 -0.01620054949119723 0.49978816502387596 2.445003484775232 -0.7988559315902778
30877.0 10961435.0 2.629307497076048 0.024531336782794483 0.49670248146853174 2.445003484775232 -0.7988559315902778
30878.0 10961435.0 2.61314567677737 0.0321441647375342 0.49409942987577493 2.445003484775232 -0.7988559315902778
30879.0 10961435.0 2.6066130770453375 0.036613285653050526 0.4930953664376198 2.445003484775232 -0.7988559315902778
30880.0 10961435.0 2.5524488982507223 0.05429701748694529 0.488672814561543 2.445003484775232 -0.7988559315902778
30881.0 10961435.0 2.543822765544312 0.05711335927850045 0.4843460719636488 2.445003484775232 -0.7988559315902778
30882.0 10961435.0 2.535196632837901 0.0599297010700556 0.4801001531085984 2.445003484775232 -0.7988559315902778
30883.0 10961435.0 2.48496774513629 0.0638295540743721 0.47651833869369725 2.445003484775232 -0.7988559315902778
30884.0 10961435.0 2.443930655160112 0.062158562993223726 0.47230491141270914 2.445003484775232 -0.7988559315902778
30885.0 10961435.0 2.4540412802465092 0.058857412206349574 0.46755866187448536 2.445003484775232 -0.7988559315902778
30886.0 10961435.0 2.3908063222758216 0.05719159949388322 0.4659384629070301 2.445003484775232 -0.7988559315902778
30887.0 10961435.0 2.373008379218076 0.052722747479681725 0.4609961452992661 2.445003484775232 -0.7988559315902778
30888.0 10961435.0 2.3362109674546163 0.04744841390622559 0.45682685590518074 2.445003484775232 -0.7988559315902778
30889.0 10961435.0 2.3002007023316913 0.03642669098855164 0.4521178406441414 2.445003484775232 -0.7988559315902778
30890.0 10961435.0 2.270022530925205 0.03646776696069512 0.4481453627617822 2.445003484775232 -0.7988559315902778
30891.0 10961435.0 2.2250954159197054 0.031044810236480064 0.44479422039951466 2.445003484775232 -0.7988559315902778
30892.0 10961435.0 2.235861018524191 0.029749068485878022 0.441967230428833 2.445003484775232 -0.7988559315902778
30893.0 10961435.0 2.1767730779312835 0.023927082706352104 0.4395824101405876 2.445003484775232 -0.7988559315902778
30894.0 10961435.0 2.1271000175998207 0.020288034619026257 0.43637875505821494 2.445003484775232 -0.7988559315902778
30895.0 10961435.0 2.114748674655508 0.016728003911165717 0.43486802856073475 2.445003484775232 -0.7988559315902778
30896.0 10961435.0 2.0826099060529666 0.017293193188017558 0.43359359489151583 2.445003484775232 -0.7988559315902778
30897.0 10961435.0 2.049300189114381 0.0159044816330475 0.4325184954741509 2.445003484775232 -0.7988559315902778
30898.0 10961435.0 2.015610054884269 0.011719613156819048 0.43161155242553634 2.445003484775232 -0.7988559315902778
30899.0 10961435.0 1.9801449405534561 0.010801416892019855 0.4272709303326496 2.445003484775232 -0.7988559315902778
30900.0 10961435.0 1.95423703699994 0.010325358106443597 0.42360922521940975 2.445003484775232 -0.7988559315902778
30901.0 10961435.0 1.928329133446424 0.009849299320867339 0.42052024763753276 2.445003484775232 -0.7988559315902778
30902.0 10961435.0 1.8969687671442692 0.008992889881289504 0.4173184948930421 2.445003484775232 -0.7988559315902778
30903.0 10961435.0 1.8656084008421145 0.008136480441711669 0.41402160615634764 2.445003484775232 -0.7988559315902778
30904.0 10961435.0 1.8352917344286666 0.007757150775475313 0.4112403839981872 2.445003484775232 -0.7988559315902778
30905.0 10961435.0 1.8083226806300177 0.006751923218291073 0.40770232828777 2.445003484775232 -0.7988559315902778
30906.0 10961435.0 1.772536271346981 0.005939590612279194 0.40471766009769805 2.445003484775232 -0.7988559315902778
30907.0 10961435.0 1.7398811296047565 0.0065580129036955925 0.4021998240504594 2.445003484775232 -0.7988559315902778
30908.0 10961435.0 1.6933038282204653 0.004247005362069872 0.39888395821247985 2.445003484775232 -0.7988559315902778
30909.0 10961435.0 1.6555913932720636 0.004064259416581201 0.3960867271626622 2.445003484775232 -0.7988559315902778
30910.0 10961435.0 1.6496628039164092 0.0033136937972363945 0.39134332182415327 2.445003484775232 -0.7988559315902778
30911.0 10961435.0 1.6173974407112461 0.004038968312966157 0.38853367750674905 2.445003484775232 -0.7988559315902778
30912.0 10961435.0 1.5680226328958566 0.0024087677772660354 0.3861634898370406 2.445003484775232 -0.7988559315902778
30913.0 10961435.0 1.551372094354403 0.00037059284650528546 0.38297217868440203 2.445003484775232 -0.7988559315902778
30914.0 10961435.0 1.5004518170110126 0.0021661913090166574 0.3802800207136111 2.445003484775232 -0.7988559315902778
30915.0 10961435.0 1.475742366242527 0.0026436791515499353 0.3780089433435149 2.445003484775232 -0.7988559315902778
30916.0 10961435.0 1.4550638494664736 -0.0035693166883858235 0.3760930853303807 2.445003484775232 -0.7988559315902778
30917.0 10961435.0 1.4248845772481524 -0.0035246515032849313 0.3744768867918275 2.445003484775232 -0.7988559315902778
30918.0 10961435.0 1.404143382786863 -0.0017730273395774876 0.3731134779702373 2.445003484775232 -0.7988559315902778
30919.0 10961435.0 1.372280862030601 0.001274982603181568 0.371963320009784 2.445003484775232 -0.7988559315902778
30920.0 10961435.0 1.3446780942564944 0.001958214185180366 0.36940393207867545 2.445003484775232 -0.7988559315902778
30921.0 10961435.0 1.3170753264823878 0.002641445767179164 0.36565573192690953 2.445003484775232 -0.7988559315902778
30922.0 10961435.0 1.2894725587082811 0.0033246773491779624 0.36090466175008507 2.445003484775232 -0.7988559315902778
30923.0 10961435.0 1.263969812664416 0.0013750184308574664 0.356896706764013 2.445003484775232 -0.7988559315902778
30924.0 10961435.0 1.2369656064107803 0.00026639896232827365 0.3582830150269143 2.445003484775232 -0.7988559315902778
30925.0 10961435.0 1.2122904022267151 0.0008503641824630093 0.35945249072559604 2.445003484775232 -0.7988559315902778
30926.0 10961435.0 1.194680573434558 0.004032948183083251 0.36043904865532006 2.445003484775232 -0.7988559315902778
30927.0 10961435.0 1.1728138730200133 0.003699564731727084 0.3612712989960484 2.445003484775232 -0.7988559315902778
30928.0 10961435.0 1.147822776189561 0.0036568190582890493 0.36137745466356 2.445003484775232 -0.7988559315902778
30929.0 10961435.0 1.1228316793591087 0.0036140733848510145 0.3608710841722128 2.445003484775232 -0.7988559315902778
30930.0 10961435.0 1.1062004955524305 0.004695589138607761 0.36103983746596185 2.445003484775232 -0.7988559315902778
30931.0 10961435.0 1.0895693117457526 0.005777104892364507 0.36177811839032586 2.445003484775232 -0.7988559315902778
30932.0 10961435.0 1.0700753495042221 0.004552025812608287 0.36240092474800933 2.445003484775232 -0.7988559315902778
30933.0 10961435.0 1.0259842334491382 0.0014327164501195533 0.36054262854697666 2.445003484775232 -0.7988559315902778
30934.0 10961435.0 1.0069511537075546 0.0029778646159649425 0.35897498857380633 2.445003484775232 -0.7988559315902778
30935.0 10961435.0 1.0208486353633772 0.003110531511280129 0.35765254326927637 2.445003484775232 -0.7988559315902778
30936.0 10961435.0 0.9674166905976909 0.005379758051800049 0.3565369417195554 2.445003484775232 -0.7988559315902778
30937.0 10961435.0 0.9185339673946289 0.004176999715078358 0.35559583147970153 2.445003484775232 -0.7988559315902778
30938.0 10961435.0 0.8795457153226282 0.0017278325636757436 0.35480192035275904 2.445003484775232 -0.7988559315902778
30939.0 10961435.0 0.8468550293175114 0.0022448065088443714 0.35413218491604653 2.445003484775232 -0.7988559315902778
30940.0 10961435.0 0.8444477178397893 0.0030313431102118593 0.3511835134654909 2.445003484775232 -0.7988559315902778
30941.0 10961435.0 0.7816896599585534 0.001222535756734977 0.351079733281843 2.445003484775232 -0.7988559315902778
30942.0 10961435.0 0.7744677252861977 0.0035822148849051494 0.35337587473977694 2.445003484775232 -0.7988559315902778
30943.0 10961435.0 0.7056426429719482 0.0006020157708354901 0.3541210318769602 2.445003484775232 -0.7988559315902778
30944.0 10961435.0 0.7023343523055884 0.007057053210578396 0.3559414836267795 2.445003484775232 -0.7988559315902778
30945.0 10961435.0 0.6223854321658246 0.0029223721734301794 0.35628535371357123 2.445003484775232 -0.7988559315902778
30946.0 10961435.0 0.626379367809484 0.006991391284440707 0.3577672837462607 2.445003484775232 -0.7988559315902778
30947.0 10961435.0 0.5880804608741207 0.006654967500335368 0.35901742500759176 2.445003484775232 -0.7988559315902778
30948.0 10961435.0 0.5494964305097316 0.008164420924168789 0.36007203159414297 2.445003484775232 -0.7988559315902778
30949.0 10961435.0 0.5109124001453427 0.00967387434800221 0.36096168709692433 2.445003484775232 -0.7988559315902778
30950.0 10961435.0 0.4503883663485825 0.006553561079516726 0.36290403621372075 2.445003484775232 -0.7988559315902778
30951.0 10961435.0 0.41410346734405046 0.008305338505165044 0.36394666003661297 2.445003484775232 -0.7988559315902778
30952.0 10961435.0 0.4038376094680357 0.008009220440097248 0.3657200905167201 2.445003484775232 -0.7988559315902778
30953.0 10961435.0 0.3935717515920209 0.007713102375029451 0.36811002213796534 2.445003484775232 -0.7988559315902778
30954.0 10961435.0 0.3117280521728013 0.014364911061565455 0.37250983377762 2.445003484775232 -0.7988559315902778
30955.0 10961435.0 0.2544042589486347 0.012887332915056421 0.3750296259086214 2.445003484775232 -0.7988559315902778
30956.0 10961435.0 0.2340546424838994 0.017201285017836382 0.37834714187917706 2.445003484775232 -0.7988559315902778
30957.0 10961435.0 0.19615641440353127 0.016735852485598474 0.38114576496422886 2.445003484775232 -0.7988559315902778
30958.0 10961435.0 0.15627756138362314 0.01972184512165276 0.3835066552332433 2.445003484775232 -0.7988559315902778
30959.0 10961435.0 0.11485384289316913 0.02613372131152575 0.3854982785040218 2.445003484775232 -0.7988559315902778
30960.0 10961435.0 0.07697873086557905 0.02601181706835945 0.3871783918514169 2.445003484775232 -0.7988559315902778
30961.0 10961435.0 0.04067854454238262 0.030165397555864393 0.39336309731532004 2.445003484775232 -0.7988559315902778
30962.0 10961435.0 -0.034989342865798245 0.03234904566275218 0.3973886079131632 2.445003484775232 -0.7988559315902778
30963.0 10961435.0 -0.06436774927563971 0.032137767601128825 0.40197633282869233 2.445003484775232 -0.7988559315902778
30964.0 10961435.0 -0.0762301848172885 0.0382349137338783 0.40584649139625356 2.445003484775232 -0.7988559315902778
