23914.0 10926744.0 0.6993962365780986 0.07688686991427503 0.24384 -2.0372626117500676 0.28971929235950594
23915.0 10926744.0 0.6906430693142189 0.07863712732641773 0.24384 -2.0372626117500676 0.28971929235950594
23916.0 10926744.0 0.6844643716696206 0.08065604608243108 0.24384 -2.0372626117500676 0.28971929235950594
23917.0 10926744.0 0.6782856740250224 0.08267496483844444 0.24384 -2.0372626117500676 0.28971929235950594
23918.0 10926744.0 0.6738011994419254 0.08145325922665118 0.24384 -2.0372626117500676 0.28971929235950594
23919.0 10926744.0 0.6693167248588284 0.08023155361485793 0.24384 -2.0372626117500676 0.28971929235950594
23920.0 10926744.0 0.6652521330860013 0.0805666539808771 0.24384 -2.0372626117500676 0.28971929235950594
23921.0 10926744.0 0.6611875413131743 0.08090175434689628 0.24384 -2.0372626117500676 0.28971929235950594
23922.0 10926744.0 0.6524480493094542 0.07861703875895804 0.24384 -2.0372626117500676 0.28971929235950594
23923.0 10926744.0 0.6420255948330396 0.07933564072527388 0.24384 -2.0372626117500676 0.28971929235950594
23924.0 10926744.0 0.634010423159103 0.0792676486555453 0.24384 -2.0372626117500676 0.28971929235950594
23925.0 10926744.0 0.6309132963088337 0.07794311525952252 0.23882050370470992 -2.0372626117500676 0.28971929235950594
23926.0 10926744.0 0.6232376129000264 0.07710218418637692 0.23633790992727446 -2.0372626117500676 0.28971929235950594
23927.0 10926744.0 0.615561929491219 0.0762612531132313 0.2359111834065757 -2.0372626117500676 0.28971929235950594
23928.0 10926744.0 0.6078862460824117 0.0754203220400857 0.23717460645129715 -2.0372626117500676 0.28971929235950594
23929.0 10926744.0 0.6039612930737005 0.07156243117477878 0.2382310316695024 -2.0372626117500676 0.28971929235950594
23930.0 10926744.0 0.591235004863687 0.07338439838231851 0.23430413161063376 -2.0372626117500676 0.28971929235950594
23931.0 10926744.0 0.5857305773514454 0.07284650836944234 0.23580567143348752 -2.0372626117500676 0.28971929235950594
23932.0 10926744.0 0.5763111299312079 0.07323745252804204 0.23706833222064347 -2.0372626117500676 0.28971929235950594
23933.0 10926744.0 0.5668916825109704 0.07362839668664173 0.23813109232011256 -2.0372626117500676 0.28971929235950594
23934.0 10926744.0 0.5546546461954364 0.07762713026969359 0.23902618367638462 -2.0372626117500676 0.28971929235950594
23935.0 10926744.0 0.5424176098799023 0.08162586385274546 0.23978040916967466 -2.0372626117500676 0.28971929235950594
23936.0 10926744.0 0.5404896076707113 0.07980249296571387 0.24041614774585757 -2.0372626117500676 0.28971929235950594
23937.0 10926744.0 0.5385616054615203 0.07797912207868228 0.24095213940450663 -2.0372626117500676 0.28971929235950594
23938.0 10926744.0 0.5207342626311271 0.08158494371848068 0.2414041099693909 -2.0372626117500676 0.28971929235950594
23939.0 10926744.0 0.51055031249157 0.07977239772947209 0.23940053457808852 -2.0372626117500676 0.28971929235950594
23940.0 10926744.0 0.5003663623520129 0.07795985174046349 0.23532625393355203 -2.0372626117500676 0.28971929235950594
23941.0 10926744.0 0.49133025086571663 0.07748572561438295 0.23347922436547722 -2.0372626117500676 0.28971929235950594
23942.0 10926744.0 0.4822941393794203 0.07701159948830241 0.23351063268893674 -2.0372626117500676 0.28971929235950594
23943.0 10926744.0 0.473258027893124 0.07653747336222187 0.23512643251457002 -2.0372626117500676 0.28971929235950594
23944.0 10926744.0 0.46177890780257874 0.07538187878307019 0.2364894319142978 -2.0372626117500676 0.28971929235950594
23945.0 10926744.0 0.45415583491835426 0.07787299784975504 0.2328715486692515 -2.0372626117500676 0.28971929235950594
23946.0 10926744.0 0.4430606686962004 0.07653355222262397 0.2322034082214048 -2.0372626117500676 0.28971929235950594
23947.0 10926744.0 0.4319655024740465 0.07519410659549289 0.23402354110925652 -2.0372626117500676 0.28971929235950594
23948.0 10926744.0 0.4216464597775515 0.07622970137856819 0.23079148856963347 -2.0372626117500676 0.28971929235950594
23949.0 10926744.0 0.4140233878096491 0.07872086390534999 0.22806498825299543 -2.0372626117500676 0.28971929235950594
23950.0 10926744.0 0.4054029674616312 0.0772542439522164 0.22576495604128505 -2.0372626117500676 0.28971929235950594
23951.0 10926744.0 0.39678254711361327 0.07578762399908283 0.223824681629912 -2.0372626117500676 0.28971929235950594
23952.0 10926744.0 0.38816212676559536 0.07432100404594924 0.22218789143557915 -2.0372626117500676 0.28971929235950594
23953.0 10926744.0 0.3798536578298247 0.07335607706939411 0.22080711516556276 -2.0372626117500676 0.28971929235950594
23954.0 10926744.0 0.37154518889405413 0.07239115009283897 0.21964230828065476 -2.0372626117500676 0.28971929235950594
23955.0 10926744.0 0.3632089549470272 0.07242835670445166 0.21865969016408948 -2.0372626117500676 0.28971929235950594
23956.0 10926744.0 0.3519704960381055 0.0711942688614772 0.21783076415981753 -2.0372626117500676 0.28971929235950594
23957.0 10926744.0 0.3331846397750371 0.08002061702755964 0.21713149097506906 -2.0372626117500676 0.28971929235950594
23958.0 10926744.0 0.32401472592908004 0.07959041024468394 0.21654159142415183 -2.0372626117500676 0.28971929235950594
23959.0 10926744.0 0.3148448120831229 0.07916020346180824 0.21604395826200024 -2.0372626117500676 0.28971929235950594
23960.0 10926744.0 0.30567489823716587 0.07872999667893255 0.21562416003200546 -2.0372626117500676 0.28971929235950594
23961.0 10926744.0 0.29720028758181677 0.07793628233462442 0.21527002252852198 -2.0372626117500676 0.28971929235950594
23962.0 10926744.0 0.28872567692646767 0.0771425679903163 0.21497127572974425 -2.0372626117500676 0.28971929235950594
23963.0 10926744.0 0.2823433722794825 0.07595715395057526 0.2147192559579735 -2.0372626117500676 0.28971929235950594
23964.0 10926744.0 0.27596106763249734 0.07477173991083422 0.214506654627501 -2.0372626117500676 0.28971929235950594
23965.0 10926744.0 0.2599968616556886 0.07823663461983976 0.2143273062923424 -2.0372626117500676 0.28971929235950594
23966.0 10926744.0 0.24403265567887977 0.08170152932884531 0.2141760098463353 -2.0372626117500676 0.28971929235950594
23967.0 10926744.0 0.2425492701819758 0.07716264707420167 0.21404837768987833 -2.0372626117500676 0.28971929235950594
23968.0 10926744.0 0.232968103260218 0.07638015397627033 0.213940708488833 -2.0372626117500676 0.28971929235950594
23969.0 10926744.0 0.22338693633846018 0.075597660878339 0.21384987983540776 -2.0372626117500676 0.28971929235950594
23970.0 10926744.0 0.2154751240200059 0.07584680714784345 0.21377325769807617 -2.0372626117500676 0.28971929235950594
23971.0 10926744.0 0.20483505209511466 0.07698761822894754 0.2137086200345092 -2.0372626117500676 0.28971929235950594
23972.0 10926744.0 0.19563833656214147 0.07656631877127697 0.21365409235225538 -2.0372626117500676 0.28971929235950594
23973.0 10926744.0 0.18644162102916828 0.07614501931360639 0.21360809334840453 -2.0372626117500676 0.28971929235950594
23974.0 10926744.0 0.1772449054961951 0.07572371985593582 0.21356928905177 -2.0372626117500676 0.28971929235950594
23975.0 10926744.0 0.16929858142443238 0.07586736697621016 0.2135365541377044 -2.0372626117500676 0.28971929235950594
23976.0 10926744.0 0.16135225735266967 0.0760110140964845 0.21350893929367282 -2.0372626117500676 0.28971929235950594
23977.0 10926744.0 0.15377264244943648 0.07591800282263103 0.2134856436891821 -2.0372626117500676 0.28971929235950594
23978.0 10926744.0 0.14619302754620328 0.07582499154877757 0.21346599175169229 -2.0372626117500676 0.28971929235950594
23979.0 10926744.0 0.13861341264297009 0.07573198027492412 0.21344941357501032 -2.0372626117500676 0.28971929235950594
23980.0 10926744.0 0.1310337977397369 0.07563896900107064 0.21343542839200894 -2.0372626117500676 0.28971929235950594
23981.0 10926744.0 0.1234388501784524 0.07142298837319477 0.21342363063237896 -2.0372626117500676 0.28971929235950594
23982.0 10926744.0 0.11584390261716788 0.0672070077453189 0.2134136781610899 -2.0372626117500676 0.28971929235950594
23983.0 10926744.0 0.10824895505588339 0.06299102711744303 0.21340528235647355 -2.0372626117500676 0.28971929235950594
23984.0 10926744.0 0.09460789854697205 0.07995028412290037 0.21339819974019564 -2.0372626117500676 0.28971929235950594
23985.0 10926744.0 0.08778712069525535 0.07592915176118795 0.21339222491638382 -2.0372626117500676 0.28971929235950594
23986.0 10926744.0 0.08096634284353865 0.07190801939947553 0.21338718461514736 -2.0372626117500676 0.28971929235950594
23987.0 10926744.0 0.07374448311099442 0.07426842481781873 0.21338293266775032 -2.0372626117500676 0.28971929235950594
23988.0 10926744.0 0.0665226233784502 0.07662883023616193 0.21337934576771814 -2.0372626117500676 0.28971929235950594
23989.0 10926744.0 0.059300763645905974 0.07898923565450514 0.21337631989494985 -2.0372626117500676 0.28971929235950594
23990.0 10926744.0 0.051067938730470885 0.07934347281613396 0.21337376729913513 -2.0372626117500676 0.28971929235950594
23991.0 10926744.0 0.0470718895898774 0.07948125562494907 0.21337161395499532 -2.0372626117500676 0.28971929235950594
23992.0 10926744.0 0.04307584044928392 0.07961903843376417 0.2133697974155504 -2.0372626117500676 0.28971929235950594
23993.0 10926744.0 0.036376551209063024 0.07678495508774758 0.21336826500115644 -2.0372626117500676 0.28971929235950594
23994.0 10926744.0 0.029633831177915293 0.07653535081627455 0.21336697227179602 -2.0372626117500676 0.28971929235950594
23995.0 10926744.0 0.022891111146767562 0.07628574654480152 0.2133658817383177 -2.0372626117500676 0.28971929235950594
23996.0 10926744.0 0.017214029670334474 0.07522052425124509 0.21336496177525058 -2.0372626117500676 0.28971929235950594
23997.0 10926744.0 0.017377908027886642 0.07482642643065031 0.21336418570366575 -2.0372626117500676 0.28971929235950594
23998.0 10926744.0 0.017541786385438806 0.07443232861005551 0.21336353101748723 -2.0372626117500676 0.28971929235950594
23999.0 10926744.0 0.017705664742990974 0.07403823078946073 0.21336297873081583 -2.0372626117500676 0.28971929235950594
24000.0 10926744.0 0.01786954310054314 0.07364413296886595 0.2133625128273381 -2.0372626117500676 0.28971929235950594
24001.0 10926744.0 0.018033421458095306 0.07325003514827115 0.21336211979585315 -2.0372626117500676 0.28971929235950594
24002.0 10926744.0 0.018197299815647473 0.07285593732767637 0.21336178823844795 -2.0372626117500676 0.28971929235950594
24003.0 10926744.0 0.018361178173199637 0.07246183950708159 0.21336150853995775 -2.0372626117500676 0.28971929235950594
24004.0 10926744.0 0.018525056530751805 0.0720677416864868 0.21336127258912632 -2.0372626117500676 0.28971929235950594
24005.0 10926744.0 0.018688934888303973 0.071673643865892 0.21336107354337955 -2.0372626117500676 0.28971929235950594
24006.0 10926744.0 0.018852813245856137 0.07127954604529722 0.21336090563039078 -2.0372626117500676 0.28971929235950594
24007.0 10926744.0 0.019016691603408305 0.07088544822470244 0.21336076398068335 -2.0372626117500676 0.28971929235950594
24008.0 10926744.0 0.019180569960960472 0.07049135040410764 0.21336064448641573 -2.0372626117500676 0.28971929235950594
24009.0 10926744.0 0.019344448318512637 0.07009725258351286 0.21336054368225416 -2.0372626117500676 0.28971929235950594
24010.0 10926744.0 0.019508326676064804 0.06970315476291808 0.21336045864487796 -2.0372626117500676 0.28971929235950594
24011.0 10926744.0 0.01967220503361697 0.06930905694232328 0.21336038690820322 -2.0372626117500676 0.28971929235950594
24012.0 10926744.0 0.019836083391169136 0.0689149591217285 0.21336032639186636 -2.0372626117500676 0.28971929235950594
24013.0 10926744.0 0.019999961748721304 0.06852086130113372 0.21336027534089363 -2.0372626117500676 0.28971929235950594
24014.0 10926744.0 0.020163840106273468 0.06812676348053892 0.21336023227480683 -2.0372626117500676 0.28971929235950594
24015.0 10926744.0 0.020327718463825636 0.06773266565994414 0.2133601959446894 -2.0372626117500676 0.28971929235950594
24016.0 10926744.0 0.020491596821377803 0.06733856783934936 0.213360165296968 -2.0372626117500676 0.28971929235950594
24017.0 10926744.0 0.020655475178929968 0.06694447001875456 0.21336013944285864 -2.0372626117500676 0.28971929235950594
24018.0 10926744.0 0.020819353536482135 0.06655037219815978 0.2133601176325922 -2.0372626117500676 0.28971929235950594
24019.0 10926744.0 0.020983231894034303 0.066156274377565 0.2133600992336709 -2.0372626117500676 0.28971929235950594
24020.0 10926744.0 0.021147110251586467 0.06576217655697021 0.2133600837125261 -2.0372626117500676 0.28971929235950594
24021.0 10926744.0 0.021310988609138635 0.06536807873637542 0.21336007061904452 -2.0372626117500676 0.28971929235950594
24022.0 10926744.0 0.0214748669666908 0.06497398091578063 0.21336005957351525 -2.0372626117500676 0.28971929235950594
24023.0 10926744.0 0.021638745324242967 0.06457988309518585 0.2133600502556179 -2.0372626117500676 0.28971929235950594
24024.0 10926744.0 0.021802623681795134 0.06418578527459105 0.2133600423951335 -2.0372626117500676 0.28971929235950594
24025.0 10926744.0 0.0219665020393473 0.06379168745399627 0.21336003576410797 -2.0372626117500676 0.28971929235950594
24026.0 10926744.0 0.022130380396899466 0.06339758963340149 0.21336003017024155 -2.0372626117500676 0.28971929235950594
24027.0 10926744.0 0.02229425875445163 0.06300349181280669 0.21336002545131214 -2.0372626117500676 0.28971929235950594
24028.0 10926744.0 0.022458137112003798 0.06260939399221191 0.21336002147047078 -2.0372626117500676 0.28971929235950594
24029.0 10926744.0 0.022622015469555966 0.06221529617161713 0.21336001811227306 -2.0372626117500676 0.28971929235950594
24030.0 10926744.0 0.022785893827108133 0.06182119835102234 0.21336001527933127 -2.0372626117500676 0.28971929235950594
24031.0 10926744.0 0.022949772184660298 0.06142710053042755 0.21336001288949008 -2.0372626117500676 0.28971929235950594
24032.0 10926744.0 0.023113650542212465 0.061033002709832765 0.2133600108734441 -2.0372626117500676 0.28971929235950594
24033.0 10926744.0 0.02327752889976463 0.060638904889237975 0.21336000917272802 -2.0372626117500676 0.28971929235950594
24034.0 10926744.0 0.023441407257316797 0.060244807068643186 0.21336000773802105 -2.0372626117500676 0.28971929235950594
24035.0 10926744.0 0.023605285614868965 0.0598507092480484 0.2133600065277167 -2.0372626117500676 0.28971929235950594
24036.0 10926744.0 0.02376916397242113 0.05945661142745362 0.2133600055067161 -2.0372626117500676 0.28971929235950594
24037.0 10926744.0 0.023933042329973297 0.059062513606858824 0.2133600046454103 -2.0372626117500676 0.28971929235950594
24038.0 10926744.0 0.02409692068752546 0.05866841578626404 0.21336000391882137 -2.0372626117500676 0.28971929235950594
24039.0 10926744.0 0.02426079904507763 0.05827431796566926 0.2133600033058783 -2.0372626117500676 0.28971929235950594
24040.0 10926744.0 0.024424677402629796 0.05788022014507447 0.21336000278880565 -2.0372626117500676 0.28971929235950594
24041.0 10926744.0 0.024588555760181964 0.05748612232447968 0.21336000235260838 -2.0372626117500676 0.28971929235950594
24042.0 10926744.0 0.024752434117734128 0.0570920245038849 0.21336000198463675 -2.0372626117500676 0.28971929235950594
24043.0 10926744.0 0.024916312475286296 0.05669792668329011 0.2133600016742196 -2.0372626117500676 0.28971929235950594
24044.0 10926744.0 0.02508019083283846 0.05630382886269532 0.2133600014123548 -2.0372626117500676 0.28971929235950594
24045.0 10926744.0 0.025244069190390628 0.055909731042100536 0.2133600011914483 -2.0372626117500676 0.28971929235950594
24046.0 10926744.0 0.025407947547942795 0.055515633221505746 0.2133600010050938 -2.0372626117500676 0.28971929235950594
24047.0 10926744.0 0.025571825905494963 0.055121535400910956 0.21336000084788703 -2.0372626117500676 0.28971929235950594
24048.0 10926744.0 0.025735704263047127 0.054727437580316174 0.21336000071526898 -2.0372626117500676 0.28971929235950594
24049.0 10926744.0 0.02589958262059929 0.05433333975972139 0.21336000060339372 -2.0372626117500676 0.28971929235950594
24050.0 10926744.0 0.02606346097815146 0.053939241939126595 0.21336000050901688 -2.0372626117500676 0.28971929235950594
24051.0 10926744.0 0.026227339335703627 0.05354514411853181 0.2133600004294015 -2.0372626117500676 0.28971929235950594
24052.0 10926744.0 0.026391217693255795 0.05315104629793703 0.2133600003622388 -2.0372626117500676 0.28971929235950594
24053.0 10926744.0 0.02655509605080796 0.05275694847734224 0.213360000305581 -2.0372626117500676 0.28971929235950594
24054.0 10926744.0 0.026718974408360123 0.05236285065674745 0.21336000025778507 -2.0372626117500676 0.28971929235950594
24055.0 10926744.0 0.02688285276591229 0.05196875283615267 0.2133600002174649 -2.0372626117500676 0.28971929235950594
24056.0 10926744.0 0.02704673112346446 0.05157465501555788 0.2133600001834512 -2.0372626117500676 0.28971929235950594
