25077.0 11289096.0 1.3237232558391943 1.1954379811046905 0.54864 -3.6306216179351116 1.9380638631846545
25078.0 11289096.0 1.2493288510742406 1.1960283814262176 0.54864 -3.6306216179351116 1.9380638631846545
25079.0 11289096.0 1.198422853886358 1.193501267552973 0.54864 -3.6306216179351116 1.9380638631846545
25080.0 11289096.0 1.1398175986548238 1.1967613065974925 0.54864 -3.6306216179351116 1.9380638631846545
25081.0 11289096.0 1.0832607630567757 1.1959644799167635 0.54864 -3.6306216179351116 1.9380638631846545
25082.0 11289096.0 1.030578838391822 1.1950701832101465 0.54864 -3.6306216179351116 1.9380638631846545
25083.0 11289096.0 0.9781982533427453 1.1978162730725066 0.54864 -3.6306216179351116 1.9380638631846545
25084.0 11289096.0 0.9283129291595738 1.1962424937298748 0.54864 -3.6306216179351116 1.9380638631846545
25085.0 11289096.0 0.8737652026908442 1.1988796634199426 0.54864 -3.6306216179351116 1.9380638631846545
25086.0 11289096.0 0.8206599951349509 1.1994102255034553 0.54864 -3.6306216179351116 1.9380638631846545
25087.0 11289096.0 0.74453056155634 1.197418074417847 0.54864 -3.6306216179351116 1.9380638631846545
25088.0 11289096.0 0.7233218835180304 1.1990917417247693 0.54864 -3.6306216179351116 1.9380638631846545
25089.0 11289096.0 0.6471399028645475 1.2023750464339984 0.54864 -3.6306216179351116 1.9380638631846545
25090.0 11289096.0 0.6090532496345787 1.202672144916958 0.5461932232643721 -3.6306216179351116 1.9380638631846545
25091.0 11289096.0 0.57096659640461 1.2029692433999175 0.5417262489217693 -3.6306216179351116 1.9380638631846545
25092.0 11289096.0 0.5175675353264348 1.2026050257126206 0.53799113868746 -3.6306216179351116 1.9380638631846545
25093.0 11289096.0 0.46416847424825974 1.2022408080253237 0.5348599899392272 -3.6306216179351116 1.9380638631846545
25094.0 11289096.0 0.4353168580259915 1.19683317020392 0.5322303710192587 -3.6306216179351116 1.9380638631846545
25095.0 11289096.0 0.3538910148949779 1.1965758978430763 0.5300190965363102 -3.6306216179351116 1.9380638631846545
25096.0 11289096.0 0.3215821608114411 1.1966214217917803 0.5281579044304358 -3.6306216179351116 1.9380638631846545
25097.0 11289096.0 0.2679150761380036 1.1981572397230098 0.5265903474933977 -3.6306216179351116 1.9380638631846545
25098.0 11289096.0 0.18986711916340948 1.1941104330148513 0.5252694863368094 -3.6306216179351116 1.9380638631846545
25099.0 11289096.0 0.1348125810946963 1.19575020254365 0.5241561291266709 -3.6306216179351116 1.9380638631846545
25100.0 11289096.0 0.08690796886421193 1.193183796475119 0.5232174568483359 -3.6306216179351116 1.9380638631846545
25101.0 11289096.0 0.04482192162887677 1.196192891516689 0.5224259291574953 -3.6306216179351116 1.9380638631846545
25102.0 11289096.0 -0.009652229892334607 1.1939053165828237 0.5217584004732346 -3.6306216179351116 1.9380638631846545
25103.0 11289096.0 -0.05927564234514937 1.1926026762408644 0.5211953976917277 -3.6306216179351116 1.9380638631846545
25104.0 11289096.0 -0.10296041288668845 1.1909945620647755 0.5159520808131636 -3.6306216179351116 1.9380638631846545
25105.0 11289096.0 -0.17604920314441053 1.1939757931098396 0.5115293396714685 -3.6306216179351116 1.9380638631846545
25106.0 11289096.0 -0.20548250915167543 1.1924992339940756 0.5077986408084942 -3.6306216179351116 1.9380638631846545
25107.0 11289096.0 -0.2607380172916527 1.1891836610311886 0.5046516295078796 -3.6306216179351116 1.9380638631846545
25108.0 11289096.0 -0.3047786060463553 1.187576157611909 0.5019969437263522 -3.6306216179351116 1.9380638631846545
25109.0 11289096.0 -0.3712840157138757 1.1824482501148157 0.49975753831772857 -3.6306216179351116 1.9380638631846545
25110.0 11289096.0 -0.4086044917079128 1.1796665429244282 0.4978684349518424 -3.6306216179351116 1.9380638631846545
25111.0 11289096.0 -0.4459249677019499 1.176884835734041 0.49627482827587266 -3.6306216179351116 1.9380638631846545
25112.0 11289096.0 -0.4945556076057429 1.174822306649302 0.49493049087622915 -3.6306216179351116 1.9380638631846545
25113.0 11289096.0 -0.5431862475095359 1.172759777564563 0.493796429272158 -3.6306216179351116 1.9380638631846545
25114.0 11289096.0 -0.5698783534327341 1.1726081079460735 0.49283975105691524 -3.6306216179351116 1.9380638631846545
25115.0 11289096.0 -0.616214482691591 1.1694162058927196 0.49203270978859637 -3.6306216179351116 1.9380638631846545
25116.0 11289096.0 -0.6892429755153227 1.1660733837468782 0.48658450288126864 -3.6306216179351116 1.9380638631846545
25117.0 11289096.0 -0.7308691079507852 1.1609914562618393 0.48198845857353784 -3.6306216179351116 1.9380638631846545
25118.0 11289096.0 -0.7807945365721998 1.1576890135785964 0.4781112867780863 -3.6306216179351116 1.9380638631846545
25119.0 11289096.0 -0.8237662309777651 1.1593567546668453 0.47484054662980407 -3.6306216179351116 1.9380638631846545
25120.0 11289096.0 -0.8922661688693827 1.1562874100587526 0.4720813849336008 -3.6306216179351116 1.9380638631846545
25121.0 11289096.0 -0.9205996810305892 1.1549211515832594 0.46975378496123266 -3.6306216179351116 1.9380638631846545
25122.0 11289096.0 -0.9574932340478226 1.1529078251134743 0.4677902456897202 -3.6306216179351116 1.9380638631846545
25123.0 11289096.0 -0.994386787065056 1.150894498643689 0.466133824105712 -3.6306216179351116 1.9380638631846545
25124.0 11289096.0 -1.0335805676997034 1.147822724715342 0.4647364837584597 -3.6306216179351116 1.9380638631846545
25125.0 11289096.0 -1.0912631545247748 1.1398152191878548 0.46355770164293014 -3.6306216179351116 1.9380638631846545
25126.0 11289096.0 -1.1542996785051287 1.1276588608710503 0.45779591364523964 -3.6306216179351116 1.9380638631846545
25127.0 11289096.0 -1.196750868091795 1.108974958791351 0.4529353275666049 -3.6306216179351116 1.9380638631846545
25128.0 11289096.0 -1.2392020576784615 1.0902910567116522 0.44883498624155005 -3.6306216179351116 1.9380638631846545
25129.0 11289096.0 -1.2816532472651279 1.0716071546319532 0.44537597967007453 -3.6306216179351116 1.9380638631846545
25130.0 11289096.0 -1.3241044368517942 1.052923252552254 0.44245799660062696 -3.6306216179351116 1.9380638631846545
25131.0 11289096.0 -1.3665556264384606 1.0342393504725549 0.43999641548758583 -3.6306216179351116 1.9380638631846545
25132.0 11289096.0 -1.409006816025127 1.015555448392856 0.4379198504566961 -3.6306216179351116 1.9380638631846545
25133.0 11289096.0 -1.4386936882706574 0.985891041137963 0.4361680811088685 -3.6306216179351116 1.9380638631846545
25134.0 11289096.0 -1.4534180552968803 0.974817195239267 0.43469030612509546 -3.6306216179351116 1.9380638631846545
25135.0 11289096.0 -1.499702252699105 0.9310696931674592 0.43344367002609263 -3.6306216179351116 1.9380638631846545
25136.0 11289096.0 -1.5246660616143461 0.9009120649586456 0.43239202036213437 -3.6306216179351116 1.9380638631846545
25137.0 11289096.0 -1.5562490815848242 0.8586652122116447 0.4315048592912521 -3.6306216179351116 1.9380638631846545
25138.0 11289096.0 -1.5667262448932366 0.842112780381134 0.4307564591413615 -3.6306216179351116 1.9380638631846545
25139.0 11289096.0 -1.577203408201649 0.8255603485506233 0.43012511630749817 -3.6306216179351116 1.9380638631846545
25140.0 11289096.0 -1.5982127689060006 0.794459781457478 0.4295925218471092 -3.6306216179351116 1.9380638631846545
25141.0 11289096.0 -1.609571644072339 0.7597350729400209 0.42914323052062076 -3.6306216179351116 1.9380638631846545
25142.0 11289096.0 -1.6223460621124473 0.7206829714880577 0.42876421287943106 -3.6306216179351116 1.9380638631846545
25143.0 11289096.0 -1.6324031830676937 0.6910239236114158 0.4236770986572048 -3.6306216179351116 1.9380638631846545
25144.0 11289096.0 -1.6383740730026568 0.6551209474217835 0.41938566029718854 -3.6306216179351116 1.9380638631846545
25145.0 11289096.0 -1.6512734421201565 0.6170444451793048 0.4157654460864817 -3.6306216179351116 1.9380638631846545
25146.0 11289096.0 -1.655953698057025 0.5864444492391048 0.41271146981269763 -3.6306216179351116 1.9380638631846545
25147.0 11289096.0 -1.6685899593702602 0.5478145266918085 0.4101351661637308 -3.6306216179351116 1.9380638631846545
25148.0 11289096.0 -1.6800888115836556 0.5110325048059133 0.4079618223336617 -3.6306216179351116 1.9380638631846545
25149.0 11289096.0 -1.682680239451155 0.4721546573930797 0.40136103259830214 -3.6306216179351116 1.9380638631846545
25150.0 11289096.0 -1.691797444762104 0.42255909091039534 0.39579267280848734 -3.6306216179351116 1.9380638631846545
25151.0 11289096.0 -1.6966858754386187 0.380460088081624 0.39109526053023513 -3.6306216179351116 1.9380638631846545
25152.0 11289096.0 -1.6953561513286026 0.35058154687516846 0.3871325708074297 -3.6306216179351116 1.9380638631846545
25153.0 11289096.0 -1.6940264272185865 0.3207030056687129 0.38378968563808163 -3.6306216179351116 1.9380638631846545
25154.0 11289096.0 -1.6927168496879543 0.30298238815556866 0.3809696613522632 -3.6306216179351116 1.9380638631846545
25155.0 11289096.0 -1.6869835433111666 0.2433883327310061 0.3785907172456755 -3.6306216179351116 1.9380638631846545
25156.0 11289096.0 -1.6830969474922755 0.21290719912652542 0.37658386393922144 -3.6306216179351116 1.9380638631846545
25157.0 11289096.0 -1.6765343393479022 0.17594249897625 0.3748909026870103 -3.6306216179351116 1.9380638631846545
25158.0 11289096.0 -1.6622057806912356 0.14099439425452584 0.37346273761272575 -3.6306216179351116 1.9380638631846545
25159.0 11289096.0 -1.6453745664646549 0.10826560211369693 0.3722579519292122 -3.6306216179351116 1.9380638631846545
25160.0 11289096.0 -1.626473650784802 0.08023452870777056 0.36647422809882435 -3.6306216179351116 1.9380638631846545
25161.0 11289096.0 -1.6029184595647614 0.0506812430175749 0.36159513688330647 -3.6306216179351116 1.9380638631846545
25162.0 11289096.0 -1.5811845478721567 0.03294028636800847 0.3574791846374069 -3.6306216179351116 1.9380638631846545
25163.0 11289096.0 -1.5512432915741627 0.012047699349419488 0.35400700874599356 -3.6306216179351116 1.9380638631846545
25164.0 11289096.0 -1.5038023374321339 -0.008843145852144768 0.3510779161082149 -3.6306216179351116 1.9380638631846545
25165.0 11289096.0 -1.4756367288074037 -0.018054967733084487 0.34860696303757505 -3.6306216179351116 1.9380638631846545
25166.0 11289096.0 -1.4384204822083715 -0.02485215913428987 0.34652249189502515 -3.6306216179351116 1.9380638631846545
25167.0 11289096.0 -1.4059323133619495 -0.02437781207466319 0.3447640530174312 -3.6306216179351116 1.9380638631846545
25168.0 11289096.0 -1.3735253311975624 -0.024694640883347302 0.3432806516773428 -3.6306216179351116 1.9380638631846545
25169.0 11289096.0 -1.339106013621101 -0.019944419263477037 0.34202926923589744 -3.6306216179351116 1.9380638631846545
25170.0 11289096.0 -1.3003536048760977 -0.016611120352759273 0.33620623684947604 -3.6306216179351116 1.9380638631846545
25171.0 11289096.0 -1.2682485351645523 -0.009701734685542723 0.3312939853316896 -3.6306216179351116 1.9380638631846545
25172.0 11289096.0 -1.2500597037234946 -0.00840606245263495 0.3271500593885222 -3.6306216179351116 1.9380638631846545
25173.0 11289096.0 -1.231870872282437 -0.007110390219727175 0.323654285167622 -3.6306216179351116 1.9380638631846545
25174.0 11289096.0 -1.1931738877886742 -0.001772246266973837 0.32070528521658287 -3.6306216179351116 1.9380638631846545
25175.0 11289096.0 -1.1422988676305164 0.0033224782934768438 0.31821753853682466 -3.6306216179351116 1.9380638631846545
25176.0 11289096.0 -1.1100545432244548 0.0014241971603116965 0.31611890047463437 -3.6306216179351116 1.9380638631846545
25177.0 11289096.0 -1.0760715412482735 0.0062013363132822075 0.3143485105262085 -3.6306216179351116 1.9380638631846545
25178.0 11289096.0 -1.0419592593430635 0.003225171859010584 0.31285502738304266 -3.6306216179351116 1.9380638631846545
25179.0 11289096.0 -1.0018200586738188 0.006456911539482996 0.31159514003398503 -3.6306216179351116 1.9380638631846545
25180.0 11289096.0 -0.9705077491544181 0.0017094173383957745 0.310532311745913 -3.6306216179351116 1.9380638631846545
25181.0 11289096.0 -0.9314040636088561 0.0017750532164950428 0.30963572049847243 -3.6306216179351116 1.9380638631846545
25182.0 11289096.0 -0.8974688348743844 0.005049700562060305 0.3088793651454876 -3.6306216179351116 1.9380638631846545
25183.0 11289096.0 -0.859055511293078 0.003004726992031942 0.30824131138172184 -3.6306216179351116 1.9380638631846545
25184.0 11289096.0 -0.8156249685167889 0.006796919676797936 0.307703055648026 -3.6306216179351116 1.9380638631846545
25185.0 11289096.0 -0.7811678270994815 0.004877518539132014 0.3024816097753061 -3.6306216179351116 1.9380638631846545
25186.0 11289096.0 -0.740701135952371 0.003680619679688496 0.29807685058607003 -3.6306216179351116 1.9380638631846545
25187.0 11289096.0 -0.688103122747014 0.0015553242590793104 0.29436104006383 -3.6306216179351116 1.9380638631846545
25188.0 11289096.0 -0.6493449473501891 0.0005670005751401141 0.29122641970344104 -3.6306216179351116 1.9380638631846545
25189.0 11289096.0 -0.6310963630361435 0.004765368320048785 0.28858208551445186 -3.6306216179351116 1.9380638631846545
25190.0 11289096.0 -0.5845469919699308 0.003158031773979608 0.2863513518053818 -3.6306216179351116 1.9380638631846545
25191.0 11289096.0 -0.537997620903718 0.0015506952279104314 0.2844695272986678 -3.6306216179351116 1.9380638631846545
25192.0 11289096.0 -0.49301023837051683 0.0033168404986421984 0.2828820390836152 -3.6306216179351116 1.9380638631846545
25193.0 11289096.0 -0.4527124043800137 0.005681647421683672 0.2815428500019874 -3.6306216179351116 1.9380638631846545
25194.0 11289096.0 -0.42684951372564006 0.006456668533387879 0.28041312357041726 -3.6306216179351116 1.9380638631846545
25195.0 11289096.0 -0.4009866230712664 0.007231689645092086 0.2794600977223892 -3.6306216179351116 1.9380638631846545
25196.0 11289096.0 -0.3751237324168928 0.008006710756796293 0.27865613470831047 -3.6306216179351116 1.9380638631846545
25197.0 11289096.0 -0.32910697449898446 0.00749034330853655 0.27638879334983374 -3.6306216179351116 1.9380638631846545
25198.0 11289096.0 -0.2830902165810761 0.006973975860276806 0.2728869607475632 -3.6306216179351116 1.9380638631846545
25199.0 11289096.0 -0.23707345866316776 0.006457608412017063 0.26834372375603305 -3.6306216179351116 1.9380638631846545
25200.0 11289096.0 -0.19238675269911698 0.006220775208872126 0.2645110947534278 -3.6306216179351116 1.9380638631846545
25201.0 11289096.0 -0.15357071782463994 0.006501167150528925 0.261277927498672 -3.6306216179351116 1.9380638631846545
25202.0 11289096.0 -0.12219883639952966 0.004658564717685748 0.2585504601413777 -3.6306216179351116 1.9380638631846545
25203.0 11289096.0 -0.0821559840407422 0.004888804132396923 0.2562495961281834 -3.6306216179351116 1.9380638631846545
25204.0 11289096.0 -0.04609087758799435 0.006536225012350655 0.2543086104027063 -3.6306216179351116 1.9380638631846545
25205.0 11289096.0 -0.009119896071414502 0.008238215387624231 0.25267121437890777 -3.6306216179351116 1.9380638631846545
25206.0 11289096.0 0.04343783639008614 0.0073578096510714674 0.2512899235720975 -3.6306216179351116 1.9380638631846545
25207.0 11289096.0 0.07438880420740684 0.006267006185506921 0.24774099117246964 -3.6306216179351116 1.9380638631846545
25208.0 11289096.0 0.10533977202472755 0.005176202719942374 0.24236345814043495 -3.6306216179351116 1.9380638631846545
25209.0 11289096.0 0.14305293196644409 0.003715586883061006 0.23782702539447287 -3.6306216179351116 1.9380638631846545
25210.0 11289096.0 0.15901472151961338 0.00363936581996796 0.2340001363849505 -3.6306216179351116 1.9380638631846545
25211.0 11289096.0 0.19622735039349448 0.004235594919069741 0.23077181133059171 -3.6306216179351116 1.9380638631846545
25212.0 11289096.0 0.23343997926737559 0.004831824018171521 0.22804842880482007 -3.6306216179351116 1.9380638631846545
25213.0 11289096.0 0.2706526081412567 0.005428053117273302 0.22575101071438822 -3.6306216179351116 1.9380638631846545
25214.0 11289096.0 0.3078652370151378 0.006024282216375082 0.2238129319346736 -3.6306216179351116 1.9380638631846545
25215.0 11289096.0 0.3450778658890189 0.0066205113154768624 0.22217798818106455 -3.6306216179351116 1.9380638631846545
25216.0 11289096.0 0.37077685462057286 0.006644877275233643 0.22079876608470636 -3.6306216179351116 1.9380638631846545
25217.0 11289096.0 0.3964758433521268 0.006669243234990422 0.21963526820480467 -3.6306216179351116 1.9380638631846545
25218.0 11289096.0 0.4221748320836808 0.006693609194747202 0.2186537531028423 -3.6306216179351116 1.9380638631846545
25219.0 11289096.0 0.44787382081523475 0.006717975154503983 0.21782575684086236 -3.6306216179351116 1.9380638631846545
25220.0 11289096.0 0.4735728095467887 0.006742341114260763 0.2171272675272674 -3.6306216179351116 1.9380638631846545
25221.0 11289096.0 0.49927179827834267 0.006766707074017542 0.21653802897196323 -3.6306216179351116 1.9380638631846545
25222.0 11289096.0 0.5249707870098966 0.006791073033774323 0.21604095325684597 -3.6306216179351116 1.9380638631846545
25223.0 11289096.0 0.5506697757414506 0.006815438993531103 0.21562162518617725 -3.6306216179351116 1.9380638631846545
25224.0 11289096.0 0.5763687644730046 0.006839804953287883 0.21526788424590768 -3.6306216179351116 1.9380638631846545
25225.0 11289096.0 0.6020677532045585 0.006864170913044663 0.21496947194876942 -3.6306216179351116 1.9380638631846545
25226.0 11289096.0 0.6277667419361125 0.006888536872801443 0.21471773433814548 -3.6306216179351116 1.9380638631846545
25227.0 11289096.0 0.6423054209651354 0.005720647448929889 0.21450537102332773 -3.6306216179351116 1.9380638631846545
25228.0 11289096.0 0.6568440999941583 0.004552758025058334 0.2143262234681865 -3.6306216179351116 1.9380638631846545
25229.0 11289096.0 0.6713827790231812 0.00338486860118678 0.21417509639362267 -3.6306216179351116 1.9380638631846545
25230.0 11289096.0 0.694582387416053 0.006435662799449002 0.2140476071144739 -3.6306216179351116 1.9380638631846545
25231.0 11289096.0 0.7110717623564016 0.0068891497312719985 0.21394005844164488 -3.6306216179351116 1.9380638631846545
25232.0 11289096.0 0.7222787760317151 0.005038127210551219 0.21384933146362356 -3.6306216179351116 1.9380638631846545
25233.0 11289096.0 0.7334857897070286 0.003187104689830439 0.21377279509804734 -3.6306216179351116 1.9380638631846545
25234.0 11289096.0 0.7444165036375958 0.006742024098340585 0.21370822979031448 -3.6306216179351116 1.9380638631846545
25235.0 11289096.0 0.7528156799501253 0.006626274308317859 0.21365376314650072 -3.6306216179351116 1.9380638631846545
25236.0 11289096.0 0.7612148562626547 0.006510524518295133 0.2136078156339355 -3.6306216179351116 1.9380638631846545
25237.0 11289096.0 0.7679011014808843 0.007947500431758014 0.2135690547747544 -3.6306216179351116 1.9380638631846545
25238.0 11289096.0 0.7724651223540115 0.008325488726952768 0.21353635650404118 -3.6306216179351116 1.9380638631846545
25239.0 11289096.0 0.7790042312653371 0.012030261454892804 0.21350877257194514 -3.6306216179351116 1.9380638631846545
25240.0 11289096.0 0.7797802514606847 0.01440531392691563 0.21348550304443553 -3.6306216179351116 1.9380638631846545
25241.0 11289096.0 0.7805562716560324 0.016780366398938457 0.21346587310521453 -3.6306216179351116 1.9380638631846545
25242.0 11289096.0 0.7829556037238916 0.023444135603129024 0.21344931348604476 -3.6306216179351116 1.9380638631846545
25243.0 11289096.0 0.7853549357917509 0.03010790480731959 0.21343534395797029 -3.6306216179351116 1.9380638631846545
25244.0 11289096.0 0.78775426785961 0.03677167401151016 0.21342355940467697 -3.6306216179351116 1.9380638631846545
25245.0 11289096.0 0.7901535999274693 0.043435443215700725 0.21341361807411927 -3.6306216179351116 1.9380638631846545
25246.0 11289096.0 0.7917056398635587 0.04818554860362352 0.21340523166771103 -3.6306216179351116 1.9380638631846545
25247.0 11289096.0 0.7932576797996482 0.052935653991546316 0.2133981569796664 -3.6306216179351116 1.9380638631846545
25248.0 11289096.0 0.7913535096530475 0.057436479478952335 0.2133921888440321 -3.6306216179351116 1.9380638631846545
25249.0 11289096.0 0.7894493395064468 0.06193730496635835 0.21338715418487475 -3.6306216179351116 1.9380638631846545
25250.0 11289096.0 0.7875451693598461 0.06643813045376437 0.21338290699707876 -3.6306216179351116 1.9380638631846545
25251.0 11289096.0 0.7856409992132454 0.07093895594117039 0.21337932411219807 -3.6306216179351116 1.9380638631846545
25252.0 11289096.0 0.7837368290666447 0.07543978142857641 0.2133763016265711 -3.6306216179351116 1.9380638631846545
25253.0 11289096.0 0.7799787821656726 0.07888740369854907 0.2133737518881147 -3.6306216179351116 1.9380638631846545
25254.0 11289096.0 0.7733052564097298 0.07884820618083171 0.2133716009544136 -3.6306216179351116 1.9380638631846545
25255.0 11289096.0 0.768490686655158 0.08042133215763082 0.21336978644839052 -3.6306216179351116 1.9380638631846545
25256.0 11289096.0 0.7636761169005861 0.08199445813442993 0.21336825574937077 -3.6306216179351116 1.9380638631846545
25257.0 11289096.0 0.7594679435535152 0.08202594325473846 0.21336696446708275 -3.6306216179351116 1.9380638631846545
25258.0 11289096.0 0.7552597702064442 0.08205742837504698 0.21336587515434013 -3.6306216179351116 1.9380638631846545
25259.0 11289096.0 0.7510515968593732 0.0820889134953555 0.21336495622107338 -3.6306216179351116 1.9380638631846545
25260.0 11289096.0 0.7468434235123023 0.08212039861566403 0.21336418101821775 -3.6306216179351116 1.9380638631846545
25261.0 11289096.0 0.742702465603391 0.08031910367263641 0.21336352706489045 -3.6306216179351116 1.9380638631846545
25262.0 11289096.0 0.7351462602443966 0.08056835178567345 0.21336297539644497 -3.6306216179351116 1.9380638631846545
25263.0 11289096.0 0.7318196932690815 0.0790850987149328 0.21336251001449638 -3.6306216179351116 1.9380638631846545
25264.0 11289096.0 0.7284931262937664 0.07760184564419213 0.2133621174229682 -3.6306216179351116 1.9380638631846545
25265.0 11289096.0 0.7213761579224047 0.08191337335228717 0.2133617862367061 -3.6306216179351116 1.9380638631846545
25266.0 11289096.0 0.7155905655516636 0.08105837266403135 0.21336150685130845 -3.6306216179351116 1.9380638631846545
25267.0 11289096.0 0.7098049731809224 0.08020337197577551 0.21336127116459874 -3.6306216179351116 1.9380638631846545
25268.0 11289096.0 0.7018932968113252 0.08045197577334093 0.2133610723416624 -3.6306216179351116 1.9380638631846545
25269.0 11289096.0 0.6970787276159408 0.0820251489459175 0.2133609046166343 -3.6306216179351116 1.9380638631846545
25270.0 11289096.0 0.6938436535548242 0.08027835873280878 0.21336076312548857 -3.6306216179351116 1.9380638631846545
25271.0 11289096.0 0.6850260705776366 0.08047250532417961 0.213360643764982 -3.6306216179351116 1.9380638631846545
25272.0 11289096.0 0.682627912127599 0.07856908034930749 0.21336054307365993 -3.6306216179351116 1.9380638631846545
25273.0 11289096.0 0.6760124395603389 0.07938721323127632 0.21336045813147397 -3.6306216179351116 1.9380638631846545
25274.0 11289096.0 0.6693969669930788 0.08020534611324516 0.21336038647510078 -3.6306216179351116 1.9380638631846545
25275.0 11289096.0 0.6627814944258188 0.081023478995214 0.2133603260265055 -3.6306216179351116 1.9380638631846545
25276.0 11289096.0 0.6561660218585587 0.08184161187718283 0.2133602750326789 -3.6306216179351116 1.9380638631846545
25277.0 11289096.0 0.6509656974432525 0.08155479895641857 0.21336023201479998 -2.0372626117500676 0.28971929235950594
25278.0 11289096.0 0.6457653730279465 0.0812679860356543 0.21336019572535025 -2.0372626117500676 0.28971929235950594
25279.0 11289096.0 0.6405650486126403 0.08098117311489005 0.21336016511193567 -2.0372626117500676 0.28971929235950594
25280.0 11289096.0 0.6353647241973341 0.08069436019412578 0.21336013928676725 -2.0372626117500676 0.28971929235950594
25281.0 11289096.0 0.6268793517630311 0.08054636840339308 0.21336011750091508 -2.0372626117500676 0.28971929235950594
25282.0 11289096.0 0.6183939793287282 0.08039837661266037 0.21336009912258944 -2.0372626117500676 0.28971929235950594
25283.0 11289096.0 0.6112009862779443 0.08040064730023146 0.21336008361881886 -2.0372626117500676 0.28971929235950594
25284.0 11289096.0 0.6040079932271605 0.08040291798780254 0.21336007053999406 -2.0372626117500676 0.28971929235950594
25285.0 11289096.0 0.5968150001763766 0.08040518867537363 0.21336005950682907 -2.0372626117500676 0.28971929235950594
25286.0 11289096.0 0.5896220071255927 0.08040745936294472 0.21336005019936213 -2.0372626117500676 0.28971929235950594
25287.0 11289096.0 0.5824290140748088 0.0804097300505158 0.2133600423476767 -2.0372626117500676 0.28971929235950594
25288.0 11289096.0 0.5752360210240249 0.08041200073808688 0.21336003572407386 -2.0372626117500676 0.28971929235950594
25289.0 11289096.0 0.5680430279732411 0.08041427142565796 0.21336003013646918 -2.0372626117500676 0.28971929235950594
25290.0 11289096.0 0.5608500349224572 0.08041654211322904 0.2133600254228221 -2.0372626117500676 0.28971929235950594
25291.0 11289096.0 0.5536570418716733 0.08041881280080013 0.21336002144643687 -2.0372626117500676 0.28971929235950594
25292.0 11289096.0 0.5464640488208895 0.08042108348837122 0.2133600180919983 -2.0372626117500676 0.28971929235950594
25293.0 11289096.0 0.5392710557701056 0.0804233541759423 0.2133600152622277 -2.0372626117500676 0.28971929235950594
25294.0 11289096.0 0.5320780627193217 0.08042562486351339 0.21336001287506168 -2.0372626117500676 0.28971929235950594
25295.0 11289096.0 0.5248850696685379 0.08042789555108447 0.21336001086127246 -2.0372626117500676 0.28971929235950594
25296.0 11289096.0 0.517692076617754 0.08043016623865555 0.21336000916246015 -2.0372626117500676 0.28971929235950594
25297.0 11289096.0 0.51049908356697 0.08043243692622665 0.21336000772935917 -2.0372626117500676 0.28971929235950594
25298.0 11289096.0 0.5033060905161862 0.08043470761379773 0.21336000652040962 -2.0372626117500676 0.28971929235950594
25299.0 11289096.0 0.49611309746540233 0.08043697830136881 0.21336000550055195 -2.0372626117500676 0.28971929235950594
25300.0 11289096.0 0.4889201044146185 0.0804392489889399 0.21336000464021027 -2.0372626117500676 0.28971929235950594
25301.0 11289096.0 0.4817271113638346 0.08044151967651098 0.2133600039144347 -2.0372626117500676 0.28971929235950594
25302.0 11289096.0 0.4745341183130507 0.08044379036408206 0.21336000330217772 -2.0372626117500676 0.28971929235950594
25303.0 11289096.0 0.4673411252622669 0.08044606105165314 0.2133600027856839 -2.0372626117500676 0.28971929235950594
25304.0 11289096.0 0.460148132211483 0.08044833173922424 0.2133600023499749 -2.0372626117500676 0.28971929235950594
25305.0 11289096.0 0.4529551391606991 0.08045060242679532 0.21336000198241517 -2.0372626117500676 0.28971929235950594
25306.0 11289096.0 0.44576214610991527 0.0804528731143664 0.21336000167234548 -2.0372626117500676 0.28971929235950594
25307.0 11289096.0 0.43856915305913136 0.08045514380193748 0.21336000141077383 -2.0372626117500676 0.28971929235950594
25308.0 11289096.0 0.4313761600083475 0.08045741448950856 0.2133600011901146 -2.0372626117500676 0.28971929235950594
25309.0 11289096.0 0.42418316695756364 0.08045968517707966 0.2133600010039687 -2.0372626117500676 0.28971929235950594
25310.0 11289096.0 0.4169901739067797 0.08046195586465074 0.2133600008469379 -2.0372626117500676 0.28971929235950594
25311.0 11289096.0 0.4097971808559959 0.08046422655222182 0.21336000071446828 -2.0372626117500676 0.28971929235950594
25312.0 11289096.0 0.402604187805212 0.0804664972397929 0.21336000060271826 -2.0372626117500676 0.28971929235950594
25313.0 11289096.0 0.3946529988852138 0.08059483494661648 0.21336000050844706 -2.0372626117500676 0.28971929235950594
25314.0 11289096.0 0.3867018099652156 0.08072317265344006 0.2133600004289208 -2.0372626117500676 0.28971929235950594
25315.0 11289096.0 0.3787506210452174 0.08085151036026364 0.21336000036183328 -2.0372626117500676 0.28971929235950594
25316.0 11289096.0 0.37079943212521915 0.08097984806708722 0.2133600003052389 -2.0372626117500676 0.28971929235950594
