28700.0 10514849.0 -4.129569275782762 -0.012112009860633238 0.5181600000000001 -3.5990871737214585 -0.11978598563140697
28701.0 10514849.0 -4.060398175459246 -0.04235589533219933 0.5181600000000001 -3.5990871737214585 -0.11978598563140697
28702.0 10514849.0 -3.9950930069619854 -0.07355337603836212 0.5181600000000001 -3.5990871737214585 -0.11978598563140697
28703.0 10514849.0 -3.9275085884627607 -0.10321740338369792 0.5181600000000001 -3.5990871737214585 -0.11978598563140697
28704.0 10514849.0 -3.859924169963536 -0.13288143072903372 0.5181600000000001 -3.5990871737214585 -0.11978598563140697
28705.0 10514849.0 -3.7915462409723775 -0.16555003530424908 0.5181600000000001 -3.5990871737214585 -0.11978598563140697
28706.0 10514849.0 -3.724788436034978 -0.1923124305672527 0.5181600000000001 -3.5990871737214585 -0.11978598563140697
28707.0 10514849.0 -3.655618846276941 -0.22120696637732795 0.5181600000000001 -3.5990871737214585 -0.11978598563140697
28708.0 10514849.0 -3.586449256518904 -0.25010150218740324 0.5181600000000001 -3.5990871737214585 -0.11978598563140697
28709.0 10514849.0 -3.5148677868603437 -0.28112808413167867 0.5181600000000001 -3.5990871737214585 -0.11978598563140697
28710.0 10514849.0 -3.4488686848984482 -0.31020972322765494 0.5181600000000001 -3.5990871737214585 -0.11978598563140697
28711.0 10514849.0 -3.378899352893928 -0.33801951301599276 0.5181600000000001 -3.5990871737214585 -0.11978598563140697
28712.0 10514849.0 -3.31056121451567 -0.3680989167528842 0.5181600000000001 -3.5990871737214585 -0.11978598563140697
28713.0 10514849.0 -3.2405221211694943 -0.3956962518211332 0.5181600000000001 -3.5990871737214585 -0.11978598563140697
28714.0 10514849.0 -3.1721832637170246 -0.4257743133946229 0.5181600000000001 -3.5990871737214585 -0.11978598563140697
28715.0 10514849.0 -3.104611802538617 -0.45548321813313963 0.5181600000000001 -3.5990871737214585 -0.11978598563140697
28716.0 10514849.0 -3.0370403413602096 -0.48519212287165636 0.5181600000000001 -3.5990871737214585 -0.11978598563140697
28717.0 10514849.0 -2.969476455126199 -0.5122099811107591 0.5181600000000001 -3.5990871737214585 -0.11978598563140697
28718.0 10514849.0 -2.9011016155626352 -0.5421798719012662 0.5181600000000001 -3.5990871737214585 -0.11978598563140697
28719.0 10514849.0 -2.833131575557143 -0.5706724348926787 0.5181600000000001 -3.5990871737214585 -0.11978598563140697
28720.0 10514849.0 -2.765161535551651 -0.5991649978840913 0.5181600000000001 -3.5990871737214585 -0.11978598563140697
28721.0 10514849.0 -2.6967764237475964 -0.6263897274865 0.5181600000000001 -3.5990871737214585 -0.11978598563140697
28722.0 10514849.0 -2.628391311943542 -0.6536144570889086 0.5181600000000001 -3.5990871737214585 -0.11978598563140697
28723.0 10514849.0 -2.5581631185791487 -0.6792794802500843 0.5181600000000001 -3.5990871737214585 -0.11978598563140697
28724.0 10514849.0 -2.4879691726061006 -0.7050493471767499 0.5181600000000001 -3.5990871737214585 -0.11978598563140697
28725.0 10514849.0 -2.417636822340926 -0.7303963362543023 0.5181600000000001 -3.5990871737214585 -0.11978598563140697
28726.0 10514849.0 -2.349021192349791 -0.7528440966726508 0.5181600000000001 -3.5990871737214585 -0.11978598563140697
28727.0 10514849.0 -2.277997765991066 -0.7760787935231541 0.5181600000000001 -3.5990871737214585 -0.11978598563140697
28728.0 10514849.0 -2.211789276106505 -0.7977376114692597 0.5181600000000001 -3.5990871737214585 -0.11978598563140697
28729.0 10514849.0 -2.1442647671580666 -0.8221630235448109 0.5181600000000001 -3.5990871737214585 -0.11978598563140697
28730.0 10514849.0 -2.072839374662512 -0.845526910734176 0.5181600000000001 -3.5990871737214585 -0.11978598563140697
28731.0 10514849.0 -2.0046238909028053 -0.8678400591375949 0.5181600000000001 -3.5990871737214585 -0.11978598563140697
28732.0 10514849.0 -1.935605652035744 -0.8904150425690152 0.5181600000000001 -3.5990871737214585 -0.11978598563140697
28733.0 10514849.0 -1.8654393334205182 -0.9121960154358868 0.5181600000000001 -3.5990871737214585 -0.11978598563140697
28734.0 10514849.0 -1.7952730148052922 -0.9339769883027583 0.5181600000000001 -3.5990871737214585 -0.11978598563140697
28735.0 10514849.0 -1.726056398346862 -0.9540437948554064 0.5181600000000001 -3.5990871737214585 -0.11978598563140697
28736.0 10514849.0 -1.6568397818884317 -0.9741106014080544 0.5181600000000001 -3.5990871737214585 -0.11978598563140697
28737.0 10514849.0 -1.5892599572143993 -0.9913042925052752 0.5181600000000001 -3.5990871737214585 -0.11978598563140697
28738.0 10514849.0 -1.5198936487306691 -1.0111845613813437 0.5181600000000001 -3.5990871737214585 -0.11978598563140697
28739.0 10514849.0 -1.450573752017976 -1.0317499306077196 0.5181600000000001 -3.5990871737214585 -0.11978598563140697
28740.0 10514849.0 -1.3808033229170487 -1.0493073190021185 0.5181600000000001 -3.5990871737214585 -0.11978598563140697
28741.0 10514849.0 -1.313500719030989 -1.0689779146287954 0.5181600000000001 -3.5990871737214585 -0.11978598563140697
28742.0 10514849.0 -1.2486489243538486 -1.0852760921844629 0.5181600000000001 -3.5990871737214585 -0.11978598563140697
28743.0 10514849.0 -1.1792705880244865 -1.1053903481839527 0.5181600000000001 -3.5990871737214585 -0.11978598563140697
28744.0 10514849.0 -1.110815833378312 -1.1201780268981512 0.5181600000000001 -3.5990871737214585 -0.11978598563140697
28745.0 10514849.0 -1.0418039758212323 -1.1400541769040464 0.5181600000000001 -3.5990871737214585 -0.11978598563140697
28746.0 10514849.0 -0.9741254025195589 -1.157215104741399 0.5181600000000001 -3.5990871737214585 -0.11978598563140697
28747.0 10514849.0 -0.9064468292178856 -1.1743760325787513 0.5181600000000001 -3.5990871737214585 -0.11978598563140697
28748.0 10514849.0 -0.8363663654413236 -1.192613214822025 0.5181600000000001 -3.5990871737214585 -0.11978598563140697
28749.0 10514849.0 -0.7686124694999878 -1.2092712713180396 0.5181600000000001 -3.5990871737214585 -0.11978598563140697
28750.0 10514849.0 -0.6988601353289736 -1.2230755363012862 0.5181600000000001 -3.5990871737214585 -0.11978598563140697
28751.0 10514849.0 -0.6291078011579593 -1.2368798012845328 0.5181600000000001 -3.5990871737214585 -0.11978598563140697
28752.0 10514849.0 -0.559355466986945 -1.2506840662677794 0.5181600000000001 -3.5990871737214585 -0.11978598563140697
28753.0 10514849.0 -0.48960313281593076 -1.264488331251026 0.5181600000000001 -3.5990871737214585 -0.11978598563140697
28754.0 10514849.0 -0.4198507986449165 -1.2782925962342726 0.5181600000000001 -3.5990871737214585 -0.11978598563140697
28755.0 10514849.0 -0.35322766278340745 -1.2902541850726499 0.5181600000000001 -3.5990871737214585 -0.11978598563140697
28756.0 10514849.0 -0.28389823075566567 -1.302632310212345 0.5181600000000001 -3.5990871737214585 -0.11978598563140697
28757.0 10514849.0 -0.21442937071791612 -1.3129523814188158 0.5181600000000001 -3.5990871737214585 -0.11978598563140697
28758.0 10514849.0 -0.14605881846010194 -1.3201089373349217 0.5181600000000001 -3.5990871737214585 -0.11978598563140697
28759.0 10514849.0 -0.07809711152726018 -1.3222627696992157 0.5197491262575873 -3.5990871737214585 -0.11978598563140697
28760.0 10514849.0 -0.010135404594418418 -1.3244166020635095 0.5226788234284251 -3.5990871737214585 -0.11978598563140697
28761.0 10514849.0 0.05782630233842334 -1.3265704344278035 0.5267394127278898 -3.5990871737214585 -0.11978598563140697
28762.0 10514849.0 0.1267844977330329 -1.3228175659646286 0.5301648849914298 -3.5990871737214585 -0.11978598563140697
28763.0 10514849.0 0.19574269312764248 -1.319064697501454 0.5330545789166993 -3.5990871737214585 -0.11978598563140697
28764.0 10514849.0 0.26071908623547213 -1.3105050758106798 0.5354922956287389 -3.5990871737214585 -0.11978598563140697
28765.0 10514849.0 0.32771752106082896 -1.2971147783651802 0.5375487289129229 -3.5990871737214585 -0.11978598563140697
28766.0 10514849.0 0.39471559270957424 -1.283723857182731 0.5392835153349279 -3.5990871737214585 -0.11978598563140697
28767.0 10514849.0 0.45629603203946073 -1.2610854758570331 0.5407469637012533 -3.5990871737214585 -0.11978598563140697
28768.0 10514849.0 0.5264097842551037 -1.2367953006060484 0.5419815140146794 -3.5990871737214585 -0.11978598563140697
28769.0 10514849.0 0.5878232443848902 -1.2065078757920518 0.5430229682343898 -3.5990871737214585 -0.11978598563140697
28770.0 10514849.0 0.6467250314419741 -1.1757500156089111 0.5439015285328125 -3.5990871737214585 -0.11978598563140697
28771.0 10514849.0 0.7055981486406828 -1.136921531702298 0.5446426731586358 -3.5990871737214585 -0.11978598563140697
28772.0 10514849.0 0.7598058312879945 -1.0946994203723825 0.5452678953060289 -3.5990871737214585 -0.11978598563140697
28773.0 10514849.0 0.8113950529520413 -1.048934621426219 0.5457953264172785 -3.5990871737214585 -0.11978598563140697
28774.0 10514849.0 0.862984274616088 -1.0031698224800552 0.5462402619946181 -3.5990871737214585 -0.11978598563140697
28775.0 10514849.0 0.9083417546800276 -0.955135356729886 0.546615605169795 -3.5990871737214585 -0.11978598563140697
28776.0 10514849.0 0.9509458929449834 -0.9077784169847825 0.546932240894892 -3.5990871737214585 -0.11978598563140697
28777.0 10514849.0 0.9935500312099392 -0.8604214772396789 0.5471993516059385 -3.5990871737214585 -0.11978598563140697
28778.0 10514849.0 1.0325569466281739 -0.8076252175817834 0.5474246835135557 -3.5990871737214585 -0.11978598563140697
28779.0 10514849.0 1.0686167892914806 -0.7543334933989986 0.5476147712430651 -3.5990871737214585 -0.11978598563140697
28780.0 10514849.0 1.1043647857826213 -0.7036268069391176 0.547775127338623 -3.5990871737214585 -0.11978598563140697
28781.0 10514849.0 1.133660427176853 -0.6476581124503695 0.5479104021270006 -3.5990871737214585 -0.11978598563140697
28782.0 10514849.0 1.164145892206757 -0.5951154843865448 0.5480245185770611 -3.5990871737214585 -0.11978598563140697
28783.0 10514849.0 1.1889603200832273 -0.5354632742155815 0.5481207860658562 -3.5990871737214585 -0.11978598563140697
28784.0 10514849.0 1.2137747479596976 -0.47581106404461815 0.5482019963505611 -3.5990871737214585 -0.11978598563140697
28785.0 10514849.0 1.2329465846259295 -0.41711944387621214 0.5482705045294323 -3.5990871737214585 -0.11978598563140697
28786.0 10514849.0 1.2473898000258683 -0.3565911286832221 0.5483282973396569 -3.5990871737214585 -0.11978598563140697
28787.0 10514849.0 1.2618330154258068 -0.2960628134902321 0.5483770507727316 -3.5990871737214585 -0.11978598563140697
28788.0 10514849.0 1.2738172403932624 -0.23490647515572047 0.5484181786782155 -3.5990871737214585 -0.11978598563140697
28789.0 10514849.0 1.2827390580733042 -0.1749694239272548 0.5484528737653677 -3.5990871737214585 -0.11978598563140697
28790.0 10514849.0 1.28396893967258 -0.11275332672814325 0.5484821421917154 -3.5990871737214585 -0.11978598563140697
28791.0 10514849.0 1.2851988212718555 -0.050537229529031696 0.5485068327416229 -3.5990871737214585 -0.11978598563140697
28792.0 10514849.0 1.2867613943821392 0.011336618487436723 0.5485276614410376 -3.5990871737214585 -0.11978598563140697
28793.0 10514849.0 1.2805256753869505 0.07108503618085477 0.5485452323222423 -3.5990871737214585 -0.11978598563140697
28794.0 10514849.0 1.2742899563917618 0.1308334538742728 0.5485600549407921 -3.5990871737214585 -0.11978598563140697
28795.0 10514849.0 1.2681330471018695 0.1881029371912072 0.5485725591526248 -3.5990871737214585 -0.11978598563140697
28796.0 10514849.0 1.2576434704961135 0.2467879031404144 0.5485831075798836 -3.5990871737214585 -0.11978598563140697
28797.0 10514849.0 1.243862439604609 0.304094925960959 0.548592006126959 -3.5990871737214585 -0.11978598563140697
28798.0 10514849.0 1.229691919089316 0.36129568010241786 0.5485995128517163 -3.5990871737214585 -0.11978598563140697
28799.0 10514849.0 1.2108201778215697 0.41769593096627167 0.5486058454491732 -3.5990871737214585 -0.11978598563140697
28800.0 10514849.0 1.1886359326497289 0.4748280854913973 0.5486111875646563 -3.5990871737214585 -0.11978598563140697
28801.0 10514849.0 1.1657969739663625 0.5299546623788611 0.5486156941195144 -3.5990871737214585 -0.11978598563140697
28802.0 10514849.0 1.1389649957422043 0.5810120203896494 0.5486194958038384 -3.5990871737214585 -0.11978598563140697
28803.0 10514849.0 1.1117991901707265 0.6299589885083557 0.5486227028664737 -3.5990871737214585 -0.11978598563140697
28804.0 10514849.0 1.0818708803242467 0.6788743023244861 0.5486254083122368 -3.5990871737214585 -0.11978598563140697
28805.0 10514849.0 1.0519425704777672 0.7277896161406165 0.5486276905990547 -3.5990871737214585 -0.11978598563140697
28806.0 10514849.0 1.0153739214416806 0.7735011198356936 0.5486296159132452 -3.5990871737214585 -0.11978598563140697
28807.0 10514849.0 0.9788052724055938 0.8192126235307707 0.5486312400889198 -3.5990871737214585 -0.11978598563140697
28808.0 10514849.0 0.9386921463122523 0.8622274996105418 0.5486326102271731 -3.5990871737214585 -0.11978598563140697
28809.0 10514849.0 0.8978896642884695 0.9031314490147908 0.5486337660620144 -3.5990871737214585 -0.11978598563140697
28810.0 10514849.0 0.8520831846345108 0.9379602674259092 0.5486347411126541 -3.5990871737214585 -0.11978598563140697
28811.0 10514849.0 0.8090282514725219 0.972240845378433 0.5486355636555608 -3.5990871737214585 -0.11978598563140697
28812.0 10514849.0 0.7628768273852892 1.005197115780885 0.5486362575444788 -3.5990871737214585 -0.11978598563140697
28813.0 10514849.0 0.7126519451452809 1.0341110756032164 0.5486368429021866 -3.5990871737214585 -0.11978598563140697
28814.0 10514849.0 0.6624270629052726 1.063025035425548 0.5486373367040579 -3.5990871737214585 -0.11978598563140697
28815.0 10514849.0 0.6115351803296358 1.0893537512467508 0.54387037451753 -3.5990871737214585 -0.11978598563140697
28816.0 10514849.0 0.5618085813979482 1.1110962024753719 0.5398490131920104 -3.5990871737214585 -0.11978598563140697
28817.0 10514849.0 0.5087437941851545 1.1307756644931062 0.5364566332490591 -3.5990871737214585 -0.11978598563140697
28818.0 10514849.0 0.45877607699828327 1.151779956642883 0.5335948556703305 -3.5990871737214585 -0.11978598563140697
28819.0 10514849.0 0.4091454576936785 1.1656646331506795 0.5311806889060415 -3.5990871737214585 -0.11978598563140697
28820.0 10514849.0 0.35678709025747124 1.1804412566869735 0.5291441221200277 -3.5990871737214585 -0.11978598563140697
28821.0 10514849.0 0.3046695061707778 1.195139597520461 0.5274260948754947 -3.5990871737214585 -0.11978598563140697
28822.0 10514849.0 0.2509649093120172 1.2049828410004026 0.5259767843823511 -3.5990871737214585 -0.11978598563140697
28823.0 10514849.0 0.20100267032415475 1.2137786394472347 0.5247541606362955 -3.5990871737214585 -0.11978598563140697
28824.0 10514849.0 0.1510404313362923 1.222574437894067 0.5237227675486926 -3.5990871737214585 -0.11978598563140697
28825.0 10514849.0 0.09874299369408601 1.229388566870527 0.5228526947200018 -3.5990871737214585 -0.11978598563140697
28826.0 10514849.0 0.047711098100480354 1.2349133070743337 0.5197350206617826 -3.5990871737214585 -0.11978598563140697
28827.0 10514849.0 -0.003320797493125305 1.24043804727814 0.5147212928263466 -3.5990871737214585 -0.11978598563140697
28828.0 10514849.0 -0.05522836966079048 1.247359512052851 0.5104917624828746 -3.5990871737214585 -0.11978598563140697
28829.0 10514849.0 -0.10614387286237004 1.2491668511239558 0.506923773251406 -3.5990871737214585 -0.11978598563140697
28830.0 10514849.0 -0.15571364044587654 1.255091087849541 0.5039138534442282 -3.5990871737214585 -0.11978598563140697
28831.0 10514849.0 -0.2036940136621319 1.2570495844056424 0.501374715386933 -3.5990871737214585 -0.11978598563140697
28832.0 10514849.0 -0.2516743868783873 1.2590080809617437 0.4992327240758589 -3.5990871737214585 -0.11978598563140697
28833.0 10514849.0 -0.3011752465654316 1.2651444412581516 0.4974257617629847 -3.5990871737214585 -0.11978598563140697
28834.0 10514849.0 -0.35216008646478714 1.2667424469201018 0.49590142654123703 -3.5990871737214585 -0.11978598563140697
28835.0 10514849.0 -0.3998986474082338 1.2698497456810633 0.49461551268918524 -3.5990871737214585 -0.11978598563140697
28836.0 10514849.0 -0.44797120823516534 1.2716646878067315 0.4935307287051198 -3.5990871737214585 -0.11978598563140697
28837.0 10514849.0 -0.4960437690620969 1.2734796299323998 0.4926156158535029 -3.5990871737214585 -0.11978598563140697
28838.0 10514849.0 -0.5430217135295957 1.2751125042142701 0.49184363586163754 -3.5990871737214585 -0.11978598563140697
28839.0 10514849.0 -0.5899996579970945 1.2767453784961404 0.49119240130975966 -3.5990871737214585 -0.11978598563140697
28840.0 10514849.0 -0.6381811709166854 1.2787724058049226 0.4882593370194564 -3.5990871737214585 -0.11978598563140697
28841.0 10514849.0 -0.6863626838362762 1.2807994331137047 0.4834013441263089 -3.5990871737214585 -0.11978598563140697
28842.0 10514849.0 -0.7318785509605561 1.282831496544323 0.47930319021282436 -3.5990871737214585 -0.11978598563140697
28843.0 10514849.0 -0.77722189203639 1.2853915988650562 0.47584602881551175 -3.5990871737214585 -0.11978598563140697
28844.0 10514849.0 -0.8224510307028717 1.287622671171823 0.47292960225384895 -3.5990871737214585 -0.11978598563140697
28845.0 10514849.0 -0.8676801693693534 1.28985374347859 0.47046933415754777 -3.5990871737214585 -0.11978598563140697
28846.0 10514849.0 -0.9127951120960898 1.2917557826725525 0.4683938767518155 -3.5990871737214585 -0.11978598563140697
28847.0 10514849.0 -0.9557663106708754 1.2934243421946257 0.4666430417718858 -3.5990871737214585 -0.11978598563140697
28848.0 10514849.0 -0.9963652123047566 1.2942004471442485 0.46516605500334085 -3.5990871737214585 -0.11978598563140697
28849.0 10514849.0 -1.0393581281540771 1.2840371899605671 0.46392008382989275 -3.5990871737214585 -0.11978598563140697
28850.0 10514849.0 -1.0823510440033979 1.2738739327768855 0.46286899508751156 -3.5990871737214585 -0.11978598563140697
28851.0 10514849.0 -1.1253439598527184 1.2637106755932042 0.4619823072026682 -3.5990871737214585 -0.11978598563140697
28852.0 10514849.0 -1.1578968240699283 1.2429281758229722 0.4612343062267022 -3.5990871737214585 -0.11978598563140697
28853.0 10514849.0 -1.1904496882871383 1.2221456760527403 0.46060330013131057 -3.5990871737214585 -0.11978598563140697
28854.0 10514849.0 -1.2202763280015756 1.1896056101696233 0.46007098973972693 -3.5990871737214585 -0.11978598563140697
28855.0 10514849.0 -1.2427202960004236 1.1593633997441943 0.45962193805059537 -3.5990871737214585 -0.11978598563140697
28856.0 10514849.0 -1.2651642639992717 1.1291211893187654 0.4592431225649311 -3.5990871737214585 -0.11978598563140697
28857.0 10514849.0 -1.2876082319981197 1.0988789788933364 0.45892355763364984 -3.5990871737214585 -0.11978598563140697
28858.0 10514849.0 -1.303962905985893 1.0662556421128375 0.4586539758737444 -3.5990871737214585 -0.11978598563140697
28859.0 10514849.0 -1.3150101683921103 1.032480540234653 0.45842655941417754 -3.5990871737214585 -0.11978598563140697
28860.0 10514849.0 -1.3269204974329292 0.9960667606104769 0.4582347131776219 -3.5990871737214585 -0.11978598563140697
28861.0 10514849.0 -1.3311163276821059 0.9577139011645527 0.45807287362321725 -3.5990871737214585 -0.11978598563140697
28862.0 10514849.0 -1.3382126210093526 0.9197255445651692 0.4579363474038859 -3.5990871737214585 -0.11978598563140697
28863.0 10514849.0 -1.3429018516991957 0.8809498916890875 0.4530537965064503 -3.5990871737214585 -0.11978598563140697
28864.0 10514849.0 -1.3458399026208754 0.8393815389908764 0.44893492570770177 -3.5990871737214585 -0.11978598563140697
28865.0 10514849.0 -1.3497004309038194 0.8031389902060987 0.4454602877544766 -3.5990871737214585 -0.11978598563140697
28866.0 10514849.0 -1.345990265474616 0.7642450233198148 0.4425291181461313 -3.5990871737214585 -0.11978598563140697
28867.0 10514849.0 -1.3422801000454128 0.7253510564335308 0.4400564129640237 -3.5990871737214585 -0.11978598563140697
28868.0 10514849.0 -1.3364732249286266 0.6847198520089266 0.43558677438146437 -3.5990871737214585 -0.11978598563140697
28869.0 10514849.0 -1.3306663498118405 0.6440886475843224 0.42943254287955906 -3.5990871737214585 -0.11978598563140697
28870.0 10514849.0 -1.3216169585235003 0.6059021838588176 0.424240895121161 -3.5990871737214585 -0.11978598563140697
28871.0 10514849.0 -1.31256756723516 0.5677157201333127 0.41986127332127654 -3.5990871737214585 -0.11978598563140697
28872.0 10514849.0 -1.299309496595451 0.5294965481512677 0.4161666684477091 -3.5990871737214585 -0.11978598563140697
28873.0 10514849.0 -1.286051425955742 0.4912773761692225 0.4130499369591253 -3.5990871737214585 -0.11978598563140697
28874.0 10514849.0 -1.272753888391634 0.4572515856828999 0.41042069364235606 -3.5990871737214585 -0.11978598563140697
28875.0 10514849.0 -1.2571525494465636 0.4221219098053647 0.4082026904412152 -3.5990871737214585 -0.11978598563140697
28876.0 10514849.0 -1.2416200312397183 0.38678116184636613 0.40633160526286954 -3.5990871737214585 -0.11978598563140697
28877.0 10514849.0 -1.2291848561949734 0.35011671439586567 0.3999857978843302 -1.0283106210632738 -0.034224567323259125
28878.0 10514849.0 -1.2143077499782364 0.3127705842866534 0.3946325386444364 -1.0283106210632738 -0.034224567323259125
28879.0 10514849.0 -1.1993958936774594 0.27553002266031235 0.39011658302523133 -1.0283106210632738 -0.034224567323259125
28880.0 10514849.0 -1.1805124240727973 0.24160584739971025 0.38630696831375794 -1.0283106210632738 -0.034224567323259125
28881.0 10514849.0 -1.1616289544681353 0.20768167213910813 0.3830932156833835 -1.0283106210632738 -0.034224567323259125
28882.0 10514849.0 -1.137436358113062 0.17844757645456524 0.3803821263078272 -1.0283106210632738 -0.034224567323259125
28883.0 10514849.0 -1.113243761757989 0.14921348077002236 0.3780950785951979 -1.0283106210632738 -0.034224567323259125
28884.0 10514849.0 -1.0831231213129158 0.12452549824419398 0.3713983694090125 -1.0283106210632738 -0.034224567323259125
28885.0 10514849.0 -1.051274791371786 0.10675025169956495 0.3657490929356884 -1.0283106210632738 -0.034224567323259125
28886.0 10514849.0 -1.0168835081918055 0.09159040633603058 0.3609834201574993 -1.0283106210632738 -0.034224567323259125
28887.0 10514849.0 -0.9824922250118249 0.0764305609724962 0.3569631465638776 -1.0283106210632738 -0.034224567323259125
28888.0 10514849.0 -0.9431731804964467 0.06357369534033616 0.3535716842206084 -1.0283106210632738 -0.034224567323259125
28889.0 10514849.0 -0.9062510367071661 0.061314971181506944 0.3507106807197369 -1.0283106210632738 -0.034224567323259125
28890.0 10514849.0 -0.867252880536199 0.04856348102278482 0.3435297882069208 -1.0283106210632738 -0.034224567323259125
28891.0 10514849.0 -0.8263461451938889 0.040562589434434554 0.3374720595521054 -1.0283106210632738 -0.034224567323259125
28892.0 10514849.0 -0.7879847377026246 0.03292682664719934 0.3323618206243011 -1.0283106210632738 -0.034224567323259125
28893.0 10514849.0 -0.7471018230649509 0.02960768527730337 0.32805087449460146 -1.0283106210632738 -0.034224567323259125
28894.0 10514849.0 -0.7062189084272772 0.026288543907407397 0.3244142037252453 -1.0283106210632738 -0.034224567323259125
28895.0 10514849.0 -0.666953814634591 0.022096776049027933 0.3213463448639213 -1.0283106210632738 -0.034224567323259125
28896.0 10514849.0 -0.6276887208419049 0.01790500819064847 0.31875833000365095 -1.0283106210632738 -0.034224567323259125
28897.0 10514849.0 -0.5896100653306567 0.014159959646284581 0.31419141733707806 -1.0283106210632738 -0.034224567323259125
28898.0 10514849.0 -0.5515314098194086 0.010414911101920693 0.30795512639687195 -1.0283106210632738 -0.034224567323259125
28899.0 10514849.0 -0.5167985107593347 0.009341209967580172 0.30269425412217515 -1.0283106210632738 -0.034224567323259125
28900.0 10514849.0 -0.47925712064531556 0.0073495238444220845 0.29825623521702144 -1.0283106210632738 -0.034224567323259125
28901.0 10514849.0 -0.44185379134144775 0.004935827033322043 0.2945123671331613 -1.0283106210632738 -0.034224567323259125
28902.0 10514849.0 -0.4041728291205131 0.005001877864125176 0.2913540776961629 -1.0283106210632738 -0.034224567323259125
28903.0 10514849.0 -0.3692908289801393 0.004113772667587806 0.2886897765123532 -1.0283106210632738 -0.034224567323259125
28904.0 10514849.0 -0.3335703207159997 0.004704207455656112 0.2864421988474018 -1.0283106210632738 -0.034224567323259125
28905.0 10514849.0 -0.2981648509308743 0.005689947282409347 0.284546164949025 -1.0283106210632738 -0.034224567323259125
28906.0 10514849.0 -0.2627593811457489 0.006675687109162581 0.28294668983416993 -1.0283106210632738 -0.034224567323259125
28907.0 10514849.0 -0.2270390346925515 0.0072666573683523306 0.2768300099716889 -1.0283106210632738 -0.034224567323259125
28908.0 10514849.0 -0.19238675269911698 0.006220775208872126 0.2716700403983868 -1.0283106210632738 -0.034224567323259125
28909.0 10514849.0 -0.15840350202956102 0.005121281833002561 0.267317141996638 -1.0283106210632738 -0.034224567323259125
28910.0 10514849.0 -0.12442025136000508 0.0040217884571329965 0.2636450807127916 -1.0283106210632738 -0.034224567323259125
28911.0 10514849.0 -0.09043700069044913 0.002922295081263432 0.26054736676961615 -1.0283106210632738 -0.034224567323259125
28912.0 10514849.0 -0.05727766990543287 0.0027449275728378478 0.25793416646275963 -1.0283106210632738 -0.034224567323259125
28913.0 10514849.0 -0.02411833912041661 0.0025675600644122637 0.2557296969833231 -1.0283106210632738 -0.034224567323259125
28914.0 10514849.0 0.009040991664599651 0.0023901925559866796 0.25387002871640296 -1.0283106210632738 -0.034224567323259125
28915.0 10514849.0 0.04220032244961591 0.0022128250475610955 0.2523012312822585 -1.0283106210632738 -0.034224567323259125
28916.0 10514849.0 0.0704485149072438 0.0016841008098135296 0.2509778095552996 -1.0283106210632738 -0.034224567323259125
28917.0 10514849.0 0.09869670736487168 0.0011553765720659637 0.2498613843054443 -1.0283106210632738 -0.034224567323259125
28918.0 10514849.0 0.12852798213285355 0.001394597542496795 0.2489195792004469 -1.0283106210632738 -0.034224567323259125
28919.0 10514849.0 0.1583592569008354 0.0016338185129276261 0.24812508189226248 -1.0283106210632738 -0.034224567323259125
28920.0 10514849.0 0.1848672057722823 0.0021221540706220046 0.24745485195895367 -1.0283106210632738 -0.034224567323259125
28921.0 10514849.0 0.21137515464372916 0.002610489628316383 0.24688945273245452 -1.0283106210632738 -0.034224567323259125
28922.0 10514849.0 0.23788310351517605 0.003098825186010762 0.24641248763519655 -1.0283106210632738 -0.034224567323259125
28923.0 10514849.0 0.2649705326764541 0.0030962907059781386 0.24601012467935926 -1.0283106210632738 -0.034224567323259125
28924.0 10514849.0 0.29205796183773214 0.0030937562259455154 0.2456706953392234 -1.0283106210632738 -0.034224567323259125
28925.0 10514849.0 0.3191453909990102 0.003091221745912892 0.245384356163925 -1.0283106210632738 -0.034224567323259125
28926.0 10514849.0 0.3462328201602882 0.003088687265880269 0.24514280331738045 -1.0283106210632738 -0.034224567323259125
28927.0 10514849.0 0.36598161539624885 0.006448463420226314 0.24493903176703993 -1.0283106210632738 -0.034224567323259125
28928.0 10514849.0 0.3890871475532595 0.006491609367677058 0.24476713213794357 -1.0283106210632738 -0.034224567323259125
28929.0 10514849.0 0.4121926797102702 0.006534755315127802 0.24462211934084757 -1.0283106210632738 -0.034224567323259125
28930.0 10514849.0 0.43362431897953385 0.006891352840329115 0.24449978800463615 -1.0283106210632738 -0.034224567323259125
28931.0 10514849.0 0.4523599598348424 0.005792469916913054 0.24439659052055918 -1.0283106210632738 -0.034224567323259125
28932.0 10514849.0 0.47109560069015094 0.004693586993496993 0.24430953416157844 -1.0283106210632738 -0.034224567323259125
28933.0 10514849.0 0.48806804188221375 0.006624347527025093 0.24423609429328347 -1.0283106210632738 -0.034224567323259125
28934.0 10514849.0 0.4877914988074661 0.006619954129380377 0.2441741411594937 -1.0283106210632738 -0.034224567323259125
28935.0 10514849.0 0.48751495573271836 0.006615560731735661 0.24412187811932928 -1.0283106210632738 -0.034224567323259125
28936.0 10514849.0 0.4872384126579707 0.006611167334090945 0.2440777895446254 -1.0283106210632738 -0.034224567323259125
28937.0 10514849.0 0.48696186958322296 0.006606773936446229 0.24404059686671564 -1.0283106210632738 -0.034224567323259125
28938.0 10514849.0 0.4866853265084753 0.006602380538801513 0.24400922149794066 -1.0283106210632738 -0.034224567323259125
28939.0 10514849.0 0.4864087834337276 0.006597987141156797 0.24398275355260593 -1.0283106210632738 -0.034224567323259125
28940.0 10514849.0 0.4861322403589799 0.006593593743512081 0.24396042546029678 -1.0283106210632738 -0.034224567323259125
28941.0 10514849.0 0.4858556972842322 0.006589200345867365 0.24394158970633625 -1.0283106210632738 -0.034224567323259125
28942.0 10514849.0 0.4855791542094845 0.006584806948222649 0.24392570005385947 -1.0283106210632738 -0.034224567323259125
28943.0 10514849.0 0.4853026111347368 0.006580413550577933 0.24391229570294462 -1.0283106210632738 -0.034224567323259125
28944.0 10514849.0 0.48502606805998916 0.0065760201529332174 0.24390098792741516 -1.0283106210632738 -0.034224567323259125
28945.0 10514849.0 0.48474952498524143 0.0065716267552885016 0.24389144880178074 -1.0283106210632738 -0.034224567323259125
28946.0 10514849.0 0.48447298191049376 0.006567233357643786 0.24388340169139794 -1.0283106210632738 -0.034224567323259125
28947.0 10514849.0 0.48419643883574603 0.006562839959999069 0.24387661323006568 -1.0283106210632738 -0.034224567323259125
28948.0 10514849.0 0.48391989576099836 0.006558446562354353 0.24387088655240535 -1.0283106210632738 -0.034224567323259125
28949.0 10514849.0 0.4836433526862507 0.006554053164709637 0.24386605558476476 -1.0283106210632738 -0.034224567323259125
28950.0 10514849.0 0.48336680961150297 0.006549659767064921 0.24386198022908237 -1.0283106210632738 -0.034224567323259125
28951.0 10514849.0 0.4830902665367553 0.0065452663694202055 0.24385854230004336 -1.0283106210632738 -0.034224567323259125
28952.0 10514849.0 0.48281372346200757 0.00654087297177549 0.2438556420977056 -1.0283106210632738 -0.034224567323259125
28953.0 10514849.0 0.4825371803872599 0.006536479574130774 0.2438531955162013 -1.0283106210632738 -0.034224567323259125
28954.0 10514849.0 0.4822606373125122 0.006532086176486058 0.24385113160466684 -1.0283106210632738 -0.034224567323259125
28955.0 10514849.0 0.4819840942377645 0.006527692778841342 0.24384939050966772 -1.0283106210632738 -0.034224567323259125
28956.0 10514849.0 0.48170755116301683 0.006523299381196625 0.24384792173944897 -1.0283106210632738 -0.034224567323259125
28957.0 10514849.0 0.4814310080882691 0.006518905983551909 0.24384668269967422 -1.0283106210632738 -0.034224567323259125
28958.0 10514849.0 0.48115446501352144 0.0065145125859071935 0.24384563745819002 -1.0283106210632738 -0.034224567323259125
28959.0 10514849.0 0.4808779219387737 0.006510119188262478 0.24384475570299333 -1.0283106210632738 -0.034224567323259125
28960.0 10514849.0 0.48060137886402604 0.006505725790617762 0.24384401186318344 -1.0283106210632738 -0.034224567323259125
28961.0 10514849.0 0.48032483578927837 0.006501332392973046 0.24384338436740588 -1.0283106210632738 -0.034224567323259125
28962.0 10514849.0 0.48004829271453064 0.00649693899532833 0.2438428550182831 -1.0283106210632738 -0.034224567323259125
28963.0 10514849.0 0.479771749639783 0.006492545597683614 0.24384240846469052 -1.0283106210632738 -0.034224567323259125
28964.0 10514849.0 0.47949520656503525 0.006488152200038898 0.24384203175657396 -1.0283106210632738 -0.034224567323259125
28965.0 10514849.0 0.4792186634902876 0.0064837588023941815 0.24384171396939805 -1.0283106210632738 -0.034224567323259125
28966.0 10514849.0 0.4789421204155399 0.006479365404749466 0.2438414458873347 -1.0283106210632738 -0.034224567323259125
28967.0 10514849.0 0.4786655773407922 0.00647497200710475 0.24384121973600403 -1.0283106210632738 -0.034224567323259125
28968.0 10514849.0 0.4783890342660445 0.006470578609460034 0.2438410289570175 -1.0283106210632738 -0.034224567323259125
28969.0 10514849.0 0.4781124911912968 0.006466185211815318 0.24384086801778448 -1.0283106210632738 -0.034224567323259125
28970.0 10514849.0 0.4778359481165491 0.006461791814170602 0.2438407322510672 -1.0283106210632738 -0.034224567323259125
28971.0 10514849.0 0.47755940504180144 0.006457398416525886 0.24384061771963086 -1.0283106210632738 -0.034224567323259125
28972.0 10514849.0 0.4772828619670537 0.0064530050188811704 0.24384052110206383 -1.0283106210632738 -0.034224567323259125
28973.0 10514849.0 0.47700631889230605 0.006448611621236455 0.24384043959645665 -1.0283106210632738 -0.034224567323259125
28974.0 10514849.0 0.4767297758175583 0.006444218223591739 0.2438403708391467 -1.0283106210632738 -0.034224567323259125
28975.0 10514849.0 0.47645323274281065 0.006439824825947022 0.243840312836172 -1.0283106210632738 -0.034224567323259125
28976.0 10514849.0 0.476176689668063 0.006435431428302306 0.2438402639054463 -1.0283106210632738 -0.034224567323259125
28977.0 10514849.0 0.47590014659331525 0.00643103803065759 0.24384022262797853 -1.0283106210632738 -0.034224567323259125
28978.0 10514849.0 0.4756236035185676 0.006426644633012874 0.24384018780672215 -1.0283106210632738 -0.034224567323259125
28979.0 10514849.0 0.47534706044381986 0.0064222512353681585 0.24384015843186072 -1.0283106210632738 -0.034224567323259125
28980.0 10514849.0 0.4750705173690722 0.006417857837723443 0.24384013365152324 -1.0283106210632738 -0.034224567323259125
28981.0 10514849.0 0.4747939742943245 0.006413464440078727 0.24384011274707992 -1.0283106210632738 -0.034224567323259125
28982.0 10514849.0 0.4745174312195768 0.006409071042434011 0.24384009511230192 -1.0283106210632738 -0.034224567323259125
28983.0 10514849.0 0.4742408881448291 0.006404677644789295 0.2438400802357807 -1.0283106210632738 -0.034224567323259125
28984.0 10514849.0 0.4739643450700814 0.006400284247144578 0.2438400676860971 -1.0283106210632738 -0.034224567323259125
28985.0 10514849.0 0.4736878019953337 0.006395890849499862 0.2438400570993103 -1.0283106210632738 -0.034224567323259125
28986.0 10514849.0 0.47341125892058605 0.0063914974518551465 0.24384004816840352 -1.0283106210632738 -0.034224567323259125
28987.0 10514849.0 0.4731347158458383 0.006387104054210431 0.24384004063438044 -1.0283106210632738 -0.034224567323259125
28988.0 10514849.0 0.47285817277109066 0.006382710656565715 0.2438400342787544 -1.0283106210632738 -0.034224567323259125
28989.0 10514849.0 0.47258162969634293 0.006378317258920999 0.2438400289172122 -1.0283106210632738 -0.034224567323259125
28990.0 10514849.0 0.47230508662159526 0.006373923861276283 0.2438400243942692 -1.0283106210632738 -0.034224567323259125
28991.0 10514849.0 0.47202854354684753 0.006369530463631567 0.24384002057875998 -1.0283106210632738 -0.034224567323259125
28992.0 10514849.0 0.47175200047209986 0.006365137065986851 0.2438400173600348 -1.0283106210632738 -0.034224567323259125
28993.0 10514849.0 0.4714754573973522 0.0063607436683421345 0.24384001464475064 -1.0283106210632738 -0.034224567323259125
