42329.0 10520887.0 1.8633219597520554 -0.03781623424278603 0.41148000000000007 -0.6872028657446766 0.7657325092434721
42330.0 10520887.0 1.8894810904259343 -0.03908717265526723 0.426569152223619 -0.6872028657446766 0.7657325092434721
42331.0 10520887.0 1.9162583801636883 -0.04172802991913428 0.4266452896646914 -0.6872028657446766 0.7657325092434721
42332.0 10520887.0 1.9430356699014424 -0.04436888718300133 0.4266712884787704 -0.6872028657446766 0.7657325092434721
42333.0 10520887.0 1.9902613362106627 -0.04904366963444465 0.426684624762241 -0.6872028657446766 0.7657325092434721
42334.0 10520887.0 2.007461993319077 -0.04695056524179461 0.4266928463641719 -0.6872028657446766 0.7657325092434721
42335.0 10520887.0 2.0492388414482514 -0.05498571655625781 0.42669847360516516 -0.6872028657446766 0.7657325092434721
42336.0 10520887.0 2.084517613778052 -0.058445444143235076 0.43252712279234096 -0.6872028657446766 0.7657325092434721
42337.0 10520887.0 2.117413903028 -0.058323325112348445 0.4369778830938243 -0.6872028657446766 0.7657325092434721
42338.0 10520887.0 2.1471099864217322 -0.05984293724559803 0.44047908833023647 -0.6872028657446766 0.7657325092434721
42339.0 10520887.0 2.185495056269559 -0.06466697479648428 0.4432906820378307 -0.6872028657446766 0.7657325092434721
42340.0 10520887.0 2.2168649277758936 -0.06649921760533975 0.4455812912891798 -0.6872028657446766 0.7657325092434721
42341.0 10520887.0 2.2538960107749695 -0.07274989153541828 0.44746649288149326 -0.6872028657446766 0.7657325092434721
42342.0 10520887.0 2.27069360027044 -0.07297781297716191 0.44902920408711205 -0.6872028657446766 0.7657325092434721
42343.0 10520887.0 2.319299406859077 -0.07097513813945458 0.4503311855024244 -0.6872028657446766 0.7657325092434721
42344.0 10520887.0 2.365369576760947 -0.07129837798310332 0.4562507503738772 -0.6872028657446766 0.7657325092434721
42345.0 10520887.0 2.3889946032582654 -0.06788506324217118 0.4612131308592175 -0.6872028657446766 0.7657325092434721
42346.0 10520887.0 2.412619629755584 -0.06447174850123905 0.4653806650971544 -0.6872028657446766 0.7657325092434721
42347.0 10520887.0 2.4464897746003844 -0.05302313577576361 0.4688851889074998 -0.6872028657446766 0.7657325092434721
42348.0 10520887.0 2.4803599194451844 -0.04157452305028818 0.47183488696667814 -0.6872028657446766 0.7657325092434721
42349.0 10520887.0 2.514230064289985 -0.030125910324812738 0.47431921926114606 -0.6872028657446766 0.7657325092434721
42350.0 10520887.0 2.5465381226518122 -0.012082734750320234 0.47641257737164705 -0.6872028657446766 0.7657325092434721
42351.0 10520887.0 2.57884618101364 0.0059604408241722695 0.4781770742183468 -0.6872028657446766 0.7657325092434721
42352.0 10520887.0 2.6112156338357844 0.02623246459680731 0.47966472280060235 -0.6872028657446766 0.7657325092434721
42353.0 10520887.0 2.622908248896694 0.040288260980268525 0.48091917025182945 -0.6872028657446766 0.7657325092434721
42354.0 10520887.0 2.6594255853298767 0.07462619896067343 0.4819770986936034 -0.6872028657446766 0.7657325092434721
42355.0 10520887.0 2.68691895890424 0.10852256393129797 0.4828693699463566 -0.6872028657446766 0.7657325092434721
42356.0 10520887.0 2.7071435651070628 0.14327336638220808 0.48839041307755904 -0.6872028657446766 0.7657325092434721
42357.0 10520887.0 2.7329902464824576 0.1843660004400229 0.4930474164910413 -0.6872028657446766 0.7657325092434721
42358.0 10520887.0 2.7456041115795378 0.22300330963570444 0.49697572176212185 -0.6872028657446766 0.7657325092434721
42359.0 10520887.0 2.7630324237761634 0.26006885791579726 0.5002894229034942 -0.6872028657446766 0.7657325092434721
42360.0 10520887.0 2.775326357369914 0.3004460699625596 0.5030847211925451 -0.6872028657446766 0.7657325092434721
42361.0 10520887.0 2.788294568950613 0.33744907240364685 0.5054427426769618 -0.6872028657446766 0.7657325092434721
42362.0 10520887.0 2.7969362092678183 0.38567726819535664 0.507431907437344 -0.6872028657446766 0.7657325092434721
42363.0 10520887.0 2.8181855467783676 0.44532623520514836 0.5091099237380888 -0.6872028657446766 0.7657325092434721
42364.0 10520887.0 2.824399770625072 0.48067922172123323 0.5105254675509497 -0.6872028657446766 0.7657325092434721
42365.0 10520887.0 2.832317857702156 0.5266904798537968 0.5117195977503116 -0.6872028657446766 0.7657325092434721
42366.0 10520887.0 2.8431698019171314 0.5708093843761108 0.5127269489769045 -0.6872028657446766 0.7657325092434721
42367.0 10520887.0 2.855725636795442 0.6255865546337004 0.5135767373368766 -0.6872028657446766 0.7657325092434721
42368.0 10520887.0 2.86666171555245 0.6754020891398043 0.5142936084459828 -0.6872028657446766 0.7657325092434721
42369.0 10520887.0 2.8741061795219336 0.7156102826285019 0.5148983526189607 -0.6872028657446766 0.7657325092434721
42370.0 10520887.0 2.879131794732153 0.7560240836131865 0.5154085080687221 -0.6872028657446766 0.7657325092434721
42371.0 10520887.0 2.886064911916308 0.8028242362384166 0.5206062549123477 -0.6872028657446766 0.7657325092434721
42372.0 10520887.0 2.88770268044341 0.851353211237135 0.524991019016896 -0.6872028657446766 0.7657325092434721
42373.0 10520887.0 2.8862481392655646 0.8914295190176083 0.5286899601926276 -0.6872028657446766 0.7657325092434721
42374.0 10520887.0 2.884793598087719 0.9315058267980814 0.5318103487249293 -0.6872028657446766 0.7657325092434721
42375.0 10520887.0 2.8783622297825957 0.9902625417761398 0.5344426764763447 -0.6872028657446766 0.7657325092434721
42376.0 10520887.0 2.8719532904405063 1.022844655844872 0.5366632813089286 -0.6872028657446766 0.7657325092434721
42377.0 10520887.0 2.865544351098417 1.0554267699136042 0.538536560977304 -0.6872028657446766 0.7657325092434721
42378.0 10520887.0 2.8483700349546535 1.1034392960876411 0.5401168407206125 -0.6872028657446766 0.7657325092434721
42379.0 10520887.0 2.840281855634842 1.143929408670745 0.5414499487287088 -0.6872028657446766 0.7657325092434721
42380.0 10520887.0 2.8193761492657208 1.183230843456653 0.5425745451802326 -0.6872028657446766 0.7657325092434721
42381.0 10520887.0 2.800601892478534 1.220901937319701 0.5482906223687246 -0.6872028657446766 0.7657325092434721
42382.0 10520887.0 2.7732908892851746 1.2636968990023425 0.5531126474545457 -0.6872028657446766 0.7657325092434721
42383.0 10520887.0 2.751043603391234 1.3013340919916934 0.5571804592256794 -0.6872028657446766 0.7657325092434721
42384.0 10520887.0 2.7123646751188586 1.349009565379372 0.5606120242598058 -0.6872028657446766 0.7657325092434721
42385.0 10520887.0 2.678969182068612 1.3786053680221209 0.5635068579647171 -0.6872028657446766 0.7657325092434721
42386.0 10520887.0 2.65292934614781 1.4021781545636265 0.5659489105309444 -0.6872028657446766 0.7657325092434721
42387.0 10520887.0 2.6268895102270076 1.4257509411051323 0.5680090014907662 -0.6872028657446766 0.7657325092434721
42388.0 10520887.0 2.5916707836815993 1.453839954100355 0.5697468734867344 -0.6872028657446766 0.7657325092434721
42389.0 10520887.0 2.550722351027937 1.4845012066764955 0.571212924809564 -0.6872028657446766 0.7657325092434721
42390.0 10520887.0 2.4948470329181136 1.5134953667085689 0.5724496709493172 -0.6872028657446766 0.7657325092434721
42391.0 10520887.0 2.457488543690461 1.5309523856414307 0.5734929775450676 -0.6872028657446766 0.7657325092434721
42392.0 10520887.0 2.4178029775641354 1.5483518585281586 0.5743731004887045 -0.6872028657446766 0.7657325092434721
42393.0 10520887.0 2.3760058710578775 1.5628197061964084 0.5751155633459613 -0.6872028657446766 0.7657325092434721
42394.0 10520887.0 2.327227907699106 1.577932200094123 0.5757418975399192 -0.6872028657446766 0.7657325092434721
42395.0 10520887.0 2.2738805448403863 1.5844906834546302 0.5762702667623357 -0.6872028657446766 0.7657325092434721
42396.0 10520887.0 2.2515990420806493 1.5896650610840406 0.5767159937207404 -0.6872028657446766 0.7657325092434721
42397.0 10520887.0 2.2293175393209124 1.594839438713451 0.5770920044969748 -0.6872028657446766 0.7657325092434721
42398.0 10520887.0 2.1772080269419636 1.601111183940478 0.5774092034035785 -0.6872028657446766 0.7657325092434721
42399.0 10520887.0 2.1311717391904432 1.6042314337627228 0.57767678920886 -0.6872028657446766 0.7657325092434721
42400.0 10520887.0 2.0614264174981862 1.61223386432754 0.577902521901183 -0.6872028657446766 0.7657325092434721
42401.0 10520887.0 2.014179047501946 1.6169480028846162 0.5780929477286308 -0.6872028657446766 0.7657325092434721
42402.0 10520887.0 1.966931677505706 1.6216621414416923 0.5782535890402034 -0.6872028657446766 0.7657325092434721
42403.0 10520887.0 1.9224919322869372 1.6285846923148768 0.5783891044339385 -0.6872028657446766 0.7657325092434721
42404.0 10520887.0 1.8775082345476404 1.6294935071485463 0.5785034238562559 -0.6872028657446766 0.7657325092434721
42405.0 10520887.0 1.8262605829895358 1.6384068601276436 0.573832483817525 -0.6872028657446766 0.7657325092434721
42406.0 10520887.0 1.782941121406257 1.6416932217542222 0.5698921258095377 -0.6872028657446766 0.7657325092434721
42407.0 10520887.0 1.7298566887070843 1.6477025385998656 0.5665680794500482 -0.6872028657446766 0.7657325092434721
42408.0 10520887.0 1.6787306687132466 1.651553725110119 0.5637639473946227 -0.6872028657446766 0.7657325092434721
42409.0 10520887.0 1.6264574911279828 1.6546117753668923 0.5613984098136489 -0.6872028657446766 0.7657325092434721
42410.0 10520887.0 1.5777381055032726 1.6576774226794642 0.5594028661172754 -0.6872028657446766 0.7657325092434721
42411.0 10520887.0 1.5347527856423961 1.6630757706736665 0.5577194455383057 -0.6872028657446766 0.7657325092434721
42412.0 10520887.0 1.483283173118111 1.6675078671676427 0.5562993288799485 -0.6872028657446766 0.7657325092434721
42413.0 10520887.0 1.4097900042110354 1.6708412407401454 0.5551013327591108 -0.6872028657446766 0.7657325092434721
42414.0 10520887.0 1.3662632538950734 1.673496803521368 0.5540907152882878 -0.6872028657446766 0.7657325092434721
42415.0 10520887.0 1.3093741958542893 1.6814532282782686 0.5532381685608255 -0.6872028657446766 0.7657325092434721
42416.0 10520887.0 1.2718233577140063 1.6844642395270666 0.5525189687216274 -0.6872028657446766 0.7657325092434721
42417.0 10520887.0 1.2342725195737236 1.6874752507758646 0.5519122589753567 -0.6872028657446766 0.7657325092434721
42418.0 10520887.0 1.195689962893392 1.6905900708192636 0.5514004447393713 -0.6872028657446766 0.7657325092434721
42419.0 10520887.0 1.1571074062130602 1.6937048908626626 0.5509686834008278 -0.6872028657446766 0.7657325092434721
42420.0 10520887.0 1.115408555971001 1.7019565413189064 0.5506044538809084 -0.6872028657446766 0.7657325092434721
42421.0 10520887.0 1.0633328503258903 1.7083420618345784 0.5502971935235353 -0.6872028657446766 0.7657325092434721
42422.0 10520887.0 1.0048224369011425 1.711339762810766 0.5500379917783448 -0.6872028657446766 0.7657325092434721
42423.0 10520887.0 0.9541441694556048 1.716568426583796 0.5498193317947262 -0.6872028657446766 0.7657325092434721
42424.0 10520887.0 0.8838759600734806 1.724344087553861 0.5496348724331547 -0.6872028657446766 0.7657325092434721
42425.0 10520887.0 0.8359821907186855 1.728313102798875 0.5494792643721447 -0.6872028657446766 0.7657325092434721
42426.0 10520887.0 0.7844341938372439 1.7352291432984686 0.5493479949779269 -0.6872028657446766 0.7657325092434721
42427.0 10520887.0 0.7339499179804827 1.7396949596723432 0.549237257438069 -0.6872028657446766 0.7657325092434721
42428.0 10520887.0 0.6901956373373763 1.7446486495311337 0.5491438403639151 -0.6872028657446766 0.7657325092434721
42429.0 10520887.0 0.6376021950441819 1.7494539802485225 0.5490650346603146 -0.6872028657446766 0.7657325092434721
42430.0 10520887.0 0.5893158550847266 1.7508658001984 0.5489985549618633 -0.6872028657446766 0.7657325092434721
42431.0 10520887.0 0.5371595977638159 1.7572814209010352 0.5489424733573061 -0.6872028657446766 0.7657325092434721
42432.0 10520887.0 0.4863413186851893 1.7604561296042314 0.5488951634801107 -0.6872028657446766 0.7657325092434721
42433.0 10520887.0 0.4422875828542886 1.764224035022034 0.5488552533438386 -0.6872028657446766 0.7657325092434721
42434.0 10520887.0 0.39897571540823207 1.764828907325404 0.5488215855545377 -0.6872028657446766 0.7657325092434721
42435.0 10520887.0 0.34439797563847097 1.7689997856386384 0.5487931837463186 -0.6872028657446766 0.7657325092434721
42436.0 10520887.0 0.29808406108901364 1.7712875416551959 0.5487692242667426 -0.6872028657446766 0.7657325092434721
42437.0 10520887.0 0.2465081156551232 1.7737768897532586 0.5487490122909021 -0.6872028657446766 0.7657325092434721
42438.0 10520887.0 0.19712316443558187 1.7775365086970716 0.5487319616714978 -0.6872028657446766 0.7657325092434721
42439.0 10520887.0 0.14501231596341846 1.783823245617281 0.548717577940567 -0.6872028657446766 0.7657325092434721
42440.0 10520887.0 0.09493713978714369 1.7854725229752892 0.5487054439699126 -0.6872028657446766 0.7657325092434721
42441.0 10520887.0 0.03551970168259133 1.788423847571176 0.5486952078743856 -0.6872028657446766 0.7657325092434721
42442.0 10520887.0 -0.002918805540745195 1.7903586297115608 0.5486865728072159 -0.6872028657446766 0.7657325092434721
42443.0 10520887.0 -0.04728356297670755 1.7931796157255757 0.5439119095986384 -0.6872028657446766 0.7657325092434721
42444.0 10520887.0 -0.0839027925791081 1.797148885619806 0.5398840517684216 -0.6872028657446766 0.7657325092434721
42445.0 10520887.0 -0.12052202218150865 1.8011181555140359 0.536486191439489 -0.6872028657446766 0.7657325092434721
42446.0 10520887.0 -0.16987101433177454 1.8066209840978933 0.5336197906623015 -0.6872028657446766 0.7657325092434721
42447.0 10520887.0 -0.21235535799792937 1.8097628274815756 0.5312017238143207 -0.6872028657446766 0.7657325092434721
42448.0 10520887.0 -0.25243304581982584 1.812118013506882 0.5291618669569553 -0.6872028657446766 0.7657325092434721
42449.0 10520887.0 -0.3045442279371138 1.818408066074126 0.5274410642413416 -0.6872028657446766 0.7657325092434721
42450.0 10520887.0 -0.347934447559608 1.8214963820250332 0.5259894123887268 -0.6872028657446766 0.7657325092434721
42451.0 10520887.0 -0.3942575139042155 1.8264786467333398 0.524764813495385 -0.6872028657446766 0.7657325092434721
42452.0 10520887.0 -0.45622033888167657 1.8297988614457357 0.5237317541934093 -0.6872028657446766 0.7657325092434721
42453.0 10520887.0 -0.49999873880463497 1.834417037844972 0.5228602757630426 -0.6872028657446766 0.7657325092434721
42454.0 10520887.0 -0.5428975399951659 1.836294269373418 0.5221251053298042 -0.6872028657446766 0.7657325092434721
42455.0 10520887.0 -0.5845668835612885 1.8405737757967067 0.5215049229511299 -0.6872028657446766 0.7657325092434721
42456.0 10520887.0 -0.6295403748398547 1.8428962888187177 0.5209817433380385 -0.6872028657446766 0.7657325092434721
42457.0 10520887.0 -0.6642872959123656 1.845262966277106 0.5205403942817501 -0.6872028657446766 0.7657325092434721
42458.0 10520887.0 -0.7039147225030813 1.8506279455920105 0.5201680766596326 -0.6872028657446766 0.7657325092434721
42459.0 10520887.0 -0.7476689905936358 1.8564080873033004 0.5198539932606444 -0.6872028657446766 0.7657325092434721
42460.0 10520887.0 -0.7793147855416221 1.8587543036847711 0.519589035666215 -0.6872028657446766 0.7657325092434721
42461.0 10520887.0 -0.8109605804896085 1.8611005200662418 0.5193655201061057 -0.6872028657446766 0.7657325092434721
42462.0 10520887.0 -0.8704900544290887 1.8672503728037375 0.516793275252665 -0.6872028657446766 0.7657325092434721
42463.0 10520887.0 -0.9263293357045472 1.8721937064224357 0.5122396660051433 -0.6872028657446766 0.7657325092434721
42464.0 10520887.0 -0.9466822954620434 1.8745859334837993 0.5083982870717706 -0.6872028657446766 0.7657325092434721
42465.0 10520887.0 -0.9670352552195396 1.8769781605451628 0.5051577384634792 -0.6872028657446766 0.7657325092434721
42466.0 10520887.0 -1.0154566778680765 1.88206648496502 0.5024240442706288 -0.6872028657446766 0.7657325092434721
42467.0 10520887.0 -1.0585976219633106 1.8832080117325305 0.5001179273616266 -0.6872028657446766 0.7657325092434721
42468.0 10520887.0 -1.1133495009468275 1.8868624053522096 0.4981725103461116 -0.6872028657446766 0.7657325092434721
42469.0 10520887.0 -1.1547135013660592 1.8880074482849856 0.49653137613063375 -0.6872028657446766 0.7657325092434721
42470.0 10520887.0 -1.1952144323137526 1.891791398036786 0.49514693182294434 -0.6872028657446766 0.7657325092434721
42471.0 10520887.0 -1.2356219301941975 1.8877167203342007 0.49397902853812026 -0.6872028657446766 0.7657325092434721
42472.0 10520887.0 -1.277830973034155 1.8917093358543642 0.4929937970809017 -0.6872028657446766 0.7657325092434721
42473.0 10520887.0 -1.3205579425927547 1.8941190126963399 0.4921626657390293 -0.6872028657446766 0.7657325092434721
42474.0 10520887.0 -1.343416210801957 1.896455550066974 0.4914615317035887 -0.6872028657446766 0.7657325092434721
42475.0 10520887.0 -1.3950997537759318 1.8970051256588867 0.4908700620875522 -0.6872028657446766 0.7657325092434721
42476.0 10520887.0 -1.4167090326132203 1.8988164593585133 0.4856037255192378 -0.6872028657446766 0.7657325092434721
42477.0 10520887.0 -1.4712300442150699 1.895036935785248 0.4811610969909813 -0.6872028657446766 0.7657325092434721
42478.0 10520887.0 -1.5161751773801317 1.893382874818385 0.4774133402754633 -0.6872028657446766 0.7657325092434721
42479.0 10520887.0 -1.5495932282694769 1.8909958663995696 0.4742517704279337 -0.6872028657446766 0.7657325092434721
42480.0 10520887.0 -1.583011279158822 1.8886088579807545 0.4715847019228142 -0.6872028657446766 0.7657325092434721
42481.0 10520887.0 -1.6421361388480131 1.880260870497441 0.46933478977345633 -0.6872028657446766 0.7657325092434721
42482.0 10520887.0 -1.6739000954703789 1.869358688110851 0.4674367865275287 -0.6872028657446766 0.7657325092434721
42483.0 10520887.0 -1.7056640520927449 1.858456505724261 0.46583565009089933 -0.6872028657446766 0.7657325092434721
42484.0 10520887.0 -1.7364878629676337 1.8477142910353601 0.46448494750690605 -0.6872028657446766 0.7657325092434721
42485.0 10520887.0 -1.7673116738425223 1.8369720763464592 0.46334550840061306 -0.6872028657446766 0.7657325092434721
42486.0 10520887.0 -1.8061665548062547 1.8200068491587784 0.4623842890379379 -0.6872028657446766 0.7657325092434721
42487.0 10520887.0 -1.8462395937864564 1.7966050315419326 0.46157341405736285 -0.6872028657446766 0.7657325092434721
42488.0 10520887.0 -1.873910792871572 1.777178480445581 0.46088936808445136 -0.6872028657446766 0.7657325092434721
42489.0 10520887.0 -1.9015819919566874 1.7577519293492294 0.46031231378598897 -0.6872028657446766 0.7657325092434721
42490.0 10520887.0 -1.932367952795148 1.7304353335053555 0.45982551658732024 -0.6872028657446766 0.7657325092434721
42491.0 10520887.0 -1.9565915928571906 1.7063463627952646 0.4546474806168669 -0.6872028657446766 0.7657325092434721
42492.0 10520887.0 -1.97930436895697 1.6803609412538598 0.45027934158430266 -0.6872028657446766 0.7657325092434721
42493.0 10520887.0 -2.003116547234434 1.646673086517368 0.44659442345768324 -0.6872028657446766 0.7657325092434721
42494.0 10520887.0 -2.016994666099298 1.6167453329502603 0.44348586361133663 -0.6872028657446766 0.7657325092434721
42495.0 10520887.0 -2.036243766263662 1.5742032822573069 0.4408635138097188 -0.6872028657446766 0.7657325092434721
42496.0 10520887.0 -2.052384778786725 1.5411601482676185 0.43865132590858275 -0.6872028657446766 0.7657325092434721
42497.0 10520887.0 -2.063497623813779 1.4952547738727215 0.4367851464587956 -0.6872028657446766 0.7657325092434721
42498.0 10520887.0 -2.071243539676435 1.4550246287634057 0.4352108562563136 -0.6872028657446766 0.7657325092434721
42499.0 10520887.0 -2.0706776420809234 1.4228243788345973 0.43388280088526465 -0.6872028657446766 0.7657325092434721
42500.0 10520887.0 -2.07853818669086 1.3825149141102058 0.4327624667398884 -0.6872028657446766 0.7657325092434721
42501.0 10520887.0 -2.078875298164415 1.3434827235884532 0.4318173641299689 -0.6872028657446766 0.7657325092434721
42502.0 10520887.0 -2.0861751499229966 1.3021719122626643 0.4310200850798185 -0.6872028657446766 0.7657325092434721
42503.0 10520887.0 -2.087710448723023 1.285264635794921 0.43034750849698283 -0.6872028657446766 0.7657325092434721
42504.0 10520887.0 -2.0892457475230497 1.2683573593271773 0.4297801296605597 -0.6872028657446766 0.7657325092434721
42505.0 10520887.0 -2.093445123318398 1.221592042289637 0.42930149458429273 -0.6872028657446766 0.7657325092434721
42506.0 10520887.0 -2.0944672486302656 1.184536704172491 0.4288977228509703 -0.6872028657446766 0.7657325092434721
42507.0 10520887.0 -2.1026643342554 1.1497121866551137 0.42855710508032596 -0.6872028657446766 0.7657325092434721
42508.0 10520887.0 -2.100538819610125 1.1171185877854686 0.42826976335701106 -0.6872028657446766 0.7657325092434721
42509.0 10520887.0 -2.1088292849578893 1.0809225194016403 0.42802736477104947 -0.6872028657446766 0.7657325092434721
42510.0 10520887.0 -2.1066791882333504 1.0494893360590665 0.42782287976344835 -0.6872028657446766 0.7657325092434721
42511.0 10520887.0 -2.1128204240321793 1.0171469303843839 0.4276503782689872 -0.6872028657446766 0.7657325092434721
42512.0 10520887.0 -2.1104284316944417 0.9864525294962637 0.4275048577443267 -0.6872028657446766 0.7657325092434721
42513.0 10520887.0 -2.114526307587898 0.946781529080095 0.4226147193414348 -0.6872028657446766 0.7657325092434721
42514.0 10520887.0 -2.1181222486034557 0.9140737145960509 0.41848944779944447 -0.6872028657446766 0.7657325092434721
42515.0 10520887.0 -2.1181959289402643 0.8829008386208476 0.415009410243638 -0.6872028657446766 0.7657325092434721
42516.0 10520887.0 -2.1175037779988326 0.8497247677548453 0.4120736855848971 -0.6872028657446766 0.7657325092434721
42517.0 10520887.0 -2.117177148103016 0.817603049216917 0.4095971378081182 -0.6872028657446766 0.7657325092434721
42518.0 10520887.0 -2.1167244956648776 0.7853232721247507 0.4075079470277747 -0.6872028657446766 0.7657325092434721
42519.0 10520887.0 -2.1165094995580214 0.7371138670109029 0.40574552671123665 -0.6872028657446766 0.7657325092434721
42520.0 10520887.0 -2.1163085102302004 0.7051501560672994 0.4042587666693245 -0.6872028657446766 0.7657325092434721
42521.0 10520887.0 -2.114648970300263 0.6749292547788804 0.4030045508608227 -0.6872028657446766 0.7657325092434721
42522.0 10520887.0 -2.11381810741027 0.6421752853319116 0.4019465070272848 -0.6872028657446766 0.7657325092434721
42523.0 10520887.0 -2.110330184464564 0.6066825337111429 0.4010539518975382 -0.6872028657446766 0.7657325092434721
42524.0 10520887.0 -2.1086094526499366 0.579362723347676 0.40030100137282015 -0.6872028657446766 0.7657325092434721
42525.0 10520887.0 -2.1056932106999504 0.5543391633155835 0.3996658198879139 -0.6872028657446766 0.7657325092434721
42526.0 10520887.0 -2.1027769687499642 0.529315603283491 0.3991299871797571 -0.6872028657446766 0.7657325092434721
42527.0 10520887.0 -2.10578491269922 0.49840188145167874 0.3986779640998133 -0.6872028657446766 0.7657325092434721
42528.0 10520887.0 -2.1024773197674556 0.4650713942652228 0.3982966419787641 -0.6872028657446766 0.7657325092434721
42529.0 10520887.0 -2.100317306830102 0.4309479672189025 0.397974962475099 -0.6872028657446766 0.7657325092434721
42530.0 10520887.0 -2.092796546997649 0.4012633255595478 0.39770359688321183 -0.6872028657446766 0.7657325092434721
42531.0 10520887.0 -2.0803962028667033 0.36694443264039656 0.3927072968481209 -0.6872028657446766 0.7657325092434721
42532.0 10520887.0 -2.0706426010322927 0.3343094045551559 0.38849246842162544 -0.6872028657446766 0.7657325092434721
42533.0 10520887.0 -2.056893278560154 0.3057419113862544 0.3849368815793571 -0.6872028657446766 0.7657325092434721
42534.0 10520887.0 -2.0482509411149437 0.2832852120502469 0.3819374243028902 -0.6872028657446766 0.7657325092434721
42535.0 10520887.0 -2.025467690557446 0.25246344780069807 0.37940711233120705 -0.6872028657446766 0.7657325092434721
42536.0 10520887.0 -2.0112773098091896 0.22795815368714986 0.3772725666171289 -0.6872028657446766 0.7657325092434721
42537.0 10520887.0 -1.9923841733691179 0.20425127499840554 0.37547188533494746 -0.6872028657446766 0.7657325092434721
42538.0 10520887.0 -1.9730075126604667 0.18202207842885718 0.3739528487274795 -0.6872028657446766 0.7657325092434721
42539.0 10520887.0 -1.9551665102776352 0.16052901939652583 0.3726714047331085 -0.6872028657446766 0.7657325092434721
42540.0 10520887.0 -1.9239425164854633 0.1392148509093187 0.3715903914759976 -0.6872028657446766 0.7657325092434721
42541.0 10520887.0 -1.9001396737434042 0.12617050999791188 0.37067845957169065 -0.6872028657446766 0.7657325092434721
42542.0 10520887.0 -1.8733054302897536 0.10664315712315173 0.36990916299496274 -0.6872028657446766 0.7657325092434721
42543.0 10520887.0 -1.8532447790081379 0.10008099450479782 0.3692601921450887 -0.6872028657446766 0.7657325092434721
42544.0 10520887.0 -1.8331841277265222 0.09351883188644391 0.3687127268674223 -0.6872028657446766 0.7657325092434721
42545.0 10520887.0 -1.7994821757679869 0.08249457539947133 0.3682508906689111 -0.6872028657446766 0.7657325092434721
42546.0 10520887.0 -1.7746068916595632 0.07435772767664492 0.36786129029979836 -0.6872028657446766 0.7657325092434721
42547.0 10520887.0 -1.7465386049743132 0.07055115765121753 0.36753262734937975 -0.6872028657446766 0.7657325092434721
42548.0 10520887.0 -1.7160462655180855 0.06057719870323017 0.3672553705920932 -0.6872028657446766 0.7657325092434721
42549.0 10520887.0 -1.6831633798094165 0.05519605748638143 0.3670214795819773 -0.6872028657446766 0.7657325092434721
42550.0 10520887.0 -1.6479077190567215 0.048922132869293006 0.3668241714797387 -0.6872028657446766 0.7657325092434721
42551.0 10520887.0 -1.616491601907162 0.044488416638807066 0.3666577243504126 -0.6872028657446766 0.7657325092434721
42552.0 10520887.0 -1.578043063041745 0.04254508985275793 0.36174993247443155 -0.6872028657446766 0.7657325092434721
42553.0 10520887.0 -1.5484389621929908 0.038003303033610075 0.357609768640209 -0.6872028657446766 0.7657325092434721
42554.0 10520887.0 -1.5177731623292103 0.039423657372839455 0.3541171680965525 -0.6872028657446766 0.7657325092434721
42555.0 10520887.0 -1.4797259575249428 0.03761219064969287 0.35117084542769605 -0.6872028657446766 0.7657325092434721
42556.0 10520887.0 -1.4416787527206754 0.03580072392654629 0.3486853572762428 -0.6872028657446766 0.7657325092434721
42557.0 10520887.0 -1.410262722649845 0.031367924466537994 0.3465886244858005 -0.6872028657446766 0.7657325092434721
42558.0 10520887.0 -1.3766635003104446 0.030894760777348845 0.3448198418054465 -0.6872028657446766 0.7657325092434721
42559.0 10520887.0 -1.345014370966463 0.02989112958415993 0.3433277145374504 -0.6872028657446766 0.7657325092434721
42560.0 10520887.0 -1.311544777758974 0.026306040600748898 0.34206897099104044 -0.6872028657446766 0.7657325092434721
42561.0 10520887.0 -1.2812029066851103 0.0253796863215848 0.3410071076033706 -0.6872028657446766 0.7657325092434721
42562.0 10520887.0 -1.2514478580745905 0.02265913264952288 0.3401113303361985 -0.6872028657446766 0.7657325092434721
42563.0 10520887.0 -1.2239319836321905 0.01716585874490059 0.3393556616487762 -0.6872028657446766 0.7657325092434721
42564.0 10520887.0 -1.1916486915175744 0.019460587569427562 0.33871818714916835 -0.6872028657446766 0.7657325092434721
42565.0 10520887.0 -1.159003162687456 0.0174308767057971 0.3381804200768864 -0.6872028657446766 0.7657325092434721
42566.0 10520887.0 -1.1429673084990846 0.016217824099601402 0.3353430758104257 -0.6872028657446766 0.7657325092434721
42567.0 10520887.0 -1.1269314543107134 0.015004771493405705 0.33056583136605894 -0.6872028657446766 0.7657325092434721
42568.0 10520887.0 -1.0868483159023423 0.013989986479568256 0.3265357960313079 -0.6872028657446766 0.7657325092434721
