45128.0 11026521.0 0.5764775292621227 0.08638464957336361 0.1524 0.0 0.0
45129.0 11026521.0 0.5700305393905265 0.08323407083354654 0.1524 0.0 0.0
45130.0 11026521.0 0.5651357293184488 0.08483355527757552 0.16778417906820245 0.0 0.0
45131.0 11026521.0 0.5538386324334994 0.06901482551465034 0.17303744744337296 0.0 0.0
45132.0 11026521.0 0.5472881407131889 0.06554759572772646 0.17573215020887883 0.0 0.0
45133.0 11026521.0 0.5423130759378134 0.0671733190869746 0.17739339065182744 0.0 0.0
45134.0 11026521.0 0.5373380111624381 0.06879904244622276 0.1785304197124506 0.0 0.0
45135.0 11026521.0 0.5328774496281761 0.06873787639401692 0.17936159705352536 0.0 0.0
45136.0 11026521.0 0.5280628724212173 0.0703111651643431 0.17999628461051326 0.0 0.0
45137.0 11026521.0 0.5181127496038531 0.07356263905760527 0.18577279236040972 0.0 0.0
45138.0 11026521.0 0.507648135786835 0.0785010235073254 0.19041153580582995 0.0 0.0
45139.0 11026521.0 0.5031875739954653 0.07843987626790683 0.19419072645560798 0.0 0.0
45140.0 11026521.0 0.49193721779730026 0.07662534132912968 0.197301050150678 0.0 0.0
45141.0 11026521.0 0.48606969385660875 0.08041200154906511 0.19987930900172365 0.0 0.0
45142.0 11026521.0 0.4809341533917573 0.08209021050243617 0.20202739950997384 0.0 0.0
45143.0 11026521.0 0.4690073454028164 0.08037994183717831 0.20382354925837676 0.0 0.0
45144.0 11026521.0 0.4570805374138755 0.07866967317192043 0.20532926440024596 0.0 0.0
45145.0 11026521.0 0.44951373670522576 0.07997412208186054 0.20659380254375545 0.0 0.0
45146.0 11026521.0 0.4354675710822534 0.08047524903169798 0.21244734868757242 0.0 0.0
45147.0 11026521.0 0.42910073529460835 0.07729857378060248 0.21737417887453186 0.0 0.0
45148.0 11026521.0 0.4222673681488792 0.07812971305588665 0.2215237165889894 0.0 0.0
45149.0 11026521.0 0.410650240812809 0.07655197619068646 0.2250202168151195 0.0 0.0
45150.0 11026521.0 0.4057554260941317 0.07815157145828669 0.22796742570047118 0.0 0.0
45151.0 11026521.0 0.3845893887242135 0.07969440899392441 0.23045221966771728 0.0 0.0
45152.0 11026521.0 0.3740506329290234 0.07869894887032075 0.23254750177682296 0.0 0.0
45153.0 11026521.0 0.3675690203633164 0.07544299527089643 0.2343145415476755 0.0 0.0
45154.0 11026521.0 0.36018667738330074 0.07785554996368872 0.23580488695077248 0.0 0.0
45155.0 11026521.0 0.35280433440328507 0.08026810465648102 0.2370619403284379 0.0 0.0
45156.0 11026521.0 0.3405789761046737 0.07818826437105561 0.23812226565674993 0.0 0.0
45157.0 11026521.0 0.3309498356945175 0.08133510824649107 0.23901667805168392 0.0 0.0
45158.0 11026521.0 0.3196993733098571 0.07952084533716328 0.2397711548984222 0.0 0.0
45159.0 11026521.0 0.30795694122223727 0.07891884144739814 0.24040759969197495 0.0 0.0
45160.0 11026521.0 0.29643048858631893 0.07626016953531453 0.24094448353822523 0.0 0.0
45161.0 11026521.0 0.28585042962222607 0.08030199144420641 0.24616490170850555 0.0 0.0
45162.0 11026521.0 0.2788820618093758 0.07148052941647998 0.24580125617303714 0.0 0.0
45163.0 11026521.0 0.26925291222299985 0.07462745768597254 0.24549449146069297 0.0 0.0
45164.0 11026521.0 0.2581568983449948 0.07872111252231659 0.25000313825582615 0.0 0.0
45165.0 11026521.0 0.2479262950618185 0.07622315219442524 0.253806568469532 0.0 0.0
45166.0 11026521.0 0.2379761806029076 0.07947502205432264 0.2570150926051555 0.0 0.0
45167.0 11026521.0 0.22799604970926737 0.07919289254122423 0.2597217644825793 0.0 0.0
45168.0 11026521.0 0.21801591881562718 0.07891076302812582 0.26200508156042324 0.0 0.0
45169.0 11026521.0 0.20803578792198696 0.07862863351502741 0.2639312624197762 0.0 0.0
45170.0 11026521.0 0.19071300896753746 0.07617044449045206 0.2655561677378561 0.0 0.0
45171.0 11026521.0 0.18136606012532283 0.07655765729811391 0.2669269206287446 0.0 0.0
45172.0 11026521.0 0.17201911128310818 0.07694487010577578 0.26808327344248006 0.0 0.0
45173.0 11026521.0 0.16267216244089355 0.07733208291343763 0.26905876072055535 0.0 0.0
45174.0 11026521.0 0.14825189388563662 0.07850123605173966 0.26988167178007527 0.0 0.0
45175.0 11026521.0 0.13383162533037965 0.0796703891900417 0.2705758711534527 0.0 0.0
45176.0 11026521.0 0.11941135677512271 0.08083954232834373 0.2711614906895652 0.0 0.0
45177.0 11026521.0 0.11638232362225903 0.07890877887927905 0.27165551339521216 0.0 0.0
45178.0 11026521.0 0.11335329046939535 0.07697801543021437 0.2720722659530223 0.0 0.0
45179.0 11026521.0 0.10307763426849895 0.07721547545262117 0.2724238342016791 0.0 0.0
45180.0 11026521.0 0.09280197806760254 0.07745293547502795 0.27272041362910265 0.0 0.0
45181.0 11026521.0 0.08252632186670615 0.07769039549743474 0.2729706050439167 0.0 0.0
45182.0 11026521.0 0.07225066566580975 0.07792785551984154 0.27318166400028954 0.0 0.0
45183.0 11026521.0 0.06197500946491334 0.07816531554224833 0.2733597112098403 0.0 0.0
45184.0 11026521.0 0.051699353264016944 0.07840277556465511 0.2735099100427773 0.0 0.0
45185.0 11026521.0 0.041423697063120546 0.0786402355870619 0.2736366162659347 0.0 0.0
45186.0 11026521.0 0.03751545433170663 0.0766463713652311 0.2737435043601918 0.0 0.0
45187.0 11026521.0 0.03360721160029271 0.07465250714340028 0.27383367408052683 0.0 0.0
45188.0 11026521.0 0.029698968868878795 0.07265864292156948 0.2739097403489764 0.0 0.0
45189.0 11026521.0 0.028422033101666862 0.07263371963660524 0.2736333820329197 0.0 0.0
45190.0 11026521.0 0.027145097334454932 0.07260879635164098 0.27305972188473127 0.0 0.0
45191.0 11026521.0 0.025868161567243 0.07258387306667674 0.2722352609032824 0.0 0.0
45192.0 11026521.0 0.024591225800031067 0.07255894978171248 0.27119922686308506 0.0 0.0
45193.0 11026521.0 0.023314290032819138 0.07253402649674824 0.26998471191985096 0.0 0.0
45194.0 11026521.0 0.022037354265607205 0.07250910321178398 0.2686196322830601 0.0 0.0
45195.0 11026521.0 0.020760418498395272 0.07248417992681974 0.26712753778606324 0.0 0.0
45196.0 11026521.0 0.01948348273118334 0.0724592566418555 0.26552829483126317 0.0 0.0
45197.0 11026521.0 0.01820654696397141 0.07243433335689124 0.26383866251579 0.0 0.0
45198.0 11026521.0 0.016929611196759477 0.072409410071927 0.26207277864532047 0.0 0.0
45199.0 11026521.0 0.015652675429547548 0.07238448678696274 0.26024256973044246 0.0 0.0
45200.0 11026521.0 0.014375739662335615 0.0723595635019985 0.2583580968554617 0.0 0.0
45201.0 11026521.0 0.013098803895123683 0.07233464021703424 0.2564278474498456 0.0 0.0
45202.0 11026521.0 0.01182186812791175 0.07230971693207 0.2544589814236769 0.0 0.0
45203.0 11026521.0 0.012046710104720582 0.0675629940303642 0.2527980658588242 0.0 0.0
45204.0 11026521.0 0.017681193069083286 0.06535886193968218 0.2515613265746839 0.0 0.0
45205.0 11026521.0 0.02331567603344599 0.06315472984900018 0.250682418132007 0.0 0.0
45206.0 11026521.0 0.02895015899780869 0.06095059775831817 0.25010537218595086 0.0 0.0
45207.0 11026521.0 0.0345846419621714 0.05874646566763616 0.2497829744040771 0.0 0.0
45208.0 11026521.0 0.040219124926534094 0.05654233357695415 0.24967539525070978 0.0 0.0
45209.0 11026521.0 0.0458536078908968 0.054338201486272136 0.24974903493040043 0.0 0.0
45210.0 11026521.0 0.0514880908552595 0.05213406939559013 0.24997554899385965 0.0 0.0
45211.0 11026521.0 0.057122573819622206 0.04992993730490812 0.25033102634892757 0.0 0.0
45212.0 11026521.0 0.06275705678398491 0.047725805214226105 0.2507952958389011 0.0 0.0
45213.0 11026521.0 0.06839153974834761 0.0455216731235441 0.2513513412789894 0.0 0.0
45214.0 11026521.0 0.07402602271271032 0.04331754103286209 0.25198480798695505 0.0 0.0
45215.0 11026521.0 0.07966050567707302 0.041113408942180074 0.2526835864973291 0.0 0.0
45216.0 11026521.0 0.08529498864143573 0.038909276851498066 0.2534374613869123 0.0 0.0
45217.0 11026521.0 0.09092947160579842 0.03670514476081606 0.25423781502750276 0.0 0.0
45218.0 11026521.0 0.09656395457016113 0.03450101267013404 0.2550773776746775 0.0 0.0
45219.0 11026521.0 0.10219843753452383 0.032296880579452035 0.2559500166452046 0.0 0.0
45220.0 11026521.0 0.10783292049888653 0.030092748488770027 0.25685055846922944 0.0 0.0
45221.0 11026521.0 0.11346740346324924 0.027888616398088012 0.2577746388596487 0.0 0.0
45222.0 11026521.0 0.11910188642761194 0.025684484307406004 0.25871857614778454 0.0 0.0
45223.0 11026521.0 0.12473636939197465 0.023480352216723996 0.2596792645149929 0.0 0.0
45224.0 11026521.0 0.13037085235633733 0.02127622012604198 0.26065408392392286 0.0 0.0
45225.0 11026521.0 0.13600533532070005 0.019072088035359973 0.2616408241374334 0.0 0.0
45226.0 11026521.0 0.14163981828506275 0.016867955944677965 0.26263762062171625 0.0 0.0
45227.0 11026521.0 0.14727430124942545 0.01466382385399595 0.26364290047481564 0.0 0.0
45228.0 11026521.0 0.15290878421378815 0.012459691763313942 0.2646553368124715 0.0 0.0
45229.0 11026521.0 0.15854326717815087 0.010255559672631934 0.2656738102884758 0.0 0.0
45230.0 11026521.0 0.16417775014251357 0.008051427581949926 0.2666973766336327 0.0 0.0
45231.0 11026521.0 0.16981223310687626 0.005847295491267911 0.26772523927195174 0.0 0.0
45232.0 11026521.0 0.17544671607123896 0.0036431634005859026 0.2687567262199442 0.0 0.0
45233.0 11026521.0 0.20552499800924456 0.004502926912365396 0.26962687822831494 0.0 0.0
45234.0 11026521.0 0.23560327994725017 0.005362690424144889 0.27036092970530684 0.0 0.0
45235.0 11026521.0 0.26015034125624803 0.0016630814334092081 0.26621278939093573 0.0 0.0
45236.0 11026521.0 0.2918297510850889 0.0022141695845756724 0.2627134599689018 0.0 0.0
45237.0 11026521.0 0.3235091609139298 0.0027652577357421366 0.25976146088596597 0.0 0.0
45238.0 11026521.0 0.35518857074277066 0.0033163458869086004 0.2572711841687232 0.0 0.0
45239.0 11026521.0 0.38730159104756967 0.003745525205067192 0.2551704117923734 0.0 0.0
45240.0 11026521.0 0.4194146113523687 0.0041747045232257834 0.2533982213580024 0.0 0.0
45241.0 11026521.0 0.4666694886821443 0.004738017975397538 0.2519032193430135 0.0 0.0
45242.0 11026521.0 0.4843049450667382 0.0043491974605934375 0.250642050688972 0.0 0.0
45243.0 11026521.0 0.526419779097673 0.0016857468450461738 0.2495781415049107 0.0 0.0
45244.0 11026521.0 0.5593832260619852 0.0023635378866158907 0.2502697646754308 0.0 0.0
45245.0 11026521.0 0.5923466730262973 0.0030413289281856076 0.2524423372724773 0.0 0.0
45246.0 11026521.0 0.6253101199906095 0.0037191199697553246 0.25586422390136465 0.0 0.0
45247.0 11026521.0 0.6521796029255185 0.0029615720994024173 0.25875089302339155 0.0 0.0
45248.0 11026521.0 0.6790490858604276 0.00220402422904951 0.2611860580430968 0.0 0.0
45249.0 11026521.0 0.7059185687953365 0.0014464763586966023 0.2632403387460519 0.0 0.0
45250.0 11026521.0 0.7909050352686686 -0.003190387077171397 0.2697406880254594 0.0 0.0
45251.0 11026521.0 0.8181979096723931 -0.004825583085521945 0.2752243172576052 0.0 0.0
45252.0 11026521.0 0.8454907840761176 -0.006460779093872493 0.2798502516902216 0.0 0.0
45253.0 11026521.0 0.8727836584798421 -0.00809597510222304 0.28375264342185436 0.0 0.0
45254.0 11026521.0 0.9093728740917066 -0.011357741199344346 0.2879981375632843 0.0 0.0
45255.0 11026521.0 0.9459620897035711 -0.014619507296465651 0.2925330694446129 0.0 0.0
45256.0 11026521.0 0.9825513053154357 -0.017881273393586954 0.2973121680903986 0.0 0.0
45257.0 11026521.0 1.0191405209273001 -0.02114303949070826 0.30229724336136926 0.0 0.0
45258.0 11026521.0 1.0557297365391647 -0.024404805587829564 0.30745607844038303 0.0 0.0
45259.0 11026521.0 1.0923189521510293 -0.027666571684950868 0.31276149554473126 0.0 0.0
45260.0 11026521.0 1.1289081677628938 -0.030928337782072175 0.3181905677704401 0.0 0.0
45261.0 11026521.0 1.1654973833747584 -0.03419010387919348 0.323723954212055 0.0 0.0
45262.0 11026521.0 1.2020865989866227 -0.03745186997631478 0.32934533907638297 0.0 0.0
45263.0 11026521.0 1.2386758145984873 -0.04071363607343609 0.3350409585244894 0.0 0.0
45264.0 11026521.0 1.2937031176482527 -0.040815052718653155 0.33984572576980604 0.0 0.0
45265.0 11026521.0 1.3100874409264345 -0.042311973205559794 0.34389897906244704 0.0 0.0
45266.0 11026521.0 1.3611759906426988 -0.042235938061465625 0.347318262747899 0.0 0.0
45267.0 11026521.0 1.4122645403589629 -0.042159902917371456 0.35020273605304003 0.0 0.0
45268.0 11026521.0 1.4502320674880627 -0.039024170346597276 0.35740342745653614 0.0 0.0
45269.0 11026521.0 1.4678444349352229 -0.03893587755610184 0.36347785825627177 0.0 0.0
45270.0 11026521.0 1.5215516176822446 -0.040356835357515525 0.3686021869454393 0.0 0.0
45271.0 11026521.0 1.5652739489514325 -0.03863295405614217 0.37292501905602454 0.0 0.0
45272.0 11026521.0 1.5998446571111302 -0.038826306437165475 0.3765717167192345 0.0 0.0
45273.0 11026521.0 1.6405935126225608 -0.04185513180009545 0.37964803416730225 0.0 0.0
45274.0 11026521.0 1.6761044887860217 -0.041887953260219435 0.3822431846062218 0.0 0.0
45275.0 11026521.0 1.7030990340463186 -0.045564288554388606 0.3844324273987218 0.0 0.0
45276.0 11026521.0 1.7300935793066154 -0.04924062384855778 0.3862792505857847 0.0 0.0
45277.0 11026521.0 1.7820765381711203 -0.05593773354122636 0.38783721203983534 0.0 0.0
45278.0 11026521.0 1.8203570099161448 -0.06312423298183088 0.39153518201944965 0.0 0.0
45279.0 11026521.0 1.858637481661169 -0.0703107324224354 0.39703844165403646 0.0 0.0
45280.0 11026521.0 1.8930671097957843 -0.07501269752920883 0.40168093609659034 0.0 0.0
45281.0 11026521.0 1.9255233408867378 -0.08140646856163153 0.4055972976859453 0.0 0.0
45282.0 11026521.0 1.9426154699950966 -0.08698821493595395 0.4089011009081927 0.0 0.0
45283.0 11026521.0 1.9597075991034552 -0.09256996131027637 0.4116881560567777 0.0 0.0
45284.0 11026521.0 2.0194680307391684 -0.11080034978032052 0.4140392877310093 0.0 0.0
45285.0 11026521.0 2.0591232412473186 -0.11989480222563301 0.4160226787494401 0.0 0.0
45286.0 11026521.0 2.0900837543553643 -0.1338599608450227 0.41769584745160465 0.0 0.0
45287.0 11026521.0 2.1314321577224464 -0.1486469673445974 0.42387469448268267 0.0 0.0
45288.0 11026521.0 2.170329175611063 -0.16006320446864689 0.42908710765375846 0.0 0.0
45289.0 11026521.0 2.1980552819268513 -0.1757753483565079 0.4334842469467933 0.0 0.0
45290.0 11026521.0 2.2370062433819555 -0.19246566821937064 0.4371936294012851 0.0 0.0
45291.0 11026521.0 2.2880384015019715 -0.2156704428118322 0.4450902058612311 0.0 0.0
45292.0 11026521.0 2.3209243091692118 -0.23189853935665874 0.4517516782911528 0.0 0.0
45293.0 11026521.0 2.3509645652860147 -0.25140281810037257 0.4573712293915179 0.0 0.0
45294.0 11026521.0 2.3895934724404286 -0.27044016916099145 0.46211182614423707 0.0 0.0
45295.0 11026521.0 2.405991078992588 -0.2780134357662164 0.46611094585513907 0.0 0.0
45296.0 11026521.0 2.422388685544747 -0.28558670237144135 0.4694845629958401 0.0 0.0
45297.0 11026521.0 2.4612246446962374 -0.30399026732036594 0.4770978912162374 0.0 0.0
45298.0 11026521.0 2.4976188520482836 -0.3217132131603828 0.4835204182819056 0.0 0.0
45299.0 11026521.0 2.524490434009408 -0.3302525143599693 0.4889383974777491 0.0 0.0
45300.0 11026521.0 2.5579619563256544 -0.34631999987461626 0.49350895020044727 0.0 0.0
45301.0 11026521.0 2.611644235588998 -0.3695694183996029 0.4973646224789584 0.0 0.0
45302.0 11026521.0 2.6317062346265487 -0.37611882871890256 0.5006172288093593 0.0 0.0
45303.0 11026521.0 2.6647654933988427 -0.39181748849196596 0.5033610947752317 0.0 0.0
45304.0 11026521.0 2.713771150013038 -0.4130720309312764 0.5056757924895858 0.0 0.0
45305.0 11026521.0 2.7456982496982825 -0.42407843060753947 0.5076284481861378 0.0 0.0
45306.0 11026521.0 2.7979141469180613 -0.4463802360235839 0.5092756888800879 0.0 0.0
45307.0 11026521.0 2.8356165000003553 -0.46417766837967767 0.5106652845515605 0.0 0.0
45308.0 11026521.0 2.874938564114058 -0.4770132077961722 0.5166049122278452 0.0 0.0
45309.0 11026521.0 2.9095000858993316 -0.4935513181145784 0.5216155223587374 0.0 0.0
45310.0 11026521.0 2.9245067289266697 -0.49844963150340127 0.525842422638033 0.0 0.0
45311.0 11026521.0 2.939513371954008 -0.5033479448922241 0.5294081931738316 0.0 0.0
45312.0 11026521.0 2.97766318577031 -0.5214073495015272 0.5324162413116713 0.0 0.0
45313.0 11026521.0 3.0378505369856095 -0.5410522796968054 0.5349538004475495 0.0 0.0
45314.0 11026521.0 3.070841953622364 -0.5569601717322651 0.5370944597964066 0.0 0.0
45315.0 11026521.0 3.1097257591882004 -0.5754919243164802 0.5389002984793595 0.0 0.0
45316.0 11026521.0 3.147902258028542 -0.58748458941296 0.5404236858182139 0.0 0.0
45317.0 11026521.0 3.1782797309753796 -0.6032396444416405 0.5464761787986133 0.0 0.0
45318.0 11026521.0 3.21359003376391 -0.6147637263256583 0.5515820009641725 0.0 0.0
45319.0 11026521.0 3.2523373107875635 -0.63208185058327 0.5558892211576928 0.0 0.0
45320.0 11026521.0 3.291660312741384 -0.6449150623645666 0.5595227487647861 0.0 0.0
45321.0 11026521.0 3.3486244512754233 -0.6689953242041761 0.5625879560860583 0.0 0.0
45322.0 11026521.0 3.3634709653194474 -0.6738403235066468 0.5651737341338261 0.0 0.0
45323.0 11026521.0 3.3783174793634716 -0.6786853228091175 0.5673550704714748 0.0 0.0
45324.0 11026521.0 3.4224558398884097 -0.6930891433429366 0.5739626026056133 0.0 0.0
45325.0 11026521.0 3.4608733138567587 -0.7059762366697491 0.5795366502153144 0.0 0.0
45326.0 11026521.0 3.5005979882564766 -0.7189392217702739 0.5842388606812597 0.0 0.0
45327.0 11026521.0 3.536310131717805 -0.7305926231032177 0.5882055981069616 0.0 0.0
45328.0 11026521.0 3.572547350608464 -0.7474400822248339 0.5915518978777653 0.0 0.0
45329.0 11026521.0 3.604407144294732 -0.758653730590354 0.5943748026870243 0.0 0.0
45330.0 11026521.0 3.6411631473543196 -0.7698294636520798 0.6015235555270237 0.0 0.0
45331.0 11026521.0 3.6830751304312814 -0.789696020520057 0.607554171477307 0.0 0.0
45332.0 11026521.0 3.717583839636368 -0.8009557190855106 0.612641538400432 0.0 0.0
45333.0 11026521.0 3.7604140295355997 -0.8193691601970108 0.6169331899371696 0.0 0.0
45334.0 11026521.0 3.794667909139129 -0.8368530788660131 0.6205535839820852 0.0 0.0
45335.0 11026521.0 3.8455237208726567 -0.8578844251837034 0.6236077119624812 0.0 0.0
45336.0 11026521.0 3.8748162774581694 -0.8674414112493009 0.6261841435897892 0.0 0.0
45337.0 11026521.0 3.9016640707086534 -0.8828588394293747 0.6283575953812011 0.0 0.0
45338.0 11026521.0 3.9598809223571605 -0.9058235388417223 0.6349584761914847 0.0 0.0
45339.0 11026521.0 3.9988931551294558 -0.9253258826584531 0.6405269128113213 0.0 0.0
45340.0 11026521.0 4.016949569162616 -0.9332606743632856 0.6452243899026864 0.0 0.0
45341.0 11026521.0 4.035005983195775 -0.9411954660681182 0.6491871343012292 0.0 0.0
45342.0 11026521.0 4.072780872815298 -0.9587751309483014 0.6525300655945078 0.0 0.0
45343.0 11026521.0 4.110924308174976 -0.9725032683048215 0.655350128790027 0.0 0.0
45344.0 11026521.0 4.144583981279162 -0.9874551150212635 0.657729105720457 0.0 0.0
45345.0 11026521.0 4.192757330485404 -1.010178261139197 0.6597359867167802 0.0 0.0
45346.0 11026521.0 4.234511654753988 -1.027536498009993 0.6614289713278901 0.0 0.0
45347.0 11026521.0 4.264994685115001 -1.0446052667903132 0.6676245348603258 0.0 0.0
45348.0 11026521.0 4.30485755206955 -1.061229218006028 0.6728510499037109 0.0 0.0
45349.0 11026521.0 4.347414227196554 -1.0804836919722283 0.6772600853943036 0.0 0.0
45350.0 11026521.0 4.381556664870225 -1.093956353302279 0.6809795033613311 0.0 0.0
45351.0 11026521.0 4.422645097916502 -1.1155347629535792 0.6841171669258371 0.0 0.0
45352.0 11026521.0 4.453577468100687 -1.1279599901038218 0.6867640683311925 0.0 0.0
45353.0 11026521.0 4.4943812155736005 -1.1444223334517882 0.6889969677181524 0.0 0.0
45354.0 11026521.0 4.525919763509134 -1.1620675951742176 0.6908806191689388 0.0 0.0
45355.0 11026521.0 4.5454675320051745 -1.1701951671745625 0.6924696485756244 0.0 0.0
45356.0 11026521.0 4.565015300501216 -1.1783227391749074 0.6938101377910031 0.0 0.0
45357.0 11026521.0 4.622419757682382 -1.2048706859589589 0.6949409610023208 0.0 0.0
45358.0 11026521.0 4.653431099555994 -1.2230441387041489 0.7006622908355228 0.0 0.0
45359.0 11026521.0 4.689523316972292 -1.2376181512743576 0.705488747102955 0.0 0.0
45360.0 11026521.0 4.718105077112655 -1.2520787576180277 0.7095602970363728 0.0 0.0
45361.0 11026521.0 4.761729398346027 -1.2721456453772946 0.7129950155838455 0.0 0.0
45362.0 11026521.0 4.805217319479146 -1.2885467667764519 0.7158925095832497 0.0 0.0
45363.0 11026521.0 4.842925830454478 -1.3063334604056365 0.7183368063605681 0.0 0.0
45364.0 11026521.0 4.877033557505856 -1.325632228599262 0.7251661692751599 0.0 0.0
45365.0 11026521.0 4.920658476444749 -1.3456981330884208 0.7309273510987313 0.0 0.0
45366.0 11026521.0 4.958722433247614 -1.3651184384766293 0.7357874261041659 0.0 0.0
45367.0 11026521.0 4.992132313669126 -1.3797503976293493 0.7398873364666214 0.0 0.0
45368.0 11026521.0 5.034175090987413 -1.4005844044072633 0.7433459795866089 0.0 0.0
45369.0 11026521.0 5.067503539223932 -1.4209127685157001 0.746263656114608 0.0 0.0
45370.0 11026521.0 5.111266920611714 -1.4405551784618662 0.7487249786699307 0.0 0.0
45371.0 11026521.0 5.139614805136656 -1.4550541765910472 0.7508013256066814 0.0 0.0
45372.0 11026521.0 5.167962689661597 -1.4695531747202282 0.752552910986026 0.0 0.0
45373.0 11026521.0 5.183212189588562 -1.4745251952699554 0.7540305307839652 0.0 0.0
45374.0 11026521.0 5.2417898257594615 -1.4991135206869126 0.7600444147274564 0.0 0.0
45375.0 11026521.0 5.28023360113753 -1.5173707138200003 0.7651176666980439 0.0 0.0
45376.0 11026521.0 5.3139651000381765 -1.5337409413624319 0.7693974110028746 0.0 0.0
45377.0 11026521.0 5.3546229987069704 -1.547930610841583 0.7730077602267887 0.0 0.0
45378.0 11026521.0 5.407090234811592 -1.569474016993955 0.7760534144972797 0.0 0.0
45379.0 11026521.0 5.444628659361083 -1.587785396598563 0.7786226977881918 0.0 0.0
45380.0 11026521.0 5.480953033602665 -1.5989262760299083 0.7807901193149615 0.0 0.0
45381.0 11026521.0 5.508643449546264 -1.607953108826183 0.7850022236782733 0.0 0.0
45382.0 11026521.0 5.536333865489863 -1.6169799416224575 0.7909392019046636 0.0 0.0
