8458.0 10561439.0 0.6694414641551569 2.2880370898240834 0.6400800000000001 -2.445003484775232 0.7988559315902781
8459.0 10561439.0 0.6277800778697457 2.296397210149085 0.6400800000000001 -2.445003484775232 0.7988559315902781
8460.0 10561439.0 0.5648438015035642 2.306220674967569 0.6400800000000001 -4.074525223500135 0.5794385847190119
8461.0 10561439.0 0.5170780728491718 2.3092163851154184 0.6400800000000001 -4.074525223500135 0.5794385847190119
8462.0 10561439.0 0.4628984165434915 2.3175803598101217 0.6400800000000001 -4.074525223500135 0.5794385847190119
8463.0 10561439.0 0.4128528991304101 2.3220229856228904 0.6400800000000001 -4.074525223500135 0.5794385847190119
8464.0 10561439.0 0.36142301425053003 2.329021505358317 0.6400800000000001 -4.074525223500135 0.5794385847190119
8465.0 10561439.0 0.3018271133024295 2.332497802252739 0.6342554643710159 -4.074525223500135 0.5794385847190119
8466.0 10561439.0 0.26535899740992336 2.3358326516183787 0.6298078451852369 -4.074525223500135 0.5794385847190119
8467.0 10561439.0 0.2288908815174172 2.3391675009840185 0.6263091109178294 -4.074525223500135 0.5794385847190119
8468.0 10561439.0 0.1729799478339532 2.347398660482045 0.6234995014872016 -4.074525223500135 0.5794385847190119
8469.0 10561439.0 0.12481462534054932 2.3521632329196582 0.6212105088290196 -4.074525223500135 0.5794385847190119
8470.0 10561439.0 0.05019458478533334 2.360203067118135 0.6193266377141811 -4.074525223500135 0.5794385847190119
8471.0 10561439.0 0.013173669592876469 2.366465445116891 0.6177650293890539 -4.074525223500135 0.5794385847190119
8472.0 10561439.0 -0.05120109981051757 2.3716239142449465 0.6164639668446744 -4.074525223500135 0.5794385847190119
8473.0 10561439.0 -0.08849625592548183 2.378677501215089 0.615376068940574 -4.074525223500135 0.5794385847190119
8474.0 10561439.0 -0.1424084470009015 2.3805326500855735 0.6144640824269392 -4.074525223500135 0.5794385847190119
8475.0 10561439.0 -0.1994546842534135 2.3885537563885135 0.6136981727931782 -4.074525223500135 0.5794385847190119
8476.0 10561439.0 -0.24956970826096292 2.3927899735566576 0.6130541112462676 -4.074525223500135 0.5794385847190119
8477.0 10561439.0 -0.2874899678576195 2.3946745383920773 0.6125120156014028 -4.074525223500135 0.5794385847190119
8478.0 10561439.0 -0.33123250708882757 2.397762196219203 0.6120554448981617 -4.074525223500135 0.5794385847190119
8479.0 10561439.0 -0.3846234172768732 2.4044726096297633 0.6116707274484166 -4.074525223500135 0.5794385847190119
8480.0 10561439.0 -0.45188446233385715 2.4122141637390517 0.6113464481368452 -4.074525223500135 0.5794385847190119
8481.0 10561439.0 -0.5025276685575382 2.415923809606509 0.6110730480120357 -4.074525223500135 0.5794385847190119
8482.0 10561439.0 -0.5610525014848873 2.424314487517593 0.6108425056018029 -4.074525223500135 0.5794385847190119
8483.0 10561439.0 -0.5948972770519685 2.4264451850663766 0.6106480794641581 -4.074525223500135 0.5794385847190119
8484.0 10561439.0 -0.6287420526190498 2.4285758826151604 0.6104840978123242 -4.074525223500135 0.5794385847190119
8485.0 10561439.0 -0.6707475603319186 2.4320906838109853 0.610345785117237 -4.074525223500135 0.5794385847190119
8486.0 10561439.0 -0.7127530680447876 2.4356054850068096 0.6102291182704398 -4.074525223500135 0.5794385847190119
8487.0 10561439.0 -0.7775145187852048 2.4439345903423346 0.6101307067064914 -4.074525223500135 0.5794385847190119
8488.0 10561439.0 -0.7987097218580133 2.4453755562600783 0.6100476921520521 -4.074525223500135 0.5794385847190119
8489.0 10561439.0 -0.8557451272792462 2.453164633654579 0.6099776645810401 -4.074525223500135 0.5794385847190119
8490.0 10561439.0 -0.9204508066690755 2.4603083896676385 0.6099185916307239 -4.074525223500135 0.5794385847190119
8491.0 10561439.0 -0.9666591951279886 2.4629211506857374 0.6098687592471611 -4.074525223500135 0.5794385847190119
8492.0 10561439.0 -1.0119354600008768 2.4683839740777214 0.6098267217279024 -4.074525223500135 0.5794385847190119
8493.0 10561439.0 -1.0593054107272655 2.47721928206402 0.6097912596467127 -4.074525223500135 0.5794385847190119
8494.0 10561439.0 -1.1019010964061442 2.4811047785694167 0.6097613444002215 -4.074525223500135 0.5794385847190119
8495.0 10561439.0 -1.1485665166881562 2.4850365925983287 0.6097361083244042 -4.074525223500135 0.5794385847190119
8496.0 10561439.0 -1.1933169200005171 2.4893938044562987 0.6097148194998961 -4.074525223500135 0.5794385847190119
8497.0 10561439.0 -1.2383090499838263 2.4930124802275504 0.6096968605068627 -4.074525223500135 0.5794385847190119
8498.0 10561439.0 -1.2848019369468193 2.4974729219389493 0.6096817105081369 -4.074525223500135 0.5794385847190119
8499.0 10561439.0 -1.3280862470233978 2.500883962107891 0.6096689301379254 -4.074525223500135 0.5794385847190119
8500.0 10561439.0 -1.4009652346105412 2.5088364543753783 0.6096581487559889 -4.074525223500135 0.5794385847190119
8501.0 10561439.0 -1.4174107142692285 2.508783702138226 0.6096490536965459 -4.074525223500135 0.5794385847190119
8502.0 10561439.0 -1.4338561939279157 2.5087309499010737 0.6096413811994473 -4.074525223500135 0.5794385847190119
8503.0 10561439.0 -1.4859297583786881 2.5151353329208215 0.6096349087602214 -4.074525223500135 0.5794385847190119
8504.0 10561439.0 -1.5334667031073186 2.5191210437237403 0.6096294486768961 -4.074525223500135 0.5794385847190119
8505.0 10561439.0 -1.5756727951885197 2.52311550415906 0.6096248426063139 -4.074525223500135 0.5794385847190119
8506.0 10561439.0 -1.623225566877143 2.5324817572684184 0.609620956971983 -4.074525223500135 0.5794385847190119
8507.0 10561439.0 -1.6634608547361334 2.5357150481003967 0.6096176790902409 -4.074525223500135 0.5794385847190119
8508.0 10561439.0 -1.7259255699739506 2.5388610997355863 0.6096149139023566 -4.074525223500135 0.5794385847190119
8509.0 10561439.0 -1.7744108148259297 2.545378700236873 0.609612581217785 -4.074525223500135 0.5794385847190119
8510.0 10561439.0 -1.8158227093885941 2.5518020886946893 0.6096106133886162 -4.074525223500135 0.5794385847190119
8511.0 10561439.0 -1.8585737439750474 2.5514195803724298 0.6096089533477693 -4.074525223500135 0.5794385847190119
8512.0 10561439.0 -1.9024611883692641 2.5584198533212175 0.609607552954039 -4.074525223500135 0.5794385847190119
8513.0 10561439.0 -1.9241381001655926 2.5600216890910605 0.6096063715959946 -4.074525223500135 0.5794385847190119
8514.0 10561439.0 -1.9727792076227677 2.555550216003335 0.6084135303122059 -4.074525223500135 0.5794385847190119
8515.0 10561439.0 -2.0214203150799426 2.5510787429156094 0.6062154167175227 -4.074525223500135 0.5794385847190119
8516.0 10561439.0 -2.0700614225371177 2.5466072698278834 0.6031692655230607 -4.074525223500135 0.5794385847190119
8517.0 10561439.0 -2.1187025299942928 2.542135796740158 0.5994077183460544 -4.074525223500135 0.5794385847190119
8518.0 10561439.0 -2.1563462556241886 2.528329048488945 0.5962345150102909 -4.074525223500135 0.5794385847190119
8519.0 10561439.0 -2.193989981254084 2.514522300237732 0.5935576326153533 -4.074525223500135 0.5794385847190119
8520.0 10561439.0 -2.2316337068839798 2.500715551986519 0.5912994415695793 -4.074525223500135 0.5794385847190119
8521.0 10561439.0 -2.269277432513875 2.486908803735306 0.5893944543313151 -4.074525223500135 0.5794385847190119
8522.0 10561439.0 -2.306921158143771 2.4731020554840932 0.587787426269855 -4.074525223500135 0.5794385847190119
8523.0 10561439.0 -2.333158212915121 2.460773740817951 0.5864317535709388 -4.074525223500135 0.5794385847190119
8524.0 10561439.0 -2.3896677005286446 2.4244682335986543 0.5852881217260107 -4.074525223500135 0.5794385847190119
8525.0 10561439.0 -2.446177188142168 2.3881627263793574 0.5843233654113957 -4.074525223500135 0.5794385847190119
8526.0 10561439.0 -2.461040443845901 2.3766690158944463 0.5835095066938666 -4.074525223500135 0.5794385847190119
8527.0 10561439.0 -2.51006560430016 2.327281151969135 0.5780555649170714 -4.074525223500135 0.5794385847190119
8528.0 10561439.0 -2.536464873661214 2.2981803889407413 0.5734546745233161 -4.074525223500135 0.5794385847190119
8529.0 10561439.0 -2.572651860300655 2.2554573591891214 0.569573409691004 -4.074525223500135 0.5794385847190119
8530.0 10561439.0 -2.60082323612486 2.2220291454991545 0.5662992137398912 -4.074525223500135 0.5794385847190119
8531.0 10561439.0 -2.62166446517782 2.19145977952088 0.5635371349873315 -4.074525223500135 0.5794385847190119
8532.0 10561439.0 -2.6609980708507512 2.137497887679039 0.556439694396524 -4.074525223500135 0.5794385847190119
8533.0 10561439.0 -2.690465099332786 2.096314568012386 0.5504523649433213 -4.074525223500135 0.5794385847190119
8534.0 10561439.0 -2.7204657757410455 2.058928240365125 0.5454015140735384 -4.074525223500135 0.5794385847190119
8535.0 10561439.0 -2.7393123292634143 2.032555242451426 0.5411406671119262 -4.074525223500135 0.5794385847190119
8536.0 10561439.0 -2.758158882785783 2.006182244537727 0.5375462594965827 -4.074525223500135 0.5794385847190119
8537.0 10561439.0 -2.7936009141686533 1.9643842304345724 0.5392814321594929 -4.074525223500135 0.5794385847190119
8538.0 10561439.0 -2.824333526623634 1.9206941603244787 0.5359778276021909 -4.074525223500135 0.5794385847190119
8539.0 10561439.0 -2.8497711457109602 1.883683913522294 0.537958318798187 -4.074525223500135 0.5794385847190119
8540.0 10561439.0 -2.8736197140672504 1.8515285365561367 0.5348616624865029 -4.074525223500135 0.5794385847190119
8541.0 10561439.0 -2.8955301021803628 1.8117278499347027 0.5322493543869304 -4.074525223500135 0.5794385847190119
8542.0 10561439.0 -2.9190334172073875 1.7806279797808175 0.5348130163174017 -4.074525223500135 0.5794385847190119
8543.0 10561439.0 -2.9444140693523284 1.735653506098241 0.5369756957210764 -4.074525223500135 0.5794385847190119
8544.0 10561439.0 -2.96587331524585 1.6988600865290704 0.5388001103006615 -4.074525223500135 0.5794385847190119
8545.0 10561439.0 -2.982692572373039 1.6675586746949012 0.5403391680789654 -4.074525223500135 0.5794385847190119
8546.0 10561439.0 -3.0019862725753 1.633853959916927 0.5392538123551501 -4.074525223500135 0.5794385847190119
8547.0 10561439.0 -3.0212799727775614 1.6001492451389527 0.5359545278132254 -4.074525223500135 0.5794385847190119
8548.0 10561439.0 -3.041669502574578 1.5498018436036487 0.5331712845778845 -4.074525223500135 0.5794385847190119
8549.0 10561439.0 -3.04494557412894 1.5278551640996254 0.5308233685953025 -4.074525223500135 0.5794385847190119
8550.0 10561439.0 -3.061051139929221 1.4905945883505156 0.5288426903019844 -4.074525223500135 0.5794385847190119
8551.0 10561439.0 -3.065899479539397 1.4676435697879644 0.5271718100274239 -4.074525223500135 0.5794385847190119
8552.0 10561439.0 -3.070747819149573 1.4446925512254132 0.5257622722436587 -4.074525223500135 0.5794385847190119
8553.0 10561439.0 -3.077573134346509 1.393994588584392 0.5245732003549596 -4.074525223500135 0.5794385847190119
8554.0 10561439.0 -3.085292740777236 1.3514182123197325 0.5188027325237373 -4.074525223500135 0.5794385847190119
8555.0 10561439.0 -3.0884557567953816 1.3119073277531155 0.5139348239357036 -4.074525223500135 0.5794385847190119
8556.0 10561439.0 -3.0881791352351806 1.2639090811895268 0.5098283052418052 -4.074525223500135 0.5794385847190119
8557.0 10561439.0 -3.0868544679865684 1.2272525912956946 0.5063640873999192 -4.074525223500135 0.5794385847190119
8558.0 10561439.0 -3.0807081557472094 1.186330301603805 0.5034417080926309 -4.074525223500135 0.5794385847190119
8559.0 10561439.0 -3.078926380822918 1.1483557653684955 0.5009764183200288 -4.074525223500135 0.5794385847190119
8560.0 10561439.0 -3.073568621871181 1.109093858689859 0.4988967246787076 -4.074525223500135 0.5794385847190119
8561.0 10561439.0 -3.0666305994811465 1.0681462477959471 0.4971423160530689 -4.074525223500135 0.5794385847190119
8562.0 10561439.0 -3.055246061372329 1.0334551424891014 0.4956623145929692 -4.074525223500135 0.5794385847190119
8563.0 10561439.0 -3.0477973277302555 0.9883676698412943 0.4944138002560656 -4.074525223500135 0.5794385847190119
8564.0 10561439.0 -3.0412664461447267 0.9594719187662232 0.488593187373771 -4.074525223500135 0.5794385847190119
8565.0 10561439.0 -3.0293587901560626 0.9128082118590901 0.48368297692531576 -4.074525223500135 0.5794385847190119
8566.0 10561439.0 -3.024801135665836 0.891452400650015 0.4795407728076947 -4.074525223500135 0.5794385847190119
8567.0 10561439.0 -3.0108693837722456 0.8488001902613809 0.47604645110149674 -4.074525223500135 0.5794385847190119
8568.0 10561439.0 -2.9908929635878048 0.7985609542921355 0.4730986764772422 -4.074525223500135 0.5794385847190119
8569.0 10561439.0 -2.9836939423604525 0.7798461157494169 0.4706119634708277 -4.074525223500135 0.5794385847190119
8570.0 10561439.0 -2.959325195452525 0.7294548059877293 0.46851419740506717 -4.074525223500135 0.5794385847190119
8571.0 10561439.0 -2.939567676578454 0.6948281966671646 0.4667445430640536 -4.074525223500135 0.5794385847190119
8572.0 10561439.0 -2.919140026547576 0.6551916931586598 0.4604843017190807 -4.074525223500135 0.5794385847190119
8573.0 10561439.0 -2.9003016077770436 0.6275263738364439 0.45520322512396116 -4.074525223500135 0.5794385847190119
8574.0 10561439.0 -2.8900625094021164 0.6092774012743605 0.45074816205743645 -4.074525223500135 0.5794385847190119
8575.0 10561439.0 -2.879823411027189 0.591028428712277 0.4469899156905774 -4.074525223500135 0.5794385847190119
8576.0 10561439.0 -2.8493573459363155 0.5454195183873036 0.4438194968787451 -4.074525223500135 0.5794385847190119
8577.0 10561439.0 -2.8350800182465763 0.5282444095525906 0.4411449634763964 -4.074525223500135 0.5794385847190119
8578.0 10561439.0 -2.80893442600959 0.4930469255247202 0.4388887540148632 -4.074525223500135 0.5794385847190119
8579.0 10561439.0 -2.7872165278307826 0.46549144517026875 0.43698543841976106 -4.074525223500135 0.5794385847190119
8580.0 10561439.0 -2.7694073052104393 0.447978620475301 0.43537982053883195 -4.074525223500135 0.5794385847190119
8581.0 10561439.0 -2.7230730466442443 0.39005016531768877 0.434025337453529 -4.074525223500135 0.5794385847190119
8582.0 10561439.0 -2.70376755570108 0.36760786427245673 0.4328827091543784 -4.074525223500135 0.5794385847190119
8583.0 10561439.0 -2.670687861392425 0.3193924590722258 0.4271514206678878 -4.074525223500135 0.5794385847190119
8584.0 10561439.0 -2.643737860530803 0.2931635578313423 0.42231656338076595 -4.074525223500135 0.5794385847190119
8585.0 10561439.0 -2.617983219833211 0.2646385692405888 0.41823792643168634 -4.074525223500135 0.5794385847190119
8586.0 10561439.0 -2.5934450327153105 0.2443403288716319 0.4147972293491256 -4.074525223500135 0.5794385847190119
8587.0 10561439.0 -2.573084406394969 0.22131968376058583 0.4118946919176895 -4.074525223500135 0.5794385847190119
8588.0 10561439.0 -2.5579046628228244 0.20934193581039864 0.40944614055186646 -4.074525223500135 0.5794385847190119
8589.0 10561439.0 -2.54272491925068 0.19736418786021145 0.4073805672620475 -4.074525223500135 0.5794385847190119
8590.0 10561439.0 -2.4982223885580677 0.1666779280053657 0.40563807042282796 -4.074525223500135 0.5794385847190119
8591.0 10561439.0 -2.464014939964466 0.147422806157659 0.4041681176258704 -4.074525223500135 0.5794385847190119
8592.0 10561439.0 -2.4342663871099983 0.12974368704996428 0.40292808024006305 -4.074525223500135 0.5794385847190119
8593.0 10561439.0 -2.402230364732418 0.11634051437055445 0.40188199718121753 -4.074525223500135 0.5794385847190119
8594.0 10561439.0 -2.372428880258461 0.10425284235301865 0.4009995320406273 -4.074525223500135 0.5794385847190119
8595.0 10561439.0 -2.342739113473959 0.09453871475712836 0.40025509332921533 -4.074525223500135 0.5794385847190119
8596.0 10561439.0 -2.3034201700812025 0.08167425200820574 0.39962709232435056 -4.074525223500135 0.5794385847190119
8597.0 10561439.0 -2.271836037452548 0.07367749678858468 0.399097316996892 -4.074525223500135 0.5794385847190119
8598.0 10561439.0 -2.2256782371135904 0.06406757377514924 0.39865040386234324 -4.074525223500135 0.5794385847190119
8599.0 10561439.0 -2.1927868126329884 0.05599401277117885 0.39350601368698557 -4.074525223500135 0.5794385847190119
8600.0 10561439.0 -2.1566676033182937 0.05235616292828524 0.3891662579085505 -4.074525223500135 0.5794385847190119
8601.0 10561439.0 -2.121403379912959 0.04338982756026985 0.38550528360946335 -4.074525223500135 0.5794385847190119
8602.0 10561439.0 -2.0901250353395033 0.038531828781521144 0.3824169225350506 -4.074525223500135 0.5794385847190119
8603.0 10561439.0 -2.0476291911229687 0.03537893506239673 0.3798116122141544 -4.074525223500135 0.5794385847190119
8604.0 10561439.0 -2.0139173284039673 0.032529341539540874 0.37761379864746863 -4.074525223500135 0.5794385847190119
8605.0 10561439.0 -1.9779529101176168 0.03385031925998236 0.3757597452415595 -4.074525223500135 0.5794385847190119
8606.0 10561439.0 -1.9210133651370678 0.025973187888796184 0.3741956844476555 -4.074525223500135 0.5794385847190119
8607.0 10561439.0 -1.8929960149846037 0.02744058767549115 0.37287625850273354 -4.074525223500135 0.5794385847190119
8608.0 10561439.0 -1.8572829190496305 0.019847670219549002 0.37176320405439084 -4.074525223500135 0.5794385847190119
8609.0 10561439.0 -1.8248391520199487 0.021269458749008957 0.3708242425236255 -4.074525223500135 0.5794385847190119
8610.0 10561439.0 -1.805334319039291 0.019796580031223227 0.3700321440260453 -4.074525223500135 0.5794385847190119
8611.0 10561439.0 -1.7858294860586332 0.018323701313437496 0.3693639377052204 -4.074525223500135 0.5794385847190119
8612.0 10561439.0 -1.7563156707483587 0.01486220250583467 0.3688002455778469 -4.074525223500135 0.5794385847190119
8613.0 10561439.0 -1.7040826499368464 0.012966154201839192 0.368324720572231 -4.074525223500135 0.5794385847190119
8614.0 10561439.0 -1.6717603459342743 0.00858636570276436 0.3679235724632098 -4.074525223500135 0.5794385847190119
8615.0 10561439.0 -1.6342520999600956 0.006483016591733531 0.36758516795562163 -4.074525223500135 0.5794385847190119
8616.0 10561439.0 -1.5967541663321405 0.005434774385694036 0.3672996933187465 -4.074525223500135 0.5794385847190119
8617.0 10561439.0 -1.5622073441694804 0.0035119709662488063 0.36586702509991087 -4.074525223500135 0.5794385847190119
8618.0 10561439.0 -1.5276605220068205 0.001589167546803577 0.3634665959207684 -4.074525223500135 0.5794385847190119
8619.0 10561439.0 -1.4931136998441605 -0.0003336358726416522 0.360249773335124 -4.074525223500135 0.5794385847190119
8620.0 10561439.0 -1.4585668776815004 -0.0022564392920868814 0.3563442494879939 -4.074525223500135 0.5794385847190119
8621.0 10561439.0 -1.4046818669768901 -0.003171819633391443 0.3530495888760157 -4.074525223500135 0.5794385847190119
8622.0 10561439.0 -1.3645419513242143 5.787463515780078e-05 0.3502702463414419 -4.074525223500135 0.5794385847190119
8623.0 10561439.0 -1.3477423016121566 -0.00017861703869362366 0.3479256209507699 -4.074525223500135 0.5794385847190119
8624.0 10561439.0 -1.2931241163096494 -0.0015666761854919165 0.34594771856767026 -4.074525223500135 0.5794385847190119
8625.0 10561439.0 -1.2650729355433497 8.750104180638152e-06 0.3442791800230331 -4.074525223500135 0.5794385847190119
8626.0 10561439.0 -1.241241099841962 0.0022631160121216742 0.3428716176990639 -4.074525223500135 0.5794385847190119
8627.0 10561439.0 -1.2174092641405745 0.00451748192006271 0.3416842122883675 -4.074525223500135 0.5794385847190119
8628.0 10561439.0 -1.1816359106275443 -0.00017087933225037877 0.34068252903403373 -4.074525223500135 0.5794385847190119
8629.0 10561439.0 -1.1477347742225021 0.002997025883552301 0.33983751912168697 -4.074525223500135 0.5794385847190119
8630.0 10561439.0 -1.113731912315493 0.004846607154885024 0.33912467726386913 -4.074525223500135 0.5794385847190119
8631.0 10561439.0 -1.0809664048826262 0.007801965324348598 0.3385233310467035 -4.074525223500135 0.5794385847190119
8632.0 10561439.0 -1.0508032701497698 0.011491587869950054 0.3380160414298923 -4.074525223500135 0.5794385847190119
8633.0 10561439.0 -1.004339527256973 0.009617468169016513 0.33758809701454795 -4.074525223500135 0.5794385847190119
8634.0 10561439.0 -0.9791145429710949 0.01205965554933483 0.3372270874126255 -4.074525223500135 0.5794385847190119
8635.0 10561439.0 -0.9538895586852167 0.014501842929653147 0.33692254334566923 -4.074525223500135 0.5794385847190119
8636.0 10561439.0 -0.9274799534081872 0.014862685340132659 0.3366656330357373 -4.074525223500135 0.5794385847190119
8637.0 10561439.0 -0.8773908193909292 0.01484160841446 0.3316815273310249 -4.074525223500135 0.5794385847190119
8638.0 10561439.0 -0.8513160456660334 0.013092325261495924 0.3274769859189122 -4.074525223500135 0.5794385847190119
8639.0 10561439.0 -0.820211037033369 0.013145107161254665 0.32393007709844795 -4.074525223500135 0.5794385847190119
8640.0 10561439.0 -0.7891060284007045 0.013197889061013407 0.3209379405138387 -4.074525223500135 0.5794385847190119
8641.0 10561439.0 -0.7602805908203962 0.01008222340697254 0.3184138042041308 -4.074525223500135 0.5794385847190119
8642.0 10561439.0 -0.7343335524434997 0.006856263401890633 0.31628446821634265 -4.074525223500135 0.5794385847190119
8643.0 10561439.0 -0.717901013156365 0.006858011919945922 0.31448818180682847 -4.074525223500135 0.5794385847190119
8644.0 10561439.0 -0.7014684738692303 0.006859760438001211 0.3129728526697123 -4.074525223500135 0.5794385847190119
8645.0 10561439.0 -0.6626888847657028 0.010011984068499347 0.31169453626001775 -4.074525223500135 0.5794385847190119
8646.0 10561439.0 -0.6436743570100465 0.00908209815442744 0.31061616140186377 -4.074525223500135 0.5794385847190119
8647.0 10561439.0 -0.6246598292543901 0.008152212240355533 0.3097064552243638 -4.074525223500135 0.5794385847190119
8648.0 10561439.0 -0.581294198379261 0.0049568728389554895 0.3089390362483704 -4.074525223500135 0.5794385847190119
8649.0 10561439.0 -0.5503551515095007 0.00559068951947958 0.3082916493235797 -4.074525223500135 0.5794385847190119
8650.0 10561439.0 -0.5388865984370175 0.006981993023935956 0.30774552022917284 -4.074525223500135 0.5794385847190119
8651.0 10561439.0 -0.4963580144815556 0.003943958323120583 0.307284811221412 -4.074525223500135 0.5794385847190119
8652.0 10561439.0 -0.4665473715632775 4.001612583384717e-05 0.3021287829862552 -4.074525223500135 0.5794385847190119
8653.0 10561439.0 -0.43786731824581726 0.000828616051930936 0.29777920945769976 -4.074525223500135 0.5794385847190119
8654.0 10561439.0 -0.39991191552727745 0.00010398035461148258 0.29410995300341763 -4.074525223500135 0.5794385847190119
8655.0 10561439.0 -0.36812570693304925 -0.00047307858669329295 0.2910146051862346 -4.074525223500135 0.5794385847190119
8656.0 10561439.0 -0.33808685987491716 0.00039749941700154 0.28840340091945244 -4.074525223500135 0.5794385847190119
8657.0 10561439.0 -0.30804801281678507 0.001268077420696373 0.2862006152793343 -4.074525223500135 0.5794385847190119
8658.0 10561439.0 -0.28874862119334477 0.0016187223829815245 0.28434236748231695 -4.074525223500135 0.5794385847190119
8659.0 10561439.0 -0.257599722557204 0.006157389995567447 0.28277476834228676 -4.074525223500135 0.5794385847190119
8660.0 10561439.0 -0.22289184581627497 0.007274212176244198 0.28145235748418285 -4.074525223500135 0.5794385847190119
8661.0 10561439.0 -0.18818396907534596 0.008391034356920948 0.28033678499312026 -4.074525223500135 0.5794385847190119
8662.0 10561439.0 -0.15347609233441695 0.009507856537597698 0.27939569926685814 -4.074525223500135 0.5794385847190119
8663.0 10561439.0 -0.12701345743274173 0.006232301515546407 0.27860180881933494 -4.074525223500135 0.5794385847190119
8664.0 10561439.0 -0.09855363492037816 0.004991156887518694 0.2779320908275724 -4.074525223500135 0.5794385847190119
8665.0 10561439.0 -0.06848896064060128 0.0032255602744356293 0.2773671234698095 -4.074525223500135 0.5794385847190119
8666.0 10561439.0 -0.03886002747840256 0.0014856769353121246 0.27689052269267106 -4.074525223500135 0.5794385847190119
8667.0 10561439.0 0.0027697231791985466 0.0065718900600242325 0.27648846707362007 -4.074525223500135 0.5794385847190119
8668.0 10561439.0 0.02520958186576443 0.005663322096599216 0.2751958212491407 -4.074525223500135 0.5794385847190119
8669.0 10561439.0 0.047649440552330315 0.004754754133174199 0.273151882490323 -4.074525223500135 0.5794385847190119
8670.0 10561439.0 0.0700892992388962 0.003846186169749183 0.2704741605731613 -4.074525223500135 0.5794385847190119
8671.0 10561439.0 0.09252915792546208 0.0029376182063241664 0.26726178556205793 -4.074525223500135 0.5794385847190119
8672.0 10561439.0 0.11496901661202796 0.0020290502428991497 0.2635983825816908 -4.074525223500135 0.5794385847190119
8673.0 10561439.0 0.14520786634163346 0.002836106821742526 0.2605079726961928 -4.074525223500135 0.5794385847190119
8674.0 10561439.0 0.17544671607123896 0.0036431634005859026 0.25790093401888436 -4.074525223500135 0.5794385847190119
8675.0 10561439.0 0.22205934905186553 0.0035970904721343844 0.25570166242812353 -4.074525223500135 0.5794385847190119
8676.0 10561439.0 0.23702441290452858 0.0045477679250565395 0.2538463790477783 -4.074525223500135 0.5794385847190119
8677.0 10561439.0 0.25198947675719163 0.005498445377978695 0.25228128065981864 -4.074525223500135 0.5794385847190119
8678.0 10561439.0 0.2675471286702192 0.0054654323003780645 0.2509609794109937 -4.074525223500135 0.5794385847190119
8679.0 10561439.0 0.28310478058324673 0.0054324192227774345 0.24984718656508761 -4.074525223500135 0.5794385847190119
8680.0 10561439.0 0.2986624324962742 0.0053994061451768036 0.24890760212956906 -4.074525223500135 0.5794385847190119
8681.0 10561439.0 0.31422008440930177 0.0053663930675761735 0.248114978155808 -4.074525223500135 0.5794385847190119
8682.0 10561439.0 0.3297777363223293 0.0053333799899755435 0.24744632854856535 -4.074525223500135 0.5794385847190119
8683.0 10561439.0 0.34533538823535687 0.005300366912374913 0.24688226246923112 -4.074525223500135 0.5794385847190119
8684.0 10561439.0 0.3608930401483844 0.005267353834774283 0.2464064220015046 -4.074525223500135 0.5794385847190119
8685.0 10561439.0 0.3764506920614119 0.005234340757173653 0.2460050077718217 -4.074525223500135 0.5794385847190119
8686.0 10561439.0 0.3920083439744395 0.005201327679573022 0.24566637876752162 -4.074525223500135 0.5794385847190119
8687.0 10561439.0 0.407565995887467 0.005168314601972392 0.24538071474747966 -4.074525223500135 0.5794385847190119
8688.0 10561439.0 0.42312364780049455 0.005135301524371762 0.24513973145511464 -4.074525223500135 0.5794385847190119
8689.0 10561439.0 0.4386812997135221 0.005102288446771132 0.24493644037494794 -4.074525223500135 0.5794385847190119
8690.0 10561439.0 0.4542389516265496 0.005069275369170502 0.24476494606565471 -4.074525223500135 0.5794385847190119
8691.0 10561439.0 0.4697966035395772 0.005036262291569872 0.24462027519226548 -4.074525223500135 0.5794385847190119
8692.0 10561439.0 0.4853542554526047 0.005003249213969241 0.24449823229945195 -4.074525223500135 0.5794385847190119
8693.0 10561439.0 0.5009119073656323 0.004970236136368611 0.24439527814332251 -4.074525223500135 0.5794385847190119
8694.0 10561439.0 0.5164695592786598 0.004937223058767981 0.24430842705334943 -4.074525223500135 0.5794385847190119
8695.0 10561439.0 0.5254666300251118 0.005291787122381658 0.24518863609848687 -4.074525223500135 0.5794385847190119
8696.0 10561439.0 0.5344637007715638 0.005646351185995335 0.24688464734104382 -4.074525223500135 0.5794385847190119
8697.0 10561439.0 0.5434607715180159 0.006000915249609012 0.2492688611070544 -4.074525223500135 0.5794385847190119
