10571.0 11322591.0 3.6382732791328705 -0.1432978933757019 0.48768 -2.834057677108069 2.2216872527934295
10572.0 11322591.0 3.672814444251756 -0.14084401345531375 0.48768 -2.834057677108069 2.2216872527934295
10573.0 11322591.0 3.7363928182805237 -0.13647591640825588 0.5030641790682024 -2.834057677108069 2.2216872527934295
10574.0 11322591.0 3.7736238060095806 -0.13121966608885186 0.508317447443373 -2.834057677108069 2.2216872527934295
10575.0 11322591.0 3.7979648453762156 -0.1314526465001206 0.5110121502088789 -2.834057677108069 2.2216872527934295
10576.0 11322591.0 3.839329451467197 -0.1250917597644388 0.5126733906518275 -2.834057677108069 2.2216872527934295
10577.0 11322591.0 3.8806940575581788 -0.11873087302875698 0.5138104197124507 -2.834057677108069 2.2216872527934295
10578.0 11322591.0 3.9236601649416123 -0.10746039686255301 0.5146415970535254 -2.834057677108069 2.2216872527934295
10579.0 11322591.0 3.966626272325046 -0.09618992069634905 0.5152762846105133 -2.834057677108069 2.2216872527934295
10580.0 11322591.0 3.9915969558186837 -0.08564747776521206 0.5184141780130352 -2.834057677108069 2.2216872527934295
10581.0 11322591.0 4.0165676393123215 -0.07510503483407507 0.5234966001072257 -2.834057677108069 2.2216872527934295
10582.0 11322591.0 4.039491591316514 -0.0647123899114335 0.5276372563609257 -2.834057677108069 2.2216872527934295
10583.0 11322591.0 4.073140645756537 -0.04321757978799759 0.5310450710102819 -2.834057677108069 2.2216872527934295
10584.0 11322591.0 4.102490796163218 -0.02020328786799122 0.5338699307817429 -2.834057677108069 2.2216872527934295
10585.0 11322591.0 4.133092531318662 0.0071919650180823635 0.5362234781998978 -2.834057677108069 2.2216872527934295
10586.0 11322591.0 4.166001849658515 0.04166072759294079 0.538191423026588 -2.834057677108069 2.2216872527934295
10587.0 11322591.0 4.188684535445076 0.07689622026014084 0.5398411542511394 -2.834057677108069 2.2216872527934295
10588.0 11322591.0 4.213981810173837 0.11361492064684584 0.5412266407897115 -2.834057677108069 2.2216872527934295
10589.0 11322591.0 4.2336740911209105 0.15356402609773415 0.5423917111373381 -2.834057677108069 2.2216872527934295
10590.0 11322591.0 4.253366372067983 0.19351313154862246 0.5433723310244267 -2.834057677108069 2.2216872527934295
10591.0 11322591.0 4.2706187809363385 0.23822982160308412 0.5441982412041183 -2.834057677108069 2.2216872527934295
10592.0 11322591.0 4.2876644989496695 0.2823130865850644 0.5448941729750221 -2.834057677108069 2.2216872527934295
10593.0 11322591.0 4.29776413505492 0.3295970161170999 0.5454807756251459 -2.834057677108069 2.2216872527934295
10594.0 11322591.0 4.30456111661646 0.3749213815330338 0.5459753407485894 -2.834057677108069 2.2216872527934295
10595.0 11322591.0 4.312839272868177 0.42478537537587546 0.5511627138469082 -2.834057677108069 2.2216872527934295
10596.0 11322591.0 4.318021501350967 0.4733232341151591 0.5555374443574895 -2.834057677108069 2.2216872527934295
10597.0 11322591.0 4.322722432562134 0.5220181383743497 0.5544582758804286 -2.834057677108069 2.2216872527934295
10598.0 11322591.0 4.325630192375841 0.5722910084150006 0.553548035625827 -2.834057677108069 2.2216872527934295
10599.0 11322591.0 4.3285379521895475 0.6225638784556513 0.5527802473887071 -2.834057677108069 2.2216872527934295
10600.0 11322591.0 4.3269707769995085 0.6759905612210081 0.5569005159777588 -2.834057677108069 2.2216872527934295
10601.0 11322591.0 4.329954170661316 0.7275821598960058 0.560376146761042 -2.834057677108069 2.2216872527934295
10602.0 11322591.0 4.331012105035382 0.7798020048039208 0.5633080420549732 -2.834057677108069 2.2216872527934295
10603.0 11322591.0 4.329663217473921 0.8328071640573108 0.5657812922695317 -2.834057677108069 2.2216872527934295
10604.0 11322591.0 4.3292992234560215 0.8833884217018428 0.5678676609489182 -2.834057677108069 2.2216872527934295
10605.0 11322591.0 4.330357794955074 0.9356081764455163 0.5696276763700144 -2.834057677108069 2.2216872527934295
10606.0 11322591.0 4.328251783687177 0.9862906501319855 0.5711123931387173 -2.834057677108069 2.2216872527934295
10607.0 11322591.0 4.323005619016452 1.0382313708021615 0.5723648765411377 -2.834057677108069 2.2216872527934295
10608.0 11322591.0 4.313059232021878 1.0893695373052596 0.5734214536986282 -2.834057677108069 2.2216872527934295
10609.0 11322591.0 4.3005885045554715 1.1354908666996077 0.574312768412052 -2.834057677108069 2.2216872527934295
10610.0 11322591.0 4.287443553206536 1.1849862180778281 0.5798320673711261 -2.834057677108069 2.2216872527934295
10611.0 11322591.0 4.267167153369614 1.2316689242330543 0.5844880841111291 -2.834057677108069 2.2216872527934295
10612.0 11322591.0 4.24561853677443 1.2777156990053673 0.5884158479825793 -2.834057677108069 2.2216872527934295
10613.0 11322591.0 4.224069920179245 1.3237624737776803 0.5917292670584107 -2.834057677108069 2.2216872527934295
10614.0 11322591.0 4.194015601083269 1.3684967283208984 0.5945244322451971 -2.834057677108069 2.2216872527934295
10615.0 11322591.0 4.1639612819872935 1.4132309828641165 0.5968824043859677 -2.834057677108069 2.2216872527934295
10616.0 11322591.0 4.131200175463584 1.4542932058927909 0.598871565304725 -2.834057677108069 2.2216872527934295
10617.0 11322591.0 4.092041102525515 1.4920701633007107 0.5957822206334817 -2.834057677108069 2.2216872527934295
10618.0 11322591.0 4.052847976798459 1.5297417610857948 0.5931760809904258 -2.834057677108069 2.2216872527934295
10619.0 11322591.0 4.00742912295712 1.564656093824025 0.5909775680741934 -2.834057677108069 2.2216872527934295
10620.0 11322591.0 3.961321580564076 1.5974593132517156 0.5891229248591003 -2.834057677108069 2.2216872527934295
10621.0 11322591.0 3.9160706956511397 1.6247267012251647 0.5875583666011899 -2.834057677108069 2.2216872527934295
10622.0 11322591.0 3.8659721294867593 1.6534598143102885 0.5862385210565209 -2.834057677108069 2.2216872527934295
10623.0 11322591.0 3.814094499368519 1.6781014290781109 0.5851251126716026 -2.834057677108069 2.2216872527934295
10624.0 11322591.0 3.759267567341553 1.697106295041484 0.5865695420368289 -2.834057677108069 2.2216872527934295
10625.0 11322591.0 3.7044406353145876 1.716111161004857 0.5901717375249491 -2.834057677108069 2.2216872527934295
10626.0 11322591.0 3.652442507652899 1.7308641341287203 0.593210513352985 -2.834057677108069 2.2216872527934295
10627.0 11322591.0 3.5971073543874352 1.743552742719589 0.5957739940392567 -2.834057677108069 2.2216872527934295
10628.0 11322591.0 3.5436965306133255 1.7539782197450982 0.5979365205352565 -2.834057677108069 2.2216872527934295
10629.0 11322591.0 3.4886316122787306 1.759336848561998 0.5997608061163268 -2.834057677108069 2.2216872527934295
10630.0 11322591.0 3.4368320653909614 1.7624619445532848 0.6036834444548768 -2.834057677108069 2.2216872527934295
10631.0 11322591.0 3.385032518503192 1.7655870405445715 0.6093762320565218 -2.834057677108069 2.2216872527934295
10632.0 11322591.0 3.334022673860992 1.7670530577876327 0.6141786103778897 -2.834057677108069 2.2216872527934295
10633.0 11322591.0 3.2815652706927505 1.7640856350596104 0.6182298483942632 -2.834057677108069 2.2216872527934295
10634.0 11322591.0 3.228349510120262 1.7587961336274232 0.6216474320104965 -2.834057677108069 2.2216872527934295
10635.0 11322591.0 3.173651578098977 1.7489676749039331 0.6245304711528887 -2.834057677108069 2.2216872527934295
10636.0 11322591.0 3.118166594771516 1.7448870006110313 0.6269625739574266 -2.834057677108069 2.2216872527934295
10637.0 11322591.0 3.067322545569718 1.7387073738764334 0.6242468926512961 -2.834057677108069 2.2216872527934295
10638.0 11322591.0 3.011010011460927 1.7320939510506905 0.6219559712326677 -2.834057677108069 2.2216872527934295
10639.0 11322591.0 2.956311118499243 1.7222673605572743 0.6200233729801554 -2.834057677108069 2.2216872527934295
10640.0 11322591.0 2.9016122255375594 1.712440770063858 0.6183930525442891 -2.834057677108069 2.2216872527934295
10641.0 11322591.0 2.846981926112809 1.7028259346969392 0.6170177306323401 -2.834057677108069 2.2216872527934295
10642.0 11322591.0 2.78684853073055 1.6926719641266552 0.6158575229088088 -2.834057677108069 2.2216872527934295
10643.0 11322591.0 2.729742077794082 1.6836327653328997 0.6148787833496809 -2.834057677108069 2.2216872527934295
10644.0 11322591.0 2.6734594462197743 1.6730400797333103 0.6140531285077225 -2.834057677108069 2.2216872527934295
10645.0 11322591.0 2.6171768146454664 1.6624473941337208 0.6133566143925053 -2.834057677108069 2.2216872527934295
10646.0 11322591.0 2.559380178477127 1.651298271306527 0.608001663341778 -2.834057677108069 2.2216872527934295
10647.0 11322591.0 2.504093449173855 1.6396803340069086 0.6034842805280188 -2.834057677108069 2.2216872527934295
10648.0 11322591.0 2.443786108564946 1.6290014200865648 0.5996734618496063 -2.834057677108069 2.2216872527934295
10649.0 11322591.0 2.3876714550642877 1.6148508587665904 0.5964586935648529 -2.834057677108069 2.2216872527934295
10650.0 11322591.0 2.3291497495750892 1.6014867621394082 0.5937467473934924 -2.834057677108069 2.2216872527934295
10651.0 11322591.0 2.268440430752634 1.5909403240245814 0.586691598143718 -2.834057677108069 2.2216872527934295
10652.0 11322591.0 2.209053750192706 1.5791447630411937 0.580739945240125 -2.834057677108069 2.2216872527934295
10653.0 11322591.0 2.1496670696327786 1.5673492020578057 0.5757191907485038 -2.834057677108069 2.2216872527934295
10654.0 11322591.0 2.086630353812506 1.5575641894528722 0.5714837327885941 -2.834057677108069 2.2216872527934295
10655.0 11322591.0 2.028865742289388 1.546524893987525 0.5679107430795566 -2.834057677108069 2.2216872527934295
10656.0 11322591.0 1.968262927539251 1.5349529548513148 0.564896604919828 -2.834057677108069 2.2216872527934295
10657.0 11322591.0 1.9076601127891142 1.5233810157151046 0.5623539083027754 -2.834057677108069 2.2216872527934295
10658.0 11322591.0 1.8473844412170817 1.5128126702030553 0.560208915026504 -2.834057677108069 2.2216872527934295
10659.0 11322591.0 1.7892392896953684 1.5006143676105956 0.5583994202860018 -2.834057677108069 2.2216872527934295
10660.0 11322591.0 1.7310941381736553 1.488416065018136 0.5568729487337937 -2.834057677108069 2.2216872527934295
10661.0 11322591.0 1.6715762870336373 1.4801715208223853 0.5555852326948657 -2.834057677108069 2.2216872527934295
10662.0 11322591.0 1.6112995224236282 1.4696051573736237 0.554498928404089 -2.834057677108069 2.2216872527934295
10663.0 11322591.0 1.5538429989427844 1.4595199490475954 0.5535825330370309 -2.834057677108069 2.2216872527934295
10664.0 11322591.0 1.4963864754619407 1.449434740721567 0.5528094711280467 -2.834057677108069 2.2216872527934295
10665.0 11322591.0 1.439343422273996 1.4406169303314929 0.5521573238817759 -2.834057677108069 2.2216872527934295
10666.0 11322591.0 1.3819792258679522 1.4319044210928655 0.5516071790280765 -2.834057677108069 2.2216872527934295
10667.0 11322591.0 1.325625479582372 1.425198691710737 0.5511430823661915 -2.834057677108069 2.2216872527934295
10668.0 11322591.0 1.2716783564739895 1.4177070153318982 0.5507515750929259 -2.834057677108069 2.2216872527934295
10669.0 11322591.0 1.2153474468617742 1.411345043087206 0.5504213034973553 -2.834057677108069 2.2216872527934295
10670.0 11322591.0 1.159682910015231 1.4067517831560394 0.550142689703208 -2.834057677108069 2.2216872527934295
10671.0 11322591.0 1.1064940144208428 1.4015836250912614 0.5499076539104537 -2.834057677108069 2.2216872527934295
10672.0 11322591.0 1.0509326077959575 1.3973078867332183 0.5497093800811026 -2.834057677108069 2.2216872527934295
10673.0 11322591.0 0.9976743877701252 1.3919294252403993 0.5495421182741035 -2.834057677108069 2.2216872527934295
10674.0 11322591.0 0.9445539711094864 1.3869735884890821 0.5494010178970533 -2.834057677108069 2.2216872527934295
10675.0 11322591.0 0.8919852990016612 1.3837070531900004 0.5492819870390178 -2.834057677108069 2.2216872527934295
10676.0 11322591.0 0.8364577210316639 1.3795385430048752 0.5491815738051137 -2.834057677108069 2.2216872527934295
10677.0 11322591.0 0.7807574947316394 1.374842684760272 0.5490968662115578 -2.834057677108069 2.2216872527934295
10678.0 11322591.0 0.7283608467202518 1.3721051376948554 0.5490254077381372 -2.834057677108069 2.2216872527934295
10679.0 11322591.0 0.6752741168865781 1.3672568628875175 0.5489651260891226 -2.834057677108069 2.2216872527934295
10680.0 11322591.0 0.6196078863144724 1.3626678193706077 0.5489142730966925 -2.834057677108069 2.2216872527934295
10681.0 11322591.0 0.5662949343146868 1.3613408587698879 0.5488713740240665 -2.834057677108069 2.2216872527934295
10682.0 11322591.0 0.5129819823149011 1.3600138981691683 0.5488351847981384 -2.834057677108069 2.2216872527934295
10683.0 11322591.0 0.4612168615692431 1.3589409756539292 0.5488046559313563 -2.834057677108069 2.2216872527934295
10684.0 11322591.0 0.40881938521468436 1.3562057812535888 0.5487789020865835 -2.834057677108069 2.2216872527934295
10685.0 11322591.0 0.361315700154206 1.3518713430090037 0.5487571764023217 -2.834057677108069 2.2216872527934295
10686.0 11322591.0 0.3096079953402431 1.3512479648133224 0.5487388488337273 -2.834057677108069 2.2216872527934295
10687.0 11322591.0 0.26052443749454457 1.349416666182689 0.5487233878813108 -2.834057677108069 2.2216872527934295
10688.0 11322591.0 0.21076172413860095 1.3506702219694549 0.5487103451774524 -2.834057677108069 2.2216872527934295
10689.0 11322591.0 0.16099901078265733 1.3519237777562207 0.5486993424837402 -2.834057677108069 2.2216872527934295
10690.0 11322591.0 0.11238784624078635 1.352626134060233 0.5486900607220564 -2.834057677108069 2.2216872527934295
10691.0 11322591.0 0.06721008366590442 1.3475330981815332 0.5486822307213123 -2.834057677108069 2.2216872527934295
10692.0 11322591.0 0.01859872912591365 1.3482360964139182 0.5486756254114862 -2.834057677108069 2.2216872527934295
10693.0 11322591.0 -0.027433322320918885 1.348680354949219 0.5486700532385932 -2.834057677108069 2.2216872527934295
10694.0 11322591.0 -0.07284431760662025 1.3510248543901173 0.5486653526096194 -2.834057677108069 2.2216872527934295
10695.0 11322591.0 -0.11872813510042945 1.3508370304319486 0.5486613872063245 -2.834057677108069 2.2216872527934295
10696.0 11322591.0 -0.16332313162674228 1.355135143046108 0.5486580420320131 -2.834057677108069 2.2216872527934295
10697.0 11322591.0 -0.20600652715307444 1.3565886977617272 0.5486552200766299 -2.834057677108069 2.2216872527934295
10698.0 11322591.0 -0.24779023845903947 1.3578068746392595 0.5486528395034691 -2.834057677108069 2.2216872527934295
10699.0 11322591.0 -0.2895739497650045 1.3590250515167919 0.5486508312759089 -2.834057677108069 2.2216872527934295
10700.0 11322591.0 -0.33237787799373364 1.3605188430190187 0.54864913715535 -2.834057677108069 2.2216872527934295
10701.0 11322591.0 -0.3751818062224628 1.3620126345212455 0.5486477080122963 -2.834057677108069 2.2216872527934295
10702.0 11322591.0 -0.41534388731577443 1.3627598157143754 0.5486465024015992 -2.834057677108069 2.2216872527934295
10703.0 11322591.0 -0.4559416760691952 1.3635328373926228 0.5486454853605485 -2.834057677108069 2.2216872527934295
10704.0 11322591.0 -0.49974016789410425 1.362665427982156 0.5486446273949537 -2.834057677108069 2.2216872527934295
10705.0 11322591.0 -0.5388885040537295 1.3678720424745867 0.5486439036238125 -2.834057677108069 2.2216872527934295
10706.0 11322591.0 -0.5808363795411018 1.3713070763262991 0.5486432930577619 -2.834057677108069 2.2216872527934295
10707.0 11322591.0 -0.6209987118654217 1.3720554231440958 0.5486427779903864 -2.834057677108069 2.2216872527934295
10708.0 11322591.0 -0.6632097423263486 1.3760443179093655 0.5486423434847321 -2.834057677108069 2.2216872527934295
10709.0 11322591.0 -0.7062146681014547 1.3776058269181812 0.548641976940135 -2.834057677108069 2.2216872527934295
10710.0 11322591.0 -0.7491282536680626 1.3789041562155187 0.5462579783503934 -2.834057677108069 2.2216872527934295
10711.0 11322591.0 -0.7920418392346704 1.380202485512856 0.5418631717564047 -2.834057677108069 2.2216872527934295
10712.0 11322591.0 -0.8397113458000669 1.383523861526516 0.5381557571433518 -2.834057677108069 2.2216872527934295
10713.0 11322591.0 -0.8851466549594895 1.385530686574984 0.535028219487456 -2.834057677108069 2.2216872527934295
10714.0 11322591.0 -0.9288323871235249 1.3885430321509382 0.5323898601966965 -2.834057677108069 2.2216872527934295
10715.0 11322591.0 -0.9725181192875603 1.3915553777268928 0.5301641668516412 -2.834057677108069 2.2216872527934295
10716.0 11322591.0 -1.015523413745655 1.393118764871565 0.5282865943452836 -2.834057677108069 2.2216872527934295
10717.0 11322591.0 -1.0609010768844247 1.3955751491435073 0.5267026930749391 -2.834057677108069 2.2216872527934295
10718.0 11322591.0 -1.1055193185024612 1.400353872657235 0.5253665299037679 -2.834057677108069 2.2216872527934295
10719.0 11322591.0 -1.151404691387244 1.400172732792374 0.5242393560998059 -2.834057677108069 2.2216872527934295
10720.0 11322591.0 -1.1942497453299301 1.4016847238041232 0.5232884836227383 -2.834057677108069 2.2216872527934295
10721.0 11322591.0 -1.244026605220814 1.3977528855141015 0.52248633717073 -2.834057677108069 2.2216872527934295
10722.0 11322591.0 -1.2893700468620952 1.4003162802532951 0.517042275743856 -2.834057677108069 2.2216872527934295
10723.0 11322591.0 -1.3355766545027377 1.400241299875547 0.5124497203135538 -2.834057677108069 2.2216872527934295
10724.0 11322591.0 -1.3813518112656389 1.401486098302182 0.5085754867723448 -2.834057677108069 2.2216872527934295
10725.0 11322591.0 -1.42712696802854 1.402730896728817 0.5053072223475337 -2.834057677108069 2.2216872527934295
10726.0 11322591.0 -1.4726432751482041 1.4047677336117135 0.5025501473708011 -2.834057677108069 2.2216872527934295
10727.0 11322591.0 -1.5187811271454625 1.404905038689609 0.5002243066678216 -2.834057677108069 2.2216872527934295
10728.0 11322591.0 -1.565243002228417 1.4026949595059184 0.49826225085820897 -2.834057677108069 2.2216872527934295
10729.0 11322591.0 -1.6078479593237793 1.404130713790211 0.49660708032348444 -2.834057677108069 2.2216872527934295
10730.0 11322591.0 -1.6524079105276221 1.4009484218376402 0.4952107951181409 -2.834057677108069 2.2216872527934295
10731.0 11322591.0 -1.6959077836064689 1.3928627470547266 0.49403290297122354 -2.834057677108069 2.2216872527934295
10732.0 11322591.0 -1.7425743044079687 1.3832427705839494 0.49303924501047164 -2.834057677108069 2.2216872527934295
10733.0 11322591.0 -1.7824481563429544 1.3685965848790271 0.4922010051550234 -2.834057677108069 2.2216872527934295
10734.0 11322591.0 -1.82232200827794 1.353950399174105 0.49149387444907083 -2.834057677108069 2.2216872527934295
10735.0 11322591.0 -1.8585432517499763 1.3355388834090554 0.4861299673493244 -2.834057677108069 2.2216872527934295
10736.0 11322591.0 -1.8952745932869834 1.3128543719826593 0.4816050293027084 -2.834057677108069 2.2216872527934295
10737.0 11322591.0 -1.9289615850547552 1.2859023273565595 0.4777878371058709 -2.834057677108069 2.2216872527934295
10738.0 11322591.0 -1.9586108174443566 1.2604334889861293 0.4745676921851037 -2.834057677108069 2.2216872527934295
10739.0 11322591.0 -1.9837439757077584 1.2338376344346282 0.4718512103377045 -2.834057677108069 2.2216872527934295
10740.0 11322591.0 -2.0096128436063356 1.1968498519230673 0.46955961359009873 -2.834057677108069 2.2216872527934295
10741.0 11322591.0 -2.0286783486990796 1.163010861974851 0.4676264456366058 -2.834057677108069 2.2216872527934295
10742.0 11322591.0 -2.045371531520117 1.1282788363993907 0.4659956446065745 -2.834057677108069 2.2216872527934295
10743.0 11322591.0 -2.062617291347723 1.0918581322754 0.45985253851731694 -2.834057677108069 2.2216872527934295
10744.0 11322591.0 -2.077732414508854 1.0538055641760815 0.45467027604506155 -2.834057677108069 2.2216872527934295
10745.0 11322591.0 -2.0863121340883217 1.0153673090364823 0.4502985715781129 -2.834057677108069 2.2216872527934295
10746.0 11322591.0 -2.0948918536677894 0.976929053896883 0.4466106456869296 -2.834057677108069 2.2216872527934295
10747.0 11322591.0 -2.102716945986029 0.9367249445086298 0.4434995485206672 -2.834057677108069 2.2216872527934295
10748.0 11322591.0 -2.103656152620391 0.8920478457010452 0.4408750582615042 -2.834057677108069 2.2216872527934295
10749.0 11322591.0 -2.1042964946686613 0.8569709157289791 0.4386610646919248 -2.834057677108069 2.2216872527934295
10750.0 11322591.0 -2.0989710043471206 0.8151515336529643 0.4367933619984112 -2.834057677108069 2.2216872527934295
10751.0 11322591.0 -2.0900743371754116 0.7771879960283165 0.4352177868028515 -2.834057677108069 2.2216872527934295
10752.0 11322591.0 -2.082885780553128 0.7394328488566088 0.42912126867175765 -2.834057677108069 2.2216872527934295
10753.0 11322591.0 -2.070787443242504 0.7031092869445932 0.42397830733214475 -2.834057677108069 2.2216872527934295
10754.0 11322591.0 -2.0555830507929658 0.6654190622198081 0.41963975690516403 -2.834057677108069 2.2216872527934295
10755.0 11322591.0 -2.043587883587082 0.62877889062663 0.41597979942843305 -2.834057677108069 2.2216872527934295
10756.0 11322591.0 -2.027485242584322 0.5938328597236314 0.4128922961351267 -2.834057677108069 2.2216872527934295
10757.0 11322591.0 -2.0131515967104736 0.5561941095059751 0.41028770942973897 -2.834057677108069 2.2216872527934295
10758.0 11322591.0 -1.9959697867006594 0.5218299996701667 0.4080905062978137 -2.834057677108069 2.2216872527934295
10759.0 11322591.0 -1.9787879766908454 0.48746588983435835 0.406236967848525 -2.834057677108069 2.2216872527934295
10760.0 11322591.0 -1.9618423249971724 0.4518355768629552 0.4046733414668435 -2.834057677108069 2.2216872527934295
10761.0 11322591.0 -1.9448966733034994 0.4162052638915521 0.40335428198770046 -2.834057677108069 2.2216872527934295
10762.0 11322591.0 -1.9229181725667217 0.384011240684596 0.4022415366862008 -2.834057677108069 2.2216872527934295
10763.0 11322591.0 -1.9065936743786904 0.35109648250534264 0.4013028359486009 -2.834057677108069 2.2216872527934295
10764.0 11322591.0 -1.8849900614204178 0.32142064033666684 0.40051095745351045 -2.834057677108069 2.2216872527934295
10765.0 11322591.0 -1.8633864484621452 0.29174479816799104 0.3998429367245718 -2.834057677108069 2.2216872527934295
10766.0 11322591.0 -1.8403693581481637 0.2643525101336788 0.3992794011606457 -2.834057677108069 2.2216872527934295
10767.0 11322591.0 -1.8189569024492618 0.2374852580326756 0.3988040082303783 -2.834057677108069 2.2216872527934295
10768.0 11322591.0 -1.7956418156851888 0.20964522830602358 0.393635592785975 -2.834057677108069 2.2216872527934295
10769.0 11322591.0 -1.7692287860245657 0.18312876493844008 0.389275569532365 -2.834057677108069 2.2216872527934295
10770.0 11322591.0 -1.7408262251802713 0.16133629502061295 0.38559749779519353 -2.834057677108069 2.2216872527934295
10771.0 11322591.0 -1.7198833221233525 0.1343894728725735 0.3824947134940827 -2.834057677108069 2.2216872527934295
10772.0 11322591.0 -1.6950484516955695 0.11119380942588539 0.3798772358843003 -2.834057677108069 2.2216872527934295
10773.0 11322591.0 -1.6673013621638433 0.08739624241272922 0.37766915811516255 -2.834057677108069 2.2216872527934295
10774.0 11322591.0 -1.6400020010737302 0.07309238964109707 0.37580644593136453 -2.834057677108069 2.2216872527934295
10775.0 11322591.0 -1.6069474562363004 0.057373619628872524 0.3742350806795761 -2.834057677108069 2.2216872527934295
10776.0 11322591.0 -1.5795014102849432 0.04080214656683365 0.3729094927674954 -2.834057677108069 2.2216872527934295
10777.0 11322591.0 -1.5454782323238911 0.029674123972820515 0.37179124014567205 -2.834057677108069 2.2216872527934295
10778.0 11322591.0 -1.5132260660490955 0.02426646988914946 0.3708478934880732 -2.834057677108069 2.2216872527934295
10779.0 11322591.0 -1.4809738997742998 0.018858815805478407 0.37005209574162845 -2.834057677108069 2.2216872527934295
10780.0 11322591.0 -1.4498424118789044 0.016271501964377516 0.36938076877169096 -2.834057677108069 2.2216872527934295
10781.0 11322591.0 -1.4140513795363392 0.01706759645434061 0.36881444409613245 -2.834057677108069 2.2216872527934295
10782.0 11322591.0 -1.3810862123660477 0.018729687220410934 0.36595300892295335 -2.834057677108069 2.2216872527934295
10783.0 11322591.0 -1.3481210451957562 0.020391777986481258 0.3611554416321315 -2.834057677108069 2.2216872527934295
10784.0 11322591.0 -1.3131240936852338 0.018760768713631942 0.3571082621486414 -2.834057677108069 2.2216872527934295
10785.0 11322591.0 -1.2799234782576006 0.02087197778988234 0.3536941022674619 -2.834057677108069 2.2216872527934295
10786.0 11322591.0 -1.243566758177784 0.020140309123831107 0.3508139513520388 -2.834057677108069 2.2216872527934295
10787.0 11322591.0 -1.2072100380979676 0.019408640457779874 0.34838428502582486 -2.834057677108069 2.2216872527934295
10788.0 11322591.0 -1.1748379741288126 0.018987164860581357 0.3463346429653598 -2.834057677108069 2.2216872527934295
10789.0 11322591.0 -1.1396850348834795 0.0186496364068838 0.3446055855508902 -2.834057677108069 2.2216872527934295
10790.0 11322591.0 -1.1045320956381464 0.018312107953186246 0.3431469701173964 -2.834057677108069 2.2216872527934295
10791.0 11322591.0 -1.067059075842174 0.016106209264092758 0.3419164968173071 -2.834057677108069 2.2216872527934295
10792.0 11322591.0 -1.0331841199636433 0.016479151129328823 0.34087848192491976 -2.834057677108069 2.2216872527934295
10793.0 11322591.0 -0.9993091640851124 0.016852092994564888 0.34000282300835505 -2.834057677108069 2.2216872527934295
10794.0 11322591.0 -0.964312594116431 0.015222805680175394 0.33926412595903266 -2.834057677108069 2.2216872527934295
10795.0 11322591.0 -0.9277111852200532 0.013068929070220364 0.3338735898097053 -2.834057677108069 2.2216872527934295
10796.0 11322591.0 -0.8941901532920071 0.01507698754089623 0.3293261877648594 -2.834057677108069 2.2216872527934295
10797.0 11322591.0 -0.8591980477540017 0.014793323419018733 0.3254900451651944 -2.834057677108069 2.2216872527934295
10798.0 11322591.0 -0.8242059422159962 0.014509659297141236 0.3222539138753201 -2.834057677108069 2.2216872527934295
10799.0 11322591.0 -0.7860430119344519 0.014416260470567238 0.31952394608783 -2.834057677108069 2.2216872527934295
10800.0 11322591.0 -0.7509086321529781 0.013210230147093022 0.31722097273688704 -2.834057677108069 2.2216872527934295
10801.0 11322591.0 -0.7183283421824747 0.015059274513205073 0.3152782075953138 -2.834057677108069 2.2216872527934295
10802.0 11322591.0 -0.6833665935833169 0.013325822859615893 0.3136393104740046 -2.834057677108069 2.2216872527934295
10803.0 11322591.0 -0.6505706213269695 0.013118452107280881 0.3122567533564416 -2.834057677108069 2.2216872527934295
10804.0 11322591.0 -0.6156521862026179 0.013969816316162148 0.31109044208621534 -2.834057677108069 2.2216872527934295
10805.0 11322591.0 -0.5805180074091432 0.012764630077663847 0.30533917488367246 -2.834057677108069 2.2216872527934295
10806.0 11322591.0 -0.5507377308414465 0.012842605514991862 0.30048746375275603 -2.834057677108069 2.2216872527934295
10807.0 11322591.0 -0.5160048426999746 0.011768907989234328 0.29639460907066956 -2.834057677108069 2.2216872527934295
10808.0 11322591.0 -0.48097429385147605 0.010247558868502232 0.2929419180516325 -2.834057677108069 2.2216872527934295
10809.0 11322591.0 -0.4494769405120509 0.007427924630136501 0.2900292626560928 -2.834057677108069 2.2216872527934295
10810.0 11322591.0 -0.4198412581607831 0.0063854062609216555 0.28757217587757977 -2.834057677108069 2.2216872527934295
