12491.0 11322591.0 1.3666731577037157 0.0004198049779441104 0.3048 -2.1751786210684396 3.4937233486420762
12492.0 11322591.0 1.4019893348198065 0.0003325579505855658 0.3048 -2.1751786210684396 3.4937233486420762
12493.0 11322591.0 1.4373055119358975 0.0002453109232270212 0.3048 -2.1751786210684396 3.4937233486420762
12494.0 11322591.0 1.4725420068147437 0.0010020975169593022 0.3048 -2.1751786210684396 3.4937233486420762
12495.0 11322591.0 1.5130745351416617 2.917845999522717e-05 0.3048 -2.1751786210684396 3.4937233486420762
12496.0 11322591.0 1.5592836157940904 0.0001229387050231956 0.3118838937835502 -2.1751786210684396 3.4937233486420762
12497.0 11322591.0 1.6109968093238778 0.0007556804359693664 0.3167324352023757 -2.1751786210684396 3.4937233486420762
12498.0 11322591.0 1.6408435745645598 0.0010540364734882637 0.32027675777437886 -2.1751786210684396 3.4937233486420762
12499.0 11322591.0 1.6706903398052417 0.001352392511007161 0.32298320479023823 -2.1751786210684396 3.4937233486420762
12500.0 11322591.0 1.6917178688281311 -0.0006088462284747354 0.32511224024084223 -2.1751786210684396 3.4937233486420762
12501.0 11322591.0 1.7435342278907897 0.00034154687929829897 0.3268219322674362 -2.1751786210684396 3.4937233486420762
12502.0 11322591.0 1.7765579390345956 0.0019392185561518671 0.3282148207073613 -2.1751786210684396 3.4937233486420762
12503.0 11322591.0 1.8195662943449333 0.0003929576523512279 0.33430673965875574 -2.1751786210684396 3.4937233486420762
12504.0 11322591.0 1.8469942307854759 0.0017156534061153195 0.33935654974160373 -2.1751786210684396 3.4937233486420762
12505.0 11322591.0 1.868975070941573 0.0021304696860361128 0.3435638267196436 -2.1751786210684396 3.4937233486420762
12506.0 11322591.0 1.9284956204982382 0.0022015352725428816 0.34708178811677454 -2.1751786210684396 3.4937233486420762
12507.0 11322591.0 1.949994925439701 0.0027738355587230423 0.3500309006553485 -2.1751786210684396 3.4937233486420762
12508.0 11322591.0 1.9824893318413417 0.002208865126619511 0.35250764090377246 -2.1751786210684396 3.4937233486420762
12509.0 11322591.0 2.0149837382429823 0.0016438946945159794 0.3545903580878643 -2.1751786210684396 3.4937233486420762
12510.0 11322591.0 2.0759567778359576 -0.003080604038781437 0.36112694243069515 -2.1751786210684396 3.4937233486420762
12511.0 11322591.0 2.1078828512980676 -0.004569245568641966 0.36663226780726316 -2.1751786210684396 3.4937233486420762
12512.0 11322591.0 2.1398089247601773 -0.006057887098502496 0.3712711873083494 -2.1751786210684396 3.4937233486420762
12513.0 11322591.0 2.1692759225489455 -0.006918514178430368 0.3751813442904253 -2.1751786210684396 3.4937233486420762
12514.0 11322591.0 2.1987429203377133 -0.007779141258358241 0.3784780005024563 -2.1751786210684396 3.4937233486420762
12515.0 11322591.0 2.2408889664958203 -0.011961951910592988 0.38125787878290623 -2.1751786210684396 3.4937233486420762
12516.0 11322591.0 2.2856491213539316 -0.016297167830838594 0.3836022673778057 -2.1751786210684396 3.4937233486420762
12517.0 11322591.0 2.3175233255674144 -0.0179432111639162 0.38796399451883534 -2.1751786210684396 3.4937233486420762
12518.0 11322591.0 2.3493975297808967 -0.019589254496993808 0.3940271783591176 -2.1751786210684396 3.4937233486420762
12519.0 11322591.0 2.393295903447778 -0.02656291272067987 0.39914147780756526 -2.1751786210684396 3.4937233486420762
12520.0 11322591.0 2.42256723394934 -0.028293268207439576 0.4034555243515421 -2.1751786210684396 3.4937233486420762
12521.0 11322591.0 2.4834708461553134 -0.03322538482015805 0.40709461550414416 -2.1751786210684396 3.4937233486420762
12522.0 11322591.0 2.5097843970807308 -0.034223338305289425 0.4101643990599287 -2.1751786210684396 3.4937233486420762
12523.0 11322591.0 2.5444152909784625 -0.03694365657388368 0.41275396726644253 -2.1751786210684396 3.4937233486420762
12524.0 11322591.0 2.5790461848761943 -0.03966397484247794 0.4149384587373834 -2.1751786210684396 3.4937233486420762
12525.0 11322591.0 2.6150579085257277 -0.043594173389886054 0.4167812484198089 -2.1751786210684396 3.4937233486420762
12526.0 11322591.0 2.650016158773706 -0.04531118065016457 0.4183357920390833 -2.1751786210684396 3.4937233486420762
12527.0 11322591.0 2.697252267432405 -0.050218577031701656 0.42441460887693494 -2.1751786210684396 3.4937233486420762
12528.0 11322591.0 2.7418053128737205 -0.05518430411286149 0.4295426121726524 -2.1751786210684396 3.4937233486420762
12529.0 11322591.0 2.7708470145256845 -0.057071959588579774 0.43386852888924576 -2.1751786210684396 3.4937233486420762
12530.0 11322591.0 2.8152858099675084 -0.061299038326332905 0.43751781953689284 -2.1751786210684396 3.4937233486420762
12531.0 11322591.0 2.844808935272207 -0.06334356272342825 0.440596318902586 -2.1751786210684396 3.4937233486420762
12532.0 11322591.0 2.873844658329077 -0.06552084893703822 0.4431933066846455 -2.1751786210684396 3.4937233486420762
12533.0 11322591.0 2.9028803813859474 -0.06769813515064818 0.4453840974598557 -2.1751786210684396 3.4937233486420762
12534.0 11322591.0 2.934489810725734 -0.07042334026124111 0.4472322253200069 -2.1751786210684396 3.4937233486420762
12535.0 11322591.0 2.971717780149953 -0.07252919694556348 0.4487912866690174 -2.1751786210684396 3.4937233486420762
12536.0 11322591.0 3.0089457495741723 -0.07463505362988584 0.4501064947038262 -2.1751786210684396 3.4937233486420762
12537.0 11322591.0 3.065574495152597 -0.07524659070852727 0.45598337112226855 -2.1751786210684396 3.4937233486420762
12538.0 11322591.0 3.1030687706355313 -0.07259088247608006 0.46094104410515385 -2.1751786210684396 3.4937233486420762
12539.0 11322591.0 3.1405630461184657 -0.06993517424363285 0.46512328664782476 -2.1751786210684396 3.4937233486420762
12540.0 11322591.0 3.165662533871327 -0.06784782068992115 0.4686513840714829 -2.1751786210684396 3.4937233486420762
12541.0 11322591.0 3.209879837894693 -0.05751518779581424 0.4716276513739892 -2.1751786210684396 3.4937233486420762
12542.0 11322591.0 3.2437685847786186 -0.04346081308059216 0.47413840041071936 -2.1751786210684396 3.4937233486420762
12543.0 11322591.0 3.290160839310457 -0.01830130178312031 0.47625644296593506 -2.1751786210684396 3.4937233486420762
12544.0 11322591.0 3.323604969416161 0.000921472586160349 0.48281058121744524 -2.1751786210684396 3.4937233486420762
12545.0 11322591.0 3.349464355875284 0.030095932009134824 0.4883395862007512 -2.1751786210684396 3.4937233486420762
12546.0 11322591.0 3.37424463119633 0.05705269917900421 0.49300379910973136 -2.1751786210684396 3.4937233486420762
12547.0 11322591.0 3.3876611089110202 0.08129350926432535 0.4969384821483803 -2.1751786210684396 3.4937233486420762
12548.0 11322591.0 3.4010775866257106 0.1055343193496465 0.5002577411426093 -2.1751786210684396 3.4937233486420762
12549.0 11322591.0 3.4262729325580983 0.15770441457846815 0.5030578346139313 -2.1751786210684396 3.4937233486420762
12550.0 11322591.0 3.4336117638240937 0.1801907299634161 0.5054199652794261 -2.1751786210684396 3.4937233486420762
12551.0 11322591.0 3.450940291494124 0.24988057626190116 0.5074126349322424 -2.1751786210684396 3.4937233486420762
12552.0 11322591.0 3.456076825406128 0.29078306673924875 0.5090936309946227 -2.1751786210684396 3.4937233486420762
12553.0 11322591.0 3.4612133593181316 0.3316855572165963 0.5105117023537633 -2.1751786210684396 3.4937233486420762
12554.0 11322591.0 3.4660650428926125 0.39551830027836254 0.511707973079912 -2.1751786210684396 3.4937233486420762
12555.0 11322591.0 3.466536499633839 0.4179096710380019 0.5127171350246271 -2.1751786210684396 3.4937233486420762
12556.0 11322591.0 3.467007956375065 0.4403010417976413 0.5135684538846056 -2.1751786210684396 3.4937233486420762
12557.0 11322591.0 3.466625809047202 0.4929924537564471 0.5166703072842973 -2.1751786210684396 3.4937233486420762
12558.0 11322591.0 3.4662436617193393 0.545683865715253 0.5216706889715962 -2.1751786210684396 3.4937233486420762
12559.0 11322591.0 3.461569164198779 0.5898470416405697 0.5258889606382663 -2.1751786210684396 3.4937233486420762
12560.0 11322591.0 3.4568946666782185 0.6340102175658864 0.5294474521629627 -2.1751786210684396 3.4937233486420762
12561.0 11322591.0 3.4461364654066875 0.6840140793833962 0.5324493598000949 -2.1751786210684396 3.4937233486420762
12562.0 11322591.0 3.4353782641351565 0.734017941200906 0.5349817388712557 -2.1751786210684396 3.4937233486420762
12563.0 11322591.0 3.420059849279813 0.7686889507415247 0.5371180283695782 -2.1751786210684396 3.4937233486420762
12564.0 11322591.0 3.379614470093971 0.844970928515636 0.5436875594435431 -2.1751786210684396 3.4937233486420762
12565.0 11322591.0 3.3568855647764577 0.8710804793858269 0.5492295497412333 -2.1751786210684396 3.4937233486420762
12566.0 11322591.0 3.3341566594589445 0.8971900302560177 0.5539047169813368 -2.1751786210684396 3.4937233486420762
12567.0 11322591.0 3.2837188403513853 0.9412226470663544 0.5578486410138496 -2.1751786210684396 3.4937233486420762
12568.0 11322591.0 3.2569273257404854 0.9597807357965811 0.5611756956357342 -2.1751786210684396 3.4937233486420762
12569.0 11322591.0 3.2114289376174057 0.9822262203922877 0.5639823654310373 -2.1751786210684396 3.4937233486420762
12570.0 11322591.0 3.165930549494326 1.0046717049879943 0.5663500438238298 -2.1751786210684396 3.4937233486420762
12571.0 11322591.0 3.109127768359616 1.0169654454126844 0.5683473934875068 -2.1751786210684396 3.4937233486420762
12572.0 11322591.0 3.052324987224906 1.0292591858373745 0.5700323375623177 -2.1751786210684396 3.4937233486420762
12573.0 11322591.0 3.0092402709044817 1.0346220539468776 0.5714537394264336 -2.1751786210684396 3.4937233486420762
12574.0 11322591.0 2.9661555545840574 1.0399849220563806 0.5726528197339147 -2.1751786210684396 3.4937233486420762
12575.0 11322591.0 2.9027955851920444 1.0444331758424021 0.5736643518136784 -2.1751786210684396 3.4937233486420762
12576.0 11322591.0 2.8394356158000313 1.0488814296284235 0.5745176700960383 -2.1751786210684396 3.4937233486420762
12577.0 11322591.0 2.7844136367497634 1.0503162722196904 0.575237520811183 -2.1751786210684396 3.4937233486420762
12578.0 11322591.0 2.7293916576994954 1.051751114810957 0.5758447796298518 -2.1751786210684396 3.4937233486420762
12579.0 11322591.0 2.6586572380312097 1.052651193193583 0.5763570570577862 -2.1751786210684396 3.4937233486420762
12580.0 11322591.0 2.5910285037362053 1.0521873628922165 0.5767892091403963 -2.1751786210684396 3.4937233486420762
12581.0 11322591.0 2.5448268632591047 1.052087061491565 0.577153768288078 -2.1751786210684396 3.4937233486420762
12582.0 11322591.0 2.476439455100754 1.0493019043697311 0.5774613067161138 -2.1751786210684396 3.4937233486420762
12583.0 11322591.0 2.431989582354878 1.0464106390841867 0.577720743038917 -2.1751786210684396 3.4937233486420762
12584.0 11322591.0 2.379836058613389 1.0443999818118876 0.5779396009098486 -2.1751786210684396 3.4937233486420762
12585.0 11322591.0 2.3276825348719 1.0423893245395883 0.5781242272071659 -2.1751786210684396 3.4937233486420762
12586.0 11322591.0 2.271332248021294 1.0397639613032723 0.5782799760934911 -2.1751786210684396 3.4937233486420762
12587.0 11322591.0 2.214981961170688 1.0371385980669565 0.5784113642865275 -2.1751786210684396 3.4937233486420762
12588.0 11322591.0 2.1335650734554426 1.0284480514079057 0.5785222020438732 -2.1751786210684396 3.4937233486420762
12589.0 11322591.0 2.0778548768216814 1.0239792740577909 0.5786157036604912 -2.1751786210684396 3.4937233486420762
12590.0 11322591.0 2.0391826824361643 1.0216565363601169 0.576310891306855 -2.1751786210684396 3.4937233486420762
12591.0 11322591.0 2.0005104880506472 1.0193337986624427 0.5719828854247091 -2.1751786210684396 3.4937233486420762
12592.0 11322591.0 1.9105806171432842 1.018566125324818 0.5683318232198797 -2.1751786210684396 3.4937233486420762
12593.0 11322591.0 1.864801966601227 1.0186821076471841 0.565251823888427 -2.1751786210684396 3.4937233486420762
12594.0 11322591.0 1.812566507356392 1.0164294918634174 0.5626535674497386 -2.1751786210684396 3.4937233486420762
12595.0 11322591.0 1.7603310481115566 1.0141768760796503 0.5604617044670925 -2.1751786210684396 3.4937233486420762
12596.0 11322591.0 1.7080955888667215 1.0119242602958836 0.5586126709139922 -2.1751786210684396 3.4937233486420762
12597.0 11322591.0 1.6487106431821175 1.0087174408619484 0.5570528448173977 -2.1751786210684396 3.4937233486420762
12598.0 11322591.0 1.5893256974975134 1.0055106214280132 0.5557369912205077 -2.1751786210684396 3.4937233486420762
12599.0 11322591.0 1.5321148109735683 1.0043396334022583 0.5546269503690124 -2.1751786210684396 3.4937233486420762
12600.0 11322591.0 1.4736312594745467 1.003351388231554 0.5536905310782185 -2.1751786210684396 3.4937233486420762
12601.0 11322591.0 1.415147707975525 1.0023631430608493 0.5529005771886929 -2.1751786210684396 3.4937233486420762
12602.0 11322591.0 1.3650228540810625 1.0025001701738137 0.5522341800376394 -2.1751786210684396 3.4937233486420762
12603.0 11322591.0 1.3148980001866 1.002637197286778 0.5516720141076774 -2.1751786210684396 3.4937233486420762
12604.0 11322591.0 1.2356843653127414 1.0007126899656824 0.5511977765868381 -2.1751786210684396 3.4937233486420762
12605.0 11322591.0 1.1783924012598261 0.999570764453621 0.5507977145870171 -2.1751786210684396 3.4937233486420762
12606.0 11322591.0 1.134755428710909 0.9986407837616968 0.5504602263102196 -2.1751786210684396 3.4937233486420762
12607.0 11322591.0 1.0563232064228614 0.9993834466053186 0.5501755245964185 -2.1751786210684396 3.4937233486420762
12608.0 11322591.0 1.023347891708538 0.997657484456094 0.5499353530959135 -2.1751786210684396 3.4937233486420762
12609.0 11322591.0 0.9425541087859806 0.9990561075150671 0.5497327468351899 -2.1751786210684396 3.4937233486420762
12610.0 11322591.0 0.8987562539395184 0.9981800106334043 0.5495618302326869 -2.1751786210684396 3.4937233486420762
12611.0 11322591.0 0.8470302379828342 0.9975000592129554 0.5494176467069318 -2.1751786210684396 3.4937233486420762
12612.0 11322591.0 0.7953042220261499 0.9968201077925064 0.5492960149356777 -2.1751786210684396 3.4937233486420762
12613.0 11322591.0 0.7214074525766648 0.9935138071409992 0.5491934075975583 -2.1751786210684396 3.4937233486420762
12614.0 11322591.0 0.6807979967370996 0.994245319085868 0.549106849079768 -2.1751786210684396 3.4937233486420762
12615.0 11322591.0 0.6401885408975345 0.9949768310307366 0.5490338291852911 -2.1751786210684396 3.4937233486420762
12616.0 11322591.0 0.5995790850579693 0.9957083429756054 0.5489722303371876 -2.1751786210684396 3.4937233486420762
12617.0 11322591.0 0.5431247995299711 0.9968675499550294 0.5489202661688625 -2.1751786210684396 3.4937233486420762
12618.0 11322591.0 0.4913118608314059 0.9959261127205358 0.5488764297194344 -2.1751786210684396 3.4937233486420762
12619.0 11322591.0 0.435957293970977 0.996376393688968 0.5488394497318699 -2.1751786210684396 3.4937233486420762
12620.0 11322591.0 0.3806027271105481 0.9968266746574003 0.5488082537865296 -2.1751786210684396 3.4937233486420762
12621.0 11322591.0 0.32494151861977916 1.0004153799283588 0.5487819372009988 -2.1751786210684396 3.4937233486420762
12622.0 11322591.0 0.27151470382904286 1.0026900180533147 0.5487597367942968 -2.1751786210684396 3.4937233486420762
12623.0 11322591.0 0.21888135151541976 1.007392803354431 0.5487410087546294 -2.1751786210684396 3.4937233486420762
12624.0 11322591.0 0.16304742762621816 1.0104550115631887 0.5439578312160294 -2.1751786210684396 3.4937233486420762
12625.0 11322591.0 0.11282093385251568 1.014371816546629 0.5446901695355111 -2.1751786210684396 3.4937233486420762
12626.0 11322591.0 0.059428338799044855 1.0167536089417968 0.5453079627715227 -2.1751786210684396 3.4937233486420762
12627.0 11322591.0 0.007998228319493761 1.021064748038384 0.5434454375515 -2.1751786210684396 3.4937233486420762
12628.0 11322591.0 -0.043431882160057333 1.0253758871349716 0.5394905406440623 -2.1751786210684396 3.4937233486420762
12629.0 11322591.0 -0.09209280665171254 1.0300092000889327 0.5361542294153024 -2.1751786210684396 3.4937233486420762
12630.0 11322591.0 -0.14075373114336776 1.034642513042894 0.5333397508395864 -2.1751786210684396 3.4937233486420762
12631.0 11322591.0 -0.18781439471376937 1.0400967339937432 0.5309654850382184 -2.1751786210684396 3.4937233486420762
12632.0 11322591.0 -0.27478394522371685 1.0484342499923167 0.5289625783029587 -2.1751786210684396 3.4937233486420762
12633.0 11322591.0 -0.3111255351044785 1.0527215982356473 0.5272729463384848 -2.1751786210684396 3.4937233486420762
12634.0 11322591.0 -0.34746712498524013 1.0570089464789778 0.5258475898178269 -2.1751786210684396 3.4937233486420762
12635.0 11322591.0 -0.40167971954603776 1.0650365329949334 0.524645173401886 -2.1751786210684396 3.4937233486420762
12636.0 11322591.0 -0.4480502814115719 1.07260351301225 0.5236308270145997 -2.1751786210684396 3.4937233486420762
12637.0 11322591.0 -0.4825824384823725 1.07495650050037 0.5227751346107369 -2.1751786210684396 3.4937233486420762
12638.0 11322591.0 -0.5171145955531731 1.0773094879884901 0.5220532811105855 -2.1751786210684396 3.4937233486420762
12639.0 11322591.0 -0.5869983532970304 1.0876584812945458 0.521444332762641 -2.1751786210684396 3.4937233486420762
12640.0 11322591.0 -0.6117234995780219 1.0935233329590777 0.5209306300648131 -2.1751786210684396 3.4937233486420762
12641.0 11322591.0 -0.6564119355616229 1.0980880918031208 0.5157298968860479 -2.1751786210684396 3.4937233486420762
12642.0 11322591.0 -0.7191784532981098 1.1057605966258606 0.511342610716978 -2.1751786210684396 3.4937233486420762
12643.0 11322591.0 -0.7458234029802857 1.1071129077126451 0.5076415402587005 -2.1751786210684396 3.4937233486420762
12644.0 11322591.0 -0.7904428878035055 1.1118896135046776 0.5045193544679253 -2.1751786210684396 3.4937233486420762
12645.0 11322591.0 -0.8534986778997773 1.1173211400939749 0.5018855099567199 -2.1751786210684396 3.4937233486420762
12646.0 11322591.0 -0.9061329171146466 1.1220323034621176 0.4996636252342594 -2.1751786210684396 3.4937233486420762
12647.0 11322591.0 -0.9249703854220794 1.1228182179018467 0.49778926564359244 -2.1751786210684396 3.4937233486420762
12648.0 11322591.0 -0.9858479620417702 1.1281227173901234 0.4962080747565897 -2.1751786210684396 3.4937233486420762
12649.0 11322591.0 -1.026184617228939 1.1283455819750543 0.494874198037528 -2.1751786210684396 3.4937233486420762
12650.0 11322591.0 -1.0601695593734548 1.1283023797194782 0.49374895306155464 -2.1751786210684396 3.4937233486420762
12651.0 11322591.0 -1.0941545015179706 1.128259177463902 0.4927997077243664 -2.1751786210684396 3.4937233486420762
12652.0 11322591.0 -1.1425370277667157 1.1215333658581332 0.4919989339111847 -2.1751786210684396 3.4937233486420762
12653.0 11322591.0 -1.1839770013189137 1.1099666906593761 0.4913234091814274 -2.1751786210684396 3.4937233486420762
12654.0 11322591.0 -1.2138894714663968 1.0972587810682166 0.49075354331793153 -2.1751786210684396 3.4937233486420762
12655.0 11322591.0 -1.24380194161388 1.084550871477057 0.49027281021065566 -2.1751786210684396 3.4937233486420762
12656.0 11322591.0 -1.2804259322430929 1.063814890001194 0.48986726859948876 -2.1751786210684396 3.4937233486420762
12657.0 11322591.0 -1.3071384056429391 1.0473148287617318 0.48475777902489015 -2.1751786210684396 3.4937233486420762
12658.0 11322591.0 -1.3359314055587928 1.02173930286915 0.48044746504201336 -2.1751786210684396 3.4937233486420762
12659.0 11322591.0 -1.3647244054746464 0.9961637769765679 0.47681132754535493 -2.1751786210684396 3.4937233486420762
12660.0 11322591.0 -1.3985471517761139 0.9595564622066269 0.47374391854751186 -4.583840876437653 0.6518684078088888
12661.0 11322591.0 -1.4259801875495348 0.9256495876299519 0.4711562831875466 -4.583840876437653 0.6518684078088888
12662.0 11322591.0 -1.4476128063010092 0.9002441631395748 0.4689733800400202 -4.583840876437653 0.6518684078088888
12663.0 11322591.0 -1.4713266296267948 0.860330392799886 0.46713190491365436 -4.583840876437653 0.6518684078088888
12664.0 11322591.0 -1.4939226732380757 0.8251919529194607 0.4655784550297845 -4.583840876437653 0.6518684078088888
12665.0 11322591.0 -1.5148022644012522 0.7871552892887684 0.4642679803417784 -4.583840876437653 0.6518684078088888
12666.0 11322591.0 -1.5310487598026723 0.7497062620529689 0.46077878770727543 -4.583840876437653 0.6518684078088888
12667.0 11322591.0 -1.5472952552040924 0.7122572348171693 0.45545165053987496 -4.583840876437653 0.6518684078088888
12668.0 11322591.0 -1.5598793980954953 0.6737855147023721 0.4533414206145393 -4.583840876437653 0.6518684078088888
12669.0 11322591.0 -1.5724635409868981 0.6353137945875749 0.45394494126343377 -4.583840876437653 0.6518684078088888
12670.0 11322591.0 -1.5822953172715502 0.5971101736103155 0.4544540652089678 -4.583840876437653 0.6518684078088888
12671.0 11322591.0 -1.5921270935562022 0.5589065526330561 0.4548835570455619 -4.583840876437653 0.6518684078088888
12672.0 11322591.0 -1.5964611052144912 0.5201314344920347 0.45047849328366035 -4.583840876437653 0.6518684078088888
12673.0 11322591.0 -1.6000811823197636 0.4838101123905555 0.446762425826985 -4.583840876437653 0.6518684078088888
12674.0 11322591.0 -1.603701259425036 0.4474887902890763 0.4436275887192922 -4.583840876437653 0.6518684078088888
12675.0 11322591.0 -1.6039683897757067 0.4100123416848418 0.4409830716844589 -4.583840876437653 0.6518684078088888
12676.0 11322591.0 -1.6042355201263774 0.3725358930806073 0.43875218372847485 -4.583840876437653 0.6518684078088888
12677.0 11322591.0 -1.5998172812135378 0.3358052943391431 0.43687022910061657 -4.583840876437653 0.6518684078088888
12678.0 11322591.0 -1.5921631309277726 0.30082043913786105 0.4352826311166762 -4.583840876437653 0.6518684078088888
12679.0 11322591.0 -1.5762729258387964 0.2679321362881667 0.4339433494351194 -4.583840876437653 0.6518684078088888
12680.0 11322591.0 -1.5611588046048233 0.23810189803089352 0.4328135448871811 -4.583840876437653 0.6518684078088888
12681.0 11322591.0 -1.5386026020660337 0.20794070160319364 0.42709307438815414 -4.583840876437653 0.6518684078088888
12682.0 11322591.0 -1.5136641991580781 0.18506234201431745 0.42226734304638364 -4.583840876437653 0.6518684078088888
12683.0 11322591.0 -1.4860207423357064 0.1609488689487558 0.41819640465295826 -4.583840876437653 0.6518684078088888
12684.0 11322591.0 -1.4580991127821157 0.1393150163401907 0.41476220199446867 -4.583840876437653 0.6518684078088888
12685.0 11322591.0 -1.4206713817160121 0.11714285367492919 0.4118651431938187 -4.583840876437653 0.6518684078088888
12686.0 11322591.0 -1.3832436506499086 0.09497069100966768 0.40942121354578936 -4.583840876437653 0.6518684078088888
12687.0 11322591.0 -1.3544168188882628 0.082622029045158 0.407359539090588 -4.583840876437653 0.6518684078088888
12688.0 11322591.0 -1.2966334081901596 0.061037292355548306 0.40562033126901365 -4.583840876437653 0.6518684078088888
12689.0 11322591.0 -1.2770540950433815 0.05463419690554769 0.4041531530542407 -4.583840876437653 0.6518684078088888
12690.0 11322591.0 -1.24806031515866 0.04795651212424498 0.40291545627804076 -4.583840876437653 0.6518684078088888
12691.0 11322591.0 -1.2190665352739385 0.041278827342942276 0.401871347733904 -4.583840876437653 0.6518684078088888
12692.0 11322591.0 -1.1814589641142437 0.03622435106202135 0.4009905482740504 -4.583840876437653 0.6518684078088888
12693.0 11322591.0 -1.1438513929545489 0.03116987478110042 0.40024751471414427 -4.583840876437653 0.6518684078088888
12694.0 11322591.0 -1.113078370121235 0.026130820755108725 0.39723700970453985 -4.583840876437653 0.6518684078088888
12695.0 11322591.0 -1.0823053472879212 0.02109176672911703 0.39231368859995863 -4.583840876437653 0.6518684078088888
12696.0 11322591.0 -1.044004018068451 0.02141917828742043 0.3881604244647762 -4.583840876437653 0.6518684078088888
12697.0 11322591.0 -1.0336845087278126 0.020381448865320423 0.38465677263907233 -4.583840876437653 0.6518684078088888
12698.0 11322591.0 -1.004744166071093 0.0173441570233632 0.38170112721990157 -4.583840876437653 0.6518684078088888
12699.0 11322591.0 -0.9758038234143731 0.014306865181405976 0.37920777449010795 -4.583840876437653 0.6518684078088888
12700.0 11322591.0 -0.9442603268572693 0.011353241601211622 0.37710440722052746 -4.583840876437653 0.6518684078088888
12701.0 11322591.0 -0.8901693227218554 0.011075066549379037 0.37056264900752534 -4.583840876437653 0.6518684078088888
12702.0 11322591.0 -0.8633714812422735 0.009907166167434672 0.3650440876157415 -4.583840876437653 0.6518684078088888
12703.0 11322591.0 -0.8378748236372411 0.009106430796903486 0.3603886847648141 -4.583840876437653 0.6518684078088888
12704.0 11322591.0 -0.8123781660322087 0.0083056954263723 0.35646143377206635 -4.583840876437653 0.6518684078088888
12705.0 11322591.0 -0.7874924727539216 0.009983123722076298 0.3531484443587085 -4.583840876437653 0.6518684078088888
12706.0 11322591.0 -0.7510673224012105 0.009465081944209308 0.3503536398317532 -4.583840876437653 0.6518684078088888
12707.0 11322591.0 -0.7146421720484994 0.008947040166342318 0.34799597085991874 -4.583840876437653 0.6518684078088888
12708.0 11322591.0 -0.6823396673035902 0.008316709878095047 0.341239686290205 -4.583840876437653 0.6518684078088888
12709.0 11322591.0 -0.6520545140630547 0.00857973832418471 0.3355401526229072 -4.583840876437653 0.6518684078088888
12710.0 11322591.0 -0.6195088591067066 0.010323684719864473 0.3307320833816737 -4.583840876437653 0.6518684078088888
12711.0 11322591.0 -0.5947285710755479 0.010050002365555838 0.32667604455850874 -4.583840876437653 0.6518684078088888
12712.0 11322591.0 -0.5570819197677903 0.010009689171090491 0.32325441102754054 -4.583840876437653 0.6518684078088888
12713.0 11322591.0 -0.5111902254538665 0.010194905152137196 0.32036795541637103 -4.583840876437653 0.6518684078088888
12714.0 11322591.0 -0.4802841573249148 0.012358603810951357 0.31793297051227626 -4.583840876437653 0.6518684078088888
12715.0 11322591.0 -0.4643220127301644 0.012280980482800713 0.31587884175303754 -4.583840876437653 0.6518684078088888
12716.0 11322591.0 -0.43716906885435636 0.011115311694567892 0.3141459994046369 -4.583840876437653 0.6518684078088888
12717.0 11322591.0 -0.40775127360982466 0.01008564763582892 0.31030050166256223 -4.583840876437653 0.6518684078088888
12718.0 11322591.0 -0.37833347836529296 0.009055983577089949 0.30467278909229345 -4.583840876437653 0.6518684078088888
12719.0 11322591.0 -0.3297138094200913 0.008350490920635084 0.29992530740570117 -4.583840876437653 0.6518684078088888
12720.0 11322591.0 -0.30836861062782206 0.007623434638318882 0.29592037963387424 -4.583840876437653 0.6518684078088888
12721.0 11322591.0 -0.2870234118355528 0.00689637835600268 0.29254186287142964 -4.583840876437653 0.6518684078088888
12722.0 11322591.0 -0.2558275682500991 0.0066880663543608665 0.2896917801322565 -4.583840876437653 0.6518684078088888
12723.0 11322591.0 -0.22463172466464543 0.006479754352719053 0.2872874790169188 -4.583840876437653 0.6518684078088888
12724.0 11322591.0 -0.19831591584837405 0.005471748171347185 0.28525923479307175 -4.583840876437653 0.6518684078088888
12725.0 11322591.0 -0.17054214049986838 0.006207064106131782 0.2835482283782238 -4.583840876437653 0.6518684078088888
12726.0 11322591.0 -0.14067033765754214 0.006568362351256768 0.28210484058634433 -4.583840876437653 0.6518684078088888
12727.0 11322591.0 -0.11079853481521593 0.006929660596381754 0.28088721317146886 -4.583840876437653 0.6518684078088888
12728.0 11322591.0 -0.08092673197288969 0.0072909588415067395 0.279860034938566 -4.583840876437653 0.6518684078088888
12729.0 11322591.0 -0.05176802228820976 0.0054710553700779985 0.2742261389660646 -4.583840876437653 0.6518684078088888
12730.0 11322591.0 -0.01518545770998958 0.00870194538912647 0.2694734410235791 -4.583840876437653 0.6518684078088888
