16527.0 10638290.0 3.86685683574653 4.021754105355817 0.6096 -1.5869194662810213 -2.024326912220049
16528.0 10638290.0 3.8459115163368924 3.969832408029615 0.5945108477763811 -1.5869194662810213 -2.024326912220049
16529.0 10638290.0 3.824966196927255 3.9179107107034126 0.5867426208012074 -1.5869194662810213 -2.024326912220049
16530.0 10638290.0 3.802122090942343 3.8582109834831377 0.5840899877995431 -1.5869194662810213 -2.024326912220049
16531.0 10638290.0 3.779277984957432 3.798511256262863 0.5827293001333196 -1.5869194662810213 -2.024326912220049
16532.0 10638290.0 3.7564338789725205 3.738811529042588 0.5818904583099144 -1.5869194662810213 -2.024326912220049
16533.0 10638290.0 3.7335897729876093 3.6791118018223132 0.5813163165386095 -1.5869194662810213 -2.024326912220049
16534.0 10638290.0 3.7107456670026977 3.619412074602039 0.5808966143098805 -1.5869194662810213 -2.024326912220049
16535.0 10638290.0 3.6879015610177865 3.559712347381764 0.5805761294156823 -1.5869194662810213 -2.024326912220049
16536.0 10638290.0 3.665057455032875 3.500012620161489 0.5803240189191039 -1.5869194662810213 -2.024326912220049
16537.0 10638290.0 3.642213349047964 3.4403128929412143 0.5801215651245002 -1.5869194662810213 -2.024326912220049
16538.0 10638290.0 3.619369243063052 3.3806131657209395 0.5799566257402509 -1.5869194662810213 -2.024326912220049
16539.0 10638290.0 3.599874210243957 3.337213123635786 0.5798208784539606 -1.5869194662810213 -2.024326912220049
16540.0 10638290.0 3.575960890341506 3.291517424560862 0.5797083526602825 -1.5869194662810213 -2.024326912220049
16541.0 10638290.0 3.5520475704390546 3.2458217254859374 0.5796146011778683 -1.5869194662810213 -2.024326912220049
16542.0 10638290.0 3.5281342505366036 3.2001260264110134 0.5795362098340661 -1.5869194662810213 -2.024326912220049
16543.0 10638290.0 3.497836936740831 3.149739186245722 0.5794704942480134 -1.5869194662810213 -2.024326912220049
16544.0 10638290.0 3.463277118856479 3.1009777213461693 0.5746158535397504 -1.5869194662810213 -2.024326912220049
16545.0 10638290.0 3.405474378235393 3.024525684388672 0.5705335345997141 -1.5869194662810213 -2.024326912220049
16546.0 10638290.0 3.369231439101994 2.978767122774864 0.567097516211474 -1.5869194662810213 -2.024326912220049
16547.0 10638290.0 3.3468250526948893 2.95092025295963 0.564203589011119 -1.5869194662810213 -2.024326912220049
16548.0 10638290.0 3.2955764616126855 2.902701689176652 0.5617650963869428 -1.5869194662810213 -2.024326912220049
16549.0 10638290.0 3.2503746891807825 2.863490049733169 0.5597096847856141 -1.5869194662810213 -2.024326912220049
16550.0 10638290.0 3.2051729167488796 2.8242784102896854 0.5579767657609146 -1.5869194662810213 -2.024326912220049
16551.0 10638290.0 3.1892176907625682 2.8093950967346846 0.5565154960231239 -1.5869194662810213 -2.024326912220049
16552.0 10638290.0 3.1358058550564647 2.7742665127122548 0.5552831456243885 -1.5869194662810213 -2.024326912220049
16553.0 10638290.0 3.082394019350361 2.739137928689825 0.5542437645181705 -1.5869194662810213 -2.024326912220049
16554.0 10638290.0 3.0290255903529504 2.708901993436339 0.5533670834967522 -1.5869194662810213 -2.024326912220049
16555.0 10638290.0 2.9466221231402994 2.6631480089355706 0.5526276024942934 -1.5869194662810213 -2.024326912220049
16556.0 10638290.0 2.892294109619373 2.638132563875054 0.5520038307548498 -1.5869194662810213 -2.024326912220049
16557.0 10638290.0 2.850625056527716 2.6192637190952364 0.5514776514020976 -1.5869194662810213 -2.024326912220049
16558.0 10638290.0 2.8069158421248788 2.6009445636636785 0.5510337887295957 -1.5869194662810213 -2.024326912220049
16559.0 10638290.0 2.7632066277220417 2.582625408232121 0.5506593608118348 -1.5869194662810213 -2.024326912220049
16560.0 10638290.0 2.7097047608477514 2.5601448315250077 0.5503435032913518 -2.516863095951969 -0.5306722116665519
16561.0 10638290.0 2.6478108182142908 2.536433519290583 0.550077052729468 -2.516863095951969 -0.5306722116665519
16562.0 10638290.0 2.5859168755808297 2.5127222070561586 0.5498522799163909 -2.516863095951969 -0.5306722116665519
16563.0 10638290.0 2.532999991544889 2.492037485690935 0.5496626651537445 -2.516863095951969 -0.5306722116665519
16564.0 10638290.0 2.4648609701708377 2.4655188508801267 0.5471190017216837 -2.516863095951969 -0.5306722116665519
16565.0 10638290.0 2.3967219487967864 2.439000216069319 0.5425894984140787 -2.516863095951969 -0.5306722116665519
16566.0 10638290.0 2.3526438848617235 2.4209201982359914 0.538768464598165 -2.516863095951969 -0.5306722116665519
16567.0 10638290.0 2.3189677401954727 2.4091391560353506 0.535545084682902 -2.516863095951969 -0.5306722116665519
16568.0 10638290.0 2.236698195146978 2.3812208832630124 0.5328258772826467 -2.516863095951969 -0.5306722116665519
16569.0 10638290.0 2.184589347881415 2.3630195590654557 0.5305319833608054 -2.516863095951969 -0.5306722116665519
16570.0 10638290.0 2.132480500615852 2.344818234867899 0.5285968787797759 -2.516863095951969 -0.5306722116665519
16571.0 10638290.0 2.0716034003506585 2.328313523298701 0.5269644447779804 -2.516863095951969 -0.5306722116665519
16572.0 10638290.0 2.010726300085465 2.3118088117295024 0.525587340331886 -2.516863095951969 -0.5306722116665519
16573.0 10638290.0 1.9626608785102984 2.2978368753703546 0.5244256291499205 -2.516863095951969 -0.5306722116665519
16574.0 10638290.0 1.902524230928142 2.283603126468338 0.5234456214501376 -2.516863095951969 -0.5306722116665519
16575.0 10638290.0 1.842387583345986 2.269369377566321 0.5226188969145891 -2.516863095951969 -0.5306722116665519
16576.0 10638290.0 1.7623171628460637 2.2566254560341097 0.5219214804749196 -2.516863095951969 -0.5306722116665519
16577.0 10638290.0 1.6822467423461414 2.2438815345018988 0.521333147020265 -2.516863095951969 -0.5306722116665519
16578.0 10638290.0 1.6481950241468097 2.2374827625588414 0.5208368348599607 -2.516863095951969 -0.5306722116665519
16579.0 10638290.0 1.5806640766418385 2.2305154338897744 0.5204181509290631 -2.516863095951969 -0.5306722116665519
16580.0 10638290.0 1.5131331291368673 2.223548105220708 0.5200649533861952 -2.516863095951969 -0.5306722116665519
16581.0 10638290.0 1.4544469349648996 2.217839000902637 0.5197669994981828 -2.516863095951969 -0.5306722116665519
16582.0 10638290.0 1.3957260440194463 2.2120248214227507 0.5195156485996135 -2.516863095951969 -0.5306722116665519
16583.0 10638290.0 1.348097019159544 2.2075520146609326 0.5193036115128319 -2.516863095951969 -0.5306722116665519
16584.0 10638290.0 1.3004679942996418 2.2030792078991146 0.5191247391613624 -2.516863095951969 -0.5306722116665519
16585.0 10638290.0 1.2305336232511894 2.1955562803060373 0.5189738442464369 -2.516863095951969 -0.5306722116665519
16586.0 10638290.0 1.1777460533248845 2.191601888256399 0.5188465508151772 -2.516863095951969 -0.5306722116665519
16587.0 10638290.0 1.1249584833985797 2.1876474962067607 0.5187391673578691 -2.516863095951969 -0.5306722116665519
16588.0 10638290.0 1.053158331720356 2.1836565239868713 0.5186485797541263 -2.516863095951969 -0.5306722116665519
16589.0 10638290.0 0.9942867441522039 2.177660994715283 0.5161884715833629 -2.516863095951969 -0.5306722116665519
16590.0 10638290.0 0.9354151565840517 2.171665465443695 0.5117294597117211 -2.516863095951969 -0.5306722116665519
16591.0 10638290.0 0.8771995476607984 2.1684937612396595 0.5079678821745185 -2.516863095951969 -0.5306722116665519
16592.0 10638290.0 0.8192011479659652 2.1649009946162447 0.5047946532220575 -2.516863095951969 -0.5306722116665519
16593.0 10638290.0 0.7612025736060946 2.161308700432583 0.5021177492140451 -2.516863095951969 -0.5306722116665519
16594.0 10638290.0 0.689055481342885 2.15585744303821 0.4998595399338456 -2.516863095951969 -0.5306722116665519
16595.0 10638290.0 0.6169083890796754 2.1504061856438366 0.4979545373120912 -2.516863095951969 -0.5306722116665519
16596.0 10638290.0 0.5840056798237631 2.148893530039222 0.4963474962726058 -2.516863095951969 -0.5306722116665519
16597.0 10638290.0 0.5005777317002733 2.143567581258709 0.494991812625157 -2.516863095951969 -0.5306722116665519
16598.0 10638290.0 0.45358373325454066 2.1402359502553265 0.49384817154391647 -2.516863095951969 -0.5306722116665519
16599.0 10638290.0 0.406589734808808 2.1369043192519435 0.4928834074374967 -2.516863095951969 -0.5306722116665519
16600.0 10638290.0 0.34773321293939474 2.1309669041872397 0.4920695421467927 -2.516863095951969 -0.5306722116665519
16601.0 10638290.0 0.2888766910699815 2.1250294891225363 0.49138297357836275 -2.516863095951969 -0.5306722116665519
16602.0 10638290.0 0.22979644972207236 2.1192242530518026 0.4908037912437155 -2.516863095951969 -0.5306722116665519
16603.0 10638290.0 0.15745109081357134 2.112498592998748 0.49031519885514213 -2.516863095951969 -0.5306722116665519
16604.0 10638290.0 0.10952535184339329 2.1071368648436994 0.48990302723337154 -2.516863095951969 -0.5306722116665519
16605.0 10638290.0 0.06159961287321525 2.101775136688651 0.4895553234013709 -2.516863095951969 -0.5306722116665519
16606.0 10638290.0 0.0028393368796382212 2.095867113593338 0.48926200394801145 -2.516863095951969 -0.5306722116665519
16607.0 10638290.0 -0.055920939113938806 2.089959090498025 0.48901456260914505 -2.516863095951969 -0.5306722116665519
16608.0 10638290.0 -0.12120369561660793 2.0850162031381196 0.4888058235859444 -2.516863095951969 -0.5306722116665519
16609.0 10638290.0 -0.18648645211927706 2.0800733157782143 0.4886297334467364 -2.516863095951969 -0.5306722116665519
16610.0 10638290.0 -0.25030145692459005 2.0758198919206223 0.4884811855774839 -2.516863095951969 -0.5306722116665519
16611.0 10638290.0 -0.31411646172990304 2.0715664680630304 0.48835587208997855 -2.516863095951969 -0.5306722116665519
16612.0 10638290.0 -0.34711313647463005 2.0695041314699236 0.48825015889308265 -2.516863095951969 -0.5306722116665519
16613.0 10638290.0 -0.42698947984574764 2.065830377628732 0.48816098030408617 -2.516863095951969 -0.5306722116665519
16614.0 10638290.0 -0.47384681568201303 2.0637444522523984 0.4880857501439082 -2.516863095951969 -0.5306722116665519
16615.0 10638290.0 -0.5299040768189174 2.06203871430054 0.4880222867379036 -2.516863095951969 -0.5306722116665519
16616.0 10638290.0 -0.5859613379558217 2.0603329763486817 0.4879687496472982 -2.516863095951969 -0.5306722116665519
16617.0 10638290.0 -0.6432738919921568 2.058863101048516 0.48792358629646443 -2.516863095951969 -0.5306722116665519
16618.0 10638290.0 -0.6894758428417462 2.0587840255216223 0.48788548694822814 -2.516863095951969 -0.5306722116665519
16619.0 10638290.0 -0.7466850905638063 2.057631630591306 0.4878533467214905 -2.516863095951969 -0.5306722116665519
16620.0 10638290.0 -0.8019121685483777 2.057292241633348 0.4878262335496761 -2.516863095951969 -0.5306722116665519
16621.0 10638290.0 -0.857139246532949 2.0569528526753893 0.48780336115080225 -2.516863095951969 -0.5306722116665519
16622.0 10638290.0 -0.9123663245175204 2.056613463717431 0.4877840662253017 -2.516863095951969 -0.5306722116665519
16623.0 10638290.0 -1.007690643883988 2.0551356188823657 0.48776778922033487 -2.516863095951969 -0.5306722116665519
16624.0 10638290.0 -1.0475670616520807 2.0532234396479363 0.48775405810275774 -2.516863095951969 -0.5306722116665519
16625.0 10638290.0 -1.087443479420173 2.051311260413507 0.4877424746701606 -2.516863095951969 -0.5306722116665519
16626.0 10638290.0 -1.1435652014543822 2.049689377471717 0.4877327030029981 -2.516863095951969 -0.5306722116665519
16627.0 10638290.0 -1.1996869234885914 2.048067494529927 0.48772445972292255 -2.516863095951969 -0.5306722116665519
16628.0 10638290.0 -1.2763778663584044 2.0454634008194517 0.48771750577481177 -2.516863095951969 -0.5306722116665519
16629.0 10638290.0 -1.3295694550539003 2.040313615926158 0.4877116394941705 -2.516863095951969 -0.5306722116665519
16630.0 10638290.0 -1.3955884413732222 2.0366731841196963 0.4877066907588602 -2.516863095951969 -0.5306722116665519
16631.0 10638290.0 -1.4456487347320313 2.0329535947729065 0.4877025160555568 -2.516863095951969 -0.5306722116665519
16632.0 10638290.0 -1.4957090280908403 2.029234005426116 0.4876989943178646 -2.516863095951969 -0.5306722116665519
16633.0 10638290.0 -1.5489012829286837 2.0240858563252795 0.4924634021682074 -2.516863095951969 -0.5306722116665519
16634.0 10638290.0 -1.6020246442699506 2.0191491928887384 0.4964826086814282 -2.516863095951969 -0.5306722116665519
16635.0 10638290.0 -1.6570368186452524 2.0165834829906264 0.49987317084641036 -2.516863095951969 -0.5306722116665519
16636.0 10638290.0 -1.7105404499766654 2.010486839811793 0.5027334149659385 -2.516863095951969 -0.5306722116665519
16637.0 10638290.0 -1.7640440813080784 2.00439019663296 0.5051462881194788 -2.516863095951969 -0.5306722116665519
16638.0 10638290.0 -1.8252513450096746 1.9991788891024147 0.507181763628484 -2.516863095951969 -0.5306722116665519
16639.0 10638290.0 -1.8482419847069933 1.9967697992370825 0.5088988702827152 -2.516863095951969 -0.5306722116665519
16640.0 10638290.0 -1.912167108217904 1.9913970904040355 0.5103474041751451 -2.516863095951969 -0.5306722116665519
16641.0 10638290.0 -1.9760922317288145 1.9860243815709884 0.5115693727886543 -2.516863095951969 -0.5306722116665519
16642.0 10638290.0 -2.009469411204994 1.9844438794777408 0.5126002132130345 -2.516863095951969 -0.5306722116665519
16643.0 10638290.0 -2.082445378438485 1.975841183858375 0.5134698198205926 -2.516863095951969 -0.5306722116665519
16644.0 10638290.0 -2.1156054782606883 1.9738395461754477 0.5142034112029479 -2.516863095951969 -0.5306722116665519
16645.0 10638290.0 -2.180163192181136 1.9676240777189231 0.5148222615101887 -2.516863095951969 -0.5306722116665519
16646.0 10638290.0 -2.2524836806385986 1.961028419816353 0.515344317401225 -2.516863095951969 -0.5306722116665519
16647.0 10638290.0 -2.290393358388624 1.957134988560989 0.5181684078733052 -2.516863095951969 -0.5306722116665519
16648.0 10638290.0 -2.3283030361386494 1.9532415573056248 0.5229344715501197 -2.516863095951969 -0.5306722116665519
16649.0 10638290.0 -2.3822232679806854 1.945883248269684 0.5269550749018878 -2.516863095951969 -0.5306722116665519
16650.0 10638290.0 -2.4539898643953872 1.9342005311039687 0.5303468154258105 -2.516863095951969 -0.5306722116665519
16651.0 10638290.0 -2.484953539279938 1.929144593887995 0.5332080535970818 -2.516863095951969 -0.5306722116665519
16652.0 10638290.0 -2.5509515273749015 1.910667106046806 0.5356217653226685 -2.516863095951969 -0.5306722116665519
16653.0 10638290.0 -2.5886027719887754 1.8953562699713347 0.5376579482426125 -2.516863095951969 -0.5306722116665519
16654.0 10638290.0 -2.6262540166026493 1.8800454338958634 0.5393756516615923 -2.516863095951969 -0.5306722116665519
16655.0 10638290.0 -2.68592144877882 1.8469941791003814 0.5408246889787582 -2.516863095951969 -0.5306722116665519
16656.0 10638290.0 -2.709366330892463 1.8323502870971125 0.5420470822763083 -2.516863095951969 -0.5306722116665519
16657.0 10638290.0 -2.7609967818985313 1.7912937810134992 0.5430782809598712 -2.516863095951969 -0.5306722116665519
16658.0 10638290.0 -2.7884080769170465 1.7652119929898222 0.5439481897912704 -2.516863095951969 -0.5306722116665519
16659.0 10638290.0 -2.8158193719355618 1.7391302049661452 0.5446820361266164 -2.516863095951969 -0.5306722116665519
16660.0 10638290.0 -2.843812491121507 1.7031316387606552 0.5453011015096343 -2.516863095951969 -0.5306722116665519
16661.0 10638290.0 -2.871805610307452 1.6671330725551652 0.5458233388364316 -2.516863095951969 -0.5306722116665519
16662.0 10638290.0 -2.8972089234233955 1.6302284012463637 0.5462638929894854 -2.516863095951969 -0.5306722116665519
16663.0 10638290.0 -2.9210673531321945 1.5831196935010445 0.5466355400392343 -2.516863095951969 -0.5306722116665519
16664.0 10638290.0 -2.9425190988577405 1.5352232006507556 0.546949057750121 -2.516863095951969 -0.5306722116665519
16665.0 10638290.0 -2.95288318907273 1.5035614271604762 0.5472135381357612 -2.516863095951969 -0.5306722116665519
16666.0 10638290.0 -2.9696054022387885 1.4432499492617952 0.5474366511273385 -2.516863095951969 -0.5306722116665519
16667.0 10638290.0 -2.9776202878757623 1.4187648448044237 0.5476248670016086 -2.516863095951969 -0.5306722116665519
16668.0 10638290.0 -2.9859581474455537 1.3683284241370495 0.5430162652661085 -2.516863095951969 -0.5306722116665519
16669.0 10638290.0 -2.991717176577133 1.3252272095969209 0.5391284952233255 -2.516863095951969 -0.5306722116665519
16670.0 10638290.0 -2.9948951187775164 1.2910963277162233 0.5358488115420189 -2.516863095951969 -0.5306722116665519
16671.0 10638290.0 -2.9967369990721697 1.2529058543273595 0.5330821033954308 -2.516863095951969 -0.5306722116665519
16672.0 10638290.0 -2.998578879366823 1.2147153809384956 0.5307481362473103 -2.516863095951969 -0.5306722116665519
16673.0 10638290.0 -2.9974337629774204 1.1680105647309347 0.5287792250503618 -2.516863095951969 -0.5306722116665519
16674.0 10638290.0 -2.9962886465880176 1.121305748523374 0.5271182713798738 -2.516863095951969 -0.5306722116665519
16675.0 10638290.0 -2.993593580834831 1.0840841054870651 0.525717107579402 -2.516863095951969 -0.5306722116665519
16676.0 10638290.0 -2.9908985150816445 1.0468624624507565 0.524535099898733 -2.516863095951969 -0.5306722116665519
16677.0 10638290.0 -2.988237917298923 0.9885028334287931 0.5187705913623103 -2.516863095951969 -0.5306722116665519
16678.0 10638290.0 -2.9827904640548613 0.9427269344875288 0.5139077099753946 -2.516863095951969 -0.5306722116665519
16679.0 10638290.0 -2.9773430108107997 0.8969510355462644 0.5098054321777653 -2.516863095951969 -0.5306722116665519
16680.0 10638290.0 -2.9742204321355574 0.8657825125707282 0.5063447919132912 -2.516863095951969 -0.5306722116665519
16681.0 10638290.0 -2.9688869238203734 0.8413685426895409 0.5034254306143026 -2.516863095951969 -0.5306722116665519
16682.0 10638290.0 -2.9616196928142156 0.8052212752679764 0.5009626868031287 -2.516863095951969 -0.5306722116665519
16683.0 10638290.0 -2.9543524618080577 0.769074007846412 0.49888514090924563 -2.516863095951969 -0.5306722116665519
16684.0 10638290.0 -2.9335523854635595 0.699636487554498 0.49713254410173063 -2.516863095951969 -0.5306722116665519
16685.0 10638290.0 -2.922320632464852 0.6606728373104278 0.4908866923203489 -2.516863095951969 -0.5306722116665519
16686.0 10638290.0 -2.9078791942247832 0.6206587636028559 0.48561775461625734 -2.516863095951969 -0.5306722116665519
16687.0 10638290.0 -2.8945355101840584 0.5914033835174031 0.4811729317960372 -2.516863095951969 -0.5306722116665519
16688.0 10638290.0 -2.8811918261433336 0.5621480034319503 0.47742332399790216 -2.516863095951969 -0.5306722116665519
16689.0 10638290.0 -2.868314952786914 0.535265570767242 0.4790275713485232 -2.516863095951969 -0.5306722116665519
16690.0 10638290.0 -2.841536811603407 0.4840867657701746 0.48038089826825137 -2.516863095951969 -0.5306722116665519
16691.0 10638290.0 -2.8216858768155513 0.45381213775702994 0.4791388618613504 -2.516863095951969 -0.5306722116665519
16692.0 10638290.0 -2.8018349420276953 0.42353750974388527 0.47570740307202014 -2.516863095951969 -0.5306722116665519
16693.0 10638290.0 -2.7681689331502124 0.37711585941821524 0.47281265897177843 -2.516863095951969 -0.5306722116665519
16694.0 10638290.0 -2.746072281160602 0.35370163264976334 0.46798699260530985 -2.516863095951969 -0.5306722116665519
16695.0 10638290.0 -2.723975629170992 0.33028740588131145 0.4615324196479868 -2.516863095951969 -0.5306722116665519
16696.0 10638290.0 -2.701183983276133 0.307639093539372 0.45608740686045535 -2.516863095951969 -0.5306722116665519
16697.0 10638290.0 -2.6665897068356395 0.2776233949429573 0.4514940488718771 -2.516863095951969 -0.5306722116665519
16698.0 10638290.0 -2.631995430395146 0.24760769634654253 0.4476191383005833 -2.516863095951969 -0.5306722116665519
16699.0 10638290.0 -2.6054145569005627 0.22839365342669535 0.4443503027400064 -2.516863095951969 -0.5306722116665519
16700.0 10638290.0 -2.552709505636307 0.19128385862815053 0.44159274595888975 -2.516863095951969 -0.5306722116665519
16701.0 10638290.0 -2.5211410920103816 0.17102244854404244 0.4392664988105809 -2.516863095951969 -0.5306722116665519
16702.0 10638290.0 -2.4960731092994135 0.15668568687705312 0.43730410012777887 -2.516863095951969 -0.5306722116665519
16703.0 10638290.0 -2.4710051265884454 0.1423489252100638 0.43564864034868245 -2.516863095951969 -0.5306722116665519
16704.0 10638290.0 -2.436020950636624 0.12505996902003816 0.4318684217632893 -2.516863095951969 -0.5306722116665519
16705.0 10638290.0 -2.401036774684803 0.10777101283001253 0.42629577803262314 -2.516863095951969 -0.5306722116665519
16706.0 10638290.0 -2.3479089872596175 0.08688283909256742 0.42159475186490303 -2.516863095951969 -0.5306722116665519
16707.0 10638290.0 -2.3021969001044678 0.0691224492000658 0.41762901350126513 -2.516863095951969 -0.5306722116665519
16708.0 10638290.0 -2.2717045328495136 0.059146149606299575 0.41428355652916393 -2.516863095951969 -0.5306722116665519
16709.0 10638290.0 -2.2412121655945594 0.04916985001253335 0.4114613626964085 -2.516863095951969 -0.5306722116665519
16710.0 10638290.0 -2.2082861395647786 0.04120176151420904 0.40908058838184885 -2.516863095951969 -0.5306722116665519
16711.0 10638290.0 -2.1459199865588374 0.025471766667561208 0.40707219113036286 -2.516863095951969 -0.5306722116665519
16712.0 10638290.0 -2.1186882610618754 0.021820750769653646 0.4029942380452489 -2.516863095951969 -0.5306722116665519
16713.0 10638290.0 -2.0914565355649133 0.018169734871746085 0.3971704284870387 -2.516863095951969 -0.5306722116665519
16714.0 10638290.0 -2.052369206187975 0.012743551471505826 0.3922575213549526 -2.516863095951969 -0.5306722116665519
16715.0 10638290.0 -2.001442888183612 0.010922442035273677 0.3881130423421602 -2.516863095951969 -0.5306722116665519
16716.0 10638290.0 -1.9691501011237589 0.010523594582012546 0.3846168015572904 -2.516863095951969 -0.5306722116665519
16717.0 10638290.0 -1.9214019915210356 0.007405898560469443 0.38166740801758203 -2.516863095951969 -0.5306722116665519
16718.0 10638290.0 -1.8858475330637698 0.0063202595584565535 0.37917932931038356 -2.516863095951969 -0.5306722116665519
16719.0 10638290.0 -1.850293074606504 0.005234620556443664 0.3770804111531862 -2.516863095951969 -0.5306722116665519
16720.0 10638290.0 -1.7790919298831394 0.003618015022968185 0.37530978491943123 -2.516863095951969 -0.5306722116665519
16721.0 10638290.0 -1.7548732145280208 0.002706448701844305 0.3738161024483398 -2.516863095951969 -0.5306722116665519
16722.0 10638290.0 -1.7225573595887498 0.0026516113023796473 0.3725560469482502 -2.516863095951969 -0.5306722116665519
16723.0 10638290.0 -1.66371915400631 0.0005816221914150821 0.3714930768096598 -2.516863095951969 -0.5306722116665519
16724.0 10638290.0 -1.639006936314969 9.32005769204991e-05 0.3705963658985496 -2.516863095951969 -0.5306722116665519
16725.0 10638290.0 -1.5949215641086523 -0.0015906138505902 0.36745622022208885 -2.516863095951969 -0.5306722116665519
16726.0 10638290.0 -1.5508361919023355 -0.0032744282781008993 0.36242353555566026 -2.516863095951969 -0.5306722116665519
16727.0 10638290.0 -1.5082242117664262 -0.004709644237460925 0.3581780134203458 -2.516863095951969 -0.5306722116665519
16728.0 10638290.0 -1.4684423506393662 -0.00393369639031152 0.35459653367422134 -2.516863095951969 -0.5306722116665519
16729.0 10638290.0 -1.4286604895123063 -0.0031577485431621144 0.3515752334046493 -2.516863095951969 -0.5306722116665519
16730.0 10638290.0 -1.3698228277618931 -0.005225298635080616 0.3490264949038121 -2.516863095951969 -0.5306722116665519
16731.0 10638290.0 -1.3503267085957824 -0.004006881824607927 0.3468764047551855 -2.516863095951969 -0.5306722116665519
16732.0 10638290.0 -1.3308305894296717 -0.0027884650141352385 0.34506261034445923 -2.516863095951969 -0.5306722116665519
16733.0 10638290.0 -1.2735029838038525 -0.0013236759794762742 0.3435325116337223 -2.516863095951969 -0.5306722116665519
16734.0 10638290.0 -1.2311925096283158 -0.00014665861407767156 0.33985804638395484 -2.516863095951969 -0.5306722116665519
16735.0 10638290.0 -1.1888820354527792 0.0010303587513209311 0.3343746151029136 -2.516863095951969 -0.5306722116665519
16736.0 10638290.0 -1.140934778181288 0.002876550702673314 0.3297488476598569 -2.516863095951969 -0.5306722116665519
16737.0 10638290.0 -1.0929875209097966 0.004722742654025697 0.3258465967989361 -2.516863095951969 -0.5306722116665519
16738.0 10638290.0 -1.0791001194760315 0.0050886381324006524 0.3225546972451844 -2.516863095951969 -0.5306722116665519
16739.0 10638290.0 -1.0250433183429863 0.004703886950366248 0.319777683911543 -2.516863095951969 -0.5306722116665519
16740.0 10638290.0 -0.999870046852757 0.006987632082959577 0.3174350234113364 -2.516863095951969 -0.5306722116665519
16741.0 10638290.0 -0.9458479293881912 0.00649793376915439 0.31545877859005855 -2.516863095951969 -0.5306722116665519
16742.0 10638290.0 -0.9077818893389878 0.006786229808831118 0.31379163834789237 -2.516863095951969 -0.5306722116665519
16743.0 10638290.0 -0.8697158492897845 0.0070745258485078455 0.3123852556178151 -2.516863095951969 -0.5306722116665519
16744.0 10638290.0 -0.8213481056101781 0.005864150115610728 0.31119884530065445 -2.516863095951969 -0.5306722116665519
16745.0 10638290.0 -0.7942336888095023 0.005936633377525674 0.30781431212080435 -2.516863095951969 -0.5306722116665519
16746.0 10638290.0 -0.7671192720088265 0.00600911663944062 0.30257546461604906 -2.516863095951969 -0.5306722116665519
16747.0 10638290.0 -0.7268355400889692 0.005339445622168398 0.29815602558515925 -2.516863095951969 -0.5306722116665519
16748.0 10638290.0 -0.6874345715642564 0.004958701708486335 0.294427831296239 -2.516863095951969 -0.5306722116665519
16749.0 10638290.0 -0.6480336030395435 0.0045779577948042716 0.2912827641149097 -2.516863095951969 -0.5306722116665519
16750.0 10638290.0 -0.5835547275991715 0.003476071931852537 0.2886296170929128 -2.516863095951969 -0.5306722116665519
16751.0 10638290.0 -0.5512981066457957 0.002978198118908121 0.28639144896661034 -2.516863095951969 -0.5306722116665519
16752.0 10638290.0 -0.5190414856924199 0.002480324305963705 0.2845033528603396 -2.516863095951969 -0.5306722116665519
16753.0 10638290.0 -0.47843712132091043 0.0017071301721398868 0.28291057398701874 -2.516863095951969 -0.5306722116665519
16754.0 10638290.0 -0.43703916942300625 0.003361874909530743 0.2815669217593214 -2.516863095951969 -0.5306722116665519
16755.0 10638290.0 -0.3908611817588623 0.0033373873583840974 0.2804334302626444 -2.516863095951969 -0.5306722116665519
16756.0 10638290.0 -0.35267313880578466 0.006041903121660891 0.27947722824358406 -2.516863095951969 -0.5306722116665519
16757.0 10638290.0 -0.3202623255673974 0.005202503302861733 0.27628689646717924 -2.516863095951969 -0.5306722116665519
16758.0 10638290.0 -0.2878515123290102 0.004363103484062575 0.27121187531191415 -2.516863095951969 -0.5306722116665519
16759.0 10638290.0 -0.24092594856125493 0.006899096340787753 0.26693063854069454 -2.516863095951969 -0.5306722116665519
16760.0 10638290.0 -0.2017262997907281 0.006586623212385234 0.2633190302871551 -2.516863095951969 -0.5306722116665519
16761.0 10638290.0 -0.16252665102020125 0.006274150083982716 0.26027231391194317 -2.516863095951969 -0.5306722116665519
16762.0 10638290.0 -0.12750095337661116 0.006099648240018352 0.25770213464017755 -2.516863095951969 -0.5306722116665519
16763.0 10638290.0 -0.09247525573302107 0.005925146396053987 0.2555339572729771 -2.516863095951969 -0.5306722116665519
16764.0 10638290.0 -0.05250500952316487 0.006296303215826342 0.253704904666693 -2.516863095951969 -0.5306722116665519
16765.0 10638290.0 -0.012534763313308675 0.006667460035598695 0.25216193429574296 -2.516863095951969 -0.5306722116665519
16766.0 10638290.0 0.027435482896547514 0.007038616855371049 0.2508603000193695 -2.516863095951969 -0.5306722116665519
16767.0 10638290.0 0.05976385462826269 0.0064030702303075155 0.24976225444355774 -2.516863095951969 -0.5306722116665519
16768.0 10638290.0 0.09209222635997787 0.005767523605243981 0.24883595424660915 -2.516863095951969 -0.5306722116665519
16769.0 10638290.0 0.12442059809169304 0.005131976980180447 0.24805453672281225 -2.516863095951969 -0.5306722116665519
16770.0 10638290.0 0.17023087591488806 0.0053478245480399755 0.2473953407639769 -2.516863095951969 -0.5306722116665519
16771.0 10638290.0 0.19916910927741513 0.005119835267500372 0.24683924968729687 -2.516863095951969 -0.5306722116665519
16772.0 10638290.0 0.22810734263994217 0.004891845986960769 0.24637013685154846 -2.516863095951969 -0.5306722116665519
16773.0 10638290.0 0.25704557600246924 0.0046638567064211656 0.24597439798449494 -2.516863095951969 -0.5306722116665519
16774.0 10638290.0 0.29081533314095837 0.004726448902861086 0.2456405566589918 -2.516863095951969 -0.5306722116665519
16775.0 10638290.0 0.3245850902794475 0.004789041099301006 0.24535893147659937 -2.516863095951969 -0.5306722116665519
16776.0 10638290.0 0.3468882366043893 0.005094250523351801 0.24512135530702836 -2.516863095951969 -0.5306722116665519
16777.0 10638290.0 0.37553280296176894 0.0057806355351826405 0.24492093844136117 -2.516863095951969 -0.5306722116665519
16778.0 10638290.0 0.4041773693191486 0.00646702054701348 0.24475186879049346 -2.516863095951969 -0.5306722116665519
16779.0 10638290.0 0.42631483256413427 0.006265947642301012 0.24460924333455003 -2.516863095951969 -0.5306722116665519
16780.0 10638290.0 0.4484522958091199 0.006064874737588544 0.24448892593530858 -2.516863095951969 -0.5306722116665519
16781.0 10638290.0 0.47058975905410555 0.0058638018328760755 0.24438742738819105 -2.516863095951969 -0.5306722116665519
16782.0 10638290.0 0.49272722229909116 0.005662728928163607 0.24430180423533107 -2.516863095951969 -0.5306722116665519
16783.0 10638290.0 0.5148646855440768 0.005461656023451139 0.2442295734052957 -2.516863095951969 -0.5306722116665519
16784.0 10638290.0 0.5283499537958913 0.005961802139661812 0.24416864020401388 -2.516863095951969 -0.5306722116665519
16785.0 10638290.0 0.5480840201426697 0.005880471429016126 0.24411723756864848 -2.516863095951969 -0.5306722116665519
16786.0 10638290.0 0.567818086489448 0.005799140718370441 0.2440738748227739 -2.516863095951969 -0.5306722116665519
16787.0 10638290.0 0.5875521528362263 0.005717810007724755 0.24403729444675976 -2.516863095951969 -0.5306722116665519
16788.0 10638290.0 0.6072862191830046 0.0056364792970790695 0.24400643560970164 -2.516863095951969 -0.5306722116665519
16789.0 10638290.0 0.6287866779310352 0.006204780109463126 0.24398040340532487 -2.516863095951969 -0.5306722116665519
16790.0 10638290.0 0.6474187363897258 0.004789716394270768 0.24395844289970253 -2.516863095951969 -0.5306722116665519
16791.0 10638290.0 0.6693548715771933 0.0053325966616062925 0.24393991723817157 -2.516863095951969 -0.5306722116665519
