27390.0 10801356.0 0.5160084442741784 0.0021671992595933137 0.24384 -2.5465782646875845 0.3621491154493825
27391.0 10801356.0 0.5533219130028223 0.003292950620351198 0.24987566088944757 -2.5465782646875845 0.3621491154493825
27392.0 10801356.0 0.5906353817314662 0.004418701981109083 0.252982951679517 -2.5465782646875845 0.3621491154493825
27393.0 10801356.0 0.6279488504601103 0.0055444533418669666 0.25616538166119535 -2.5465782646875845 0.3621491154493825
27394.0 10801356.0 0.6652623191887542 0.006670204702624851 0.2594668008813425 -2.5465782646875845 0.3621491154493825
27395.0 10801356.0 0.7025757879173982 0.007795956063382736 0.2629188509109518 -2.5465782646875845 0.3621491154493825
27396.0 10801356.0 0.7238565467026636 0.006333411111276777 0.25896500500131464 -2.5465782646875845 0.3621491154493825
27397.0 10801356.0 0.7620034349745919 0.00515026021551053 0.25672188263073625 -2.5465782646875845 0.3621491154493825
27398.0 10801356.0 0.80015032324652 0.003967109319744283 0.25561995647580465 -2.5465782646875845 0.3621491154493825
27399.0 10801356.0 0.8382972115184483 0.0027839584239780363 0.2553394813839949 -2.5465782646875845 0.3621491154493825
27400.0 10801356.0 0.8764440997903764 0.0016008075282117895 0.25568371221139935 -2.5465782646875845 0.3621491154493825
27401.0 10801356.0 0.9145909880623047 0.00041765663244554274 0.25652187934939075 -2.5465782646875845 0.3621491154493825
27402.0 10801356.0 0.9527378763342329 -0.000765494263320704 0.25776120788160545 -2.5465782646875845 0.3621491154493825
27403.0 10801356.0 0.990884764606161 -0.0019486451590869508 0.25933225990934383 -2.5465782646875845 0.3621491154493825
27404.0 10801356.0 1.0290316528780892 -0.0031317960548531976 0.2611808413886442 -2.5465782646875845 0.3621491154493825
27405.0 10801356.0 1.0671785411500174 -0.004314946950619444 0.2632633198502103 -2.5465782646875845 0.3621491154493825
27406.0 10801356.0 1.1007277964194633 -0.006279723309956298 0.26500906479991987 -2.5465782646875845 0.3621491154493825
27407.0 10801356.0 1.1390186837689578 -0.007865662809396594 0.26647518612417403 -2.5465782646875845 0.3621491154493825
27408.0 10801356.0 1.1773095711184522 -0.00945160230883689 0.2677080631196243 -2.5465782646875845 0.3621491154493825
27409.0 10801356.0 1.2551219518562466 -0.007767598493898076 0.27352935143631657 -2.5465782646875845 0.3621491154493825
27410.0 10801356.0 1.2884660725861243 -0.00791216639479042 0.2784322310770198 -2.5465782646875845 0.3621491154493825
27411.0 10801356.0 1.3308783518580387 -0.010201019852929594 0.2825635153192812 -2.5465782646875845 0.3621491154493825
27412.0 10801356.0 1.3531900061890119 -0.012582660786756461 0.2860457852575795 -2.5465782646875845 0.3621491154493825
27413.0 10801356.0 1.4168632131415388 -0.011769124913077134 0.2889816895899844 -2.5465782646875845 0.3621491154493825
27414.0 10801356.0 1.437564615643405 -0.013098795677248955 0.29145736681023754 -2.5465782646875845 0.3621491154493825
27415.0 10801356.0 1.4582660181452711 -0.014428466441420776 0.2935452098214339 -2.5465782646875845 0.3621491154493825
27416.0 10801356.0 1.4955149010886317 -0.021104643871058704 0.29530612504555664 -2.5465782646875845 0.3621491154493825
27417.0 10801356.0 1.5540020807485284 -0.024203547077197102 0.29679139445066643 -2.5465782646875845 0.3621491154493825
27418.0 10801356.0 1.5900585756328693 -0.03072341084998409 0.3028123569816682 -2.5465782646875845 0.3621491154493825
27419.0 10801356.0 1.6243427218919146 -0.030706245705608343 0.3078911977613504 -2.5465782646875845 0.3621491154493825
27420.0 10801356.0 1.6712898359146073 -0.04031544640686832 0.3121754270478009 -2.5465782646875845 0.3621491154493825
27421.0 10801356.0 1.7150759992519942 -0.04491999111071007 0.3157894218781728 -2.5465782646875845 0.3621491154493825
27422.0 10801356.0 1.7576020150563991 -0.0479444913072182 0.31883806877498794 -2.5465782646875845 0.3621491154493825
27423.0 10801356.0 1.7837010602409826 -0.0531388124926012 0.3237935854821541 -2.5465782646875845 0.3621491154493825
27424.0 10801356.0 1.809800105425566 -0.058333133677984206 0.3303576906325785 -2.5465782646875845 0.3621491154493825
27425.0 10801356.0 1.831768055377228 -0.06013377184251917 0.3358950494940669 -2.5465782646875845 0.3621491154493825
27426.0 10801356.0 1.8746673362074588 -0.07017196532860762 0.34056627717429233 -2.5465782646875845 0.3621491154493825
27427.0 10801356.0 1.9313174978113268 -0.07617257134931346 0.34450685830680566 -2.5465782646875845 0.3621491154493825
27428.0 10801356.0 1.9513786607230292 -0.08272392046954313 0.347831081169234 -2.5465782646875845 0.3621491154493825
27429.0 10801356.0 2.0099535251836436 -0.09098793898909002 0.35063535508325133 -2.5465782646875845 0.3621491154493825
27430.0 10801356.0 2.042702215716005 -0.0973013632429229 0.35300100810984664 -2.5465782646875845 0.3621491154493825
27431.0 10801356.0 2.075450906248366 -0.10361478749675579 0.35499664665865527 -2.5465782646875845 0.3621491154493825
27432.0 10801356.0 2.1125596916976157 -0.11398019578622695 0.35668014573153756 -2.5465782646875845 0.3621491154493825
27433.0 10801356.0 2.145691854515505 -0.12129457515371955 0.362867711054514 -2.5465782646875845 0.3621491154493825
27434.0 10801356.0 2.1865976282110613 -0.12927800709704831 0.36808747649798335 -2.5465782646875845 0.3621491154493825
27435.0 10801356.0 2.2206216282035953 -0.14038782759864377 0.37249081665866735 -2.5465782646875845 0.3621491154493825
27436.0 10801356.0 2.257065994461077 -0.15006819400862362 0.3762054292410115 -2.5465782646875845 0.3621491154493825
27437.0 10801356.0 2.3053415112663664 -0.1626768417416106 0.37933903851405704 -2.5465782646875845 0.3621491154493825
27438.0 10801356.0 2.3414326672464183 -0.16908729809583337 0.3819825194493832 -2.5465782646875845 0.3621491154493825
27439.0 10801356.0 2.3798030448032557 -0.17939584912537823 0.3842125331758127 -2.5465782646875845 0.3621491154493825
27440.0 10801356.0 2.418316628173259 -0.1811063466036744 0.38609375020049197 -2.5465782646875845 0.3621491154493825
27441.0 10801356.0 2.4448127596660574 -0.1842666571855709 0.3900644154106299 -2.5465782646875845 0.3621491154493825
27442.0 10801356.0 2.4713088911588557 -0.1874269677674674 0.3957977180042209 -2.5465782646875845 0.3621491154493825
27443.0 10801356.0 2.494827732297938 -0.18447508462157938 0.4006342742681143 -2.5465782646875845 0.3621491154493825
27444.0 10801356.0 2.541074681723283 -0.17772887353195313 0.40471434439464 -2.5465782646875845 0.3621491154493825
27445.0 10801356.0 2.580841124665019 -0.17424032716105495 0.40815625045389387 -2.5465782646875845 0.3621491154493825
27446.0 10801356.0 2.617811218259257 -0.16843685601800976 0.41105980774346246 -2.5465782646875845 0.3621491154493825
27447.0 10801356.0 2.653843446315168 -0.15870570077651483 0.4135092194378715 -2.5465782646875845 0.3621491154493825
27448.0 10801356.0 2.6893251525103805 -0.1490283182689686 0.4155755184841402 -2.5465782646875845 0.3621491154493825
27449.0 10801356.0 2.7265525171916427 -0.13454708217229852 0.4220860063321037 -2.5465782646875845 0.3621491154493825
27450.0 10801356.0 2.7625843593609645 -0.12481538668914635 0.4275781883477623 -2.5465782646875845 0.3621491154493825
27451.0 10801356.0 2.8210749619734643 -0.1006871238270732 0.43221133781593907 -2.5465782646875845 0.3621491154493825
27452.0 10801356.0 2.84974657928423 -0.08901967909949884 0.4361198160750347 -2.5465782646875845 0.3621491154493825
27453.0 10801356.0 2.8937630324266435 -0.07114684281853725 0.4394169689968584 -2.5465782646875845 0.3621491154493825
27454.0 10801356.0 2.929439783113736 -0.05977999902477779 0.4421984140175211 -2.5465782646875845 0.3621491154493825
27455.0 10801356.0 2.954320341092996 -0.050203984199277185 0.4445448130434492 -2.5465782646875845 0.3621491154493825
27456.0 10801356.0 2.9792008990722563 -0.04062796937377658 0.4465242116468914 -2.5465782646875845 0.3621491154493825
27457.0 10801356.0 3.0168169221869983 -0.026038896273335027 0.45296139114177447 -2.5465782646875845 0.3621491154493825
27458.0 10801356.0 3.0475515741394643 -0.01457704108212779 0.45839173097873254 -2.5465782646875845 0.3621491154493825
27459.0 10801356.0 3.087450497824163 0.0026547842629132956 0.4629727110134516 -2.5465782646875845 0.3621491154493825
27460.0 10801356.0 3.1192511954111097 0.014119337047753783 0.47160455842047694 -2.5465782646875845 0.3621491154493825
27461.0 10801356.0 3.1527718247696743 0.025957127497954285 0.4788862980211952 -2.5465782646875845 0.3621491154493825
27462.0 10801356.0 3.1903181805292418 0.040335954513207234 0.4850291002642274 -2.5465782646875845 0.3621491154493825
27463.0 10801356.0 3.2270964000437043 0.055082450164265134 0.4902111064147417 -2.5465782646875845 0.3621491154493825
27464.0 10801356.0 3.263091895240475 0.06471105559381238 0.4945825946511751 -2.5465782646875845 0.3621491154493825
27465.0 10801356.0 3.3012688614649983 0.07993581147992343 0.49827033813242755 -2.5465782646875845 0.3621491154493825
27466.0 10801356.0 3.335865046094888 0.08908688366752213 0.5013812814194814 -2.5465782646875845 0.3621491154493825
27467.0 10801356.0 3.3740162895674546 0.09988135775246906 0.5040056418676766 -2.5465782646875845 0.3621491154493825
27468.0 10801356.0 3.4318336011012693 0.11652313642467846 0.5062195259300204 -2.5465782646875845 0.3621491154493825
27469.0 10801356.0 3.455915358129456 0.12501770744834792 0.5080871362443264 -2.5465782646875845 0.3621491154493825
27470.0 10801356.0 3.5170705951029886 0.14536000863582607 0.5096626335097129 -2.5465782646875845 0.3621491154493825
27471.0 10801356.0 3.541651219160225 0.15456811650729044 0.5133753965232919 -2.5465782646875845 0.3621491154493825
27472.0 10801356.0 3.5662318432174613 0.1637762243787548 0.5188911354124537 -2.5465782646875845 0.3621491154493825
27473.0 10801356.0 3.604199923946485 0.176734039193954 0.5235441572285713 -2.5465782646875845 0.3621491154493825
27474.0 10801356.0 3.6475335731790963 0.18981002106885234 0.5274693996043142 -2.5465782646875845 0.3621491154493825
27475.0 10801356.0 3.684433337279801 0.19949556950135136 0.5355480733214001 -2.5465782646875845 0.3621491154493825
27476.0 10801356.0 3.730153791026881 0.2171664390175013 0.5423631611648037 -2.5465782646875845 0.3621491154493825
27477.0 10801356.0 3.762218677755098 0.23380344137155493 0.5481123006819849 -2.5465782646875845 0.3621491154493825
27478.0 10801356.0 3.806471686449952 0.25242076189677687 0.5529622169189427 -2.5465782646875845 0.3621491154493825
27479.0 10801356.0 3.8420257180478874 0.2770308148026648 0.5570535574465492 -2.5465782646875845 0.3621491154493825
27480.0 10801356.0 3.875502525885528 0.2979967249376362 0.5605049711401052 -2.5465782646875845 0.3621491154493825
27481.0 10801356.0 3.9139355751998703 0.3259895871226739 0.5681839277495414 -2.5465782646875845 0.3621491154493825
27482.0 10801356.0 3.9339765229675434 0.3493832809656569 0.5746618182637139 -2.5465782646875845 0.3621491154493825
27483.0 10801356.0 3.9540174707352165 0.3727769748086399 0.5801265015075339 -2.5465782646875845 0.3621491154493825
27484.0 10801356.0 3.978147395475771 0.4070842667408265 0.5847364532950722 -2.5465782646875845 0.3621491154493825
27485.0 10801356.0 4.002277320216326 0.44139155867301305 0.5886253622281675 -2.5465782646875845 0.3621491154493825
27486.0 10801356.0 4.02640724495688 0.4756988506051997 0.5919060066658797 -2.5465782646875845 0.3621491154493825
27487.0 10801356.0 4.050537169697435 0.5100061425373863 0.5946735252969023 -2.5465782646875845 0.3621491154493825
27488.0 10801356.0 4.07466709443799 0.5443134344695728 0.5970081761615351 -2.5465782646875845 0.3621491154493825
27489.0 10801356.0 4.091316125503328 0.5719387539091039 0.5989776641348524 -2.5465782646875845 0.3621491154493825
27490.0 10801356.0 4.107965156568665 0.5995640733486349 0.6006391043680804 -2.5465782646875845 0.3621491154493825
27491.0 10801356.0 4.126132731445905 0.6375574273443249 0.6020406786279828 -2.5465782646875845 0.3621491154493825
27492.0 10801356.0 4.147575212413507 0.6681743760122996 0.6032230325680966 -2.5465782646875845 0.3621491154493825
27493.0 10801356.0 4.169304516501164 0.6993986275796251 0.6042204544526852 -2.5465782646875845 0.3621491154493825
27494.0 10801356.0 4.185221905366885 0.7315847571954404 0.6050618695164017 -2.5465782646875845 0.3621491154493825
27495.0 10801356.0 4.206274292004149 0.7620954128240679 0.6105390575489108 -2.5465782646875845 0.3621491154493825
27496.0 10801356.0 4.2325186922893705 0.8017171102016571 0.6151595582503383 -2.5465782646875845 0.3621491154493825
27497.0 10801356.0 4.258763092574592 0.8413388075792463 0.6190573661410256 -2.5465782646875845 0.3621491154493825
27498.0 10801356.0 4.2731274843254345 0.8750246064426614 0.6228222555250843 -2.5465782646875845 0.3621491154493825
27499.0 10801356.0 4.287491876076278 0.9087104053060767 0.6264750161946522 -2.5465782646875845 0.3621491154493825
27500.0 10801356.0 4.301856267827121 0.9423962041694919 0.6300331862091466 -2.5465782646875845 0.3621491154493825
27501.0 10801356.0 4.316220659577964 0.9760820030329072 0.633511560498988 -2.5465782646875845 0.3621491154493825
27502.0 10801356.0 4.330585051328807 1.0097678018963223 0.6369226199185818 -2.5465782646875845 0.3621491154493825
27503.0 10801356.0 4.344949443079651 1.0434536007597375 0.6402768931910962 -2.5465782646875845 0.3621491154493825
27504.0 10801356.0 4.359313834830494 1.0771393996231526 0.6435832622414339 -2.5465782646875845 0.3621491154493825
27505.0 10801356.0 4.373678226581337 1.1108251984865678 0.646849219772055 -2.5465782646875845 0.3621491154493825
27506.0 10801356.0 4.388042618332181 1.1445109973499832 0.6500810865513473 -2.5465782646875845 0.3621491154493825
27507.0 10801356.0 4.4024070100830235 1.1781967962133983 0.6532841947159105 -2.5465782646875845 0.3621491154493825
27508.0 10801356.0 4.400323934788057 1.206093555737854 0.6559863045272349 -2.5465782646875845 0.3621491154493825
27509.0 10801356.0 4.396023273595042 1.2456941866717999 0.6582657771698492 -2.5465782646875845 0.3621491154493825
27510.0 10801356.0 4.392604858361027 1.2841893127891388 0.6601887173503892 -2.5465782646875845 0.3621491154493825
27511.0 10801356.0 4.374287620810883 1.3287138872575037 0.6618108903340905 -2.5465782646875845 0.3621491154493825
27512.0 10801356.0 4.364380801837319 1.355484020287582 0.6631793391374803 -2.5465782646875845 0.3621491154493825
27513.0 10801356.0 4.354473982863754 1.3822541533176602 0.664333748775857 -2.5465782646875845 0.3621491154493825
27514.0 10801356.0 4.335268513512994 1.4152124664998027 0.6653075971287337 -2.5465782646875845 0.3621491154493825
27515.0 10801356.0 4.316063044162234 1.4481707796819454 0.6661291257983436 -2.5465782646875845 0.3621491154493825
27516.0 10801356.0 4.294703339331245 1.482007427474648 0.6668221591161054 -2.5465782646875845 0.3621491154493825
27517.0 10801356.0 4.269679374997734 1.5222964774653307 0.6674067950482343 -2.5465782646875845 0.3621491154493825
27518.0 10801356.0 4.263187108504683 1.535044955217967 0.667899988036762 -2.5465782646875845 0.3621491154493825
27519.0 10801356.0 4.236519442305039 1.5866174199135445 0.6683160406783558 -2.5465782646875845 0.3621491154493825
27520.0 10801356.0 4.208877777621852 1.63792390494242 0.6734343972524389 -2.5465782646875845 0.3621491154493825
27521.0 10801356.0 4.188428376230527 1.6775385024083422 0.6777521913468427 -2.5465782646875845 0.3621491154493825
27522.0 10801356.0 4.171752248685488 1.7200103683855066 0.681394638990305 -2.5465782646875845 0.3621491154493825
27523.0 10801356.0 4.160727511424799 1.7623902923222399 0.684467371164486 -2.5465782646875845 0.3621491154493825
27524.0 10801356.0 4.1448994624465785 1.803651103854656 0.6870594971024371 -2.5465782646875845 0.3621491154493825
27525.0 10801356.0 4.133451988629187 1.8474541178511308 0.6892461884563589 -2.5465782646875845 0.3621491154493825
27526.0 10801356.0 4.1305631945685395 1.8658021675009504 0.6910908592755151 -2.5465782646875845 0.3621491154493825
27527.0 10801356.0 4.1276744005078925 1.88415021715077 0.6926470050136613 -2.5465782646875845 0.3621491154493825
27528.0 10801356.0 4.119446063298958 1.9242160783991038 0.6939597538972037 -2.5465782646875845 0.3621491154493825
27529.0 10801356.0 4.11721495730361 1.9676982338871913 0.6950671756437649 -2.5465782646875845 0.3621491154493825
27530.0 10801356.0 4.110239684113109 2.0129623487837147 0.7007687642368121 -2.5465782646875845 0.3621491154493825
27531.0 10801356.0 4.1086765020432585 2.078888627806479 0.7008111882399101 -2.5465782646875845 0.3621491154493825
27532.0 10801356.0 4.1038151592787315 2.112949645407855 0.7008469767019655 -2.5465782646875845 0.3621491154493825
27533.0 10801356.0 4.1054066583260775 2.1640623289626424 0.7008771674883778 -2.5465782646875845 0.3621491154493825
27534.0 10801356.0 4.099298143451108 2.2011003770686717 0.7009026361319531 -2.5465782646875845 0.3621491154493825
27535.0 10801356.0 4.098305049118037 2.225254720753833 0.705691499976172 -2.5465782646875845 0.3621491154493825
27536.0 10801356.0 4.095982445321843 2.2847706603269198 0.7097313373196998 -2.5465782646875845 0.3621491154493825
27537.0 10801356.0 4.089340860943902 2.329692605233489 0.7131393034454989 -2.5465782646875845 0.3621491154493825
27538.0 10801356.0 4.085480706241659 2.368450129847439 0.7160142293712175 -2.5465782646875845 0.3621491154493825
27539.0 10801356.0 4.084959667012811 2.4125427115084443 0.7184394879487014 -2.5465782646875845 0.3621491154493825
27540.0 10801356.0 4.082387091191659 2.4566040170405556 0.7204854116766977 -2.5465782646875845 0.3621491154493825
27541.0 10801356.0 4.074095165455143 2.50054620907642 0.7222113323433181 -2.5465782646875845 0.3621491154493825
27542.0 10801356.0 4.073243342706604 2.5632037279051487 0.7236673016478948 -2.5465782646875845 0.3621491154493825
27543.0 10801356.0 4.070347768623998 2.603282050256727 0.7248955427002606 -2.5465782646875845 0.3621491154493825
27544.0 10801356.0 4.067787296692733 2.6471059528784937 0.7259316744909338 -2.5465782646875845 0.3621491154493825
27545.0 10801356.0 4.064894853892275 2.6912718802584648 0.7268057448418441 -2.5465782646875845 0.3621491154493825
27546.0 10801356.0 4.062513811840177 2.7288460519044606 0.727543101793168 -2.5465782646875845 0.3621491154493825
27547.0 10801356.0 4.062738430635614 2.763525495635763 0.7281651286964936 -2.5465782646875845 0.3621491154493825
27548.0 10801356.0 4.062963049431051 2.7982049393670656 0.7286898643320177 -2.5465782646875845 0.3621491154493825
27549.0 10801356.0 4.061136555029265 2.841555803219188 0.7291325260331701 -2.5465782646875845 0.3621491154493825
27550.0 10801356.0 4.059568666897528 2.861225418431927 0.7295059509892846 -2.5465782646875845 0.3621491154493825
27551.0 10801356.0 4.060517064545152 2.906006918592947 0.7345883472769053 -2.5465782646875845 0.3621491154493825
27552.0 10801356.0 4.061455782545183 2.9692485887809643 0.7388758056355561 -2.5465782646875845 0.3621491154493825
27553.0 10801356.0 4.05784273672144 3.01364999748209 0.7424926623576381 -2.5465782646875845 0.3621491154493825
27554.0 10801356.0 4.056805850681245 3.0539786607986525 0.7455438062880916 -2.5465782646875845 0.3621491154493825
27555.0 10801356.0 4.055768964641051 3.0943073241152153 0.7481177206008996 -2.5465782646875845 0.3621491154493825
27556.0 10801356.0 4.054732078600856 3.134635987431778 0.7502890488111339 -2.5465782646875845 0.3621491154493825
27557.0 10801356.0 4.052747046548239 3.17885658191858 0.7521207594368909 -2.5465782646875845 0.3621491154493825
27558.0 10801356.0 4.055656014045352 3.223115141576903 0.7536659720863179 -2.5465782646875845 0.3621491154493825
27559.0 10801356.0 4.054877412386335 3.2710305858234197 0.754969497926248 -2.5465782646875845 0.3621491154493825
27560.0 10801356.0 4.056371222841057 3.2919204716241803 0.7560691392060394 -2.5465782646875845 0.3621491154493825
27561.0 10801356.0 4.056269598868152 3.340549519310702 0.7617641642756228 -2.5465782646875845 0.3621491154493825
27562.0 10801356.0 4.058800002508949 3.3836467486346153 0.7665684301091993 -2.5465782646875845 0.3621491154493825
27563.0 10801356.0 4.061443364102318 3.424370781520734 0.7706212604159425 -2.5465782646875845 0.3621491154493825
27564.0 10801356.0 4.062871261910743 3.464089790463262 0.7740401872747481 -2.5465782646875845 0.3621491154493825
27565.0 10801356.0 4.0639308697111565 3.501592694999661 0.7769243595645213 -2.5465782646875845 0.3621491154493825
27566.0 10801356.0 4.0658002278939325 3.5336913291637564 0.7817411076580741 -2.5465782646875845 0.3621491154493825
27567.0 10801356.0 4.067669586076709 3.565789963327852 0.7881881572501196 -2.5465782646875845 0.3621491154493825
27568.0 10801356.0 4.064589660397051 3.5998546973173116 0.7936268234024185 -2.5465782646875845 0.3621491154493825
27569.0 10801356.0 4.070122162277466 3.641271149500802 0.7982148274333876 -2.5465782646875845 0.3621491154493825
27570.0 10801356.0 4.068436590767406 3.6850438843020217 0.8020852214599249 -2.5465782646875845 0.3621491154493825
27571.0 10801356.0 4.073555760308916 3.725193483957557 0.8053502469088 -2.5465782646875845 0.3621491154493825
27572.0 10801356.0 4.069700639001739 3.7639504420314975 0.8081045895180302 -2.5465782646875845 0.3621491154493825
27573.0 10801356.0 4.072368894853441 3.8058347048306183 0.8104281252232833 -2.5465782646875845 0.3621491154493825
27574.0 10801356.0 4.073716613315329 3.858897316937519 0.8123882365600117 -2.5465782646875845 0.3621491154493825
27575.0 10801356.0 4.073535382286364 3.890964587948225 0.8140417667569804 -2.5465782646875845 0.3621491154493825
27576.0 10801356.0 4.077709091921826 3.937731082639807 0.8154366681899016 -2.5465782646875845 0.3621491154493825
27577.0 10801356.0 4.074157503137119 3.9380650436250866 0.8165924177324042 -2.5465782646875845 0.3621491154493825
27578.0 10801356.0 4.070605914352413 3.938399004610366 0.8175464211469909 -2.5465782646875845 0.3621491154493825
27579.0 10801356.0 4.067054325567706 3.9387329655956456 0.8183302335584546 -2.5465782646875845 0.3621491154493825
27580.0 10801356.0 4.063502736782999 3.939066926580925 0.8189704745524976 -2.5465782646875845 0.3621491154493825
27581.0 10801356.0 4.059951147998293 3.9394008875662045 0.8194896001437173 -2.5465782646875845 0.3621491154493825
27582.0 10801356.0 4.0563995592135855 3.9397348485514843 0.8199065540000289 -2.5465782646875845 0.3621491154493825
27583.0 10801356.0 4.0528479704288785 3.9400688095367635 0.8202373168090354 -2.5465782646875845 0.3621491154493825
27584.0 10801356.0 4.049296381644172 3.9404027705220432 0.820495369717968 -2.5465782646875845 0.3621491154493825
27585.0 10801356.0 4.045744792859465 3.940736731507323 0.8206920852869556 -2.5465782646875845 0.3621491154493825
27586.0 10801356.0 4.042193204074758 3.9410706924926022 0.8208370572932688 -2.5465782646875845 0.3621491154493825
27587.0 10801356.0 4.038641615290052 3.941404653477882 0.8209383789508609 -2.5465782646875845 0.3621491154493825
27588.0 10801356.0 4.035090026505345 3.941738614463161 0.8210028776135717 -2.5465782646875845 0.3621491154493825
27589.0 10801356.0 4.031538437720638 3.942072575448441 0.82103631276839 -2.5465782646875845 0.3621491154493825
27590.0 10801356.0 4.027986848935932 3.9424065364337206 0.8210435430605753 -2.5465782646875845 0.3621491154493825
27591.0 10801356.0 4.0244352601512245 3.942740497419 0.821028667194371 -2.5465782646875845 0.3621491154493825
27592.0 10801356.0 4.0208836713665175 3.9430744584042796 0.8209951427954271 -2.5465782646875845 0.3621491154493825
27593.0 10801356.0 4.017332082581811 3.9434084193895593 0.8209458866819442 -2.5465782646875845 0.3621491154493825
27594.0 10801356.0 4.013780493797104 3.9437423803748386 0.8208833594524013 -2.5465782646875845 0.3621491154493825
27595.0 10801356.0 4.010228905012397 3.9440763413601183 0.8208096368429116 -2.5465782646875845 0.3621491154493825
27596.0 10801356.0 4.006677316227691 3.9444103023453976 0.8207264699235699 -2.5465782646875845 0.3621491154493825
27597.0 10801356.0 4.003125727442984 3.9447442633306773 0.8206353358794851 -2.5465782646875845 0.3621491154493825
27598.0 10801356.0 3.999574138658277 3.945078224315957 0.8205374808491489 -2.5465782646875845 0.3621491154493825
27599.0 10801356.0 3.99602254987357 3.9454121853012363 0.8204339560624513 -2.5465782646875845 0.3621491154493825
27600.0 10801356.0 3.9924709610888636 3.945746146286516 0.8203256483263481 -2.5465782646875845 0.3621491154493825
27601.0 10801356.0 3.9889193723041565 3.9460801072717957 0.8202133057422624 -2.5465782646875845 0.3621491154493825
27602.0 10801356.0 3.98536778351945 3.946414068257075 0.8200975594010255 -2.5465782646875845 0.3621491154493825
27603.0 10801356.0 3.9818161947347432 3.9467480292423547 0.8199789416845115 -2.5465782646875845 0.3621491154493825
27604.0 10801356.0 3.978264605950036 3.947081990227634 0.8198579017047115 -2.5465782646875845 0.3621491154493825
27605.0 10801356.0 3.9747130171653295 3.9474159512129137 0.8197348183279812 -2.5465782646875845 0.3621491154493825
27606.0 10801356.0 3.971161428380623 3.9477499121981934 0.8196100111621655 -2.5465782646875845 0.3621491154493825
27607.0 10801356.0 3.967609839595916 3.9480838731834726 0.8194837498252256 -2.5465782646875845 0.3621491154493825
27608.0 10801356.0 3.964058250811209 3.9484178341687524 0.8193562617641603 -2.5465782646875845 0.3621491154493825
27609.0 10801356.0 3.9605066620265026 3.948751795154032 0.8192277388509686 -2.5465782646875845 0.3621491154493825
27610.0 10801356.0 3.9569550732417955 3.9490857561393113 0.8190983429469377 -2.5465782646875845 0.3621491154493825
27611.0 10801356.0 3.953403484457089 3.949419717124591 0.818968210596621 -2.5465782646875845 0.3621491154493825
27612.0 10801356.0 3.9498518956723823 3.9497536781098703 0.818837456987629 -2.5465782646875845 0.3621491154493825
27613.0 10801356.0 3.946300306887675 3.95008763909515 0.818706179291071 -2.5465782646875845 0.3621491154493825
27614.0 10801356.0 3.9427487181029686 3.9504216000804298 0.8185744594795169 -2.5465782646875845 0.3621491154493825
27615.0 10801356.0 3.939197129318262 3.950755561065709 0.8184423667042013 -2.5465782646875845 0.3621491154493825
27616.0 10801356.0 3.935645540533555 3.9510895220509887 0.8183099593004103 -2.5465782646875845 0.3621491154493825
27617.0 10801356.0 3.9320939517488482 3.9514234830362684 0.8181772864792037 -2.5465782646875845 0.3621491154493825
27618.0 10801356.0 3.9285423629641416 3.9517574440215477 0.8180443897545366 -2.5465782646875845 0.3621491154493825
27619.0 10801356.0 3.9249907741794345 3.9520914050068274 0.8179113041471636 -2.5465782646875845 0.3621491154493825
27620.0 10801356.0 3.921439185394728 3.9524253659921067 0.8177780592002407 -2.5465782646875845 0.3621491154493825
27621.0 10801356.0 3.9178875966100213 3.9527593269773864 0.8176446798360772 -2.5465782646875845 0.3621491154493825
27622.0 10801356.0 3.914336007825314 3.953093287962666 0.8175111870788824 -2.5465782646875845 0.3621491154493825
27623.0 10801356.0 3.9107844190406076 3.9534272489479454 0.8173775986644675 -2.5465782646875845 0.3621491154493825
27624.0 10801356.0 3.907232830255901 3.953761209933225 0.8172439295545844 -2.5465782646875845 0.3621491154493825
27625.0 10801356.0 3.903681241471194 3.954095170918505 0.8171101923708164 -2.5465782646875845 0.3621491154493825
27626.0 10801356.0 3.9001296526864873 3.954429131903784 0.8169763977606044 -2.5465782646875845 0.3621491154493825
27627.0 10801356.0 3.8965780639017806 3.954763092889064 0.816842554706022 -2.5465782646875845 0.3621491154493825
27628.0 10801356.0 3.8930264751170736 3.955097053874343 0.8167086707842564 -2.5465782646875845 0.3621491154493825
27629.0 10801356.0 3.889474886332367 3.955431014859623 0.8165747523873462 -2.5465782646875845 0.3621491154493825
27630.0 10801356.0 3.8859232975476603 3.9557649758449025 0.8164408049075511 -2.5465782646875845 0.3621491154493825
27631.0 10801356.0 3.8823717087629532 3.9560989368301818 0.816306832893727 -2.5465782646875845 0.3621491154493825
27632.0 10801356.0 3.8788201199782466 3.9564328978154615 0.8161728401832429 -2.5465782646875845 0.3621491154493825
27633.0 10801356.0 3.87526853119354 3.956766858800741 0.8160388300132646 -2.5465782646875845 0.3621491154493825
27634.0 10801356.0 3.871716942408833 3.9571008197860205 0.8159048051146329 -2.5465782646875845 0.3621491154493825
27635.0 10801356.0 3.8681653536241263 3.9574347807713 0.8157707677910574 -2.5465782646875845 0.3621491154493825
27636.0 10801356.0 3.8646137648394197 3.9577687417565794 0.8156367199859242 -2.5465782646875845 0.3621491154493825
