33681.0 11289096.0 0.6022942815070655 0.1316894493713497 0.27432 -0.7657325092434721 -0.6872028657446765
33682.0 11289096.0 0.5967898916422183 0.1311515523092715 0.27432 -0.7657325092434721 -0.6872028657446765
33683.0 11289096.0 0.5958585864367747 0.12830151553883398 0.27432 -0.7657325092434721 -0.6872028657446765
33684.0 11289096.0 0.5885500305908664 0.12332956023965305 0.27432 -0.7657325092434721 -0.6872028657446765
33685.0 11289096.0 0.5897380724607602 0.11826821902248615 0.27432 -0.7657325092434721 -0.6872028657446765
33686.0 11289096.0 0.5896422396380734 0.11362640951560096 0.27432 -0.7657325092434721 -0.6872028657446765
33687.0 11289096.0 0.5895464068153866 0.10898460000871579 0.27432 -0.7657325092434721 -0.6872028657446765
33688.0 11289096.0 0.583617551386499 0.10823492503910077 0.27432 -0.7657325092434721 -0.6872028657446765
33689.0 11289096.0 0.5846158904178611 0.1025930184977525 0.27432 -0.7657325092434721 -0.6872028657446765
33690.0 11289096.0 0.5856142294492233 0.09695111195640423 0.27432 -0.7657325092434721 -0.6872028657446765
33691.0 11289096.0 0.5831144740286685 0.09364976583461256 0.27432 -0.7657325092434721 -0.6872028657446765
33692.0 11289096.0 0.5806147186081138 0.0903484197128209 0.27432 -0.7657325092434721 -0.6872028657446765
33693.0 11289096.0 0.5781149631875591 0.08704707359102923 0.27432 -0.7657325092434721 -0.6872028657446765
33694.0 11289096.0 0.5756152077670043 0.08374572746923756 0.27432 -0.7657325092434721 -0.6872028657446765
33695.0 11289096.0 0.5728228735787654 0.08348989915139204 0.27432 -0.7657325092434721 -0.6872028657446765
33696.0 11289096.0 0.5700305393905265 0.08323407083354654 0.27432 -0.7657325092434721 -0.6872028657446765
33697.0 11289096.0 0.563176971236775 0.08314608157730728 0.27432 -0.7657325092434721 -0.6872028657446765
33698.0 11289096.0 0.5563234030830235 0.08305809232106802 0.27432 -0.7657325092434721 -0.6872028657446765
33699.0 11289096.0 0.549469834929272 0.08297010306482877 0.27432 -0.7657325092434721 -0.6872028657446765
33700.0 11289096.0 0.5426162667755206 0.08288211380858951 0.27432 -0.7657325092434721 -0.6872028657446765
33701.0 11289096.0 0.5357626986217692 0.08279412455235025 0.27432 -0.7657325092434721 -0.6872028657446765
33702.0 11289096.0 0.5289091304680177 0.08270613529611098 0.27432 -0.7657325092434721 -0.6872028657446765
33703.0 11289096.0 0.5220555623142662 0.08261814603987173 0.27432 -0.7657325092434721 -0.6872028657446765
33704.0 11289096.0 0.5152019941605147 0.08253015678363247 0.27432 -0.7657325092434721 -0.6872028657446765
33705.0 11289096.0 0.5083484260067632 0.08244216752739321 0.27432 -0.7657325092434721 -0.6872028657446765
33706.0 11289096.0 0.5014948578530117 0.08235417827115395 0.27432 -0.7657325092434721 -0.6872028657446765
33707.0 11289096.0 0.49464128969926024 0.0822661890149147 0.27432 -0.7657325092434721 -0.6872028657446765
33708.0 11289096.0 0.4877877215455088 0.08217819975867544 0.27432 -0.7657325092434721 -0.6872028657446765
33709.0 11289096.0 0.4809341533917573 0.08209021050243617 0.27432 -0.7657325092434721 -0.6872028657446765
33710.0 11289096.0 0.4725829551856565 0.08244374541890331 0.27432 -0.7657325092434721 -0.6872028657446765
33711.0 11289096.0 0.46423175697955577 0.08279728033537045 0.27432 -0.7657325092434721 -0.6872028657446765
33712.0 11289096.0 0.45588055877345496 0.0831508152518376 0.27432 -0.7657325092434721 -0.6872028657446765
33713.0 11289096.0 0.44498708943263193 0.08297221984540963 0.27432 -0.7657325092434721 -0.6872028657446765
33714.0 11289096.0 0.43409362009180885 0.08279362443898167 0.27432 -0.7657325092434721 -0.6872028657446765
33715.0 11289096.0 0.4232001507509858 0.0826150290325537 0.27432 -0.7657325092434721 -0.6872028657446765
33716.0 11289096.0 0.4123066814101628 0.08243643362612574 0.27432 -0.7657325092434721 -0.6872028657446765
33717.0 11289096.0 0.4014132120693398 0.08225783821969777 0.27432 -0.7657325092434721 -0.6872028657446765
33718.0 11289096.0 0.3905197427285167 0.08207924281326981 0.27432 -0.7657325092434721 -0.6872028657446765
33719.0 11289096.0 0.37962627338769367 0.08190064740684184 0.27432 -0.7657325092434721 -0.6872028657446765
33720.0 11289096.0 0.3687328040468706 0.08172205200041388 0.27432 -0.7657325092434721 -0.6872028657446765
33721.0 11289096.0 0.35783933470604756 0.08154345659398592 0.27432 -0.7657325092434721 -0.6872028657446765
33722.0 11289096.0 0.34694586536522454 0.08136486118755795 0.27432 -0.7657325092434721 -0.6872028657446765
33723.0 11289096.0 0.3359713818868022 0.08039501955210973 0.27432 -0.7657325092434721 -0.6872028657446765
33724.0 11289096.0 0.33105332449514463 0.0816517773379436 0.27432 -0.7657325092434721 -0.6872028657446765
33725.0 11289096.0 0.32613526710348706 0.08290853512377747 0.27432 -0.7657325092434721 -0.6872028657446765
33726.0 11289096.0 0.30966902070733504 0.08279883774455277 0.27432 -0.7657325092434721 -0.6872028657446765
33727.0 11289096.0 0.29311201976092394 0.0837703000490391 0.27432 -0.7657325092434721 -0.6872028657446765
33728.0 11289096.0 0.28156472852078085 0.08342590334310579 0.27432 -0.7657325092434721 -0.6872028657446765
33729.0 11289096.0 0.27001743728063776 0.08308150663717247 0.27432 -0.7657325092434721 -0.6872028657446765
33730.0 11289096.0 0.2584701460404946 0.08273710993123914 0.27432 -0.7657325092434721 -0.6872028657446765
33731.0 11289096.0 0.24692285480035153 0.08239271322530584 0.27432 -0.7657325092434721 -0.6872028657446765
33732.0 11289096.0 0.23537556356020845 0.08204831651937253 0.27432 -0.7657325092434721 -0.6872028657446765
33733.0 11289096.0 0.22382827232006533 0.0817039198134392 0.27432 -0.7657325092434721 -0.6872028657446765
33734.0 11289096.0 0.21228098107992222 0.08135952310750588 0.27432 -0.7657325092434721 -0.6872028657446765
33735.0 11289096.0 0.20073368983977913 0.08101512640157257 0.27432 -0.7657325092434721 -0.6872028657446765
33736.0 11289096.0 0.1906279709679292 0.08134529999394607 0.27432 -0.7657325092434721 -0.6872028657446765
33737.0 11289096.0 0.18052225209607928 0.08167547358631957 0.27432 -0.7657325092434721 -0.6872028657446765
33738.0 11289096.0 0.17041653322422934 0.08200564717869306 0.27432 -0.7657325092434721 -0.6872028657446765
33739.0 11289096.0 0.1603108143523794 0.08233582077106656 0.27432 -0.7657325092434721 -0.6872028657446765
33740.0 11289096.0 0.15020509548052946 0.08266599436344006 0.27432 -0.7657325092434721 -0.6872028657446765
33741.0 11289096.0 0.14009937660867955 0.08299616795581356 0.27432 -0.7657325092434721 -0.6872028657446765
33742.0 11289096.0 0.1299936577368296 0.08332634154818705 0.27432 -0.7657325092434721 -0.6872028657446765
33743.0 11289096.0 0.11988793886497968 0.08365651514056055 0.27432 -0.7657325092434721 -0.6872028657446765
33744.0 11289096.0 0.10978221999312976 0.08398668873293405 0.27432 -0.7657325092434721 -0.6872028657446765
33745.0 11289096.0 0.09876224587913243 0.08355780104102509 0.27432 -0.7657325092434721 -0.6872028657446765
33746.0 11289096.0 0.0877422717651351 0.08312891334911612 0.27432 -0.7657325092434721 -0.6872028657446765
33747.0 11289096.0 0.07672229765113778 0.08270002565720716 0.27432 -0.7657325092434721 -0.6872028657446765
33748.0 11289096.0 0.06570232353714045 0.0822711379652982 0.27432 -0.7657325092434721 -0.6872028657446765
33749.0 11289096.0 0.06630312430510188 0.08188969926748764 0.27432 -0.7657325092434721 -0.6872028657446765
33750.0 11289096.0 0.06690392507306332 0.08150826056967708 0.27432 -0.7657325092434721 -0.6872028657446765
33751.0 11289096.0 0.06750472584102475 0.08112682187186653 0.27432 -0.7657325092434721 -0.6872028657446765
33752.0 11289096.0 0.0681055266089862 0.08074538317405597 0.27432 -0.7657325092434721 -0.6872028657446765
33753.0 11289096.0 0.06870632737694762 0.08036394447624541 0.27432 -0.7657325092434721 -0.6872028657446765
33754.0 11289096.0 0.06930712814490907 0.07998250577843485 0.27432 -0.7657325092434721 -0.6872028657446765
33755.0 11289096.0 0.0699079289128705 0.0796010670806243 0.27432 -0.7657325092434721 -0.6872028657446765
33756.0 11289096.0 0.07050872968083194 0.07921962838281374 0.27432 -0.7657325092434721 -0.6872028657446765
33757.0 11289096.0 0.07110953044879337 0.07883818968500317 0.27432 -0.7657325092434721 -0.6872028657446765
33758.0 11289096.0 0.0717103312167548 0.07845675098719261 0.27432 -0.7657325092434721 -0.6872028657446765
33759.0 11289096.0 0.07231113198471624 0.07807531228938205 0.27432 -0.7657325092434721 -0.6872028657446765
33760.0 11289096.0 0.07291193275267767 0.0776938735915715 0.27432 -0.7657325092434721 -0.6872028657446765
33761.0 11289096.0 0.07351273352063911 0.07731243489376094 0.27432 -0.7657325092434721 -0.6872028657446765
33762.0 11289096.0 0.07411353428860054 0.07693099619595038 0.27432 -0.7657325092434721 -0.6872028657446765
33763.0 11289096.0 0.07471433505656197 0.07654955749813983 0.27432 -0.7657325092434721 -0.6872028657446765
33764.0 11289096.0 0.07531513582452341 0.07616811880032927 0.27432 -0.7657325092434721 -0.6872028657446765
33765.0 11289096.0 0.07591593659248486 0.07578668010251871 0.27432 -0.7657325092434721 -0.6872028657446765
33766.0 11289096.0 0.07651673736044629 0.07540524140470815 0.27432 -0.7657325092434721 -0.6872028657446765
33767.0 11289096.0 0.07711753812840771 0.0750238027068976 0.27432 -0.7657325092434721 -0.6872028657446765
33768.0 11289096.0 0.07771833889636916 0.07464236400908704 0.27432 -0.7657325092434721 -0.6872028657446765
33769.0 11289096.0 0.07831913966433059 0.07426092531127648 0.27432 -0.7657325092434721 -0.6872028657446765
33770.0 11289096.0 0.07891994043229203 0.07387948661346593 0.27432 -0.7657325092434721 -0.6872028657446765
33771.0 11289096.0 0.07952074120025346 0.07349804791565537 0.27432 -0.7657325092434721 -0.6872028657446765
33772.0 11289096.0 0.08012154196821489 0.07311660921784481 0.27432 -0.7657325092434721 -0.6872028657446765
33773.0 11289096.0 0.08072234273617633 0.07273517052003425 0.27432 -0.7657325092434721 -0.6872028657446765
33774.0 11289096.0 0.08132314350413776 0.07235373182222368 0.27432 -0.7657325092434721 -0.6872028657446765
33775.0 11289096.0 0.0819239442720992 0.07197229312441313 0.27432 -0.7657325092434721 -0.6872028657446765
33776.0 11289096.0 0.08252474504006063 0.07159085442660257 0.27432 -0.7657325092434721 -0.6872028657446765
33777.0 11289096.0 0.08312554580802207 0.07120941572879201 0.27432 -0.7657325092434721 -0.6872028657446765
33778.0 11289096.0 0.0837263465759835 0.07082797703098145 0.27432 -0.7657325092434721 -0.6872028657446765
33779.0 11289096.0 0.08432714734394495 0.0704465383331709 0.27432 -0.7657325092434721 -0.6872028657446765
33780.0 11289096.0 0.08492794811190638 0.07006509963536034 0.27432 -0.7657325092434721 -0.6872028657446765
33781.0 11289096.0 0.0855287488798678 0.06968366093754978 0.27432 -0.7657325092434721 -0.6872028657446765
33782.0 11289096.0 0.08612954964782925 0.06930222223973923 0.27432 -0.7657325092434721 -0.6872028657446765
33783.0 11289096.0 0.08673035041579068 0.06892078354192867 0.27432 -0.7657325092434721 -0.6872028657446765
33784.0 11289096.0 0.08733115118375212 0.06853934484411811 0.27432 -0.7657325092434721 -0.6872028657446765
33785.0 11289096.0 0.08793195195171355 0.06815790614630755 0.27432 -0.7657325092434721 -0.6872028657446765
33786.0 11289096.0 0.08853275271967498 0.067776467448497 0.27432 -0.7657325092434721 -0.6872028657446765
33787.0 11289096.0 0.08913355348763642 0.06739502875068644 0.27432 -0.7657325092434721 -0.6872028657446765
33788.0 11289096.0 0.08973435425559786 0.06701359005287588 0.27432 -0.7657325092434721 -0.6872028657446765
33789.0 11289096.0 0.0903351550235593 0.06663215135506531 0.27432 -0.7657325092434721 -0.6872028657446765
33790.0 11289096.0 0.09093595579152072 0.06625071265725477 0.27432 -0.7657325092434721 -0.6872028657446765
33791.0 11289096.0 0.09153675655948217 0.0658692739594442 0.27432 -0.7657325092434721 -0.6872028657446765
33792.0 11289096.0 0.0921375573274436 0.06548783526163365 0.27432 -0.7657325092434721 -0.6872028657446765
33793.0 11289096.0 0.09273835809540504 0.06510639656382308 0.27432 -0.7657325092434721 -0.6872028657446765
33794.0 11289096.0 0.09333915886336647 0.06472495786601253 0.27432 -0.7657325092434721 -0.6872028657446765
33795.0 11289096.0 0.0939399596313279 0.06434351916820197 0.27432 -0.7657325092434721 -0.6872028657446765
33796.0 11289096.0 0.09454076039928934 0.06396208047039141 0.27432 -0.7657325092434721 -0.6872028657446765
33797.0 11289096.0 0.09514156116725078 0.06358064177258085 0.27432 -0.7657325092434721 -0.6872028657446765
33798.0 11289096.0 0.09574236193521221 0.0631992030747703 0.27432 -0.7657325092434721 -0.6872028657446765
33799.0 11289096.0 0.09634316270317364 0.06281776437695974 0.27432 -0.7657325092434721 -0.6872028657446765
33800.0 11289096.0 0.09694396347113508 0.06243632567914918 0.27432 -0.7657325092434721 -0.6872028657446765
33801.0 11289096.0 0.09754476423909651 0.062054886981338625 0.27432 -0.7657325092434721 -0.6872028657446765
33802.0 11289096.0 0.09814556500705796 0.06167344828352807 0.27432 -0.7657325092434721 -0.6872028657446765
33803.0 11289096.0 0.09874636577501938 0.06129200958571751 0.27432 -0.7657325092434721 -0.6872028657446765
33804.0 11289096.0 0.09934716654298081 0.060910570887906954 0.27432 -0.7657325092434721 -0.6872028657446765
33805.0 11289096.0 0.09994796731094226 0.060529132190096396 0.27432 -0.7657325092434721 -0.6872028657446765
33806.0 11289096.0 0.1005487680789037 0.06014769349228583 0.27432 -0.7657325092434721 -0.6872028657446765
33807.0 11289096.0 0.10114956884686513 0.059766254794475275 0.27432 -0.7657325092434721 -0.6872028657446765
33808.0 11289096.0 0.10175036961482656 0.05938481609666472 0.27432 -0.7657325092434721 -0.6872028657446765
