44916.0 11080625.0 -3.8255344961687623 1.7302624503742294 0.74676 1.0067452383807876 0.21226888466662114
44917.0 11080625.0 -3.7692097183628164 1.716725690898257 0.74676 1.0067452383807876 0.21226888466662114
44918.0 11080625.0 -3.676149472137481 1.6862525343951489 0.7429139552329493 1.0067452383807876 0.21226888466662114
44919.0 11080625.0 -3.663875112973649 1.682233332692698 0.7416006381391568 1.0067452383807876 0.21226888466662114
44920.0 11080625.0 -3.6516007538098174 1.678214130990247 0.7409269624477803 1.0067452383807876 0.21226888466662114
44921.0 11080625.0 -3.5375927782585563 1.6466094994276435 0.7405116523370432 1.0067452383807876 0.21226888466662114
44922.0 11080625.0 -3.4382668148590465 1.618995950286923 0.7402273950718874 1.0067452383807876 0.21226888466662114
44923.0 11080625.0 -3.3656739239330005 1.595462283247258 0.7400196007366187 1.0067452383807876 0.21226888466662114
44924.0 11080625.0 -3.261960024138424 1.572841530180027 0.7384863508761096 1.0067452383807876 0.21226888466662114
44925.0 11080625.0 -3.202791284006462 1.5589046035557081 0.7372802148281733 1.0067452383807876 0.21226888466662114
44926.0 11080625.0 -3.1436225438745 1.5449676769313891 0.7363116442092298 1.0067452383807876 0.21226888466662114
44927.0 11080625.0 -3.0770845826885544 1.5284438933178757 0.7355225483970061 1.0067452383807876 0.21226888466662114
44928.0 11080625.0 -3.0277848113564767 1.518820092141774 0.7348731121473202 1.0067452383807876 0.21226888466662114
44929.0 11080625.0 -2.978485040024399 1.5091962909656722 0.7343347711503376 1.0067452383807876 0.21226888466662114
44930.0 11080625.0 -2.9064555848431244 1.4960182106105795 0.7332791421748505 1.0067452383807876 0.21226888466662114
44931.0 11080625.0 -2.8344261296618503 1.482840130255487 0.7317926039462753 1.0067452383807876 0.21226888466662114
44932.0 11080625.0 -2.7562656117393107 1.469263477721496 0.7305464366254697 1.0067452383807876 0.21226888466662114
44933.0 11080625.0 -2.6781050938167708 1.455686825187505 0.7294998733901439 1.0067452383807876 0.21226888466662114
44934.0 11080625.0 -2.6115476785266125 1.4446530048257296 0.7286198072484324 1.0067452383807876 0.21226888466662114
44935.0 11080625.0 -2.5445088868457235 1.4334622733677 0.7278790705519114 1.0067452383807876 0.21226888466662114
44936.0 11080625.0 -2.4824787284014613 1.4237944971018666 0.7272551978503856 1.0067452383807876 0.21226888466662114
44937.0 11080625.0 -2.420742811018286 1.4170278397369844 0.7255356112570929 1.0067452383807876 0.21226888466662114
44938.0 11080625.0 -2.3638260291269657 1.4077494310395005 0.7240861673677403 1.0067452383807876 0.21226888466662114
44939.0 11080625.0 -2.3069092472356454 1.3984710223420167 0.7228641401642986 1.0067452383807876 0.21226888466662114
44940.0 11080625.0 -2.23961859663436 1.3869670887291867 0.7218336757596181 1.0067452383807876 0.21226888466662114
44941.0 11080625.0 -2.178358322626459 1.3760349452344618 0.7209646416674521 1.0067452383807876 0.21226888466662114
44942.0 11080625.0 -2.1150099721734925 1.3660559054416475 0.7202316864811807 1.0067452383807876 0.21226888466662114
44943.0 11080625.0 -2.0376244048212104 1.3582613324561645 0.7184213538215983 1.0067452383807876 0.21226888466662114
44944.0 11080625.0 -1.9770282667585641 1.3480156191836012 0.7168943370650063 1.0067452383807876 0.21226888466662114
44945.0 11080625.0 -1.9137144711036853 1.3379328428392114 0.7156062581349839 1.0067452383807876 0.21226888466662114
44946.0 11080625.0 -1.8259338552871307 1.3266226391523728 0.7145197059639967 1.0067452383807876 0.21226888466662114
44947.0 11080625.0 -1.763542140903495 1.321867074359445 0.7136031364560818 1.0067452383807876 0.21226888466662114
44948.0 11080625.0 -1.6689554007510472 1.3069300012552347 0.7116380553419301 1.0067452383807876 0.21226888466662114
44949.0 11080625.0 -1.6054344830725455 1.2974832624581167 0.7099803647189247 1.0067452383807876 0.21226888466662114
44950.0 11080625.0 -1.552585037246297 1.2907101461892483 0.7085819728197738 1.0067452383807876 0.21226888466662114
44951.0 11080625.0 -1.4844920743921854 1.2789509636786331 0.707402315029847 1.0067452383807876 0.21226888466662114
44952.0 11080625.0 -1.4122840500515637 1.2661968955735197 0.7064071745198424 1.0067452383807876 0.21226888466662114
44953.0 11080625.0 -1.337129869748103 1.2529472566536097 0.7055676881607158 1.0067452383807876 0.21226888466662114
44954.0 11080625.0 -1.2420383664667944 1.238201334881109 0.7036676574126767 1.0067452383807876 0.21226888466662114
44955.0 11080625.0 -1.185384613299093 1.2294856022596206 0.7020648146181161 1.0067452383807876 0.21226888466662114
44956.0 11080625.0 -1.1272905537168827 1.2170277749919864 0.7007126749825564 1.0067452383807876 0.21226888466662114
44957.0 11080625.0 -1.0591284181960468 1.205483795702405 0.6995720250437196 1.0067452383807876 0.21226888466662114
44958.0 11080625.0 -1.0228475513826745 1.198291680859023 0.6986097851051991 1.0067452383807876 0.21226888466662114
44959.0 11080625.0 -0.9865666845693022 1.191099566015641 0.6977980496995854 1.0067452383807876 0.21226888466662114
44960.0 11080625.0 -0.9215278939714684 1.1754375614603665 0.6971132781944298 1.0067452383807876 0.21226888466662114
44961.0 11080625.0 -0.8528655825487577 1.1599932558421775 0.6965356120325689 1.0067452383807876 0.21226888466662114
44962.0 11080625.0 -0.7855232322763308 1.143228742947204 0.6960482987851385 1.0067452383807876 0.21226888466662114
44963.0 11080625.0 -0.7205362560662953 1.121977493045332 0.6944453613180783 1.0067452383807876 0.21226888466662114
44964.0 11080625.0 -0.6435658988952604 1.1020660558387738 0.6930931395617981 1.0067452383807876 0.21226888466662114
44965.0 11080625.0 -0.5886894947509003 1.0824865126658638 0.6919524189924214 1.0067452383807876 0.21226888466662114
44966.0 11080625.0 -0.49663911427961427 1.0435088849848426 0.6909901186576388 1.0067452383807876 0.21226888466662114
44967.0 11080625.0 -0.44174507402457897 1.0185504845926372 0.690178331814244 1.0067452383807876 0.21226888466662114
44968.0 11080625.0 -0.40890172264125035 1.002204105401905 0.6894935166236691 1.0067452383807876 0.21226888466662114
44969.0 11080625.0 -0.3209652310087092 0.9533581708158124 0.6889158134333146 1.0067452383807876 0.21226888466662114
44970.0 11080625.0 -0.2731186642543195 0.92042409091294 0.6884284688434129 1.0067452383807876 0.21226888466662114
44971.0 11080625.0 -0.22050768779075058 0.8819605306769622 0.6868255051488604 1.0067452383807876 0.21226888466662114
44972.0 11080625.0 -0.15172312734495774 0.8272279101070784 0.6854732611189229 1.0067452383807876 0.21226888466662114
44973.0 11080625.0 -0.10260640919945474 0.779159288028007 0.6843325216706182 1.0067452383807876 0.21226888466662114
44974.0 11080625.0 -0.056383806155171134 0.7371778875252396 0.6833702053562749 1.0067452383807876 0.21226888466662114
44975.0 11080625.0 -0.010574124981682642 0.6830645615970455 0.6813665603073831 1.0067452383807876 0.21226888466662114
44976.0 11080625.0 0.030382833142954202 0.6371973883084708 0.6796763055123096 1.0067452383807876 0.21226888466662114
44977.0 11080625.0 0.06884736535711133 0.5864205645483315 0.6782504235800375 1.0067452383807876 0.21226888466662114
44978.0 11080625.0 0.09249391944864965 0.5487242114363514 0.677047563933354 1.0067452383807876 0.21226888466662114
44979.0 11080625.0 0.11614047354018797 0.5110278583243714 0.6760328436417988 1.0067452383807876 0.21226888466662114
44980.0 11080625.0 0.1570491429217209 0.4487046429728989 0.6751768358164929 1.0067452383807876 0.21226888466662114
44981.0 11080625.0 0.179589307149857 0.39811016551921485 0.6732628715413959 1.0067452383807876 0.21226888466662114
44982.0 11080625.0 0.20621090955236365 0.3464155894253306 0.6716482705416078 1.0067452383807876 0.21226888466662114
44983.0 11080625.0 0.2285450115360349 0.29518789792213984 0.6702862093878917 1.0067452383807876 0.21226888466662114
44984.0 11080625.0 0.26458465331327474 0.20980633117563452 0.6691371883066438 1.0067452383807876 0.21226888466662114
44985.0 11080625.0 0.2830023139500617 0.15039591302306435 0.6681678856864202 1.0067452383807876 0.21226888466662114
44986.0 11080625.0 0.2979978017098882 0.09736140998543011 0.6673501917511817 1.0067452383807876 0.21226888466662114
44987.0 11080625.0 0.31508160293607046 0.03277944615558745 0.6666603933767751 1.0067452383807876 0.21226888466662114
44988.0 11080625.0 0.32024708751529946 0.007141358068974105 0.6654825640661913 1.0067452383807876 0.21226888466662114
44989.0 11080625.0 0.32541257209452845 -0.01849673001763924 0.6638930367694382 1.0067452383807876 0.21226888466662114
44990.0 11080625.0 0.34225399716438976 -0.09877106495944465 0.6637439722272667 1.0067452383807876 0.21226888466662114
44991.0 11080625.0 0.35029464832145873 -0.14754610020191486 0.6636182228796881 1.0067452383807876 0.21226888466662114
44992.0 11080625.0 0.3592687816543487 -0.20433680165681892 0.6635121419956218 1.0067452383807876 0.21226888466662114
44993.0 11080625.0 0.3701390279148764 -0.25695705112532974 0.6622308085412142 1.0067452383807876 0.21226888466662114
44994.0 11080625.0 0.38052084603779845 -0.3309140049120315 0.6611498885345086 1.0067452383807876 0.21226888466662114
44995.0 11080625.0 0.3875914254715831 -0.37586683156286327 0.660238035295308 1.0067452383807876 0.21226888466662114
44996.0 11080625.0 0.4056999525954831 -0.45363349003643216 0.6594688050796738 1.0067452383807876 0.21226888466662114
44997.0 11080625.0 0.4113928234252365 -0.487855082866093 0.6588198902113516 1.0067452383807876 0.21226888466662114
44998.0 11080625.0 0.4297784179394329 -0.5647773061964864 0.6582724721591594 1.0067452383807876 0.21226888466662114
44999.0 11080625.0 0.4415997796675476 -0.6074268127385691 0.6578106757995834 1.0067452383807876 0.21226888466662114
45000.0 11080625.0 0.46261475789179707 -0.6681510015774907 0.6574211090381956 1.0067452383807876 0.21226888466662114
45001.0 11080625.0 0.4757042400263349 -0.6967280308629824 0.6570924744389157 1.0067452383807876 0.21226888466662114
45002.0 11080625.0 0.4887937221608727 -0.725305060148474 0.6568152415983645 1.0067452383807876 0.21226888466662114
45003.0 11080625.0 0.5156193147394428 -0.7777634063417181 0.6565813707641659 1.0067452383807876 0.21226888466662114
45004.0 11080625.0 0.5436399447425498 -0.8279249460150715 0.6563840796821282 1.0067452383807876 0.21226888466662114
45005.0 11080625.0 0.5781662365024894 -0.8744873032668747 0.6562176469108721 1.0067452383807876 0.21226888466662114
45006.0 11080625.0 0.6140022633944109 -0.918673427816883 0.6560772459000315 1.0067452383807876 0.21226888466662114
45007.0 11080625.0 0.6504621189266616 -0.9576890462883793 0.6559588050202917 1.0067452383807876 0.21226888466662114
45008.0 11080625.0 0.7111888196943733 -1.0110577959865674 0.6558588894861404 1.0067452383807876 0.21226888466662114
45009.0 11080625.0 0.7503602008927966 -1.044766704893244 0.6557746017470871 1.0067452383807876 0.21226888466662114
45010.0 11080625.0 0.8037021365114003 -1.0840391959051985 0.6557034974586995 1.0067452383807876 0.21226888466662114
45011.0 11080625.0 0.8511255156450489 -1.1101625130364 0.6556435145966141 1.0067452383807876 0.21226888466662114
45012.0 11080625.0 0.8865640399136827 -1.1376274506786042 0.6555929136578305 1.0067452383807876 0.21226888466662114
45013.0 11080625.0 0.9258838762364545 -1.1586494799610376 0.6549543048710218 1.0067452383807876 0.21226888466662114
45014.0 11080625.0 0.9652037125592264 -1.1796715092434709 0.6538196585813707 1.0067452383807876 0.21226888466662114
45015.0 11080625.0 0.9913942733102568 -1.1987409155042812 0.6528624823905793 1.0067452383807876 0.21226888466662114
45016.0 11080625.0 1.0372593767289557 -1.224470437180904 0.6520550181891148 1.0067452383807876 0.21226888466662114
45017.0 11080625.0 1.0869991216991692 -1.2527502344755441 0.6513738495151346 1.0067452383807876 0.21226888466662114
45018.0 11080625.0 1.1424346151415494 -1.2869787731331084 0.6507992224770932 1.0067452383807876 0.21226888466662114
45019.0 11080625.0 1.1841039284932147 -1.3116870855577656 0.6503144728908876 1.0067452383807876 0.21226888466662114
45020.0 11080625.0 1.2240207714783244 -1.3336030750627532 0.6499055430185178 1.0067452383807876 0.21226888466662114
45021.0 11080625.0 1.2827365891262685 -1.36866793447148 0.6495605738936849 1.0067452383807876 0.21226888466662114
45022.0 11080625.0 1.328488572821015 -1.3944749170166097 0.6480777167235647 1.0067452383807876 0.21226888466662114
45023.0 11080625.0 1.3694596840945235 -1.418603327864601 0.6468267933384279 1.0067452383807876 0.21226888466662114
45024.0 11080625.0 1.4120513199350941 -1.4377700599118488 0.6457715269601054 1.0067452383807876 0.21226888466662114
45025.0 11080625.0 1.456261915878315 -1.4631308310087379 0.6448813148636261 1.0067452383807876 0.21226888466662114
45026.0 11080625.0 1.500472511821536 -1.488491602105627 0.6441303408981919 1.0067452383807876 0.21226888466662114
45027.0 11080625.0 1.5323843620535555 -1.5040528833693703 0.6434968268188053 1.0067452383807876 0.21226888466662114
45028.0 11080625.0 1.564296212285575 -1.5196141646331134 0.6429624007171639 1.0067452383807876 0.21226888466662114
45029.0 11080625.0 1.614400261470444 -1.5388962273703304 0.6413197195481162 1.0067452383807876 0.21226888466662114
45030.0 11080625.0 1.6576920272133042 -1.558640258052039 0.6399339702459638 1.0067452383807876 0.21226888466662114
45031.0 11080625.0 1.7016363546078064 -1.58046616998886 0.6387649660809444 1.0067452383807876 0.21226888466662114
45032.0 11080625.0 1.749527531414647 -1.599725452591387 0.636586961244068 1.0067452383807876 0.21226888466662114
45033.0 11080625.0 1.785244142110682 -1.6113877369035474 0.6347496182832697 1.0067452383807876 0.21226888466662114
45034.0 11080625.0 1.852078468171152 -1.6351960445795841 0.6331996542526862 1.0067452383807876 0.21226888466662114
45035.0 11080625.0 1.8978772519612068 -1.6445423131077146 0.6307002755072263 1.0067452383807876 0.21226888466662114
45036.0 11080625.0 1.9417006165061463 -1.6588505943685066 0.628591824751476 1.0067452383807876 0.21226888466662114
45037.0 11080625.0 1.9873158247975253 -1.6684867718450251 0.6268131569135186 1.0067452383807876 0.21226888466662114
45038.0 11080625.0 2.0236876265160797 -1.6781421029454917 0.6253126906260531 1.0067452383807876 0.21226888466662114
45039.0 11080625.0 2.080241800928697 -1.6909985754672296 0.6240469123667431 1.0067452383807876 0.21226888466662114
45040.0 11080625.0 2.1117308138675357 -1.6960219919721429 0.6223831922219667 1.0067452383807876 0.21226888466662114
45041.0 11080625.0 2.1432198268063747 -1.701045408477056 0.6203837723075252 1.0067452383807876 0.21226888466662114
45042.0 11080625.0 2.1813380333622048 -1.7050787141205328 0.6186970817900018 1.0067452383807876 0.21226888466662114
45043.0 11080625.0 2.23312365179697 -1.7140408502859523 0.6160823619561844 1.0067452383807876 0.21226888466662114
45044.0 11080625.0 2.2840953088940195 -1.7225032562304066 0.6138766106190963 1.0067452383807876 0.21226888466662114
45045.0 11080625.0 2.336157509333865 -1.728984956475765 0.6120158609899619 1.0067452383807876 0.21226888466662114
45046.0 11080625.0 2.3835072585333315 -1.7335775511689844 0.6104461513295364 1.0067452383807876 0.21226888466662114
45047.0 11080625.0 2.447221951190212 -1.7383718046323882 0.6079301153694633 1.0067452383807876 0.21226888466662114
45048.0 11080625.0 2.486741926711889 -1.7370202843268918 0.6058076127551045 1.0067452383807876 0.21226888466662114
45049.0 11080625.0 2.5214560882949213 -1.7367865845562003 0.6040170909106438 1.0067452383807876 0.21226888466662114
45050.0 11080625.0 2.5561702498779537 -1.7365528847855085 0.6025066247025919 1.0067452383807876 0.21226888466662114
45051.0 11080625.0 2.599958640245074 -1.730286009389113 0.601232410610915 1.0067452383807876 0.21226888466662114
45052.0 11080625.0 2.6242383989192106 -1.7266461598006864 0.6001574964269547 1.0067452383807876 0.21226888466662114
45053.0 11080625.0 2.6890754129077017 -1.7103108180845286 0.5992507096393761 1.0067452383807876 0.21226888466662114
45054.0 11080625.0 2.720617962922355 -1.6991119359445988 0.5984857534313394 1.0067452383807876 0.21226888466662114
45055.0 11080625.0 2.7442460239974764 -1.690936920816355 0.5966485993846073 1.0067452383807876 0.21226888466662114
45056.0 11080625.0 2.7982041785657303 -1.6643917743083263 0.5950987947200289 1.0067452383807876 0.21226888466662114
45057.0 11080625.0 2.819759316724063 -1.650049771075676 0.5937913951023313 1.0067452383807876 0.21226888466662114
45058.0 11080625.0 2.8592109798113703 -1.6216901861821407 0.5926884859426013 1.0067452383807876 0.21226888466662114
45059.0 11080625.0 2.902736170531554 -1.5876510935460464 0.5905662381870024 1.0067452383807876 0.21226888466662114
45060.0 11080625.0 2.9222751644740588 -1.5679199535418638 0.5887759313388267 1.0067452383807876 0.21226888466662114
45061.0 11080625.0 2.9418141584165634 -1.5481888135376811 0.5872656464994769 1.0067452383807876 0.21226888466662114
45062.0 11080625.0 2.9629294719454107 -1.5172323015432732 0.585991585408612 1.0067452383807876 0.21226888466662114
45063.0 11080625.0 2.9911448188602003 -1.4827522194865674 0.5837249556063925 1.0067452383807876 0.21226888466662114
45064.0 11080625.0 3.0107553399699594 -1.4566779960645724 0.5818128495167585 1.0067452383807876 0.21226888466662114
45065.0 11080625.0 3.0264925445536566 -1.4247839615973088 0.5801998160631104 1.0067452383807876 0.21226888466662114
45066.0 11080625.0 3.046347960706898 -1.3897949836167733 0.5782431549311905 1.0067452383807876 0.21226888466662114
45067.0 11080625.0 3.0662033768601393 -1.3548060056362379 0.575996612948173 1.0067452383807876 0.21226888466662114
45068.0 11080625.0 3.07736605826884 -1.320601361434872 0.5741014527406524 1.0067452383807876 0.21226888466662114
45069.0 11080625.0 3.083808717245451 -1.300859791212124 0.5713108699744065 1.0067452383807876 0.21226888466662114
45070.0 11080625.0 3.107787813309818 -1.2273831391307641 0.5689567624374184 1.0067452383807876 0.21226888466662114
45071.0 11080625.0 3.1119119775728956 -1.2120247214821223 0.5669708610111155 1.0067452383807876 0.21226888466662114
45072.0 11080625.0 3.130319897385041 -1.1583404147788974 0.5652955745541349 1.0067452383807876 0.21226888466662114
45073.0 11080625.0 3.136736094661856 -1.122353114958722 0.5626904750710201 1.0067452383807876 0.21226888466662114
45074.0 11080625.0 3.1399746582373744 -1.1124295439548006 0.5604928393649649 1.0067452383807876 0.21226888466662114
45075.0 11080625.0 3.1449166444009924 -1.0742478503978394 0.5586389360004935 1.0067452383807876 0.21226888466662114
45076.0 11080625.0 3.1498586305646104 -1.0360661568408782 0.5570750017800365 1.0067452383807876 0.21226888466662114
45077.0 11080625.0 3.1548006167282283 -0.9978844632839171 0.5557556826112007 1.0067452383807876 0.21226888466662114
45078.0 11080625.0 3.161067888408371 -0.9620821598607897 0.5534508735498853 1.0067452383807876 0.21226888466662114
45079.0 11080625.0 3.1662358670753736 -0.9462466887036499 0.5515065598215166 1.0067452383807876 0.21226888466662114
45080.0 11080625.0 3.172197477619825 -0.9028101278190177 0.549866356327972 1.0067452383807876 0.21226888466662114
45081.0 11080625.0 3.1781590881642767 -0.8593735669343854 0.5484826971679385 1.0067452383807876 0.21226888466662114
45082.0 11080625.0 3.1818358011893637 -0.8222585295840509 0.5467195338816732 1.0067452383807876 0.21226888466662114
45083.0 11080625.0 3.1855125142144507 -0.7851434922337164 0.5446362247338742 1.0067452383807876 0.21226888466662114
45084.0 11080625.0 3.1874881346544277 -0.7450785717768462 0.5428787661033575 1.0067452383807876 0.21226888466662114
45085.0 11080625.0 3.1894637550944047 -0.7050136513199761 0.5413961916898382 1.0067452383807876 0.21226888466662114
45086.0 11080625.0 3.1938988035148648 -0.6655761448298494 0.5395495844912221 1.0067452383807876 0.21226888466662114
45087.0 11080625.0 3.198333851935325 -0.6261386383397227 0.5373958828987494 1.0067452383807876 0.21226888466662114
45088.0 11080625.0 3.198991378887368 -0.5969160308605616 0.5353406729726995 1.0067452383807876 0.21226888466662114
45089.0 11080625.0 3.1996489058394117 -0.5676934233814003 0.5333685496252171 1.0067452383807876 0.21226888466662114
45090.0 11080625.0 3.200306432791455 -0.5384708159022391 0.5314665172792251 1.0067452383807876 0.21226888466662114
45091.0 11080625.0 3.2009639597434987 -0.5092482084230778 0.5296236129966898 1.0067452383807876 0.21226888466662114
45092.0 11080625.0 3.201621486695542 -0.48002560094391666 0.5278305885534177 1.0067452383807876 0.21226888466662114
45093.0 11080625.0 3.2031806849566813 -0.4589238084357553 0.5263180111781947 1.0067452383807876 0.21226888466662114
45094.0 11080625.0 3.2062691092822826 -0.4086502266356449 0.5238501714389351 1.0067452383807876 0.21226888466662114
45095.0 11080625.0 3.2010130637883867 -0.3746939646125269 0.5217683266714046 1.0067452383807876 0.21226888466662114
45096.0 11080625.0 3.196641424051851 -0.35924940683105355 0.5200121033773448 1.0067452383807876 0.21226888466662114
45097.0 11080625.0 3.185614828351814 -0.28965021660174506 0.5173387263930238 1.0067452383807876 0.21226888466662114
45098.0 11080625.0 3.1790608072358983 -0.2607604864508454 0.5150834924741006 1.0067452383807876 0.21226888466662114
45099.0 11080625.0 3.162074867215538 -0.22846587333541982 0.5131809998369262 1.0067452383807876 0.21226888466662114
45100.0 11080625.0 3.1557875976269045 -0.21508271341207139 0.5115760761950227 1.0067452383807876 0.21226888466662114
45101.0 11080625.0 3.1367395655348758 -0.1904671526748998 0.5102221787627748 1.0067452383807876 0.21226888466662114
45102.0 11080625.0 3.117691533442847 -0.16585159193772822 0.5090800445146474 1.0067452383807876 0.21226888466662114
45103.0 11080625.0 3.097596324877338 -0.1516994457041175 0.5077192699947101 1.0067452383807876 0.21226888466662114
45104.0 11080625.0 3.077501116311829 -0.13754729947050678 0.5061740527418845 1.0067452383807876 0.21226888466662114
45105.0 11080625.0 3.05740590774632 -0.12339515323689607 0.5044732414558389 1.0067452383807876 0.21226888466662114
45106.0 11080625.0 3.019407540708637 -0.10515126420839119 0.5018466094838084 1.0067452383807876 0.21226888466662114
45107.0 11080625.0 2.9947629534259654 -0.09360238484176872 0.49963080918680836 1.0067452383807876 0.21226888466662114
45108.0 11080625.0 2.965589289585264 -0.08232725175530745 0.4965697376680215 1.0067452383807876 0.21226888466662114
45109.0 11080625.0 2.935898776756746 -0.07263551261475334 0.4939874485416072 1.0067452383807876 0.21226888466662114
45110.0 11080625.0 2.892049837346536 -0.060074099122872676 0.49061721073469533 1.0067452383807876 0.21226888466662114
45111.0 11080625.0 2.8764120177349994 -0.05765612227406819 0.4877741120390896 1.0067452383807876 0.21226888466662114
45112.0 11080625.0 2.8607741981234627 -0.0552381454252637 0.4853757025926175 1.0067452383807876 0.21226888466662114
45113.0 11080625.0 2.821454489876986 -0.042402527163516585 0.48216058383312704 1.0067452383807876 0.21226888466662114
45114.0 11080625.0 2.7910502440181455 -0.03761708334966632 0.4782564973165931 1.0067452383807876 0.21226888466662114
45115.0 11080625.0 2.7609217008690514 -0.03198697395030212 0.47496304922224036 1.0067452383807876 0.21226888466662114
45116.0 11080625.0 2.7172278327646415 -0.028469979280906582 0.47099288486712837 1.0067452383807876 0.21226888466662114
45117.0 11080625.0 2.6855854552333325 -0.02339669929922575 0.4676436941731631 1.0067452383807876 0.21226888466662114
45118.0 11080625.0 2.669979527785136 -0.024960495959081813 0.46481835061021953 1.0067452383807876 0.21226888466662114
45119.0 11080625.0 2.6256441526455294 -0.02041580253574668 0.4612430745267681 1.0067452383807876 0.21226888466662114
45120.0 11080625.0 2.6093283464780708 -0.02034590509600584 0.45822700760459295 1.0067452383807876 0.21226888466662114
45121.0 11080625.0 2.5610830735105776 -0.015809330735038568 0.45568268390295097 1.0067452383807876 0.21226888466662114
45122.0 11080625.0 2.543345470849699 -0.01574237149493099 0.45234447334629035 1.0067452383807876 0.21226888466662114
45123.0 11080625.0 2.515298981943357 -0.017332826538138862 0.44952839251667215 1.0067452383807876 0.21226888466662114
45124.0 11080625.0 2.4731752976790333 -0.01444386727868388 0.4471527750700374 1.0067452383807876 0.21226888466662114
45125.0 11080625.0 2.445900464239024 -0.010678710788247253 0.44395688341222955 1.0067452383807876 0.21226888466662114
45126.0 11080625.0 2.429309362975769 -0.010635345959642273 0.4412608613733764 1.0067452383807876 0.21226888466662114
45127.0 11080625.0 2.412718261712514 -0.010591981131037292 0.4389865243143511 1.0067452383807876 0.21226888466662114
45128.0 11080625.0 2.372268295784089 -0.0080152909744238 0.437067916460442 1.0067452383807876 0.21226888466662114
45129.0 11080625.0 2.3460898405404187 -0.01068234959721523 0.4342575534956815 1.0067452383807876 0.21226888466662114
45130.0 11080625.0 2.323457780525117 -0.008199033986543508 0.4318867595822958 1.0067452383807876 0.21226888466662114
45131.0 11080625.0 2.2914785396653694 -0.009322309761057718 0.4298867816967966 1.0067452383807876 0.21226888466662114
45132.0 11080625.0 2.264811652405065 -0.005054073486756544 0.42819962048050453 1.0067452383807876 0.21226888466662114
45133.0 11080625.0 2.220069660950056 -0.007733843934670109 0.4255845035699429 1.0067452383807876 0.21226888466662114
45134.0 11080625.0 2.1931727510352634 -0.004441618887699256 0.42337841726290953 1.0067452383807876 0.21226888466662114
45135.0 11080625.0 2.167224632578903 -0.0053141808958412085 0.4215173850565006 1.0067452383807876 0.21226888466662114
45136.0 11080625.0 2.1346495827845375 -0.005541337212960767 0.41994743701673015 1.0067452383807876 0.21226888466662114
45137.0 11080625.0 2.1085782350855324 -0.002167927201749381 0.41743119996224065 1.0067452383807876 0.21226888466662114
45138.0 11080625.0 2.089222456884192 -0.0037910772130790305 0.41530852770665616 1.0067452383807876 0.21226888466662114
45139.0 11080625.0 2.0698666786828515 -0.00541422722440868 0.4135178627545647 1.0067452383807876 0.21226888466662114
45140.0 11080625.0 2.0433708999139784 -0.0022524522399441083 0.4120072758223556 1.0067452383807876 0.21226888466662114
45141.0 11080625.0 2.010991812198374 -0.0007906961156072673 0.41013703754489267 1.0067452383807876 0.21226888466662114
45142.0 11080625.0 1.9786127244827694 0.0006710600087295737 0.4079634010121295 1.0067452383807876 0.21226888466662114
45143.0 11080625.0 1.9536968347986408 0.0005135470656060237 0.40612974310871813 1.0067452383807876 0.21226888466662114
45144.0 11080625.0 1.928780945114512 0.0003560341224824737 0.4045828877554596 1.0067452383807876 0.21226888466662114
45145.0 11080625.0 1.9035672236714152 0.0006463702755537537 0.40208613145890515 1.0067452383807876 0.21226888466662114
45146.0 11080625.0 1.87990484853343 0.005687123167734093 0.39997989297465897 1.0067452383807876 0.21226888466662114
45147.0 11080625.0 1.8398650266194727 0.005445817572375861 0.3982030913866779 1.0067452383807876 0.21226888466662114
45148.0 11080625.0 1.8190206694064162 0.00687953933573307 0.3967041994489105 1.0067452383807876 0.21226888466662114
45149.0 11080625.0 1.7909733491757245 0.005291945058691683 0.39424790460695724 1.0067452383807876 0.21226888466662114
45150.0 11080625.0 1.7644179545472378 0.005553633167230593 0.3921757989986058 1.0067452383807876 0.21226888466662114
45151.0 11080625.0 1.7309353570868473 0.003638600920267021 0.3904277915612139 1.0067452383807876 0.21226888466662114
45152.0 11080625.0 1.707114731272584 0.00411715712266833 0.38835726773499507 1.0067452383807876 0.21226888466662114
45153.0 11080625.0 1.6832941054583208 0.004595713325069639 0.38601467232898895 1.0067452383807876 0.21226888466662114
45154.0 11080625.0 1.6562323993619399 0.0026283100696636447 0.3834425600764214 1.0067452383807876 0.21226888466662114
45155.0 11080625.0 1.629170693265559 0.0006609068142576502 0.380676829721968 1.0067452383807876 0.21226888466662114
45156.0 11080625.0 1.6011262126442354 0.0031618554345554384 0.3783436874294516 1.0067452383807876 0.21226888466662114
45157.0 11080625.0 1.5741913576277615 0.0022630777356278525 0.37637547207238936 1.0067452383807876 0.21226888466662114
45158.0 11080625.0 1.5408933963512847 0.0022745331867582846 0.3747151054054264 1.0067452383807876 0.21226888466662114
45159.0 11080625.0 1.5145916462839395 0.004673870834106822 0.37212259210701665 1.0067452383807876 0.21226888466662114
45160.0 11080625.0 1.4866818608008248 0.003509721786094086 0.36993557397971033 1.0067452383807876 0.21226888466662114
45161.0 11080625.0 1.4544840080035448 0.0028117408622652523 0.3680906274978156 1.0067452383807876 0.21226888466662114
45162.0 11080625.0 1.4280568270825207 0.00618694213645378 0.3665342492133576 1.0067452383807876 0.21226888466662114
45163.0 11080625.0 1.4070464610267006 0.005845832890371684 0.36482402259335217 1.0067452383807876 0.21226888466662114
45164.0 11080625.0 1.3860360949708805 0.005504723644289587 0.3629840110658192 1.0067452383807876 0.21226888466662114
45165.0 11080625.0 1.3650257289150605 0.005163614398207492 0.3610345142964602 1.0067452383807876 0.21226888466662114
45166.0 11080625.0 1.3414025217554901 0.001898803878494476 0.3593899384416986 1.0067452383807876 0.21226888466662114
45167.0 11080625.0 1.310752288374485 0.0010464016319774935 0.35800259080174623 1.0067452383807876 0.21226888466662114
45168.0 11080625.0 1.28010205499348 0.000193999385460511 0.3568322382950445 1.0067452383807876 0.21226888466662114
45169.0 11080625.0 1.263969157411644 0.0005574769179167854 0.3558449406988991 1.0067452383807876 0.21226888466662114
45170.0 11080625.0 1.2478362598298083 0.0009209544503730599 0.35501206638302174 1.0067452383807876 0.21226888466662114
45171.0 11080625.0 1.2154815340619682 0.00518184332990039 0.35430946199225205 1.0067452383807876 0.21226888466662114
45172.0 11080625.0 1.2024323536344035 0.004654895673873755 0.3537167519992577 1.0067452383807876 0.21226888466662114
45173.0 11080625.0 1.189383173206839 0.004127948017847119 0.3532167478142417 1.0067452383807876 0.21226888466662114
45174.0 11080625.0 1.1648458771654617 0.005134317562485988 0.3527949493158388 1.0067452383807876 0.21226888466662114
45175.0 11080625.0 1.1452359264663479 0.0021945665856439728 0.3524391243475952 1.0067452383807876 0.21226888466662114
45176.0 11080625.0 1.1404213037461794 0.0037674365327540066 0.3521389539854319 1.0067452383807876 0.21226888466662114
