47117.0 11038509.0 -0.5280921246476022 0.08482753755578062 0.53721 0.0 0.0
47118.0 11038509.0 -0.5560171950155688 0.08770641120290526 0.5409822880559046 0.0 0.0
47119.0 11038509.0 -0.5900554823194228 0.09497916797994413 0.5448473671832235 0.0 0.0
47120.0 11038509.0 -0.6327287890820783 0.10192072972281 0.5461671839805359 0.0 0.0
47121.0 11038509.0 -0.6656038030576634 0.10297182794792839 0.5489304040987846 0.0 0.0
47122.0 11038509.0 -0.696915512973433 0.10771797824138055 0.5524048578215932 0.0 0.0
47123.0 11038509.0 -0.7586673168741194 0.10629375749131634 0.556362079886403 0.0 0.0
47124.0 11038509.0 -0.7889073761873766 0.10508184274205687 0.5592548408788689 0.0 0.0
47125.0 11038509.0 -0.8269594335672878 0.10116675854456078 0.5614637550498014 0.0 0.0
47126.0 11038509.0 -0.8781075043941291 0.0968605309386362 0.5645207118244966 0.0 0.0
47127.0 11038509.0 -0.9189622238460413 0.08872152162339472 0.5669755580422315 0.0 0.0
47128.0 11038509.0 -0.9546815366049313 0.07890348427092272 0.5702303986979237 0.0 0.0
47129.0 11038509.0 -0.9925916991916515 0.0686336172288586 0.5729091754396239 0.0 0.0
47130.0 11038509.0 -1.0315270899233482 0.05414255228262341 0.5763530979130074 0.0 0.0
47131.0 11038509.0 -1.0600655148781692 0.04156789246801049 0.5792224208179686 0.0 0.0
47132.0 11038509.0 -1.08860393983299 0.028993232653397566 0.5816216370493327 0.0 0.0
47133.0 11038509.0 -1.1361968310927109 0.004598466118072103 0.5848360295092754 0.0 0.0
47134.0 11038509.0 -1.1572780726898653 -0.009888782557161663 0.5875355586305412 0.0 0.0
47135.0 11038509.0 -1.1992215767072427 -0.03764958330802129 0.5910031669909758 0.0 0.0
47136.0 11038509.0 -1.2507002720957974 -0.08098589544481863 0.5951176931260844 0.0 0.0
47137.0 11038509.0 -1.2690535818736424 -0.09636505862144165 0.5985830817688562 0.0 0.0
47138.0 11038509.0 -1.3152868733138947 -0.14538897401624298 0.6026969979995211 0.0 0.0
47139.0 11038509.0 -1.347580469350557 -0.17759032148846524 0.6073579328832462 0.0 0.0
47140.0 11038509.0 -1.381462090310887 -0.2146467723154403 0.6112875704933829 0.0 0.0
47141.0 11038509.0 -1.418437257293003 -0.24893889443635456 0.614601205140087 0.0 0.0
47142.0 11038509.0 -1.44645597476478 -0.2830054490160415 0.6185881036049861 0.0 0.0
47143.0 11038509.0 -1.4804651121344354 -0.3207210310357589 0.6219507080566731 0.0 0.0
47144.0 11038509.0 -1.5021831337410005 -0.35270037186187503 0.6253830009033304 0.0 0.0
47145.0 11038509.0 -1.5239011553475659 -0.38467971268799117 0.6288741592201267 0.0 0.0
47146.0 11038509.0 -1.5573082220949963 -0.4535540191926217 0.6330110229441108 0.0 0.0
47147.0 11038509.0 -1.5772426436948164 -0.49820932417556696 0.6376925931310468 0.0 0.0
47148.0 11038509.0 -1.5861529195123807 -0.5240956751341507 0.6422377244531305 0.0 0.0
47149.0 11038509.0 -1.595063195329945 -0.5499820260927344 0.6466677940445508 0.0 0.0
47150.0 11038509.0 -1.6095613363094132 -0.5943121766364581 0.6515967632409931 0.0 0.0
47151.0 11038509.0 -1.6213591461086405 -0.6656970564278228 0.6569466041828613 0.0 0.0
47152.0 11038509.0 -1.6239617066418666 -0.707608389601168 0.6614596320012978 0.0 0.0
47153.0 11038509.0 -1.6301325647267297 -0.7617890037217528 0.6664586074938595 0.0 0.0
47154.0 11038509.0 -1.629516158414061 -0.8074402937438129 0.6706756720123107 0.0 0.0
47155.0 11038509.0 -1.62408009828522 -0.8614443197826138 0.6742331326540688 0.0 0.0
47156.0 11038509.0 -1.6185142907429417 -0.9123361066668202 0.6784260122986417 0.0 0.0
47157.0 11038509.0 -1.6067047169266468 -0.969943211934107 0.681963077052464 0.0 0.0
47158.0 11038509.0 -1.5977512195921546 -1.0172692419921054 0.6849469054892651 0.0 0.0
47159.0 11038509.0 -1.5761936944185797 -1.0763113776421631 0.6874640308524694 0.0 0.0
47160.0 11038509.0 -1.5576042655844093 -1.1335648242644447 0.6895874511096068 0.0 0.0
47161.0 11038509.0 -1.546734481054053 -1.1587340945985733 0.6919746690018969 0.0 0.0
47162.0 11038509.0 -1.5358646965236968 -1.183903364932702 0.6945844239701501 0.0 0.0
47163.0 11038509.0 -1.5049079296674133 -1.2386578177629748 0.6967859864859115 0.0 0.0
47164.0 11038509.0 -1.4621271122493569 -1.3061578862345866 0.6986432021609377 0.0 0.0
47165.0 11038509.0 -1.4274415272328251 -1.349512688687837 0.7014017753277093 0.0 0.0
47166.0 11038509.0 -1.4105864667008967 -1.3658897459863923 0.703728879694173 0.0 0.0
47167.0 11038509.0 -1.3332573701285242 -1.4445682027953033 0.7068838461955035 0.0 0.0
47168.0 11038509.0 -1.2809005291632636 -1.4868649239529226 0.7095453440715379 0.0 0.0
47169.0 11038509.0 -1.2319289077039244 -1.5054159437976078 0.7117905568266122 0.0 0.0
47170.0 11038509.0 -1.1829572862445854 -1.5239669636422928 0.7136845956702041 0.0 0.0
47171.0 11038509.0 -1.1339856647852462 -1.5425179834869778 0.7152823877525396 0.0 0.0
47172.0 11038509.0 -1.0850140433259072 -1.561069003331663 0.7166302690582713 0.0 0.0
47173.0 11038509.0 -1.036042421866568 -1.5796200231763482 0.7177673281538293 0.0 0.0
47174.0 11038509.0 -0.9870708004072289 -1.5981710430210332 0.7187265397581257 0.0 0.0
47175.0 11038509.0 -0.9380991789478899 -1.6167220628657182 0.7195357210107717 0.0 0.0
47176.0 11038509.0 -0.8891275574885507 -1.6352730827104034 0.7202183381699468 0.0 0.0
47177.0 11038509.0 -0.8401559360292117 -1.6538241025550886 0.7207941871343796 0.0 0.0
47178.0 11038509.0 -0.7911843145698725 -1.6723751223997736 0.7212799675247062 0.0 0.0
47179.0 11038509.0 -0.7229281068994717 -1.6837044072304252 0.7216897669726472 0.0 0.0
47180.0 11038509.0 -0.6780425827588603 -1.69043144946419 0.7220354696624334 0.0 0.0
47181.0 11038509.0 -0.6331570586182489 -1.697158491697955 0.7223271009722131 0.0 0.0
47182.0 11038509.0 -0.5748302322078105 -1.704890333377443 0.7213812735212048 0.0 0.0
47183.0 11038509.0 -0.4892885259909534 -1.7149741244608419 0.7205833830026122 0.0 0.0
47184.0 11038509.0 -0.4267324248855895 -1.7260731532168418 0.7199102905912758 0.0 0.0
47185.0 11038509.0 -0.37306163139603377 -1.7330994286650117 0.7193424766071947 0.0 0.0
47186.0 11038509.0 -0.31810526477290724 -1.738909834643837 0.7188634744447875 0.0 0.0
47187.0 11038509.0 -0.25984413113920835 -1.7427622857497576 0.7184593930413181 0.0 0.0
47188.0 11038509.0 -0.20624538414165683 -1.7466091894744764 0.7175225916919262 0.0 0.0
47189.0 11038509.0 -0.1526466371441053 -1.7504560931991955 0.7161363931575069 0.0 0.0
47190.0 11038509.0 -0.11313661054281132 -1.7525607090364692 0.714967010024696 0.0 0.0
47191.0 11038509.0 -0.07362658394151733 -1.754665324873743 0.7139805301826256 0.0 0.0
47192.0 11038509.0 -0.016676487946502117 -1.7625269154313283 0.7131483457158662 0.0 0.0
47193.0 11038509.0 0.03700989329604354 -1.7640643626378087 0.7124463232748756 0.0 0.0
47194.0 11038509.0 0.09554650861810732 -1.767069434115156 0.7118541042088616 0.0 0.0
47195.0 11038509.0 0.17036916406587632 -1.770255019701916 0.7113545141649079 0.0 0.0
47196.0 11038509.0 0.2290661018684328 -1.7733114391419933 0.7097412203435287 0.0 0.0
47197.0 11038509.0 0.28275209617780517 -1.7748470252012662 0.7083802619121162 0.0 0.0
47198.0 11038509.0 0.3445346198616899 -1.7771582957200875 0.7072321710761577 0.0 0.0
47199.0 11038509.0 0.3991265255500652 -1.7786385618177902 0.7062636532014093 0.0 0.0
47200.0 11038509.0 0.44190302004669074 -1.7829756578276839 0.7048506989253999 0.0 0.0
47201.0 11038509.0 0.48467951454331626 -1.7873127538375777 0.7030628225741254 0.0 0.0
47202.0 11038509.0 0.5384453881355002 -1.7888726248785585 0.7015545880775016 0.0 0.0
47203.0 11038509.0 0.6010081318694589 -1.7901516156962132 0.7002822566351258 0.0 0.0
47204.0 11038509.0 0.655232798173583 -1.791393246393238 0.6992089306351689 0.0 0.0
47205.0 11038509.0 0.7062592737068994 -1.7901878682574683 0.6971116389354276 0.0 0.0
47206.0 11038509.0 0.760367830983944 -1.7931431909742812 0.695342384764814 0.0 0.0
47207.0 11038509.0 0.8487006612134256 -1.794660429392459 0.6938498597523802 0.0 0.0
47208.0 11038509.0 0.89978327566503 -1.7946403550996852 0.6925907806727655 0.0 0.0
47209.0 11038509.0 0.9534681624193205 -1.7961708628172466 0.6903367895444568 0.0 0.0
47210.0 11038509.0 1.0019895296856487 -1.8012714961034035 0.6884353453129374 0.0 0.0
47211.0 11038509.0 1.0569929757331185 -1.8031151156601661 0.6868313060954931 0.0 0.0
47212.0 11038509.0 1.0985102402817986 -1.8030067689430056 0.6848822324107162 0.0 0.0
47213.0 11038509.0 1.1400275048304787 -1.802898422225845 0.6826420911217479 0.0 0.0
47214.0 11038509.0 1.195036593035944 -1.8044506788888832 0.6807523304753103 0.0 0.0
47215.0 11038509.0 1.2500456812414094 -1.8060029355519214 0.6791581474126567 0.0 0.0
47216.0 11038509.0 1.296895148399111 -1.8067005256031183 0.6778133106249701 0.0 0.0
47217.0 11038509.0 1.359960037109179 -1.809422350220604 0.6754869751572035 0.0 0.0
47218.0 11038509.0 1.4142507709234478 -1.8128997795518142 0.6735245019689957 0.0 0.0
47219.0 11038509.0 1.5004830306141157 -1.8143076417035848 0.6718689793378888 0.0 0.0
47220.0 11038509.0 1.554132457781014 -1.8159391647576992 0.6692805524193765 0.0 0.0
47221.0 11038509.0 1.6111056136159898 -1.8209920201737528 0.667096981521026 0.0 0.0
47222.0 11038509.0 1.6440436684212876 -1.8207663202069984 0.6652549430867853 0.0 0.0
47223.0 11038509.0 1.6740566886186523 -1.8213376151024883 0.6637010180020614 0.0 0.0
47224.0 11038509.0 1.704069708816017 -1.8219089099979782 0.6623901424393972 0.0 0.0
47225.0 11038509.0 1.7492097997758889 -1.8223960429332522 0.6612843010074756 0.0 0.0
47226.0 11038509.0 1.8359198422339253 -1.828862520506598 0.6603514243047708 0.0 0.0
47227.0 11038509.0 1.8855899810704757 -1.829075638812437 0.6595644589069043 0.0 0.0
47228.0 11038509.0 1.9386628063877533 -1.8351889197417208 0.658900582817338 0.0 0.0
47229.0 11038509.0 1.9891354379858963 -1.8356633666963258 0.6571486989412703 0.0 0.0
47230.0 11038509.0 2.036956500690905 -1.8401781584158592 0.6556708273344994 0.0 0.0
47231.0 11038509.0 2.0702264823635357 -1.8402926327544917 0.6544241097204291 0.0 0.0
47232.0 11038509.0 2.1721517557207557 -1.8518392869722247 0.6533723912882512 0.0 0.0
47233.0 11038509.0 2.2204084651257907 -1.8563782854704056 0.6524851722034326 0.0 0.0
47234.0 11038509.0 2.2733087309561943 -1.8630168879667173 0.6517367231125135 0.0 0.0
47235.0 11038509.0 2.32226464439685 -1.8681339081730868 0.6499134943036531 0.0 0.0
47236.0 11038509.0 2.3653952119084587 -1.872049956717609 0.6483754368295985 0.0 0.0
47237.0 11038509.0 2.4027743873601892 -1.8758989343437835 0.6470779470236024 0.0 0.0
47238.0 11038509.0 2.44015356281192 -1.8797479119699578 0.6459833976812908 0.0 0.0
47239.0 11038509.0 2.495770972574398 -1.8878558767198976 0.6450600468717365 0.0 0.0
47240.0 11038509.0 2.5422162373116937 -1.8908669581475273 0.6442811174214625 0.0 0.0
47241.0 11038509.0 2.596654733417771 -1.8941503812607159 0.6436240203764111 0.0 0.0
47242.0 11038509.0 2.6651517460488643 -1.9006200893890448 0.6430696999222755 0.0 0.0
47243.0 11038509.0 2.7141214730341425 -1.9002487206406407 0.6426020807658859 0.0 0.0
47244.0 11038509.0 2.7600508377569564 -1.9023891898231227 0.6410157572635028 0.0 0.0
47245.0 11038509.0 2.78691934868727 -1.9057847153018324 0.6396775507217612 0.0 0.0
47246.0 11038509.0 2.876900665930707 -1.9022093505906266 0.6385486531509508 0.0 0.0
47247.0 11038509.0 2.915986735522077 -1.896742152245862 0.6375963265215179 0.0 0.0
47248.0 11038509.0 2.9532210482017307 -1.890144732401957 0.636792953361209 0.0 0.0
47249.0 11038509.0 2.990455360881384 -1.8835473125580517 0.6361152358483751 0.0 0.0
47250.0 11038509.0 3.0360898473203584 -1.8770626009420706 0.6355435201751443 0.0 0.0
47251.0 11038509.0 3.0888035064986603 -1.8624914304968676 0.6350612265869925 0.0 0.0
47252.0 11038509.0 3.1320331263968506 -1.8470444995989794 0.6340584462257615 0.0 0.0
47253.0 11038509.0 3.175262746295041 -1.831597568701091 0.6326165884609753 0.0 0.0
47254.0 11038509.0 3.2192154773727433 -1.8139332596819524 0.6314002517615576 0.0 0.0
47255.0 11038509.0 3.2515389688524623 -1.7976138351756927 0.630374162363225 0.0 0.0
47256.0 11038509.0 3.3111058289388122 -1.7636675145054712 0.6295085636734259 0.0 0.0
47257.0 11038509.0 3.350037001251491 -1.7409766202049213 0.6287783533301561 0.0 0.0
47258.0 11038509.0 3.381630558088122 -1.7135551949884775 0.6269705105452565 0.0 0.0
47259.0 11038509.0 3.3990661123061945 -1.7023065417976517 0.6254454325661695 0.0 0.0
47260.0 11038509.0 3.416501666524267 -1.6910578886068262 0.6241588921315013 0.0 0.0
47261.0 11038509.0 3.453218676247269 -1.654736550866878 0.6230735795686467 0.0 0.0
47262.0 11038509.0 3.489935685970271 -1.6184152131269298 0.6221580208132829 0.0 0.0
47263.0 11038509.0 3.5179303725301443 -1.5843291543329203 0.6201938199733 0.0 0.0
47264.0 11038509.0 3.554738906098043 -1.533027304330825 0.6185368399125429 0.0 0.0
47265.0 11038509.0 3.5720707190719896 -1.5076689007128206 0.6171390282092495 0.0 0.0
47266.0 11038509.0 3.589402532045936 -1.4823104970948162 0.6159598483240243 0.0 0.0
47267.0 11038509.0 3.6087574371421343 -1.444762960735455 0.6149651040401958 0.0 0.0
47268.0 11038509.0 3.6281123422383326 -1.407215424376094 0.614125947773533 0.0 0.0
47269.0 11038509.0 3.6407191687863305 -1.368575899563325 0.6134180439923027 0.0 0.0
47270.0 11038509.0 3.6543215245957006 -1.3350504205692706 0.6128208634868492 0.0 0.0
47271.0 11038509.0 3.6691983158828405 -1.297618748205639 0.6123170880225143 0.0 0.0
47272.0 11038509.0 3.68480521711602 -1.241618756673622 0.6118921081108323 0.0 0.0
47273.0 11038509.0 3.697653147545359 -1.2022402092336677 0.6103417546461601 0.0 0.0
47274.0 11038509.0 3.707194372505409 -1.172996621395633 0.6090338920662267 0.0 0.0
47275.0 11038509.0 3.7147756781231918 -1.1415950342489045 0.609122437044418 0.0 0.0
47276.0 11038509.0 3.7171868207201233 -1.1342049580772455 0.6091971326968975 0.0 0.0
47277.0 11038509.0 3.719597963317055 -1.1268148819055865 0.609260145197587 0.0 0.0
47278.0 11038509.0 3.7369237459914455 -1.073711902989699 0.6081214572208022 0.0 0.0
47279.0 11038509.0 3.75260314523727 -1.0093251625729582 0.6071608715034208 0.0 0.0
47280.0 11038509.0 3.768168769102272 -0.9697819981427286 0.6051586863714343 0.0 0.0
47281.0 11038509.0 3.7858372653638543 -0.9197110909018261 0.6034696631442195 0.0 0.0
47282.0 11038509.0 3.7954310609809983 -0.8882652336854455 0.6020448201481869 0.0 0.0
47283.0 11038509.0 3.805024856598142 -0.856819376469065 0.6008428369364518 0.0 0.0
47284.0 11038509.0 3.8212068760621465 -0.823551472489801 0.5986370113076696 0.0 0.0
47285.0 11038509.0 3.828374967409631 -0.7934167774712726 0.5967761990068098 0.0 0.0
47286.0 11038509.0 3.8456663137369063 -0.7404193416769922 0.5952064364771474 0.0 0.0
47287.0 11038509.0 3.8520041780696497 -0.7209939855541315 0.5938822006053224 0.0 0.0
47288.0 11038509.0 3.849016027729744 -0.6834804565795249 0.5921691662069496 0.0 0.0
47289.0 11038509.0 3.8460278773898384 -0.6459669276049183 0.5901281452844762 0.0 0.0
47290.0 11038509.0 3.8430397270499324 -0.6084533986303117 0.5878104382311505 0.0 0.0
47291.0 11038509.0 3.8400515767100267 -0.5709398696557051 0.5852593215424261 0.0 0.0
47292.0 11038509.0 3.837063426370121 -0.5334263406810984 0.58251130283433 0.0 0.0
47293.0 11038509.0 3.8340752760302155 -0.4959128117064918 0.5795971795643272 0.0 0.0
47294.0 11038509.0 3.83108712569031 -0.4583992827318852 0.5765429321575879 0.0 0.0
47295.0 11038509.0 3.8280989753504038 -0.42088575375727855 0.5733704774393166 0.0 0.0
47296.0 11038509.0 3.825110825010498 -0.3833722247826719 0.5700983042226833 0.0 0.0
47297.0 11038509.0 3.8221226746705925 -0.3458586958080653 0.5667420094844057 0.0 0.0
47298.0 11038509.0 3.810509473888136 -0.3265723580615945 0.563513391458441 0.0 0.0
47299.0 11038509.0 3.79889627310568 -0.3072860203151237 0.5603924802220365 0.0 0.0
47300.0 11038509.0 3.7872830723232234 -0.28799968256865294 0.5573624293493362 0.0 0.0
47301.0 11038509.0 3.753426384300465 -0.2542515115996139 0.5544090273650321 0.0 0.0
47302.0 11038509.0 3.719569696277707 -0.22050334063057486 0.5515202856115791 0.0 0.0
47303.0 11038509.0 3.6857130082549485 -0.18675516966153585 0.5486860905781271 0.0 0.0
47304.0 11038509.0 3.656790218374409 -0.168509140673859 0.5458184542961592 0.0 0.0
47305.0 11038509.0 3.6278674284938703 -0.15026311168618217 0.5429226073134981 0.0 0.0
47306.0 11038509.0 3.598944638613331 -0.13201708269850532 0.5400029620676468 0.0 0.0
47307.0 11038509.0 3.570021848732792 -0.11377105371082848 0.5370632408464755 0.0 0.0
47308.0 11038509.0 3.541099058852253 -0.09552502472315164 0.5341065837345704 0.0 0.0
47309.0 11038509.0 3.500455060530757 -0.07151424275140886 0.5304205328627636 0.0 0.0
47310.0 11038509.0 3.4664313933888558 -0.06041060846704663 0.5273110174439769 0.0 0.0
47311.0 11038509.0 3.4158085510893734 -0.04412311976328723 0.5234960168428614 0.0 0.0
47312.0 11038509.0 3.39654993992308 -0.037837832364391116 0.5202777207301889 0.0 0.0
47313.0 11038509.0 3.344342332589222 -0.026406034614806756 0.5163709538304875 0.0 0.0
47314.0 11038509.0 3.3258444988564433 -0.023230768441820954 0.5130752445918703 0.0 0.0
47315.0 11038509.0 3.3073466651236645 -0.02005550226883515 0.5102950174464174 0.0 0.0
47316.0 11038509.0 3.251915263160783 -0.01224339825972412 0.5067578011187063 0.0 0.0
47317.0 11038509.0 3.215650549928881 -0.010861896350708361 0.5031779186793356 0.0 0.0
47318.0 11038509.0 3.17938583669698 -0.009480394441692602 0.4995620435375635 0.0 0.0
47319.0 11038509.0 3.1461611267629905 -0.00517756106889114 0.49651172765838075 0.0 0.0
47320.0 11038509.0 3.116121603968975 -0.004717813199819149 0.4927466671930868 0.0 0.0
47321.0 11038509.0 3.0746166001696977 -0.004019970928269917 0.48957050007639236 0.0 0.0
47322.0 11038509.0 3.0265787849640597 0.0011468428254895746 0.4856992727737091 0.0 0.0
47323.0 11038509.0 2.9822528457260367 0.0013642019515487103 0.4812416996932592 0.0 0.0
47324.0 11038509.0 2.9591406967719838 0.0008775330276301063 0.47718337473186273 0.0 0.0
47325.0 11038509.0 2.9360285478179313 0.0003908641037115024 0.47346185146563924 0.0 0.0
47326.0 11038509.0 2.876493535693479 0.001076096328581827 0.46972648954781715 0.0 0.0
47327.0 11038509.0 2.851612972090902 0.00102099904525485 0.46597945348277964 0.0 0.0
47328.0 11038509.0 2.8267324084883247 0.0009659017619278731 0.4622225692246406 0.0 0.0
47329.0 11038509.0 2.793069262678317 0.0012080263129176372 0.4590532994740162 0.0 0.0
47330.0 11038509.0 2.7483047049915204 -0.0026355199507895055 0.4563797354081382 0.0 0.0
47331.0 11038509.0 2.715227327306761 -0.0005983920192590142 0.4541243436690962 0.0 0.0
47332.0 11038509.0 2.67790625435652 -0.0006802229111186053 0.45222171789645804 0.0 0.0
47333.0 11038509.0 2.6437851242379624 0.0008802438659714362 0.4506166819428171 0.0 0.0
47334.0 11038509.0 2.6101562152117044 0.0012288023978996587 0.4492626897655179 0.0 0.0
47335.0 11038509.0 2.582351439296449 0.0009221938397258507 0.447723194028684 0.0 0.0
47336.0 11038509.0 2.554546663381194 0.0006155852815520427 0.44602720935594714 0.0 0.0
47337.0 11038509.0 2.526741887465939 0.0003089767233782348 0.44419921219179803 0.0 0.0
47338.0 11038509.0 2.494396731880519 0.00023890432036624554 0.44265713218121105 0.0 0.0
47339.0 11038509.0 2.4615356067696466 0.00022061064966646948 0.4413562490038792 0.0 0.0
47340.0 11038509.0 2.420703904492836 -0.0024519772671054707 0.44025883704765983 0.0 0.0
47341.0 11038509.0 2.3689934279940648 -0.001455503615312409 0.4381412266776184 0.0 0.0
47342.0 11038509.0 2.3541100347213666 -0.002436853784482468 0.43635483188122787 0.0 0.0
47343.0 11038509.0 2.299533271379395 -0.0009713094929047761 0.43484784720939296 0.0 0.0
47344.0 11038509.0 2.2661214972602144 -0.0010426200947458997 0.4335765701066304 0.0 0.0
47345.0 11038509.0 2.228158953223434 0.0007226416337086372 0.43131228884875594 0.0 0.0
47346.0 11038509.0 2.191526606288292 0.002754656455637633 0.42940216396749536 0.0 0.0
47347.0 11038509.0 2.175130331015655 0.0028517749723649954 0.4277908018412922 0.0 0.0
47348.0 11038509.0 2.158734055743018 0.002948893489092358 0.4264314729684865 0.0 0.0
47349.0 11038509.0 2.110094991164372 0.0024768826267041744 0.42409291212356265 0.0 0.0
47350.0 11038509.0 2.0780691575311097 0.0006687786983854693 0.4221201257302221 0.0 0.0
47351.0 11038509.0 2.04520751562142 0.0006524126211957804 0.4192640582948538 0.0 0.0
47352.0 11038509.0 2.0119214386316107 0.0004243267717481125 0.41685470855003626 0.0 0.0
47353.0 11038509.0 1.9569315305650707 0.002260862274457265 0.41482220535316977 0.0 0.0
47354.0 11038509.0 1.942393778292427 0.003971121888705992 0.41191576142334096 0.0 0.0
47355.0 11038509.0 1.9099331780332593 0.00382442978138052 0.40946391457478903 0.0 0.0
47356.0 11038509.0 1.8774725777740915 0.0036777376740550483 0.407395561248906 0.0 0.0
47357.0 11038509.0 1.8446796481921774 0.0038734260214839944 0.404458874511037 0.0 0.0
47358.0 11038509.0 1.8238352899973709 0.0053071335282313115 0.4019815151339881 0.0 0.0
47359.0 11038509.0 1.7880488697129482 0.004494812662464598 0.3992957173517227 0.0 0.0
47360.0 11038509.0 1.7522624494285255 0.0036824917966978843 0.39643408302855515 0.0 0.0
47361.0 11038509.0 1.71968569520482 0.001822123589528185 0.3940200371132157 0.0 0.0
47362.0 11038509.0 1.674417253616411 0.0018874826183980509 0.39198357227415953 0.0 0.0
47363.0 11038509.0 1.651377057182593 0.0033963556886307256 0.3896697086869519 0.0 0.0
47364.0 11038509.0 1.628336860748775 0.0049052287588634 0.3871218343075637 0.0 0.0
47365.0 11038509.0 1.5909892137381654 0.0020335428066707434 0.38497247312309485 0.0 0.0
47366.0 11038509.0 1.558126970533204 0.002019431979184763 0.38196744897099155 0.0 0.0
47367.0 11038509.0 1.5308629336782607 0.005550785511247616 0.37943244083904704 0.0 0.0
47368.0 11038509.0 1.5139271286153397 0.005358218239692042 0.37729393349143486 0.0 0.0
47369.0 11038509.0 1.4544840080035448 0.0028117408622652523 0.37429806552687006 0.0 0.0
47370.0 11038509.0 1.4216905598971907 0.0030093836677361763 0.3705789367743803 0.0 0.0
47371.0 11038509.0 1.3864207983951544 0.0037824080264678844 0.36744151718834756 0.0 0.0
47372.0 11038509.0 1.356768055503267 0.0027207613626144544 0.36479482160077686 0.0 0.0
47373.0 11038509.0 1.3407380130974924 0.0025831679396450258 0.36256209583962873 0.0 0.0
47374.0 11038509.0 1.3163089415917306 0.0025607304379796636 0.36067859085782983 0.0 0.0
47375.0 11038509.0 1.291879870085969 0.0025382929363143014 0.359089685010908 0.0 0.0
47376.0 11038509.0 1.2493535290884286 0.00556559451432688 0.3577493000293025 0.0 0.0
47377.0 11038509.0 1.2430216362383635 0.002493754223105854 0.35661856474854675 0.0 0.0
47378.0 11038509.0 1.198648971375364 0.005306707641491257 0.3556646878454989 0.0 0.0
47379.0 11038509.0 1.1820339202912034 0.005010076570006489 0.35486000688997044 0.0 0.0
47380.0 11038509.0 1.1564859533093288 0.004010137185378307 0.35418118613425115 0.0 0.0
47381.0 11038509.0 1.1356066821018633 0.00534030977281455 0.35360853977642515 0.0 0.0
47382.0 11038509.0 1.1086805863781883 0.001753282808272319 0.35312546107211545 0.0 0.0
47383.0 11038509.0 1.0915972815681645 0.003829499841114234 0.3527179407388971 0.0 0.0
47384.0 11038509.0 1.0683543927070298 0.003361912452786206 0.3523741606871068 0.0 0.0
47385.0 11038509.0 1.0451115038458951 0.002894325064458178 0.3520841512952426 0.0 0.0
47386.0 11038509.0 1.0264294603497681 0.003701713297782646 0.35183950229094046 0.0 0.0
47387.0 11038509.0 1.007747416853641 0.004509101531107114 0.3516331188530756 0.0 0.0
47388.0 11038509.0 0.989065373357514 0.005316489764431581 0.35145901586194983 0.0 0.0
47389.0 11038509.0 0.989537537855562 0.005303122948004623 0.35131214433082064 0.0 0.0
47390.0 11038509.0 0.9900097023536101 0.005289756131577664 0.3511882449852853 0.0 0.0
47391.0 11038509.0 0.9904818668516581 0.005276389315150706 0.35108372474432314 0.0 0.0
47392.0 11038509.0 0.9909540313497062 0.005263022498723747 0.3509955525209464 0.0 0.0
47393.0 11038509.0 0.9914261958477542 0.005249655682296789 0.35092117132067707 0.0 0.0
47394.0 11038509.0 0.9918983603458023 0.005236288865869831 0.35085842408870743 0.0 0.0
47395.0 11038509.0 0.9923705248438502 0.005222922049442872 0.3508054911553103 0.0 0.0
47396.0 11038509.0 0.9928426893418983 0.005209555233015914 0.35076083746541714 0.0 0.0
47397.0 11038509.0 0.9933148538399463 0.005196188416588956 0.3507231680620211 0.0 0.0
47398.0 11038509.0 0.9937870183379944 0.005182821600161997 0.35069139053242365 0.0 0.0
47399.0 11038509.0 0.9942591828360424 0.005169454783735039 0.3506645833282665 0.0 0.0
47400.0 11038509.0 0.9947313473340905 0.00515608796730808 0.35064196904062905 0.0 0.0
47401.0 11038509.0 0.9952035118321385 0.005142721150881122 0.35062289185516987 0.0 0.0
47402.0 11038509.0 0.9956756763301865 0.005129354334454164 0.3506067985335106 0.0 0.0
47403.0 11038509.0 0.9961478408282346 0.005115987518027205 0.35059322236932317 0.0 0.0
47404.0 11038509.0 0.9966200053262826 0.005102620701600247 0.3505817696538461 0.0 0.0
47405.0 11038509.0 0.9970921698243307 0.005089253885173289 0.3505721082583305 0.0 0.0
47406.0 11038509.0 0.9975643343223787 0.00507588706874633 0.35056395800230655 0.0 0.0
47407.0 11038509.0 0.9980364988204268 0.005062520252319372 0.35055708252834944 0.0 0.0
47408.0 11038509.0 0.9985086633184748 0.005049153435892413 0.3505512824477145 0.0 0.0
47409.0 11038509.0 0.9989808278165229 0.005035786619465455 0.3505463895580633 0.0 0.0
47410.0 11038509.0 0.9994529923145709 0.005022419803038497 0.35054226196559585 0.0 0.0
47411.0 11038509.0 0.999925156812619 0.005009052986611538 0.3505387799701307 0.0 0.0
47412.0 11038509.0 1.000397321310667 0.00499568617018458 0.3505358425937994 0.0 0.0
47413.0 11038509.0 1.000869485808715 0.004982319353757621 0.3505333646526882 0.0 0.0
47414.0 11038509.0 1.001341650306763 0.004968952537330663 0.350531274286505 0.0 0.0
47415.0 11038509.0 1.001813814804811 0.004955585720903705 0.3505295108746304 0.0 0.0
47416.0 11038509.0 1.0022859793028591 0.004942218904476746 0.3505280232781201 0.0 0.0
47417.0 11038509.0 1.0027581438009072 0.004928852088049788 0.3505267683566753 0.0 0.0
47418.0 11038509.0 1.003230308298955 0.00491548527162283 0.3505257097175741 0.0 0.0
47419.0 11038509.0 1.0037024727970032 0.004902118455195871 0.3505248166602825 0.0 0.0
47420.0 11038509.0 1.0041746372950513 0.004888751638768913 0.3505240632861391 0.0 0.0
47421.0 11038509.0 1.0046468017930994 0.004875384822341955 0.3505234277472938 0.0 0.0
47422.0 11038509.0 1.0051189662911473 0.004862018005914996 0.35052289161311995 0.0 0.0
47423.0 11038509.0 1.0055911307891954 0.004848651189488038 0.3505224393357266 0.0 0.0
47424.0 11038509.0 1.0060632952872435 0.004835284373061079 0.3505220577990693 0.0 0.0
47425.0 11038509.0 1.0065354597852916 0.004821917556634121 0.35052173593858504 0.0 0.0
47426.0 11038509.0 1.0070076242833395 0.004808550740207163 0.35052146442031973 0.0 0.0
47427.0 11038509.0 1.0074797887813876 0.004795183923780204 0.3505212353702437 0.0 0.0
47428.0 11038509.0 1.0079519532794357 0.004781817107353246 0.35052104214590474 0.0 0.0
47429.0 11038509.0 1.0084241177774835 0.004768450290926287 0.35052087914379704 0.0 0.0
47430.0 11038509.0 1.0088962822755316 0.004755083474499329 0.3505207416368594 0.0 0.0
47431.0 11038509.0 1.0093684467735797 0.004741716658072371 0.3505206256373907 0.0 0.0
47432.0 11038509.0 1.0098406112716278 0.004728349841645412 0.35052052778140635 0.0 0.0
47433.0 11038509.0 1.0103127757696757 0.004714983025218454 0.3505204452310828 0.0 0.0
47434.0 11038509.0 1.0107849402677238 0.004701616208791496 0.35052037559246063 0.0 0.0
47435.0 11038509.0 1.011257104765772 0.004688249392364537 0.3505203168460198 0.0 0.0
47436.0 11038509.0 1.01172926926382 0.004674882575937579 0.3505202672881136 0.0 0.0
47437.0 11038509.0 1.0122014337618679 0.00466151575951062 0.35052022548156264 0.0 0.0
47438.0 11038509.0 1.012673598259916 0.004648148943083662 0.350520190213977 0.0 0.0
47439.0 11038509.0 1.013145762757964 0.004634782126656704 0.3505201604625967 0.0 0.0
47440.0 11038509.0 1.013617927256012 0.004621415310229745 0.35052013536463167 0.0 0.0
47441.0 11038509.0 1.01409009175406 0.004608048493802787 0.35052011419224094 0.0 0.0
47442.0 11038509.0 1.0145622562521082 0.004594681677375829 0.3505200963314252 0.0 0.0
47443.0 11038509.0 1.0150344207501563 0.00458131486094887 0.35052008126422085 0.0 0.0
47444.0 11038509.0 1.0155065852482041 0.004567948044521912 0.35052006855367884 0.0 0.0
47445.0 11038509.0 1.0159787497462522 0.004554581228094953 0.35052005783119355 0.0 0.0
47446.0 11038509.0 1.0164509142443003 0.004541214411667995 0.3505200487858129 0.0 0.0
47447.0 11038509.0 1.0169230787423484 0.004527847595241037 0.3505200411552208 0.0 0.0
47448.0 11038509.0 1.0173952432403963 0.004514480778814078 0.3505200347181301 0.0 0.0
