4871.0 10532852.0 -1.8513368692556535 1.479993427600565 0.39624000000000004 -2.570776552658184 -0.08556141830814801
4872.0 10532852.0 -1.8522170130862083 1.4596587137401487 0.39624000000000004 -2.570776552658184 -0.08556141830814801
4873.0 10532852.0 -1.8480076259785647 1.4247477536161728 0.3923939552329494 -2.570776552658184 -0.08556141830814801
4874.0 10532852.0 -1.8478419598241624 1.3926787799151759 0.3910806381391568 -2.570776552658184 -0.08556141830814801
4875.0 10532852.0 -1.8409074655066628 1.3636531367549296 0.3904069624477803 -2.570776552658184 -0.08556141830814801
4876.0 10532852.0 -1.8390121490039817 1.330083574271835 0.3882206788911556 -2.570776552658184 -0.08556141830814801
4877.0 10532852.0 -1.8319040500400556 1.2839422729327226 0.3867242862712934 -2.570776552658184 -0.08556141830814801
4878.0 10532852.0 -1.8318210147064076 1.2679077636848806 0.38563041129302394 -2.570776552658184 -0.08556141830814801
4879.0 10532852.0 -1.8259110172346713 1.2170174821340516 0.38479512764981216 -2.570776552658184 -0.08556141830814801
4880.0 10532852.0 -1.8224896710069995 1.2022276604731434 0.38413804902337434 -2.570776552658184 -0.08556141830814801
4881.0 10532852.0 -1.8190683247793278 1.1874378388122355 0.3836103912579072 -2.570776552658184 -0.08556141830814801
4882.0 10532852.0 -1.8197916015484472 1.14993460843497 0.38318050775238477 -2.570776552658184 -0.08556141830814801
4883.0 10532852.0 -1.8158430814594613 1.1256250172157567 0.38159031961012846 -2.570776552658184 -0.08556141830814801
4884.0 10532852.0 -1.80881315674717 1.0803274508766387 0.38027215563282324 -2.570776552658184 -0.08556141830814801
4885.0 10532852.0 -1.8070092443263246 1.036973335394195 0.3779597056424553 -2.570776552658184 -0.08556141830814801
4886.0 10532852.0 -1.8000735077142498 1.0079476311857782 0.37602612488669046 -2.570776552658184 -0.08556141830814801
4887.0 10532852.0 -1.793068600727022 0.9791330161331943 0.37440520111651443 -2.570776552658184 -0.08556141830814801
4888.0 10532852.0 -1.7930196157927258 0.9629929090446299 0.37244397643151833 -2.570776552658184 -0.08556141830814801
4889.0 10532852.0 -1.7929706308584297 0.9468528019560656 0.37019598893748423 -2.570776552658184 -0.08556141830814801
4890.0 10532852.0 -1.781171492090268 0.900112098689906 0.3683038961148773 -2.570776552658184 -0.08556141830814801
4891.0 10532852.0 -1.7774873152496682 0.8747207677631533 0.366710313582351 -2.570776552658184 -0.08556141830814801
4892.0 10532852.0 -1.7701843357348752 0.8454582635878577 0.36536752263339256 -2.570776552658184 -0.08556141830814801
4893.0 10532852.0 -1.7608438235473625 0.8131924308592574 0.3630423762594561 -2.570776552658184 -0.08556141830814801
4894.0 10532852.0 -1.7535448162687182 0.7898901967151116 0.3610820436506489 -2.570776552658184 -0.08556141830814801
4895.0 10532852.0 -1.7462458089900739 0.7665879625709658 0.3594290092754558 -2.570776552658184 -0.08556141830814801
4896.0 10532852.0 -1.734197319523296 0.7355395310658811 0.35684256505511713 -2.570776552658184 -0.08556141830814801
4897.0 10532852.0 -1.7270153851776995 0.7004748019187745 0.35466112278215195 -2.570776552658184 -0.08556141830814801
4898.0 10532852.0 -1.7129096416100535 0.663495703112752 0.3528211537577133 -2.570776552658184 -0.08556141830814801
4899.0 10532852.0 -1.7053529182165075 0.6347346923112765 0.3500771044990214 -2.570776552658184 -0.08556141830814801
4900.0 10532852.0 -1.6942340452126652 0.6024716777024255 0.34776242653769185 -2.570776552658184 -0.08556141830814801
4901.0 10532852.0 -1.6820811771889843 0.5717399296169162 0.34580989218176145 -2.570776552658184 -0.08556141830814801
4902.0 10532852.0 -1.676973438902276 0.5371202739302059 0.344162816687746 -2.570776552658184 -0.08556141830814801
4903.0 10532852.0 -1.6668179105322938 0.504354670815492 0.34158150480621374 -2.570776552658184 -0.08556141830814801
4904.0 10532852.0 -1.659620452929271 0.48155339470628616 0.3399999177922812 -2.570776552658184 -0.08556141830814801
4905.0 10532852.0 -1.6524229953262484 0.4587521185970803 0.33926165990092105 -2.570776552658184 -0.08556141830814801
4906.0 10532852.0 -1.6416753982900933 0.4318686399897168 0.33744701686185824 -2.570776552658184 -0.08556141830814801
4907.0 10532852.0 -1.6271247706205603 0.4014044584770905 0.33591621291618073 -2.570776552658184 -0.08556141830814801
4908.0 10532852.0 -1.6051593068119947 0.3669960974249815 0.3346248485128891 -2.570776552658184 -0.08556141830814801
4909.0 10532852.0 -1.5783791932908635 0.33101306402288366 0.3323436193387983 -2.570776552658184 -0.08556141830814801
4910.0 10532852.0 -1.5590433731461057 0.3029565500757653 0.3304192021954408 -2.570776552658184 -0.08556141830814801
4911.0 10532852.0 -1.5409183832299072 0.2838254451120966 0.32879578616006006 -2.570776552658184 -0.08556141830814801
4912.0 10532852.0 -1.5227933933137086 0.26469434014842796 0.3274262904713273 -2.5465782646875845 0.3621491154493825
4913.0 10532852.0 -1.502969188132757 0.24220345853544387 0.3250791524284982 -2.5465782646875845 0.3621491154493825
4914.0 10532852.0 -1.4784106201748848 0.218164210021317 0.32309913167176624 -2.5465782646875845 0.3621491154493825
4915.0 10532852.0 -1.453531990789575 0.2032506313756904 0.3214288068535435 -2.5465782646875845 0.3621491154493825
4916.0 10532852.0 -1.4267208715264503 0.1833821202923773 0.32001973810646617 -2.5465782646875845 0.3621491154493825
4917.0 10532852.0 -1.3997715446349892 0.16393590170516922 0.31883106216813745 -2.5465782646875845 0.3621491154493825
4918.0 10532852.0 -1.3671230846415294 0.14426165410383826 0.3178283072750169 -2.5465782646875845 0.3621491154493825
4919.0 10532852.0 -1.3213165469927246 0.11864862807567897 0.3157905485398276 -2.5465782646875845 0.3621491154493825
4920.0 10532852.0 -1.3048583363124175 0.11057889826889919 0.3140715159226837 -2.5465782646875845 0.3621491154493825
4921.0 10532852.0 -1.2884001256321105 0.10250916846211941 0.3126213573936024 -2.5465782646875845 0.3621491154493825
4922.0 10532852.0 -1.2606993802128408 0.08807558379194277 0.31139801830476094 -2.5465782646875845 0.3621491154493825
4923.0 10532852.0 -1.214585733437617 0.07019105762491015 0.3103660217922782 -2.5465782646875845 0.3621491154493825
4924.0 10532852.0 -1.183981292814577 0.05784601180361712 0.30949543993909917 -2.5465782646875845 0.3621491154493825
4925.0 10532852.0 -1.1487864172905515 0.048673441027634795 0.30756918114503695 -2.5465782646875845 0.3621491154493825
4926.0 10532852.0 -1.1086388471013118 0.038348832210698264 0.30713605333765853 -2.5465782646875845 0.3621491154493825
4927.0 10532852.0 -1.062917302063051 0.028772163144533097 0.30557882637916645 -2.5465782646875845 0.3621491154493825
4928.0 10532852.0 -1.0452723427360555 0.02568952364782376 0.30366924304722137 -2.5465782646875845 0.3621491154493825
4929.0 10532852.0 -1.0276273834090601 0.02260688415111442 0.30146241542526975 -2.5465782646875845 0.3621491154493825
4930.0 10532852.0 -0.9937956559343377 0.014698721211851756 0.2996007578582414 -2.5465782646875845 0.3621491154493825
4931.0 10532852.0 -0.9339624072084112 0.011607901056936626 0.2980302822736589 -2.5465782646875845 0.3621491154493825
4932.0 10532852.0 -0.923931953170281 0.008328136684579629 0.29670544487774814 -2.5465782646875845 0.3621491154493825
4933.0 10532852.0 -0.8593057576647858 0.004955909168555622 0.2943959806949331 -2.5465782646875845 0.3621491154493825
4934.0 10532852.0 -0.8308668388524927 0.0050040681074262905 0.29244773995430845 -2.5465782646875845 0.3621491154493825
4935.0 10532852.0 -0.8119966473824853 0.00023619231603097535 0.29080422367358183 -2.5465782646875845 0.3621491154493825
4936.0 10532852.0 -0.7594158775964088 0.003490438897062048 0.28822592519127144 -2.5465782646875845 0.3621491154493825
4937.0 10532852.0 -0.7198896873976337 0.002133816817271955 0.28485905385166255 -2.5465782646875845 0.3621491154493825
4938.0 10532852.0 -0.6904262617744347 0.0005624117802681405 0.28201879507451366 -2.5465782646875845 0.3621491154493825
4939.0 10532852.0 -0.6609628361512356 -0.001008993256735674 0.279622781354983 -2.5465782646875845 0.3621491154493825
4940.0 10532852.0 -0.6269461429916181 0.003875839871959691 0.276409683606651 -2.5465782646875845 0.3621491154493825
4941.0 10532852.0 -0.5932442413833916 0.003723043229122841 0.2736991466831739 -2.5465782646875845 0.3621491154493825
4942.0 10532852.0 -0.5552500155677438 0.00719095299656794 0.2726044097019545 -2.5465782646875845 0.3621491154493825
4943.0 10532852.0 -0.5146929972181575 0.0049142067150971525 0.2704890559138729 -2.5465782646875845 0.3621491154493825
4944.0 10532852.0 -0.4700611575245712 0.006679878136635536 0.26870456474735577 -2.5465782646875845 0.3621491154493825
4945.0 10532852.0 -0.4362800329998098 0.005684028871308672 0.2671991859585493 -2.5465782646875845 0.3621491154493825
4946.0 10532852.0 -0.40389678300995535 0.005846298646537046 0.26592926356256313 -2.5465782646875845 0.3621491154493825
4947.0 10532852.0 -0.38762493479423665 0.00590127561631662 0.2648579698099048 -2.5465782646875845 0.3621491154493825
4948.0 10532852.0 -0.37135308657851795 0.005956252586096195 0.2639542371817417 -2.5465782646875845 0.3621491154493825
4949.0 10532852.0 -0.3385574661143689 0.005750324361726206 0.262000012743642 -2.5465782646875845 0.3621491154493825
4950.0 10532852.0 -0.3036739493343532 0.006497670286420315 0.2615432933633251 -2.5465782646875845 0.3621491154493825
4951.0 10532852.0 -0.2586870388624849 0.008265298104383229 0.2611580094905459 -2.5465782646875845 0.3621491154493825
4952.0 10532852.0 -0.22582255766138037 0.008270996976373318 0.2608329878929933 -2.5465782646875845 0.3621491154493825
4953.0 10532852.0 -0.19887841147905094 0.004837792705174787 0.2593669582561317 -2.5465782646875845 0.3621491154493825
4954.0 10532852.0 -0.17102517701492626 0.004729313114274741 0.25813023040869937 -2.5465782646875845 0.3621491154493825
4955.0 10532852.0 -0.1439414750507395 0.0033536605214571635 0.25589509455491494 -2.5465782646875845 0.3621491154493825
4956.0 10532852.0 -0.11560526700237128 0.00472315111624752 0.25400955644322415 -2.5465782646875845 0.3621491154493825
4957.0 10532852.0 -0.0821559840407422 0.004888804132396923 0.25241893546838756 -2.5465782646875845 0.3621491154493825
4958.0 10532852.0 -0.06171612040229685 0.004925673846069845 0.2504811812780323 -2.5465782646875845 0.3621491154493825
4959.0 10532852.0 -0.04127625676385149 0.004962543559742766 0.24825058900063807 -2.5465782646875845 0.3621491154493825
4960.0 10532852.0 0.0012172112581427807 0.001821941263688287 0.2463688838042626 -2.5465782646875845 0.3621491154493825
4961.0 10532852.0 0.017377153273195778 0.0050687547642936925 0.24478149623821097 -2.5465782646875845 0.3621491154493825
4962.0 10532852.0 0.05592736097548312 0.0034509568805924096 0.2422505473748632 -2.5465782646875845 0.3621491154493825
4963.0 10532852.0 0.08927293113042045 0.0033007537802570708 0.2401154643853866 -2.5465782646875845 0.3621491154493825
4964.0 10532852.0 0.1055557283067271 0.0031195064981897336 0.2383143298630863 -2.5465782646875845 0.3621491154493825
4965.0 10532852.0 0.12189701929740987 0.004204324383086225 0.23619898856271337 -2.5465782646875845 0.3621491154493825
4966.0 10532852.0 0.13823831028809264 0.005289142267982716 0.23381858558655705 -2.5465782646875845 0.3621491154493825
4967.0 10532852.0 0.17544671607123896 0.0036431634005859026 0.2318105015924109 -2.5465782646875845 0.3621491154493825
4968.0 10532852.0 0.1966933231916389 0.0020734803185711304 0.2301165021444447 -2.5465782646875845 0.3621491154493825
4969.0 10532852.0 0.21412832854102176 0.0017496158633859768 0.2286874612586674 -2.5465782646875845 0.3621491154493825
4970.0 10532852.0 0.23156333389040462 0.0014257514082008232 0.22748193674939146 -2.5465782646875845 0.3621491154493825
4971.0 10532852.0 0.24899833923978748 0.0011018869530156697 0.22646496840584787 -2.5465782646875845 0.3621491154493825
4972.0 10532852.0 0.26643334458917034 0.0007780224978305161 0.22560706414607387 -2.5465782646875845 0.3621491154493825
4973.0 10532852.0 0.29254319588226635 0.000773822021285503 0.22512171368417688 -2.5465782646875845 0.3621491154493825
4974.0 10532852.0 0.3186530471753623 0.0007696215447404898 0.22495064585676186 -2.5465782646875845 0.3621491154493825
4975.0 10532852.0 0.3447628984684583 0.0007654210681954765 0.22504470369683377 -2.5465782646875845 0.3621491154493825
4976.0 10532852.0 0.37087274976155427 0.0007612205916504633 0.2253624188817547 -2.5465782646875845 0.3621491154493825
4977.0 10532852.0 0.3969826010546503 0.0007570201151054501 0.22586880915188737 -2.5465782646875845 0.3621491154493825
4978.0 10532852.0 0.4202006771472552 -0.0015731234537034733 0.22629599488742477 -2.5465782646875845 0.3621491154493825
4979.0 10532852.0 0.44504323924388406 -0.001649436948268285 0.2266563644746975 -2.5465782646875845 0.3621491154493825
4980.0 10532852.0 0.469885801340513 -0.001725750442833097 0.22696036863173646 -2.5465782646875845 0.3621491154493825
4981.0 10532852.0 0.4947283634371419 -0.0018020639373979089 0.22721682347909578 -2.5465782646875845 0.3621491154493825
4982.0 10532852.0 0.5195709255337708 -0.0018783774319627207 0.22743316620734885 -2.5465782646875845 0.3621491154493825
4983.0 10532852.0 0.5444134876303997 -0.0019546909265275325 0.22761567075561506 -2.5465782646875845 0.3621491154493825
4984.0 10532852.0 0.5692560497270286 -0.0020310044210923445 0.2277696297557941 -2.5465782646875845 0.3621491154493825
4985.0 10532852.0 0.6017010543391215 -0.0019430723857042018 0.22849543036299327 -2.5465782646875845 0.3621491154493825
4986.0 10532852.0 0.6341460589512142 -0.001855140350316059 0.22970363079482137 -2.5465782646875845 0.3621491154493825
4987.0 10532852.0 0.6698306748535654 -0.0013652151202858953 0.2307228565196993 -2.5465782646875845 0.3621491154493825
4988.0 10532852.0 0.702625055361705 -0.0015663315716388793 0.2315826650836485 -2.5465782646875845 0.3621491154493825
4989.0 10532852.0 0.7226930139661126 5.446053275177942e-05 0.2323079909350235 -2.5465782646875845 0.3621491154493825
4990.0 10532852.0 0.7427609725705202 0.001675252637142438 0.23291986852351418 -2.5465782646875845 0.3621491154493825
4991.0 10532852.0 0.7848613022030564 0.002569063793523912 0.23389444410234225 -2.5465782646875845 0.3621491154493825
4992.0 10532852.0 0.8269616318355926 0.0034628749499053856 0.2351749880556014 -2.5465782646875845 0.3621491154493825
4993.0 10532852.0 0.8690619614681288 0.00435668610628686 0.23671364385024388 -2.5465782646875845 0.3621491154493825
4994.0 10532852.0 0.9111622911006649 0.005250497262668333 0.23847004019662196 -2.5465782646875845 0.3621491154493825
4995.0 10532852.0 0.9532626207332011 0.006144308419049806 0.24041012028108832 -2.5465782646875845 0.3621491154493825
4996.0 10532852.0 0.9953629503657372 0.0070381195754312805 0.24250515411840018 -2.5465782646875845 0.3621491154493825
4997.0 10532852.0 1.0374632799982733 0.007931930731812755 0.24473090538214726 -2.5465782646875845 0.3621491154493825
4998.0 10532852.0 1.0795636096308097 0.008825741888194228 0.24706692855128592 -2.5465782646875845 0.3621491154493825
4999.0 10532852.0 1.1216639392633456 0.009719553044575701 0.24949597599002887 -2.5465782646875845 0.3621491154493825
5000.0 10532852.0 1.163764268895882 0.010613364200957175 0.25200349776640735 -2.5465782646875845 0.3621491154493825
5001.0 10532852.0 1.205864598528418 0.01150717535733865 0.2545772197042441 -2.5465782646875845 0.3621491154493825
5002.0 10532852.0 1.2479649281609542 0.012400986513720123 0.25720678743204395 -2.5465782646875845 0.3621491154493825
5003.0 10532852.0 1.2900652577934903 0.013294797670101596 0.2598834661062209 -2.5465782646875845 0.3621491154493825
5004.0 10532852.0 1.3438414059290937 0.012083605354783922 0.26333332998568243 -2.5465782646875845 0.3621491154493825
5005.0 10532852.0 1.3695696273822695 0.009286889884144667 0.2662436004347288 -2.5465782646875845 0.3621491154493825
5006.0 10532852.0 1.4072466966351689 0.007727436135052335 0.2698905199845865 -2.5465782646875845 0.3621491154493825
5007.0 10532852.0 1.439673386824747 0.007766416523657629 0.27356294695809935 -2.5465782646875845 0.3621491154493825
5008.0 10532852.0 1.4721000770143253 0.007805396912262924 0.2772568917374992 -2.5465782646875845 0.3621491154493825
5009.0 10532852.0 1.5145916462839395 0.004673870834106822 0.2815649110654907 -2.5465782646875845 0.3621491154493825
5010.0 10532852.0 1.553785644094029 0.0077598881596546015 0.2851991128143815 -2.5465782646875845 0.3621491154493825
5011.0 10532852.0 1.5973553782882952 0.005211251241949003 0.28945673352309353 -2.5465782646875845 0.3621491154493825
5012.0 10532852.0 1.6447679382705516 0.004912427511390399 0.2930484195039753 -2.5465782646875845 0.3621491154493825
5013.0 10532852.0 1.7074172612404006 0.0023243800885949517 0.29607832965047237 -2.5465782646875845 0.3621491154493825
5014.0 10532852.0 1.7405646037799751 0.0004936721010834477 0.29982617604503736 -2.5465782646875845 0.3621491154493825
5015.0 10532852.0 1.7617757640604004 -0.0011768478205602811 0.30358374388901055 -2.5465782646875845 0.3621491154493825
5016.0 10532852.0 1.7829869243408258 -0.00284736774220401 0.30734951264986715 -2.5465782646875845 0.3621491154493825
5017.0 10532852.0 1.8273826221336118 -0.004496208453440176 0.31052627727756993 -2.5465782646875845 0.3621491154493825
5018.0 10532852.0 1.8822812781311686 -0.006070209449191399 0.31439800863452644 -2.5465782646875845 0.3621491154493825
5019.0 10532852.0 1.921606660194978 -0.010735492491283666 0.3188560069300884 -2.5465782646875845 0.3621491154493825
5020.0 10532852.0 1.9584711500785414 -0.009339952947843733 0.322616729426623 -2.5465782646875845 0.3621491154493825
5021.0 10532852.0 1.9967324525408678 -0.010736813719965377 0.3257892370765296 -2.5465782646875845 0.3621491154493825
5022.0 10532852.0 2.0386481522427164 -0.01671466080647352 0.32965737728985983 -2.5465782646875845 0.3621491154493825
5023.0 10532852.0 2.0971342939807527 -0.01980908330725667 0.3341123461328002 -2.5465782646875845 0.3621491154493825
5024.0 10532852.0 2.1188154569648825 -0.021398455168464642 0.33787051301359183 -2.5465782646875845 0.3621491154493825
5025.0 10532852.0 2.1884130019693115 -0.023097271113777434 0.3422327094599818 -2.5465782646875845 0.3621491154493825
5026.0 10532852.0 2.204270208310465 -0.023485566047766665 0.3465085368248133 -2.5465782646875845 0.3621491154493825
5027.0 10532852.0 2.2201274146516186 -0.023873860981755896 0.35071150410166657 -2.5465782646875845 0.3621491154493825
5028.0 10532852.0 2.2569525834497686 -0.029122793282810838 0.35425708499746816 -2.5465782646875845 0.3621491154493825
5029.0 10532852.0 2.3207000509487585 -0.03405024988308855 0.35843994604640056 -2.5465782646875845 0.3621491154493825
5030.0 10532852.0 2.3616117806284747 -0.032221988400570584 0.3631604102188828 -2.5465782646875845 0.3621491154493825
5031.0 10532852.0 2.4000643788842737 -0.038468848054994315 0.3671425462877126 -2.5465782646875845 0.3621491154493825
5032.0 10532852.0 2.437671445194302 -0.04023395109493308 0.3716936808870903 -2.5465782646875845 0.3621491154493825
5033.0 10532852.0 2.4744760314001075 -0.04173686128674661 0.3755329722321936 -2.5465782646875845 0.3621491154493825
5034.0 10532852.0 2.533867380652304 -0.044772972275055695 0.3799636044602348 -2.5465782646875845 0.3621491154493825
5035.0 10532852.0 2.556316308983158 -0.04672855587863803 0.38250939652941857 -2.5465782646875845 0.3621491154493825
5036.0 10532852.0 2.601982118307804 -0.05100705408468073 0.3858488457861597 -2.5465782646875845 0.3621491154493825
5037.0 10532852.0 2.637869916851361 -0.05150894802077752 0.38866597157069943 -2.5465782646875845 0.3621491154493825
5038.0 10532852.0 2.6976164670842993 -0.0545429087606962 0.39223431521899366 -2.5465782646875845 0.3621491154493825
5039.0 10532852.0 2.739048279253941 -0.06362964508909921 0.39524453400863874 -2.5465782646875845 0.3621491154493825
5040.0 10532852.0 2.782547859482709 -0.06638212021484516 0.3977839242845343 -2.5465782646875845 0.3621491154493825
5041.0 10532852.0 2.841259401869251 -0.0742169877916545 0.4011179730528856 -2.5465782646875845 0.3621491154493825
5042.0 10532852.0 2.8690914968552885 -0.0760013703439873 0.4045264653838727 -2.5465782646875845 0.3621491154493825
5043.0 10532852.0 2.8969235918413263 -0.07778575289632009 0.4079977575550942 -2.5465782646875845 0.3621491154493825
5044.0 10532852.0 2.937439738194599 -0.0842360838237565 0.41092610469541346 -2.5465782646875845 0.3621491154493825
5045.0 10532852.0 2.975102983192631 -0.08718497738270806 0.4133964288718997 -2.5465782646875845 0.3621491154493825
5046.0 10532852.0 3.0393749289800276 -0.09566510198057712 0.4166722141738753 -2.5465782646875845 0.3621491154493825
5047.0 10532852.0 3.0824499255293016 -0.09862766493825384 0.41943563368689324 -2.5465782646875845 0.3621491154493825
5048.0 10532852.0 3.0988000498292463 -0.09859090170134213 0.4229586712650353 -2.5465782646875845 0.3621491154493825
5049.0 10532852.0 3.149408073733041 -0.10132512460317525 0.42593067030986337 -2.5465782646875845 0.3621491154493825
5050.0 10532852.0 3.207100252979002 -0.10683845198626321 0.4284378187936775 -2.5465782646875845 0.3621491154493825
5051.0 10532852.0 3.2711920382292403 -0.10906654208760827 0.4317446687107125 -2.5465782646875845 0.3621491154493825
5052.0 10532852.0 3.32186876011391 -0.11158839359796671 0.43572613870856236 -2.5465782646875845 0.3621491154493825
5053.0 10532852.0 3.3650921857636744 -0.11518184193726869 0.4390848667289606 -2.5465782646875845 0.3621491154493825
5054.0 10532852.0 3.409807100826926 -0.11692551609409821 0.4431101005727029 -2.5465782646875845 0.3621491154493825
5055.0 10532852.0 3.4388145357515314 -0.11782580678356953 0.44650574733305354 -2.5465782646875845 0.3621491154493825
5056.0 10532852.0 3.467821970676137 -0.11872609747304085 0.4493702807660628 -2.5465782646875845 0.3621491154493825
5057.0 10532852.0 3.4968294056007423 -0.11962638816251217 0.45178677234128783 -2.5465782646875845 0.3621491154493825
5058.0 10532852.0 3.5316592330833405 -0.1244513118699602 0.4538253003144102 -2.5465782646875845 0.3621491154493825
5059.0 10532852.0 3.5876947281148928 -0.125059598256417 0.4559422635593852 -2.5465782646875845 0.3621491154493825
5060.0 10532852.0 3.643730223146445 -0.12566788464287376 0.45812539401031716 -2.5465782646875845 0.3621491154493825
5061.0 10532852.0 3.6997657181779973 -0.12627617102933056 0.460364342450283 -2.5465782646875845 0.3621491154493825
5062.0 10532852.0 3.733635629078912 -0.12424512134900603 0.46296820363422964 -2.5465782646875845 0.3621491154493825
5063.0 10532852.0 3.767505539979827 -0.1222140716686815 0.46587990153649145 -2.5465782646875845 0.3621491154493825
5064.0 10532852.0 3.801375450880742 -0.12018302198835698 0.46905128739623403 -2.5465782646875845 0.3621491154493825
5065.0 10532852.0 3.8352453617816566 -0.11815197230803245 0.47244174340338996 -2.5465782646875845 0.3621491154493825
5066.0 10532852.0 3.8691152726825715 -0.11612092262770793 0.47601700478216674 -2.5465782646875845 0.3621491154493825
5067.0 10532852.0 3.9172976074128156 -0.10614375635753051 0.47903305929962636 -2.5465782646875845 0.3621491154493825
5068.0 10532852.0 3.9837935145298493 -0.08847473944915343 0.48276921722497934 -2.5465782646875845 0.3621491154493825
5069.0 10532852.0 4.041578715048427 -0.06375800297269021 0.48711284713806097 -2.5465782646875845 0.3621491154493825
5070.0 10532852.0 4.077576406961643 -0.04594974382535047 0.4919689343063506 -2.5465782646875845 0.3621491154493825
5071.0 10532852.0 4.114202802699984 -0.019410449046059736 0.4960654805695243 -2.5465782646875845 0.3621491154493825
5072.0 10532852.0 4.151446614762487 0.012651313409184135 0.49991856733194906 -2.5465782646875845 0.3621491154493825
5073.0 10532852.0 4.188690426824991 0.044713075864428006 0.503566274109735 -2.5465782646875845 0.3621491154493825
5074.0 10532852.0 4.225934238887493 0.07677483831967188 0.507040724399438 -2.5465782646875845 0.3621491154493825
5075.0 10532852.0 4.24891112889326 0.10964834173819335 0.5104484735720064 -2.5465782646875845 0.3621491154493825
5076.0 10532852.0 4.271888018899027 0.14252184515671482 0.5137999543534447 -2.5465782646875845 0.3621491154493825
5077.0 10532852.0 4.294864908904794 0.17539534857523628 0.5171039676864146 -2.5465782646875845 0.3621491154493825
5078.0 10532852.0 4.31784179891056 0.20826885199375775 0.5203679379575722 -2.5465782646875845 0.3621491154493825
5079.0 10532852.0 4.340818688916327 0.2411423554122792 0.523598128304781 -2.5465782646875845 0.3621491154493825
5080.0 10532852.0 4.360323394207038 0.29820703752307476 0.5269190067169307 -2.5465782646875845 0.3621491154493825
5081.0 10532852.0 4.3798280994977485 0.35527171963387033 0.5303163886679735 -2.5465782646875845 0.3621491154493825
5082.0 10532852.0 4.399332804788459 0.4123364017446659 0.5337783082344896 -2.5465782646875845 0.3621491154493825
5083.0 10532852.0 4.418837510079171 0.4694010838554614 0.5372946710839079 -2.5465782646875845 0.3621491154493825
5084.0 10532852.0 4.4383422153698815 0.5264657659662569 0.5408569617388618 -2.5465782646875845 0.3621491154493825
5085.0 10532852.0 4.457846920660592 0.5835304480770526 0.5444579966283447 -2.5465782646875845 0.3621491154493825
5086.0 10532852.0 4.463466398790317 0.6361307153698778 0.5486876381082539 -2.5465782646875845 0.3621491154493825
5087.0 10532852.0 4.470257086177373 0.6923204549351177 0.5522557210933025 -2.5465782646875845 0.3621491154493825
5088.0 10532852.0 4.473265455884192 0.7260316755734599 0.5558616423341589 -2.5465782646875845 0.3621491154493825
5089.0 10532852.0 4.476273825591012 0.7597428962118021 0.5594994835468081 -2.5465782646875845 0.3621491154493825
5090.0 10532852.0 4.476251302497699 0.815001656777785 0.56217104821958 -2.5465782646875845 0.3621491154493825
5091.0 10532852.0 4.476228779404385 0.8702604173437679 0.564027471727985 -2.5465782646875845 0.3621491154493825
5092.0 10532852.0 4.476206256311072 0.9255191779097508 0.5651962503537667 -2.5465782646875845 0.3621491154493825
5093.0 10532852.0 4.476050365849441 0.9576930005615777 0.5661822202398078 -2.5465782646875845 0.3621491154493825
5094.0 10532852.0 4.473753493984056 1.0404436130574444 0.5670139745128032 -2.5465782646875845 0.3621491154493825
5095.0 10532852.0 4.47067749813212 1.0779506468539002 0.568311556390772 -2.5465782646875845 0.3621491154493825
5096.0 10532852.0 4.467601502280184 1.115457680650356 0.5700021057481753 -2.5465782646875845 0.3621491154493825
5097.0 10532852.0 4.465791710716214 1.1847331337678297 0.5714282361722758 -2.5465782646875845 0.3621491154493825
5098.0 10532852.0 4.460828581986272 1.2402609130117352 0.5726313054453722 -2.5465782646875845 0.3621491154493825
5099.0 10532852.0 4.455865453256329 1.295788692255641 0.5736462025763844 -2.5465782646875845 0.3621491154493825
5100.0 10532852.0 4.455615982407356 1.3439964433201526 0.575694204270316 -2.5465782646875845 0.3621491154493825
5101.0 10532852.0 4.454852122826588 1.3732149536785003 0.5774218778880867 -2.5465782646875845 0.3621491154493825
5102.0 10532852.0 4.449400080203301 1.4237043592163876 0.578879325964612 -2.5465782646875845 0.3621491154493825
5103.0 10532852.0 4.443948037580013 1.4741937647542749 0.580108814494111 -2.5465782646875845 0.3621491154493825
5104.0 10532852.0 4.434205475386582 1.527309888780171 0.5814439598159903 -2.5465782646875845 0.3621491154493825
5105.0 10532852.0 4.424462913193151 1.580426012806067 0.5828682361445843 -2.5465782646875845 0.3621491154493825
5106.0 10532852.0 4.414720350999722 1.633542136831963 0.5843677024934223 -2.5465782646875845 0.3621491154493825
5107.0 10532852.0 4.404977788806291 1.686658260857859 0.5859305983866205 -2.5465782646875845 0.3621491154493825
5108.0 10532852.0 4.381351417029259 1.763871115088007 0.5872490416330308 -2.5465782646875845 0.3621491154493825
5109.0 10532852.0 4.373358137832456 1.7869800401608296 0.588361267086799 -2.5465782646875845 0.3621491154493825
5110.0 10532852.0 4.365364858635654 1.8100889652336518 0.5892995292860844 -2.5465782646875845 0.3621491154493825
