10612.0 10584392.0 0.20784046100316123 0.0035708877587543875 0.21336000000000002 -2.0372626117500676 0.28971929235950594
10613.0 10584392.0 0.2282800861534945 0.003608651385723173 0.21336000000000002 -2.0372626117500676 0.28971929235950594
10614.0 10584392.0 0.24871971130382775 0.0036464150126919587 0.21336000000000002 -2.0372626117500676 0.28971929235950594
10615.0 10584392.0 0.269159336454161 0.0036841786396607443 0.21336000000000002 -2.0372626117500676 0.28971929235950594
10616.0 10584392.0 0.2895989616044943 0.00372194226662953 0.21336000000000002 -2.0372626117500676 0.28971929235950594
10617.0 10584392.0 0.3280507635375586 0.0036176991718482785 0.21336000000000002 -2.0372626117500676 0.28971929235950594
10618.0 10584392.0 0.3665025654706229 0.0035134560770670267 0.21336000000000002 -2.0372626117500676 0.28971929235950594
10619.0 10584392.0 0.4049543674036872 0.0034092129822857753 0.21336000000000002 -2.0372626117500676 0.28971929235950594
10620.0 10584392.0 0.4382537538965133 0.0033924285144955046 0.21336000000000002 -2.0372626117500676 0.28971929235950594
10621.0 10584392.0 0.4603371294095605 0.0016668671712977978 0.21336000000000002 -2.0372626117500676 0.28971929235950594
10622.0 10584392.0 0.49850030107942933 0.0018355451129720602 0.21382592379160784 -2.0372626117500676 0.28971929235950594
10623.0 10584392.0 0.5366634727492982 0.0020042230546463225 0.21466183038894854 -2.0372626117500676 0.28971929235950594
10624.0 10584392.0 0.574826644419167 0.0021729009963205844 0.21579938829644102 -2.0372626117500676 0.28971929235950594
10625.0 10584392.0 0.6129898160890358 0.0023415789379948467 0.21718721933763588 -2.0372626117500676 0.28971929235950594
10626.0 10584392.0 0.6511529877589046 0.002510256879669109 0.21878503090809742 -2.0372626117500676 0.28971929235950594
10627.0 10584392.0 0.6893161594287733 0.002678934821343371 0.220560231411808 -2.0372626117500676 0.28971929235950594
10628.0 10584392.0 0.7274793310986423 0.0028476127630176333 0.2224858850391686 -2.0372626117500676 0.28971929235950594
10629.0 10584392.0 0.765642502768511 0.0030162907046918956 0.22453941201326147 -2.0372626117500676 0.28971929235950594
10630.0 10584392.0 0.8038056744383799 0.003184968646366158 0.2267017158035979 -2.0372626117500676 0.28971929235950594
10631.0 10584392.0 0.8419688461082486 0.0033536465880404202 0.2289565625405822 -2.0372626117500676 0.28971929235950594
10632.0 10584392.0 0.8801320177781174 0.003522324529714682 0.23129011511640585 -2.0372626117500676 0.28971929235950594
10633.0 10584392.0 0.9147635595638428 0.0028892174563019523 0.23376809252211428 -2.0372626117500676 0.28971929235950594
10634.0 10584392.0 0.9493951013495683 0.002256110382889222 0.23636820215410684 -2.0372626117500676 0.28971929235950594
10635.0 10584392.0 0.9840266431352936 0.001623003309476492 0.23907159221988267 -2.0372626117500676 0.28971929235950594
10636.0 10584392.0 1.018658184921019 0.000989896236063762 0.24186231102826797 -2.0372626117500676 0.28971929235950594
10637.0 10584392.0 1.0532897267067445 0.0003567891626510321 0.24472685787553047 -2.0372626117500676 0.28971929235950594
10638.0 10584392.0 1.0879212684924697 -0.00027631791076169815 0.24765380666469386 -2.0372626117500676 0.28971929235950594
10639.0 10584392.0 1.1225528102781952 -0.0009094249841744284 0.25063348865760826 -2.0372626117500676 0.28971929235950594
10640.0 10584392.0 1.1548651751328307 -0.0009511634292534016 0.25433888653438735 -2.0372626117500676 0.28971929235950594
10641.0 10584392.0 1.192577041795425 -0.002406197080560321 0.2574644874237193 -2.0372626117500676 0.28971929235950594
10642.0 10584392.0 1.239554653582288 -0.0026822167848546824 0.2612930121933136 -2.0372626117500676 0.28971929235950594
10643.0 10584392.0 1.266818900122713 -0.006214692471826974 0.2645225939453976 -2.0372626117500676 0.28971929235950594
10644.0 10584392.0 1.3047375450119727 -0.007035768509782117 0.26843885593596334 -2.0372626117500676 0.28971929235950594
10645.0 10584392.0 1.3456432275731764 -0.015024077776767425 0.2717425113078671 -2.0372626117500676 0.28971929235950594
10646.0 10584392.0 1.3644818316703313 -0.01580386678111831 0.27512533806459194 -2.0372626117500676 0.28971929235950594
10647.0 10584392.0 1.3833204357674864 -0.016583655785469192 0.27857495985162556 -2.0372626117500676 0.28971929235950594
10648.0 10584392.0 1.4331827724376658 -0.02270737140353768 0.28148500581053404 -2.0372626117500676 0.28971929235950594
10649.0 10584392.0 1.4666646506570684 -0.02242885693753635 0.28513173268941827 -2.0372626117500676 0.28971929235950594
10650.0 10584392.0 1.504341741417154 -0.023987790996536973 0.28701621293354657 -2.0372626117500676 0.28971929235950594
10651.0 10584392.0 1.5485417537857928 -0.0273266334765295 0.2886059375124304 -2.0372626117500676 0.28971929235950594
10652.0 10584392.0 1.5900585756328693 -0.03072341084998409 0.2899470107730314 -2.0372626117500676 0.28971929235950594
10653.0 10584392.0 1.6298795652280795 -0.03251466522931745 0.2910783252411906 -2.0372626117500676 0.28971929235950594
10654.0 10584392.0 1.6732879885357856 -0.036236617579868624 0.2926286130314344 -2.0372626117500676 0.28971929235950594
10655.0 10584392.0 1.7166964118434918 -0.039958569930419796 0.29453234228756725 -2.0372626117500676 0.28971929235950594
10656.0 10584392.0 1.76265800656076 -0.0487780025334516 0.2961383083931669 -2.0372626117500676 0.28971929235950594
10657.0 10584392.0 1.8145030257299883 -0.05589710743222778 0.2986849300674585 -2.0372626117500676 0.28971929235950594
10658.0 10584392.0 1.8573582918916602 -0.0633509606060654 0.30202507908766507 -2.0372626117500676 0.28971929235950594
10659.0 10584392.0 1.8814690598962096 -0.06701946900451541 0.30484279472046677 -2.0372626117500676 0.28971929235950594
10660.0 10584392.0 1.9481497640705379 -0.07629569303923028 0.30841163588989 -2.0372626117500676 0.28971929235950594
10661.0 10584392.0 1.9898923387196328 -0.08443675679948934 0.3126141189695292 -2.0372626117500676 0.28971929235950594
10662.0 10584392.0 2.0246293165000253 -0.09227580224605902 0.31615929119050984 -2.0372626117500676 0.28971929235950594
10663.0 10584392.0 2.0655005375804825 -0.10036550085946813 0.3203418074346511 -2.0372626117500676 0.28971929235950594
10664.0 10584392.0 2.111186476801813 -0.11002717174402182 0.3250619806809122 -2.0372626117500676 0.28971929235950594
10665.0 10584392.0 2.147801790699191 -0.11687256389231102 0.3293418324235758 -2.0372626117500676 0.28971929235950594
10666.0 10584392.0 2.1844171045965686 -0.1237179560406002 0.33325023340475163 -2.0372626117500676 0.28971929235950594
10667.0 10584392.0 2.222327126181432 -0.13203709811290645 0.33684528227916244 -2.0372626117500676 0.28971929235950594
10668.0 10584392.0 2.2602371477662953 -0.14035624018521273 0.34017599048086905 -2.0372626117500676 0.28971929235950594
10669.0 10584392.0 2.305283417764362 -0.1465368056585923 0.34298574238389984 -2.0372626117500676 0.28971929235950594
10670.0 10584392.0 2.3533176196516123 -0.15988407949092412 0.3465478654976944 -2.0372626117500676 0.28971929235950594
10671.0 10584392.0 2.3995083742706607 -0.1693581891575147 0.34955283669867 -2.0372626117500676 0.28971929235950594
10672.0 10584392.0 2.4472254082797678 -0.17687711489316796 0.3532796448483043 -2.0372626117500676 0.28971929235950594
10673.0 10584392.0 2.4929115792943772 -0.1865363111217099 0.3564235426920477 -2.0372626117500676 0.28971929235950594
10674.0 10584392.0 2.534629710088802 -0.19746971929700344 0.36026754795996446 -2.0372626117500676 0.28971929235950594
10675.0 10584392.0 2.5763036478441386 -0.20581844194967017 0.3635103121153292 -2.0372626117500676 0.28971929235950594
10676.0 10584392.0 2.621241506303953 -0.2204892671687683 0.3662458753200027 -2.0372626117500676 0.28971929235950594
10677.0 10584392.0 2.6683038472225524 -0.23001245825941877 0.36974541359658597 -2.0372626117500676 0.28971929235950594
10678.0 10584392.0 2.714460363345379 -0.23959006994310514 0.3738894335550228 -2.0372626117500676 0.28971929235950594
10679.0 10584392.0 2.77544777224542 -0.25949920913707136 0.37738528708561764 -2.0372626117500676 0.28971929235950594
10680.0 10584392.0 2.800324264875229 -0.26761989051558377 0.38152619862957016 -2.0372626117500676 0.28971929235950594
10681.0 10584392.0 2.865324268165878 -0.2888380301472181 0.38621127462167604 -2.0372626117500676 0.28971929235950594
10682.0 10584392.0 2.9008062449760246 -0.2982007268529384 0.3901635575774285 -2.0372626117500676 0.28971929235950594
10683.0 10584392.0 2.9519369485773668 -0.3118535101694443 0.3946895083909854 -2.0372626117500676 0.28971929235950594
10684.0 10584392.0 3.002091569985888 -0.32822450418490545 0.3996993996359581 -2.0372626117500676 0.28971929235950594
10685.0 10584392.0 3.0492553976028915 -0.3415162338257475 0.4051175381584731 -2.0372626117500676 0.28971929235950594
10686.0 10584392.0 3.0712833970286346 -0.34870607941514 0.40968822528747056 -2.0372626117500676 0.28971929235950594
10687.0 10584392.0 3.0933113964543777 -0.3558959250045325 0.41354401094973664 -2.0372626117500676 0.28971929235950594
10688.0 10584392.0 3.143708869890232 -0.3690742554570545 0.4167967129295042 -2.0372626117500676 0.28971929235950594
10689.0 10584392.0 3.182882576313159 -0.3796403474233966 0.42073250427241804 -2.0372626117500676 0.28971929235950594
10690.0 10584392.0 3.2419877778464814 -0.3944333506648103 0.4240526982392109 -2.0372626117500676 0.28971929235950594
10691.0 10584392.0 3.277140578330234 -0.4037157090860304 0.42685358045492816 -2.0372626117500676 0.28971929235950594
10692.0 10584392.0 3.3122933788139868 -0.41299806750725043 0.42921637650383077 -2.0372626117500676 0.28971929235950594
10693.0 10584392.0 3.3375716566149105 -0.4212477991719221 0.4312096074713399 -2.0372626117500676 0.28971929235950594
10694.0 10584392.0 3.406769961489828 -0.44184477638931263 0.4352747664319276 -2.0372626117500676 0.28971929235950594
10695.0 10584392.0 3.475960393384054 -0.4556632828582651 0.43989593830724283 -2.0372626117500676 0.28971929235950594
10696.0 10584392.0 3.516084900850137 -0.46875711985119006 0.4437943123934649 -2.0372626117500676 0.28971929235950594
10697.0 10584392.0 3.562574684042212 -0.47867125158824875 0.4482747862273005 -2.0372626117500676 0.28971929235950594
10698.0 10584392.0 3.589495425298396 -0.4816153425962878 0.45324631354993095 -2.0372626117500676 0.28971929235950594
10699.0 10584392.0 3.6449395095430273 -0.49293228153872526 0.45982393334191735 -2.0372626117500676 0.28971929235950594
10700.0 10584392.0 3.682704489510747 -0.5012835590013405 0.46537274720081817 -2.0372626117500676 0.28971929235950594
10701.0 10584392.0 3.729628149125528 -0.5153097321926848 0.4712455154167464 -2.0372626117500676 0.28971929235950594
10702.0 10584392.0 3.7849220947735756 -0.5292632003188035 0.47619972357975976 -2.0372626117500676 0.28971929235950594
10703.0 10584392.0 3.8310229415917583 -0.5376468525284207 0.4815708884147901 -2.0372626117500676 0.28971929235950594
10704.0 10584392.0 3.8748394177678147 -0.5519431010574184 0.4861019490138492 -2.0372626117500676 0.28971929235950594
10705.0 10584392.0 3.912478534246235 -0.560135207375242 0.491116150822514 -2.0372626117500676 0.28971929235950594
10706.0 10584392.0 3.9609525311491485 -0.5694090695249084 0.4953460810050316 -2.0372626117500676 0.28971929235950594
10707.0 10584392.0 3.980613857119651 -0.5758236962333574 0.49951032988079713 -2.0372626117500676 0.28971929235950594
10708.0 10584392.0 4.000275183090154 -0.5822383229418062 0.5036191706672078 -2.0372626117500676 0.28971929235950594
10709.0 10584392.0 4.0666213509747795 -0.5993280203120617 0.5070853474029675 -2.0372626117500676 0.28971929235950594
10710.0 10584392.0 4.085320087749738 -0.604610650685169 0.5100093792134133 -2.0372626117500676 0.28971929235950594
10711.0 10584392.0 4.150302486091719 -0.6204369260612009 0.5136679077092522 -2.0372626117500676 0.28971929235950594
10712.0 10584392.0 4.189810658212834 -0.6288867936296384 0.5179460502168637 -2.0372626117500676 0.28971929235950594
10713.0 10584392.0 4.23534774232556 -0.6428074419880493 0.5215550481807643 -2.0372626117500676 0.28971929235950594
10714.0 10584392.0 4.27948587798041 -0.6572058889020004 0.5257914072301112 -2.0372626117500676 0.28971929235950594
10715.0 10584392.0 4.317045397813404 -0.6645520974211486 0.5293651570891313 -2.0372626117500676 0.28971929235950594
10716.0 10584392.0 4.361266113614064 -0.6732533101415682 0.5323799365037363 -2.0372626117500676 0.28971929235950594
10717.0 10584392.0 4.405245787568174 -0.6826932705577599 0.5361150187651538 -2.0372626117500676 0.28971929235950594
10718.0 10584392.0 4.4454749000302565 -0.6954650851550305 0.540457741258965 -2.0372626117500676 0.28971929235950594
10719.0 10584392.0 4.493515153133292 -0.7006221889866716 0.5441212182492862 -2.0372626117500676 0.28971929235950594
10720.0 10584392.0 4.5433880264601525 -0.711049022527761 0.5472116905688367 -2.0372626117500676 0.28971929235950594
10721.0 10584392.0 4.593033291743158 -0.7167289635933511 0.5498187819148834 -2.0372626117500676 0.28971929235950594
10722.0 10584392.0 4.635545785157911 -0.7252216798421679 0.553209942624666 -2.0372626117500676 0.28971929235950594
10723.0 10584392.0 4.6836204182721035 -0.7302719139368054 0.556070691670564 -2.0372626117500676 0.28971929235950594
10724.0 10584392.0 4.706481718218154 -0.7350414716561322 0.5584839907749083 -2.0372626117500676 0.28971929235950594
10725.0 10584392.0 4.729343018164205 -0.7398110293754592 0.560519825611725 -2.0372626117500676 0.28971929235950594
10726.0 10584392.0 4.792644383004268 -0.7444534986807715 0.5634290800794859 -2.0372626117500676 0.28971929235950594
10727.0 10584392.0 4.839950846047866 -0.7491353630769594 0.5658832978695518 -2.0372626117500676 0.28971929235950594
10728.0 10584392.0 4.89365622979559 -0.7505306627153526 0.5679536512978348 -2.0372626117500676 0.28971929235950594
10729.0 10584392.0 4.921243826377719 -0.7476132482528185 0.5697001806137549 -2.0372626117500676 0.28971929235950594
10730.0 10584392.0 4.9664423081221 -0.746233821133908 0.571173535167474 -2.0372626117500676 0.28971929235950594
10731.0 10584392.0 4.988136202530853 -0.7439639144813454 0.5724164422410498 -2.0372626117500676 0.28971929235950594
10732.0 10584392.0 5.067769054421815 -0.732554524143591 0.5746567908278203 -2.0372626117500676 0.28971929235950594
10733.0 10584392.0 5.116993567454397 -0.7245443997323289 0.5777385710368018 -2.0372626117500676 0.28971929235950594
10734.0 10584392.0 5.168181422682476 -0.7064281893702065 0.5803383298058505 -2.0372626117500676 0.28971929235950594
10735.0 10584392.0 5.210573425233996 -0.6935031007361492 0.5837233048274733 -2.0372626117500676 0.28971929235950594
10736.0 10584392.0 5.27985516511547 -0.6689050117088744 0.5865788356890926 -2.0372626117500676 0.28971929235950594
10737.0 10584392.0 5.2995916872478634 -0.6530308576897168 0.5889877327856957 -2.0372626117500676 0.28971929235950594
10738.0 10584392.0 5.369252693559893 -0.622365233916049 0.5922116988212882 -2.0372626117500676 0.28971929235950594
10739.0 10584392.0 5.407403611626063 -0.6017490844277322 0.5949314041226981 -2.0372626117500676 0.28971929235950594
10740.0 10584392.0 5.4284952235053066 -0.5867545430783189 0.5978216424877683 -2.0372626117500676 0.28971929235950594
10741.0 10584392.0 5.449586835384551 -0.5717600017289055 0.6008557408290859 -2.0372626117500676 0.28971929235950594
10742.0 10584392.0 5.481044117311598 -0.5522024321086461 0.603415275654447 -2.0372626117500676 0.28971929235950594
10743.0 10584392.0 5.512501399238645 -0.5326448624883867 0.605574473473787 -2.0372626117500676 0.28971929235950594
10744.0 10584392.0 5.581305920106454 -0.4809077309262206 0.6085877957120711 -2.0372626117500676 0.28971929235950594
10745.0 10584392.0 5.580971414355921 -0.47994878798402046 0.6111313532175411 -2.0372626117500676 0.28971929235950594
10746.0 10584392.0 5.580636908605389 -0.4789898450418203 0.6132786219221535 -2.0372626117500676 0.28971929235950594
10747.0 10584392.0 5.580302402854857 -0.4780309020996202 0.6150915853826405 -2.0372626117500676 0.28971929235950594
10748.0 10584392.0 5.579967897104325 -0.47707195915742007 0.616622532303654 -2.0372626117500676 0.28971929235950594
10749.0 10584392.0 5.579633391353792 -0.47611301621521995 0.6179155729102017 -2.0372626117500676 0.28971929235950594
10750.0 10584392.0 5.579298885603261 -0.4751540732730198 0.6190079181441716 -2.0372626117500676 0.28971929235950594
10751.0 10584392.0 5.578964379852728 -0.47419513033081967 0.6199309587816467 -2.0372626117500676 0.28971929235950594
10752.0 10584392.0 5.578629874102196 -0.47323618738861956 0.6207111757654121 -2.0372626117500676 0.28971929235950594
10753.0 10584392.0 5.578295368351664 -0.47227724444641944 0.621370908152295 -2.0372626117500676 0.28971929235950594
10754.0 10584392.0 5.577960862601132 -0.4713183015042193 0.621929000945813 -2.0372626117500676 0.28971929235950594
10755.0 10584392.0 5.577626356850599 -0.47035935856201916 0.6224013516012764 -2.0372626117500676 0.28971929235950594
10756.0 10584392.0 5.5772918511000675 -0.46940041561981904 0.6228013710519915 -2.0372626117500676 0.28971929235950594
10757.0 10584392.0 5.576957345349535 -0.46844147267761893 0.6231403726263274 -2.0372626117500676 0.28971929235950594
10758.0 10584392.0 5.576622839599003 -0.46748252973541876 0.6234279001342378 -2.0372626117500676 0.28971929235950594
10759.0 10584392.0 5.576288333848471 -0.46652358679321865 0.6236720046377501 -2.0372626117500676 0.28971929235950594
10760.0 10584392.0 5.575953828097939 -0.46556464385101853 0.6238794779317643 -2.0372626117500676 0.28971929235950594
10761.0 10584392.0 5.575619322347406 -0.46460570090881836 0.624056049506105 -2.0372626117500676 0.28971929235950594
10762.0 10584392.0 5.5752848165968745 -0.46364675796661825 0.6242065527007262 -2.0372626117500676 0.28971929235950594
10763.0 10584392.0 5.574950310846342 -0.46268781502441814 0.62433506487257 -2.0372626117500676 0.28971929235950594
10764.0 10584392.0 5.57461580509581 -0.461728872082218 0.6244450256389178 -2.0372626117500676 0.28971929235950594
10765.0 10584392.0 5.5742812993452775 -0.46076992914001785 0.6245393366262919 -2.0372626117500676 0.28971929235950594
10766.0 10584392.0 5.573946793594745 -0.45981098619781774 0.6246204456176242 -2.0372626117500676 0.28971929235950594
10767.0 10584392.0 5.573612287844213 -0.4588520432556176 0.6246904175379615 -2.0372626117500676 0.28971929235950594
10768.0 10584392.0 5.5732777820936805 -0.4578931003134175 0.6247509943372915 -2.0372626117500676 0.28971929235950594
10769.0 10584392.0 5.572943276343149 -0.45693415737121734 0.6248036455070931 -2.0372626117500676 0.28971929235950594
10770.0 10584392.0 5.572608770592616 -0.45597521442901723 0.6248496106955885 -2.0372626117500676 0.28971929235950594
10771.0 10584392.0 5.572274264842084 -0.4550162714868171 0.6248899356575423 -2.0372626117500676 0.28971929235950594
10772.0 10584392.0 5.571939759091552 -0.454057328544617 0.624925502581149 -2.0372626117500676 0.28971929235950594
10773.0 10584392.0 5.57160525334102 -0.45309838560241683 0.6249570556714914 -2.0372626117500676 0.28971929235950594
10774.0 10584392.0 5.5712707475904875 -0.4521394426602167 0.6249852227324877 -2.0372626117500676 0.28971929235950594
10775.0 10584392.0 5.570936241839956 -0.4511804997180166 0.6250105333732047 -2.0372626117500676 0.28971929235950594
10776.0 10584392.0 5.570601736089423 -0.4502215567758165 0.6250334343665213 -2.0372626117500676 0.28971929235950594
10777.0 10584392.0 5.570267230338891 -0.4492626138336163 0.6250543026055417 -2.0372626117500676 0.28971929235950594
10778.0 10584392.0 5.569932724588359 -0.4483036708914162 0.6250734560334958 -2.0372626117500676 0.28971929235950594
10779.0 10584392.0 5.569598218837827 -0.4473447279492161 0.6250911628640923 -2.0372626117500676 0.28971929235950594
10780.0 10584392.0 5.569263713087294 -0.446385785007016 0.6251076493597165 -2.0372626117500676 0.28971929235950594
10781.0 10584392.0 5.568929207336763 -0.4454268420648158 0.6251231063930397 -2.0372626117500676 0.28971929235950594
10782.0 10584392.0 5.56859470158623 -0.4444678991226157 0.6251376949823263 -2.0372626117500676 0.28971929235950594
10783.0 10584392.0 5.568260195835698 -0.4435089561804156 0.6251515509609636 -2.0372626117500676 0.28971929235950594
10784.0 10584392.0 5.567925690085166 -0.4425500132382154 0.6251647889166304 -2.0372626117500676 0.28971929235950594
10785.0 10584392.0 5.567591184334633 -0.4415910702960153 0.6251775055143389 -2.0372626117500676 0.28971929235950594
10786.0 10584392.0 5.567256678584101 -0.4406321273538152 0.625189782299721 -2.0372626117500676 0.28971929235950594
10787.0 10584392.0 5.566922172833569 -0.43967318441161507 0.6252016880638507 -2.0372626117500676 0.28971929235950594
10788.0 10584392.0 5.566587667083037 -0.4387142414694149 0.6252132808381858 -2.0372626117500676 0.28971929235950594
10789.0 10584392.0 5.566253161332504 -0.4377552985272148 0.6252246095774803 -2.0372626117500676 0.28971929235950594
10790.0 10584392.0 5.565918655581973 -0.4367963555850147 0.6252357155794717 -2.0372626117500676 0.28971929235950594
10791.0 10584392.0 5.56558414983144 -0.43583741264281456 0.6252466336825158 -2.0372626117500676 0.28971929235950594
10792.0 10584392.0 5.565249644080908 -0.4348784697006144 0.625257393275899 -2.0372626117500676 0.28971929235950594
10793.0 10584392.0 5.564915138330376 -0.4339195267584143 0.6252680191521277 -2.0372626117500676 0.28971929235950594
10794.0 10584392.0 5.564580632579844 -0.43296058381621416 0.6252785322259105 -2.0372626117500676 0.28971929235950594
10795.0 10584392.0 5.564246126829311 -0.43200164087401405 0.6252889501406851 -2.0372626117500676 0.28971929235950594
10796.0 10584392.0 5.56391162107878 -0.4310426979318139 0.6252992877802781 -2.0372626117500676 0.28971929235950594
10797.0 10584392.0 5.563577115328247 -0.43008375498961376 0.6253095577005359 -2.0372626117500676 0.28971929235950594
10798.0 10584392.0 5.563242609577715 -0.42912481204741365 0.6253197704934439 -2.0372626117500676 0.28971929235950594
10799.0 10584392.0 5.562908103827183 -0.4281658691052135 0.6253299350942947 -2.0372626117500676 0.28971929235950594
10800.0 10584392.0 5.562573598076651 -0.42720692616301337 0.625340059040811 -2.0372626117500676 0.28971929235950594
10801.0 10584392.0 5.562239092326118 -0.42624798322081325 0.6253501486917399 -2.0372626117500676 0.28971929235950594
10802.0 10584392.0 5.5619045865755865 -0.42528904027861314 0.6253602094112563 -2.0372626117500676 0.28971929235950594
10803.0 10584392.0 5.561570080825054 -0.424330097336413 0.6253702457245244 -2.0372626117500676 0.28971929235950594
10804.0 10584392.0 5.561235575074522 -0.42337115439421286 0.625380261448927 -2.0372626117500676 0.28971929235950594
