18870.0 10596570.0 5.73620114295315 -0.4265184595598688 0.44958000000000004 -2.516863095951969 -0.5306722116665519
18871.0 10596570.0 5.690853191682111 -0.3967832944539602 0.44580771194409524 -2.516863095951969 -0.5306722116665519
18872.0 10596570.0 5.645505240411072 -0.3670481293480517 0.44386565520030186 -2.516863095951969 -0.5306722116665519
18873.0 10596570.0 5.556138884448464 -0.31303243121383384 0.4432024969498858 -2.516863095951969 -0.5306722116665519
18874.0 10596570.0 5.485874082179805 -0.2800770564122851 0.4418192198553276 -2.516863095951969 -0.5306722116665519
18875.0 10596570.0 5.4156092799111475 -0.24712168161073636 0.44008096529368196 -2.516863095951969 -0.5306722116665519
18876.0 10596570.0 5.34226404570567 -0.22320576810690743 0.4373120774701022 -2.516863095951969 -0.5306722116665519
18877.0 10596570.0 5.269322617866024 -0.19206197598697985 0.4352879983162449 -2.516863095951969 -0.5306722116665519
18878.0 10596570.0 5.191701360062785 -0.1687356197288096 0.43374241016095344 -2.516863095951969 -0.5306722116665519
18879.0 10596570.0 5.117094128669536 -0.14977861581362553 0.43120726097914014 -2.516863095951969 -0.5306722116665519
18880.0 10596570.0 5.055074732574429 -0.13305708205161074 0.4291714450226031 -2.516863095951969 -0.5306722116665519
18881.0 10596570.0 4.99118560567278 -0.11934618027732338 0.4275128629694806 -2.516863095951969 -0.5306722116665519
18882.0 10596570.0 4.925805430787458 -0.1074845177148808 0.4249114397346197 -2.516863095951969 -0.5306722116665519
18883.0 10596570.0 4.855570964890507 -0.09281215827280939 0.4227550267248654 -2.516863095951969 -0.5306722116665519
18884.0 10596570.0 4.785336498993556 -0.07813979883073799 0.420958399393889 -2.516863095951969 -0.5306722116665519
18885.0 10596570.0 4.720941490756951 -0.06870006263916875 0.41824840482587655 -2.516863095951969 -0.5306722116665519
18886.0 10596570.0 4.647213423380808 -0.06065415137318589 0.4159766121431852 -2.516863095951969 -0.5306722116665519
18887.0 10596570.0 4.575837452114951 -0.04811835103873477 0.41286883968962884 -2.516863095951969 -0.5306722116665519
18888.0 10596570.0 4.508563280985422 -0.042059443186495044 0.4102554808210967 -2.516863095951969 -0.5306722116665519
18889.0 10596570.0 4.438743951471046 -0.03563688511523269 0.4068599619476538 -2.516863095951969 -0.5306722116665519
18890.0 10596570.0 4.363628436321607 -0.02748590575989332 0.40280541601509007 -2.516863095951969 -0.5306722116665519
18891.0 10596570.0 4.302074451208032 -0.02294075312597091 0.3981950616896932 -2.516863095951969 -0.5306722116665519
18892.0 10596570.0 4.160681628449072 -0.008934680644116094 0.3931156778801288 -2.516863095951969 -0.5306722116665519
18893.0 10596570.0 4.085403048288401 -0.005633694416128626 0.38883324567450417 -2.516863095951969 -0.5306722116665519
18894.0 10596570.0 4.050537766801404 -0.005004735923775344 0.38462582799222755 -2.516863095951969 -0.5306722116665519
18895.0 10596570.0 4.015672485314407 -0.004375777431422062 0.38048134990586674 -2.516863095951969 -0.5306722116665519
18896.0 10596570.0 3.9360733675144255 0.003373494053158871 0.37698584065580387 -2.516863095951969 -0.5306722116665519
18897.0 10596570.0 3.8650355069190594 0.004708917827792786 0.37284539183009247 -2.516863095951969 -0.5306722116665519
18898.0 10596570.0 3.792793822482164 0.006437817584206779 0.36935292059658353 -2.516863095951969 -0.5306722116665519
18899.0 10596570.0 3.6542757659417493 0.01729604942969129 0.36521494939270627 -2.516863095951969 -0.5306722116665519
18900.0 10596570.0 3.5700869766146948 0.019421386288277692 0.360532444996962 -2.516863095951969 -0.5306722116665519
18901.0 10596570.0 3.537268465630794 0.021428979952935995 0.3565824821103039 -2.516863095951969 -0.5306722116665519
18902.0 10596570.0 3.5044499546468932 0.023436573617594297 0.3532504236370199 -2.516863095951969 -0.5306722116665519
18903.0 10596570.0 3.4067245914947906 0.02326469527548139 0.34924770767327223 -2.516863095951969 -0.5306722116665519
18904.0 10596570.0 3.3451760033953652 0.024574566492731265 0.3452751685449603 -2.516863095951969 -0.5306722116665519
18905.0 10596570.0 3.28362741529594 0.02588443770998114 0.34132807620379857 -2.516863095951969 -0.5306722116665519
18906.0 10596570.0 3.205970860692233 0.024363164789882402 0.3379983720141942 -2.516863095951969 -0.5306722116665519
18907.0 10596570.0 3.1460766871845536 0.02720790959038441 0.3351894809892608 -2.516863095951969 -0.5306722116665519
18908.0 10596570.0 3.067433661455768 0.025659555128683204 0.33162808614407585 -2.516863095951969 -0.5306722116665519
18909.0 10596570.0 2.995992570450512 0.027134650108017605 0.32862373683442325 -2.516863095951969 -0.5306722116665519
18910.0 10596570.0 2.914045782697743 0.023629033123479276 0.3248974546335926 -2.516863095951969 -0.5306722116665519
18911.0 10596570.0 2.8387299616331143 0.02683769806736855 0.3217540044656618 -2.516863095951969 -0.5306722116665519
18912.0 10596570.0 2.752695169212502 0.023734236299363567 0.318506300784599 -2.516863095951969 -0.5306722116665519
18913.0 10596570.0 2.66666037679189 0.020630774531358587 0.3151706494875378 -2.516863095951969 -0.5306722116665519
18914.0 10596570.0 2.56072613295997 0.01736680360052148 0.31235672891247573 -2.516863095951969 -0.5306722116665519
18915.0 10596570.0 2.526458998565421 0.014945318376193423 0.30938701197273727 -2.516863095951969 -0.5306722116665519
18916.0 10596570.0 2.492191864170872 0.012523833151865366 0.3062858666792046 -2.516863095951969 -0.5306722116665519
18917.0 10596570.0 2.4094999956751852 0.012187152910686033 0.30366977215159097 -2.516863095951969 -0.5306722116665519
18918.0 10596570.0 2.329834507411876 0.011330459741002746 0.3014628613959189 -2.516863095951969 -0.5306722116665519
18919.0 10596570.0 2.269361639831593 0.008880448938339086 0.2984092890107055 -2.516863095951969 -0.5306722116665519
18920.0 10596570.0 2.1510984686639185 0.0040403913382756895 0.29583332623116193 -2.516863095951969 -0.5306722116665519
18921.0 10596570.0 2.0889987639232546 0.004225751602523337 0.2924684252830086 -2.516863095951969 -0.5306722116665519
18922.0 10596570.0 2.0428312895304064 0.004933188458234851 0.28933186760773427 -2.516863095951969 -0.5306722116665519
18923.0 10596570.0 1.9966638151375582 0.005640625313946365 0.2863879379944934 -2.516863095951969 -0.5306722116665519
18924.0 10596570.0 1.9434686577667235 0.007942709100663116 0.28301058510192795 -2.516863095951969 -0.5306722116665519
18925.0 10596570.0 1.890273500395889 0.010244792887379867 0.27926760069187684 -2.516863095951969 -0.5306722116665519
18926.0 10596570.0 1.7620856416939126 0.014726564161200023 0.2749182120355724 -2.516863095951969 -0.5306722116665519
18927.0 10596570.0 1.7001230177448643 0.015337578657620143 0.27124911155783904 -2.516863095951969 -0.5306722116665519
18928.0 10596570.0 1.6463539280296708 0.009768269103801047 0.2669620506378058 -2.516863095951969 -0.5306722116665519
18929.0 10596570.0 1.581065294495363 0.009714202720269433 0.2633455292010145 -2.516863095951969 -0.5306722116665519
18930.0 10596570.0 1.5243588101776535 0.0019508910218325043 0.2591028234281522 -2.516863095951969 -0.5306722116665519
18931.0 10596570.0 1.4571422981391178 0.0006200041111141252 0.2551264379785203 -2.516863095951969 -0.5306722116665519
18932.0 10596570.0 1.3899257861005823 -0.0007108827996042538 0.2513747176718609 -2.516863095951969 -0.5306722116665519
18933.0 10596570.0 1.3227092740620465 -0.002041769710322633 0.24781252261783415 -2.516863095951969 -0.5306722116665519
18934.0 10596570.0 1.2924947055590326 -0.002919597409714661 0.24480749072196087 -2.516863095951969 -0.5306722116665519
18935.0 10596570.0 1.2622801370560186 -0.003797425109106689 0.242272476058367 -2.516863095951969 -0.5306722116665519
