27279.0 11322591.0 3.625997615197236 -0.035620509032582764 0.5181600000000001 -3.9120055756403715 1.278169490544445
27280.0 11322591.0 3.6593490261658674 -0.01613265615660267 0.5181600000000001 -3.9120055756403715 1.278169490544445
27281.0 11322591.0 3.6851380592827034 0.012831856848808693 0.5181600000000001 -3.9120055756403715 1.278169490544445
27282.0 11322591.0 3.709541406612206 0.04516890976692253 0.5181600000000001 -3.9120055756403715 1.278169490544445
27283.0 11322591.0 3.7341521769340416 0.0797745598751973 0.5181600000000001 -3.9120055756403715 1.278169490544445
27284.0 11322591.0 3.7539138269432692 0.11584578729059278 0.5181600000000001 -3.9120055756403715 1.278169490544445
27285.0 11322591.0 3.7751222960718804 0.15635103723874164 0.5181600000000001 -3.9120055756403715 1.278169490544445
27286.0 11322591.0 3.7926143429785313 0.19363015061831132 0.5181600000000001 -3.9120055756403715 1.278169490544445
27287.0 11322591.0 3.8062564673477666 0.23543632811682796 0.5209091559425243 -3.9120055756403715 1.278169490544445
27288.0 11322591.0 3.819898591717002 0.2772425056153446 0.5257104028581977 -3.9120055756403715 1.278169490544445
27289.0 11322591.0 3.830857929996403 0.31898963059323204 0.5295659767835202 -3.9120055756403715 1.278169490544445
27290.0 11322591.0 3.841817268275804 0.3607367555711195 0.532707118150692 -3.9120055756403715 1.278169490544445
27291.0 11322591.0 3.853327849033376 0.40417301063024424 0.5352923188799681 -3.9120055756403715 1.278169490544445
27292.0 11322591.0 3.8595418415555773 0.4477022740211597 0.5374352844730832 -3.9120055756403715 1.278169490544445
27293.0 11322591.0 3.8675946673924813 0.48870408765928713 0.5416491368953373 -3.9120055756403715 1.278169490544445
27294.0 11322591.0 3.875647493229385 0.5297059012974146 0.547588045744821 -3.9120055756403715 1.278169490544445
27295.0 11322591.0 3.876692084277437 0.5748052781279357 0.5525666423171836 -3.9120055756403715 1.278169490544445
27296.0 11322591.0 3.8774041012619858 0.6194291441136051 0.5567477952403604 -3.9120055756403715 1.278169490544445
27297.0 11322591.0 3.873583566446758 0.6508428984637118 0.5602637711477887 -3.9120055756403715 1.278169490544445
27298.0 11322591.0 3.8697630316315306 0.6822566528138185 0.563223108242216 -3.9120055756403715 1.278169490544445
27299.0 11322591.0 3.8577524472967513 0.7414871953310513 0.5657155588478047 -3.9120055756403715 1.278169490544445
27300.0 11322591.0 3.841506993185523 0.7814822865943786 0.572591343474941 -3.9120055756403715 1.278169490544445
27301.0 11322591.0 3.820743248645165 0.8185130816344636 0.5783869597301383 -3.9120055756403715 1.278169490544445
27302.0 11322591.0 3.7944077767525535 0.8547924351103627 0.58327324803463 -3.9120055756403715 1.278169490544445
27303.0 11322591.0 3.763364686171976 0.8875270273769743 0.5873935705238545 -3.9120055756403715 1.278169490544445
27304.0 11322591.0 3.732321595591398 0.9202616196435859 0.5908684122530695 -3.9120055756403715 1.278169490544445
27305.0 11322591.0 3.672963619992971 0.9641650861380362 0.5890302653247421 -3.9120055756403715 1.278169490544445
27306.0 11322591.0 3.6314223947625526 0.990572882470677 0.5874798537221044 -3.9120055756403715 1.278169490544445
27307.0 11322591.0 3.589881169532134 1.0169806788033178 0.5861720805433404 -3.9120055756403715 1.278169490544445
27308.0 11322591.0 3.5582510963287524 1.0343132730438622 0.5850689393567473 -3.9120055756403715 1.278169490544445
27309.0 11322591.0 3.5007855094477005 1.0584432862699646 0.5841383904414125 -3.9120055756403715 1.278169490544445
27310.0 11322591.0 3.462287191496337 1.0732287545121866 0.583353418689302 -3.9120055756403715 1.278169490544445
27311.0 11322591.0 3.4032368803887616 1.0925034114267402 0.5826912423972809 -3.9120055756403715 1.278169490544445
27312.0 11322591.0 3.3712919677767177 1.1007112915559125 0.5821326479341032 -3.9120055756403715 1.278169490544445
27313.0 11322591.0 3.307229973213827 1.1165999391807877 0.5816614297457529 -3.9120055756403715 1.278169490544445
27314.0 11322591.0 3.243167978650936 1.132488586805663 0.5812639187139882 -3.9120055756403715 1.278169490544445
27315.0 11322591.0 3.192710888816089 1.143820036393464 0.580928584743187 -3.9120055756403715 1.278169490544445
27316.0 11322591.0 3.1706474559372326 1.1510226315253205 0.580645701782028 -3.9120055756403715 1.278169490544445
27317.0 11322591.0 3.1169451107546085 1.160844080543843 0.5804070654044853 -3.9120055756403715 1.278169490544445
27318.0 11322591.0 3.0235389525562093 1.1817589760794556 0.5802057546632464 -3.9120055756403715 1.278169490544445
27319.0 11322591.0 2.9677292442408607 1.194372322538111 0.5800359312512333 -3.9120055756403715 1.278169490544445
27320.0 11322591.0 2.914210650371432 1.2044858215389096 0.5798926701120496 -3.9120055756403715 1.278169490544445
27321.0 11322591.0 2.9021761515596793 1.208414977477129 0.5797718165661307 -3.9120055756403715 1.278169490544445
27322.0 11322591.0 2.8142277258709365 1.2300040620555637 0.5796698657966926 -3.9120055756403715 1.278169490544445
27323.0 11322591.0 2.7917729470609514 1.2346488628124261 0.5748164791600838 -3.9120055756403715 1.278169490544445
27324.0 11322591.0 2.7389438612901653 1.246875000045161 0.5707222123728579 -3.9120055756403715 1.278169490544445
27325.0 11322591.0 2.674538063553815 1.2617137560626515 0.5696520211243422 -3.9120055756403715 1.278169490544445
27326.0 11322591.0 2.610132265817465 1.2765525120801422 0.5711329086741016 -3.9120055756403715 1.278169490544445
27327.0 11322591.0 2.5799410947703407 1.2836074139636624 0.5723821703605614 -3.9120055756403715 1.278169490544445
27328.0 11322591.0 2.526067408154211 1.2937230899126588 0.5734360348584963 -3.9120055756403715 1.278169490544445
27329.0 11322591.0 2.471294005442486 1.304074801459013 0.5743250642898955 -3.9120055756403715 1.278169490544445
27330.0 11322591.0 2.41652060273076 1.3144265130053674 0.5750750405392164 -3.9120055756403715 1.278169490544445
27331.0 11322591.0 2.361485514964169 1.319899414353691 0.5757077129362679 -3.9120055756403715 1.278169490544445
27332.0 11322591.0 2.306864072697555 1.326639712121639 0.5762414289917177 -3.9120055756403715 1.278169490544445
27333.0 11322591.0 2.252242630430941 1.3333800098895867 0.5766916664778697 -3.9120055756403715 1.278169490544445
27334.0 11322591.0 2.206062123837859 1.3371502728171698 0.5762769191474117 -3.9120055756403715 1.278169490544445
27335.0 11322591.0 2.1598816172447766 1.3409205357447531 0.575132479341494 -3.9120055756403715 1.278169490544445
27336.0 11322591.0 2.1137011106516943 1.3446907986723362 0.5733724783122189 -3.9120055756403715 1.278169490544445
27337.0 11322591.0 2.0081828613986357 1.3500075192319771 0.5742714485529264 -3.9120055756403715 1.278169490544445
27338.0 11322591.0 1.9766126100964743 1.3528425388693666 0.5750298107985767 -3.9120055756403715 1.278169490544445
27339.0 11322591.0 1.9190494911395553 1.351667767492733 0.5756695575555295 -3.9120055756403715 1.278169490544445
27340.0 11322591.0 1.8649725791912575 1.3519247912228889 0.5762092414804783 -3.9120055756403715 1.278169490544445
27341.0 11322591.0 1.8083507825439296 1.3525461909772958 0.5766645134076919 -3.9120055756403715 1.278169490544445
27342.0 11322591.0 1.7558529213433165 1.3494843802393597 0.577048576223327 -3.9120055756403715 1.278169490544445
27343.0 11322591.0 1.697030932176738 1.351526257185902 0.5773725677491974 -3.9120055756403715 1.278169490544445
27344.0 11322591.0 1.6421776091329194 1.3494100839696181 0.5776458837396499 -3.9120055756403715 1.278169490544445
27345.0 11322591.0 1.587324286089101 1.3472939107533342 0.5778764503584652 -3.9120055756403715 1.278169490544445
27346.0 11322591.0 1.5300466573775258 1.3459118945946362 0.578070954037624 -3.9120055756403715 1.278169490544445
27347.0 11322591.0 1.474713714247418 1.3464069196160937 0.5782350353838425 -3.9120055756403715 1.278169490544445
27348.0 11322591.0 1.4193807711173103 1.3469019446375512 0.5783734527561736 -3.9120055756403715 1.278169490544445
27349.0 11322591.0 1.364509601119109 1.3447349235847637 0.5784902202584224 -3.9120055756403715 1.278169490544445
27350.0 11322591.0 1.3093278156932562 1.3416185128603795 0.5785887241481588 -3.9120055756403715 1.278169490544445
27351.0 11322591.0 1.2541460302674032 1.3385021021359953 0.5786718210381876 -3.9120055756403715 1.278169490544445
27352.0 11322591.0 1.1984811528850705 1.333908520188815 0.5787419207383214 -3.9120055756403715 1.278169490544445
27353.0 11322591.0 1.1408816171637426 1.3326344958189316 0.5788010561398651 -3.9120055756403715 1.278169490544445
27354.0 11322591.0 1.0879096863959679 1.3270449266541224 0.5788509421694641 -3.9120055756403715 1.278169490544445
27355.0 11322591.0 1.0320958470065391 1.3230852927644843 0.578893025521977 -3.9120055756403715 1.278169490544445
27356.0 11322591.0 0.9732188466094187 1.3170894552271981 0.5741611478617662 -3.9120055756403715 1.278169490544445
27357.0 11322591.0 0.926106161030879 1.3128574850916208 0.5701693834895721 -3.9120055756403715 1.278169490544445
27358.0 11322591.0 0.8707747392881743 1.3103769107448247 0.5668019712385909 -3.9120055756403715 1.278169490544445
27359.0 11322591.0 0.8184814064265911 1.3079553549623288 0.5639612561535379 -3.9120055756403715 1.278169490544445
27360.0 11322591.0 0.7603280978929098 1.3041779597570888 0.561564857496943 -3.9120055756403715 1.278169490544445
27361.0 11322591.0 0.704661708265688 1.2995882345975827 0.5595432797077626 -3.9120055756403715 1.278169490544445
27362.0 11322591.0 0.6515744997093311 1.2947401188763807 0.5626052757829321 -3.9120055756403715 1.278169490544445
27363.0 11322591.0 0.5958848130354994 1.2902173481750008 0.5651883448558044 -3.9120055756403715 1.278169490544445
27364.0 11322591.0 0.5401951263616678 1.2856945774736208 0.5673673959294937 -3.9120055756403715 1.278169490544445
27365.0 11322591.0 0.4862794286848903 1.2783143671522672 0.5692056214851375 -3.9120055756403715 1.278169490544445
27366.0 11322591.0 0.4334730740520114 1.274193843292991 0.5683726406874408 -3.9120055756403715 1.278169490544445
27367.0 11322591.0 0.3806667194191325 1.2700733194337144 0.565286257093271 -3.9120055756403715 1.278169490544445
27368.0 11322591.0 0.35286180830479097 1.2680041588446833 0.5650663043312152 -3.9120055756403715 1.278169490544445
27369.0 11322591.0 0.3250568971904495 1.2659349982556523 0.5672644437711735 -3.9120055756403715 1.278169490544445
27370.0 11322591.0 0.24338110286223014 1.2563558990951598 0.5691187720804955 -3.9120055756403715 1.278169490544445
27371.0 11322591.0 0.175515498586785 1.247666977248787 0.5682993754037433 -3.9120055756403715 1.278169490544445
27372.0 11322591.0 0.10764989431133987 1.2389780554024141 0.5652244512372911 -3.9120055756403715 1.278169490544445
27373.0 11322591.0 0.05324814667697392 1.2343299988360954 0.5626304761567206 -3.9120055756403715 1.278169490544445
27374.0 11322591.0 -0.0011536009573920314 1.2296819422697767 0.5604422248846949 -3.9120055756403715 1.278169490544445
27375.0 11322591.0 -0.051169294107508256 1.225820399103389 0.5585962381343254 -3.9120055756403715 1.278169490544445
27376.0 11322591.0 -0.10272207386871962 1.2214687426233086 0.5570389822898513 -3.9120055756403715 1.278169490544445
27377.0 11322591.0 -0.15427485362993099 1.2171170861432283 0.555725296931783 -3.9120055756403715 1.278169490544445
27378.0 11322591.0 -0.2039812674977306 1.2133890314319626 0.5546170851847363 -3.9120055756403715 1.278169490544445
27379.0 11322591.0 -0.25407775483272665 1.2095551416079466 0.553682208908047 -3.9120055756403715 1.278169490544445
27380.0 11322591.0 -0.30097375593846976 1.2073623590880316 0.5528935566896911 -3.9120055756403715 1.278169490544445
27381.0 11322591.0 -0.3526836636754964 1.2067437768402118 0.5474608788625194 -3.9120055756403715 1.278169490544445
27382.0 11322591.0 -0.40129655771961814 1.2074496285665994 0.5428779265223607 -3.9120055756403715 1.278169490544445
27383.0 11322591.0 -0.4481928687435479 1.2052578172393091 0.5390117940513505 -3.9120055756403715 1.278169490544445
27384.0 11322591.0 -0.4981864353096508 1.2017422978945718 0.5357503636078295 -3.9120055756403715 1.278169490544445
27385.0 11322591.0 -0.5450830263634892 1.1995512794405618 0.5329990537089354 -3.9120055756403715 1.278169490544445
27386.0 11322591.0 -0.5919796174173275 1.197360260986552 0.5306780763676006 -3.9120055756403715 1.278169490544445
27387.0 11322591.0 -0.6271559177760919 1.1949592006876504 0.5275282785527219 -3.9120055756403715 1.278169490544445
27388.0 11322591.0 -0.6623322181348563 1.1925581403887486 0.5236792961276678 -3.9120055756403715 1.278169490544445
27389.0 11322591.0 -0.7201390064083558 1.1876266540700886 0.519240488602112 -3.9120055756403715 1.278169490544445
27390.0 11322591.0 -0.7779457946818553 1.1826951677514286 0.5143041105578132 -3.9120055756403715 1.278169490544445
27391.0 11322591.0 -0.8211337843950106 1.1755541782457553 0.5101398317196909 -3.9120055756403715 1.278169490544445
27392.0 11322591.0 -0.8643217741081659 1.168413188740082 0.5066268880014396 -3.9120055756403715 1.278169490544445
27393.0 11322591.0 -0.902709268052019 1.1583006448132918 0.5036634040352301 -3.9120055756403715 1.278169490544445
27394.0 11322591.0 -0.9410967619958721 1.1481881008865014 0.5011634387860423 -3.9120055756403715 1.278169490544445
27395.0 11322591.0 -0.9608018567337303 1.1422476414170908 0.49905449326164975 -3.9120055756403715 1.278169490544445
27396.0 11322591.0 -0.9805069514715885 1.1363071819476804 0.497275408041845 -3.9120055756403715 1.278169490544445
27397.0 11322591.0 -1.0530651835030487 1.104539068158978 0.4957745896552538 -3.9120055756403715 1.278169490544445
27398.0 11322591.0 -1.0894588975384545 1.08396074050211 0.49450851436866494 -3.9120055756403715 1.278169490544445
27399.0 11322591.0 -1.1228813905373034 1.0648643677780307 0.4886730872459505 -3.9120055756403715 1.278169490544445
27400.0 11322591.0 -1.154427037162489 1.04281748364777 0.48851775840618544 -3.9120055756403715 1.278169490544445
27401.0 11322591.0 -1.1870308510530585 1.01807896903418 0.4836193458073829 -3.9120055756403715 1.278169490544445
27402.0 11322591.0 -1.2166429118590878 0.9927125437261023 0.4794870942369945 -3.9120055756403715 1.278169490544445
27403.0 11322591.0 -1.2470015885872505 0.9664220204522607 0.47600116839947887 -3.9120055756403715 1.278169490544445
27404.0 11322591.0 -1.2773602653154132 0.9401314971784192 0.47306047644554816 -3.9120055756403715 1.278169490544445
27405.0 11322591.0 -1.3057264526615866 0.9117873072494048 0.47057973830853833 -3.9120055756403715 1.278169490544445
27406.0 11322591.0 -1.3339642500323488 0.8756898119497482 0.46848701258247616 -3.9120055756403715 1.278169490544445
27407.0 11322591.0 -1.3554680017859029 0.8425306897431649 0.46672161022130576 -3.9120055756403715 1.278169490544445
27408.0 11322591.0 -1.3767526152715408 0.8105851447865318 0.4652323345565532 -3.9120055756403715 1.278169490544445
27409.0 11322591.0 -1.3980372287571787 0.7786395998298986 0.46397599659394073 -3.9120055756403715 1.278169490544445
27410.0 11322591.0 -1.4169261490287153 0.7461441704548111 0.4629161625325525 -3.9120055756403715 1.278169490544445
27411.0 11322591.0 -1.4358150693002518 0.7136487410797236 0.46202209718460835 -3.9120055756403715 1.278169490544445
27412.0 11322591.0 -1.4531015214808922 0.6689452815796814 0.4612678726550178 -0.9545904110677726 -0.3838635193626254
27413.0 11322591.0 -1.459566821581064 0.6410323670987489 0.4558642376796058 -0.9545904110677726 -0.3838635193626254
27414.0 11322591.0 -1.4673534640758275 0.6009330386315574 0.45130578559690243 -0.9545904110677726 -0.3838635193626254
27415.0 11322591.0 -1.4765698026039769 0.5639302246878637 0.44746032129650926 -0.9545904110677726 -0.3838635193626254
27416.0 11322591.0 -1.4857861411321263 0.52692741074417 0.4442163263137148 -0.9545904110677726 -0.3838635193626254
27417.0 11322591.0 -1.495289340018448 0.4897263320269404 0.44147972479401815 -0.9545904110677726 -0.3838635193626254
27418.0 11322591.0 -1.4996912544135816 0.45114881779328453 0.439171155293348 -0.9545904110677726 -0.3838635193626254
27419.0 11322591.0 -1.5040931688087154 0.4125713035596287 0.4372236692961849 -0.9545904110677726 -0.3838635193626254
27420.0 11322591.0 -1.504014540450778 0.3761503226778106 0.4355807897086112 -0.9545904110677726 -0.3838635193626254
27421.0 11322591.0 -1.5039359120928408 0.33972934179599257 0.4341948730225872 -0.9545904110677726 -0.3838635193626254
27422.0 11322591.0 -1.494749771491513 0.30535363510139424 0.4306420382778098 -0.9545904110677726 -0.3838635193626254
27423.0 11322591.0 -1.4855636308901852 0.2709779284067959 0.42526121326668037 -0.9545904110677726 -0.3838635193626254
27424.0 11322591.0 -1.473326738228349 0.24185534956519414 0.4207220034402847 -0.9545904110677726 -0.3838635193626254
27425.0 11322591.0 -1.4553765867065116 0.209695894808098 0.4168927717136573 -0.9545904110677726 -0.3838635193626254
27426.0 11322591.0 -1.4374264351846742 0.17753644005100186 0.41366247036672593 -0.9545904110677726 -0.3838635193626254
27427.0 11322591.0 -1.41085626984159 0.15385239492176725 0.41093742066042965 -0.9545904110677726 -0.3838635193626254
27428.0 11322591.0 -1.384286104498506 0.13016834979253264 0.4086385961532858 -0.9545904110677726 -0.3838635193626254
27429.0 11322591.0 -1.3577159391554219 0.10648430466329803 0.4066993309345872 -0.9545904110677726 -0.3838635193626254
27430.0 11322591.0 -1.329057756175377 0.08683013523422908 0.4050633863129917 -0.9545904110677726 -0.3838635193626254
27431.0 11322591.0 -1.296003104611134 0.07111283147682143 0.4036833198944729 -0.9545904110677726 -0.3838635193626254
27432.0 11322591.0 -1.2666325553226887 0.05771055344272383 0.4001354203764854 -0.9545904110677726 -0.3838635193626254
27433.0 11322591.0 -1.2372620060342434 0.044308275408626224 0.3947587586730075 -0.9545904110677726 -0.3838635193626254
27434.0 11322591.0 -1.2039610095583726 0.0334181567779471 0.39022306097104686 -0.9545904110677726 -0.3838635193626254
27435.0 11322591.0 -1.1706600130825018 0.022528038147267976 0.38639679203724653 -0.9545904110677726 -0.3838635193626254
27436.0 11322591.0 -1.1379153683979266 0.01672723879507207 0.38316899007252636 -0.9545904110677726 -0.3838635193626254
27437.0 11322591.0 -1.1053354999288563 0.012324166192037106 0.38044604881990945 -0.9545904110677726 -0.3838635193626254
27438.0 11322591.0 -1.0727556314597861 0.007921093589002143 0.37814900298306997 -0.9545904110677726 -0.3838635193626254
27439.0 11322591.0 -1.0390129613111103 0.006078531676143741 0.3746221119818005 -0.9545904110677726 -0.3838635193626254
27440.0 11322591.0 -1.0052702911624343 0.004235969763285339 0.3700577359770643 -0.9545904110677726 -0.3838635193626254
27441.0 11322591.0 -0.9715276210137584 0.0023934078504269374 0.36461814806472403 -0.9545904110677726 -0.3838635193626254
27442.0 11322591.0 -0.9363058514870441 0.0022679891694463994 0.3600293664462607 -0.9545904110677726 -0.3838635193626254
27443.0 11322591.0 -0.9010840819603299 0.0021425704884658614 0.35615831645473894 -0.9545904110677726 -0.3838635193626254
27444.0 11322591.0 -0.865677776527053 0.0031254822634072255 0.35289273764040463 -0.9545904110677726 -0.3838635193626254
27445.0 11322591.0 -0.8302714710937762 0.0041083940383485895 0.35013792821764206 -0.9545904110677726 -0.3838635193626254
27446.0 11322591.0 -0.7946763113631814 0.0048546234058242654 0.3478139987131911 -0.9545904110677726 -0.3838635193626254
27447.0 11322591.0 -0.7590811516325866 0.005600852773299941 0.34585355517142263 -0.9545904110677726 -0.3838635193626254
27448.0 11322591.0 -0.7234056057760759 0.006593814623594864 0.3426106184786865 -0.9545904110677726 -0.3838635193626254
27449.0 11322591.0 -0.6877300599195654 0.007586776473889787 0.33828578347089333 -0.9545904110677726 -0.3838635193626254
27450.0 11322591.0 -0.6520545140630547 0.00857973832418471 0.33304826993281705 -0.9545904110677726 -0.3838635193626254
27451.0 11322591.0 -0.6178952494109422 0.007108959820310262 0.3286299562227925 -0.9545904110677726 -0.3838635193626254
27452.0 11322591.0 -0.5796980740706432 0.007122222960332075 0.32490271124322895 -0.9545904110677726 -0.3838635193626254
27453.0 11322591.0 -0.5625278299873071 0.005305871655012895 0.321758444889719 -0.9545904110677726 -0.3838635193626254
27454.0 11322591.0 -0.545357585903971 0.0034895203496937144 0.3191059734380109 -0.9545904110677726 -0.3838635193626254
27455.0 11322591.0 -0.47375236601888027 0.007886591784847768 0.31686837521600514 -0.9545904110677726 -0.3838635193626254
27456.0 11322591.0 -0.4410946533299178 0.007257980475765119 0.3149807598752635 -0.9545904110677726 -0.3838635193626254
27457.0 11322591.0 -0.4041728291205131 0.005001877864125176 0.3133883865709045 -0.9545904110677726 -0.3838635193626254
27458.0 11322591.0 -0.3703179268560597 0.009122834896092696 0.3120450764771017 -0.9545904110677726 -0.3838635193626254
27459.0 11322591.0 -0.33693573677685773 0.01071131023865765 0.3109118736011349 -0.9545904110677726 -0.3838635193626254
27460.0 11322591.0 -0.2995414203007227 0.010988393970436466 0.3051885363067841 -0.9545904110677726 -0.3838635193626254
27461.0 11322591.0 -0.26688392219333146 0.010360584148500301 0.30036038656533004 -0.9545904110677726 -0.3838635193626254
27462.0 11322591.0 -0.22858375911188977 0.010692395619308154 0.29628740803427056 -0.9545904110677726 -0.3838635193626254
27463.0 11322591.0 -0.1948134013099454 0.010752676941752193 0.2928514843362049 -0.9545904110677726 -0.3838635193626254
27464.0 11322591.0 -0.16104304350800103 0.010812958264196232 0.28995297368388917 -0.9545904110677726 -0.3838635193626254
27465.0 11322591.0 -0.12594389482635227 0.009504470482206734 0.28750781926840624 -0.9545904110677726 -0.3838635193626254
27466.0 11322591.0 -0.09167728163823763 0.0070079574218896434 0.2830614222352987 -0.9545904110677726 -0.3838635193626254
27467.0 11322591.0 -0.05741066845012299 0.004511444361572553 0.2769267970706063 -0.9545904110677726 -0.3838635193626254
27468.0 11322591.0 -0.02593311733913889 0.005438830180985531 0.27175168902096153 -0.9545904110677726 -0.3838635193626254
27469.0 11322591.0 0.005544433771845214 0.0063662160003985085 0.2673860199529246 -0.9545904110677726 -0.3838635193626254
27470.0 11322591.0 0.03702198488282932 0.007293601819811486 0.2637031854635225 -0.9545904110677726 -0.3838635193626254
27471.0 11322591.0 0.06849953599381342 0.008220987639224464 0.2605963833525626 -0.9545904110677726 -0.3838635193626254
27472.0 11322591.0 0.09970096619396757 0.008304351616914438 0.25797551635882693 -0.9545904110677726 -0.3838635193626254
27473.0 11322591.0 0.1309023963941217 0.008387715594604411 0.2557645793394973 -0.9545904110677726 -0.3838635193626254
27474.0 11322591.0 0.16060163586923304 0.008494901434055652 0.2538994551210131 -0.9545904110677726 -0.3838635193626254
27475.0 11322591.0 0.18771953621023196 0.007226070671369683 0.2523260551010382 -0.9545904110677726 -0.3838635193626254
27476.0 11322591.0 0.21953954775061013 0.006757198775003692 0.2509987506789935 -0.9545904110677726 -0.3838635193626254
27477.0 11322591.0 0.2466229049321953 0.005383038066945484 0.2498790500266396 -0.9545904110677726 -0.3838635193626254
27478.0 11322591.0 0.2736627313304574 0.0065934489326559265 0.24893448182505823 -0.9545904110677726 -0.3838635193626254
27479.0 11322591.0 0.29792025550144763 0.006084602617450058 0.24813765359640355 -0.9545904110677726 -0.3838635193626254
27480.0 11322591.0 0.3221777796724379 0.005575756302244189 0.24746545732204459 -0.9545904110677726 -0.3838635193626254
27481.0 11322591.0 0.3462328201602882 0.003088687265880269 0.2468983993100249 -0.9545904110677726 -0.3838635193626254
27482.0 11322591.0 0.36838892570306825 0.005661763197552128 0.24642003487799596 -0.9545904110677726 -0.3838635193626254
27483.0 11322591.0 0.38949061343223407 0.005688044828370268 0.24601649145742888 -0.9545904110677726 -0.3838635193626254
27484.0 11322591.0 0.4105923011613999 0.005714326459188408 0.24567606628912725 -0.9545904110677726 -0.3838635193626254
27485.0 11322591.0 0.43169398889056576 0.0057406080900065486 0.2453888870432103 -0.9545904110677726 -0.3838635193626254
27486.0 11322591.0 0.4527956766197316 0.005766889720824689 0.24514662552154645 -0.9545904110677726 -0.3838635193626254
27487.0 11322591.0 0.4706479189327863 0.006041667329865503 0.24494225614000745 -0.9545904110677726 -0.3838635193626254
27488.0 11322591.0 0.48850016124584106 0.0063164449389063165 0.24476985218652866 -0.9545904110677726 -0.3838635193626254
27489.0 11322591.0 0.5063524035588958 0.00659122254794713 0.2446244139464592 -0.9545904110677726 -0.3838635193626254
27490.0 11322591.0 0.5242046458719505 0.006866000156987944 0.24450172371083706 -0.9545904110677726 -0.3838635193626254
27491.0 11322591.0 0.5420568881850053 0.007140777766028757 0.2443982234628292 -0.9545904110677726 -0.3838635193626254
27492.0 11322591.0 0.55990913049806 0.007415555375069571 0.24431091169524338 -0.9545904110677726 -0.3838635193626254
27493.0 11322591.0 0.5777613728111147 0.007690332984110385 0.24423725636681962 -0.9545904110677726 -0.3838635193626254
27494.0 11322591.0 0.5964624360245563 0.006486273859486857 0.24417512147303364 -0.9545904110677726 -0.3838635193626254
27495.0 11322591.0 0.6151634992379977 0.00528221473486333 0.24412270510196563 -0.9545904110677726 -0.3838635193626254
27496.0 11322591.0 0.6358442593645026 0.006059993593782252 0.2440784871788546 -0.9545904110677726 -0.3838635193626254
27497.0 11322591.0 0.6565250194910076 0.006837772452701174 0.24404118538393038 -0.9545904110677726 -0.3838635193626254
27498.0 11322591.0 0.6829090343450346 0.006044150929816583 0.24400971796514012 -0.9545904110677726 -0.3838635193626254
27499.0 11322591.0 0.710315061396706 0.007019619774093017 0.24398317236733894 -0.9545904110677726 -0.3838635193626254
27500.0 11322591.0 0.7377210884483774 0.00799508861836945 0.24396077876819058 -0.9545904110677726 -0.3838635193626254
27501.0 11322591.0 0.7639233919933008 0.009364046268714017 0.24394188775331974 -0.9545904110677726 -0.3838635193626254
27502.0 11322591.0 0.7901256955382243 0.010733003919058584 0.24392595148329518 -0.9545904110677726 -0.3838635193626254
27503.0 11322591.0 0.8227819266514336 0.010110209567331233 0.24391250780628618 -0.9545904110677726 -0.3838635193626254
27504.0 11322591.0 0.8538159873892912 0.009959210026099563 0.24390116685565946 -0.9545904110677726 -0.3838635193626254
27505.0 11322591.0 0.884850048127149 0.009808210484867894 0.2438915997438469 -0.9545904110677726 -0.3838635193626254
27506.0 11322591.0 0.919189236793579 0.006182611639037522 0.24388352902460586 -0.9545904110677726 -0.3838635193626254
27507.0 11322591.0 0.9511118731981524 0.006033695986115778 0.2438767206470784 -0.9545904110677726 -0.3838635193626254
27508.0 11322591.0 0.9878583313816566 0.0016219304949080249 0.24387097716831624 -0.9545904110677726 -0.3838635193626254
27509.0 11322591.0 1.0201589058906917 0.0009993518797606626 0.24386613202743523 -0.9545904110677726 -0.3838635193626254
27510.0 11322591.0 1.0553959904904437 0.001754068689339805 0.24862942346816674 -0.9545904110677726 -0.3838635193626254
27511.0 11322591.0 1.0898882549922453 0.003219647088651738 0.2526476881894751 -0.9545904110677726 -0.3838635193626254
27512.0 11322591.0 1.1243805194940468 0.004685225487963671 0.2560374558682782 -0.9545904110677726 -0.3838635193626254
27513.0 11322591.0 1.1607342020320046 0.003965878420612669 0.2588970297672614 -0.9545904110677726 -0.3838635193626254
27514.0 11322591.0 1.1970878845699622 0.003246531353261667 0.2613093375294952 -0.9545904110677726 -0.3838635193626254
27515.0 11322591.0 1.2340568616694703 0.004955085318189542 0.26334433608008434 -0.9545904110677726 -0.3838635193626254
27516.0 11322591.0 1.2710258387689786 0.006663639283117417 0.2650610403769959 -0.9545904110677726 -0.3838635193626254
27517.0 11322591.0 1.3100133808087464 0.00911495241662258 0.26650923484484035 -0.9545904110677726 -0.3838635193626254
27518.0 11322591.0 1.3530223750894441 0.007565860989809367 0.2677309171231852 -0.9545904110677726 -0.3838635193626254
