25148.0 10611591.0 5.180958210223907 2.5116515422490395 0.7010400000000001 -1.746861674321038 -1.0875893105342198
25149.0 10611591.0 5.15127864031161 2.521333933821061 0.7010400000000001 -1.746861674321038 -1.0875893105342198
25150.0 10611591.0 5.092736282775598 2.5459227628285492 0.7010400000000001 -1.746861674321038 -1.0875893105342198
25151.0 10611591.0 5.004249234119293 2.5766606058484856 0.7010400000000001 -1.746861674321038 -1.0875893105342198
25152.0 10611591.0 4.9550356878019075 2.589037667252323 0.7010400000000001 -1.746861674321038 -1.0875893105342198
25153.0 10611591.0 4.9058221414845224 2.6014147286561604 0.7010400000000001 -1.746861674321038 -1.0875893105342198
25154.0 10611591.0 4.837463205574439 2.6149577893579217 0.7010400000000001 -1.746861674321038 -1.0875893105342198
25155.0 10611591.0 4.7975039207877135 2.6257764840846933 0.7010400000000001 -1.746861674321038 -1.0875893105342198
25156.0 10611591.0 4.700959514163552 2.6359018050249623 0.7010400000000001 -1.746861674321038 -1.0875893105342198
25157.0 10611591.0 4.633980883645732 2.638716929694012 0.7063172286947492 -1.746861674321038 -1.0875893105342198
25158.0 10611591.0 4.559460512665757 2.6415406051366985 0.7054298713972089 -1.746861674321038 -1.0875893105342198
25159.0 10611591.0 4.489305966863195 2.643057112184744 0.7047069401893648 -1.746861674321038 -1.0875893105342198
25160.0 10611591.0 4.4162109817584065 2.635020587411225 0.7090575116950203 -1.746861674321038 -1.0875893105342198
25161.0 10611591.0 4.328413397344473 2.6314325127203433 0.7126638564331396 -1.746861674321038 -1.0875893105342198
25162.0 10611591.0 4.26421015825256 2.620729091931682 0.7156685023391509 -1.746861674321038 -1.0875893105342198
25163.0 10611591.0 4.200834622892144 2.6141949787597305 0.7181808704015741 -1.746861674321038 -1.0875893105342198
25164.0 10611591.0 4.154021153069736 2.6080967146841214 0.7202869924756956 -1.746861674321038 -1.0875893105342198
25165.0 10611591.0 4.107207683247328 2.6019984506085123 0.7220557677397258 -1.746861674321038 -1.0875893105342198
25166.0 10611591.0 4.039210213507099 2.5921846527604635 0.7235431496480775 -1.746861674321038 -1.0875893105342198
25167.0 10611591.0 3.9759908224058806 2.5806949986462855 0.7247950536914659 -1.746861674321038 -1.0875893105342198
25168.0 10611591.0 3.903258355323376 2.5699746560084087 0.7258494482708999 -1.746861674321038 -1.0875893105342198
25169.0 10611591.0 3.8444173798549963 2.559393115544341 0.7267379064894086 -1.746861674321038 -1.0875893105342198
25170.0 10611591.0 3.7724817324958515 2.5418720255132596 0.7227135722238913 -1.746861674321038 -1.0875893105342198
25171.0 10611591.0 3.690386335219819 2.5187899331721595 0.7193206530606654 -1.746861674321038 -1.0875893105342198
25172.0 10611591.0 3.6332389459256618 2.5057878432967144 0.7164596018370792 -1.746861674321038 -1.0875893105342198
25173.0 10611591.0 3.5768316266186115 2.4863531676257735 0.714046756675775 -1.746861674321038 -1.0875893105342198
25174.0 10611591.0 3.502195329828786 2.461655373728036 0.7120117302129583 -1.746861674321038 -1.0875893105342198
25175.0 10611591.0 3.4380209857642656 2.433659421168962 0.71029525772047 -1.746861674321038 -1.0875893105342198
25176.0 10611591.0 3.3710135545014426 2.4037851605286913 0.7040792752373428 -1.746861674321038 -1.0875893105342198
25177.0 10611591.0 3.307950527093306 2.3764785477202 0.698835929981739 -1.746861674321038 -1.0875893105342198
25178.0 10611591.0 3.2595802195344916 2.3548890492388153 0.6944129338144059 -1.746861674321038 -1.0875893105342198
25179.0 10611591.0 3.2112099119756774 2.3332995507574306 0.6906818811058009 -1.746861674321038 -1.0875893105342198
25180.0 10611591.0 3.1225029925494585 2.289717951852512 0.6875344880419397 -1.746861674321038 -1.0875893105342198
25181.0 10611591.0 3.0812675512489753 2.2687785040147124 0.6848794302271239 -1.746861674321038 -1.0875893105342198
25182.0 10611591.0 3.040032109948492 2.247839056176913 0.6826396809708457 -1.746861674321038 -1.0875893105342198
25183.0 10611591.0 2.967929251345385 2.2146078321806413 0.6807502695267036 -1.746861674321038 -1.0875893105342198
25184.0 10611591.0 2.896952629081305 2.185915801729748 0.6791563921461722 -1.746861674321038 -1.0875893105342198
25185.0 10611591.0 2.811440904621107 2.1431624944934087 0.6778118198916768 -1.746861674321038 -1.0875893105342198
25186.0 10611591.0 2.7464243171755074 2.115328948191261 0.6766775562695675 -1.746861674321038 -1.0875893105342198
25187.0 10611591.0 2.6761896467996715 2.085111095248651 0.675720705294547 -1.746861674321038 -1.0875893105342198
25188.0 10611591.0 2.6117673403165096 2.056383385271079 0.6749135168834067 -1.746861674321038 -1.0875893105342198
25189.0 10611591.0 2.54674915691115 2.028551602032473 0.6742325817287946 -1.746861674321038 -1.0875893105342198
25190.0 10611591.0 2.517840477473469 2.016146974003992 0.6736581522048878 -1.746861674321038 -1.0875893105342198
25191.0 10611591.0 2.4889317980357877 2.0037423459755113 0.6731735695515197 -1.746861674321038 -1.0875893105342198
25192.0 10611591.0 2.3991340451812606 1.9679995701479058 0.672764780689257 -1.746861674321038 -1.0875893105342198
25193.0 10611591.0 2.3365368357918657 1.944869088877993 0.6724199306315416 -1.746861674321038 -1.0875893105342198
25194.0 10611591.0 2.273583819882952 1.9217383878927896 0.6721290186609313 -1.746861674321038 -1.0875893105342198
25195.0 10611591.0 2.2106078305427315 1.899082881237918 0.6718836082907955 -1.746861674321038 -1.0875893105342198
25196.0 10611591.0 2.121852024710769 1.8721145344060321 0.6692928927996475 -1.746861674321038 -1.0875893105342198
25197.0 10611591.0 2.065119491113633 1.8560073519250324 0.6659155466292926 -1.746861674321038 -1.0875893105342198
25198.0 10611591.0 2.008386957516497 1.8399001694440327 0.6618746067646173 -1.746861674321038 -1.0875893105342198
25199.0 10611591.0 1.945458459981652 1.8212028975799959 0.6584657107074069 -1.746861674321038 -1.0875893105342198
25200.0 10611591.0 1.8871776479631717 1.8085814246589746 0.6555900003875568 -1.746861674321038 -1.0875893105342198
25201.0 10611591.0 1.8222717869179008 1.797423598961336 0.6531640801550957 -1.746861674321038 -1.0875893105342198
25202.0 10611591.0 1.7577434953394766 1.7857924355251034 0.6463502194307567 -1.746861674321038 -1.0875893105342198
25203.0 10611591.0 1.698561183522624 1.7788406842534945 0.6406021151612878 -1.746861674321038 -1.0875893105342198
25204.0 10611591.0 1.6029424842432904 1.7674374720614596 0.635753072286354 -1.746861674321038 -1.0875893105342198
25205.0 10611591.0 1.5344597046235418 1.7575672300011576 0.6316624685406574 -1.746861674321038 -1.0875893105342198
25206.0 10611591.0 1.5010286257689218 1.7551130665526382 0.6282116764024108 -1.746861674321038 -1.0875893105342198
25207.0 10611591.0 1.4675975469143017 1.7526589031041186 0.6253006228917033 -1.746861674321038 -1.0875893105342198
25208.0 10611591.0 1.407441714324478 1.7478965085713436 0.61807750868497 -1.746861674321038 -1.0875893105342198
25209.0 10611591.0 1.3280243661655278 1.741250128961302 0.6119841622426829 -1.746861674321038 -1.0875893105342198
25210.0 10611591.0 1.2498317375251962 1.7329192327113048 0.6068438765129871 -1.746861674321038 -1.0875893105342198
25211.0 10611591.0 1.1505479466886093 1.7279760436763738 0.6025075832067025 -1.746861674321038 -1.0875893105342198
25212.0 10611591.0 1.085672194366542 1.7277958671986908 0.5988495298161346 -1.746861674321038 -1.0875893105342198
25213.0 10611591.0 1.0255752294081462 1.725937775247705 0.5957636327918688 -1.746861674321038 -1.0875893105342198
25214.0 10611591.0 0.959077886961236 1.7207975857789943 0.5931604011195484 -1.746861674321038 -1.0875893105342198
25215.0 10611591.0 0.8662274774081851 1.7192465284295466 0.5909643410802838 -1.746861674321038 -1.0875893105342198
25216.0 10611591.0 0.8092803041251344 1.7150755714828159 0.5891117669327012 -1.746861674321038 -1.0875893105342198
25217.0 10611591.0 0.7393799184487305 1.7125681393492955 0.5875489540263791 -1.746861674321038 -1.0875893105342198
25218.0 10611591.0 0.7029795831256367 1.7114965241844222 0.5862305807869495 -1.746861674321038 -1.0875893105342198
25219.0 10611591.0 0.601148457521234 1.7069253682173935 0.5851184143904178 -1.746861674321038 -1.0875893105342198
25220.0 10611591.0 0.5410933737280472 1.7024869559875744 0.5841802020112542 -1.746861674321038 -1.0875893105342198
25221.0 10611591.0 0.4794423174390897 1.6958835197667839 0.5786213567374573 -1.746861674321038 -1.0875893105342198
25222.0 10611591.0 0.3973640735923326 1.6919852691863004 0.5739319708091629 -1.746861674321038 -1.0875893105342198
25223.0 10611591.0 0.3472974548034681 1.6909427765810878 0.569976052034404 -1.746861674321038 -1.0875893105342198
25224.0 10611591.0 0.31079893486584725 1.6898467089271827 0.5666388787686848 -1.746861674321038 -1.0875893105342198
25225.0 10611591.0 0.27430041492822643 1.6887506412732776 0.5638236729872825 -1.746861674321038 -1.0875893105342198
25226.0 10611591.0 0.20228135616161502 1.6900949596862265 0.5614487937225265 -1.746861674321038 -1.0875893105342198
25227.0 10611591.0 0.12936322694506575 1.6870605408061239 0.5594453694757329 -1.746861674321038 -1.0875893105342198
25228.0 10611591.0 0.03947682280116771 1.6837323730275158 0.5529879221909082 -1.746861674321038 -1.0875893105342198
25229.0 10611591.0 -0.027144537729794305 1.6836646915935223 0.5475404846496325 -1.746861674321038 -1.0875893105342198
25230.0 10611591.0 -0.08365599369253496 1.6819279367678128 0.5429450811632035 -1.746861674321038 -1.0875893105342198
25231.0 10611591.0 -0.15944748078573512 1.6836911175550562 0.5390684450305119 -1.746861674321038 -1.0875893105342198
25232.0 10611591.0 -0.23327256742005908 1.6806060579285522 0.5357981538037079 -1.746861674321038 -1.0875893105342198
25233.0 10611591.0 -0.2838751536169748 1.6833647054615541 0.5330393690372129 -1.746861674321038 -1.0875893105342198
25234.0 10611591.0 -0.35450010748171645 1.6819216560771262 0.5307120859727982 -1.746861674321038 -1.0875893105342198
25235.0 10611591.0 -0.4256286747773143 1.6840325132919771 0.5275569687133906 -1.746861674321038 -1.0875893105342198
25236.0 10611591.0 -0.49675724207291216 1.6861433705068283 0.5237034988584675 -1.746861674321038 -1.0875893105342198
25237.0 10611591.0 -0.5379282564696932 1.6882148439557623 0.5192609057822359 -1.746861674321038 -1.0875893105342198
25238.0 10611591.0 -0.5790992708664742 1.6902863174046963 0.5143213342854852 -1.746861674321038 -1.0875893105342198
25239.0 10611591.0 -0.6452519909626184 1.690304368827564 0.510154361483014 -1.746861674321038 -1.0875893105342198
25240.0 10611591.0 -0.7051416763952969 1.693181961202111 0.5066391451635502 -1.746861674321038 -1.0875893105342198
25241.0 10611591.0 -0.7733693375515334 1.6936459990012043 0.5036737440538296 -1.746861674321038 -1.0875893105342198
25242.0 10611591.0 -0.8370633516168289 1.6984698177967665 0.5011721615216701 -1.746861674321038 -1.0875893105342198
25243.0 10611591.0 -0.904873620169538 1.6934239634834911 0.4990618516736391 -1.746861674321038 -1.0875893105342198
25244.0 10611591.0 -0.9650613449288898 1.696751586435196 0.4972816155241436 -1.746861674321038 -1.0875893105342198
25245.0 10611591.0 -1.0501383312902626 1.691862899812531 0.49577982622484834 -1.746861674321038 -1.0875893105342198
25246.0 10611591.0 -1.1058975593118636 1.6883685700681765 0.4945129318860737 -1.746861674321038 -1.0875893105342198
25247.0 10611591.0 -1.162302710272226 1.6818143968024064 0.4934441925719952 -1.746861674321038 -1.0875893105342198
25248.0 10611591.0 -1.22589275985114 1.6785454987235855 0.49254261484250456 -1.746861674321038 -1.0875893105342198
25249.0 10611591.0 -1.2762752950962588 1.6656990199792479 0.4917820529434465 -1.746861674321038 -1.0875893105342198
25250.0 10611591.0 -1.3459220985150895 1.6509756314632338 0.4911404505797484 -1.746861674321038 -1.0875893105342198
25251.0 10611591.0 -1.3904915066524506 1.6387988056957883 0.49059920128286305 -1.746861674321038 -1.0875893105342198
25252.0 10611591.0 -1.4350609147898117 1.6266219799283428 0.4901426088231807 -1.746861674321038 -1.0875893105342198
25253.0 10611591.0 -1.489254821322332 1.6015869163909477 0.48975743201937066 -1.746861674321038 -1.0875893105342198
25254.0 10611591.0 -1.5434487278548523 1.5765518528535527 0.4894325007441223 -1.746861674321038 -1.0875893105342198
25255.0 10611591.0 -1.5917056647776433 1.5457776948718034 0.4891583919904535 -1.746861674321038 -1.0875893105342198
25256.0 10611591.0 -1.6399626017004343 1.515003536890054 0.4889271566045079 -1.746861674321038 -1.0875893105342198
25257.0 10611591.0 -1.6908934164451968 1.4692724930735974 0.488732088760093 -1.746861674321038 -1.0875893105342198
25258.0 10611591.0 -1.7418242311899592 1.4235414492571408 0.4885675314897208 -1.746861674321038 -1.0875893105342198
25259.0 10611591.0 -1.7598982455840202 1.4022304592256631 0.4884287126325505 -1.746861674321038 -1.0875893105342198
25260.0 10611591.0 -1.7952814188660327 1.3571967495899084 0.4859279170653157 -1.746861674321038 -1.0875893105342198
25261.0 10611591.0 -1.8306645921480451 1.3121630399541537 0.4814345817165666 -1.746861674321038 -1.0875893105342198
25262.0 10611591.0 -1.862543995087288 1.2635878221711583 0.48241142799041486 -1.746861674321038 -1.0875893105342198
25263.0 10611591.0 -1.9001051174953634 1.1922178670283978 0.47846810692316827 -1.746861674321038 -1.0875893105342198
25264.0 10611591.0 -1.9213426481007556 1.1449514956998412 0.4751415609566935 -1.746861674321038 -1.0875893105342198
25265.0 10611591.0 -1.9374688120138501 1.0956622962618918 0.4723353202579629 -1.746861674321038 -1.0875893105342198
25266.0 10611591.0 -1.9552554555952038 1.0480847889900513 0.46996800384671317 -1.746861674321038 -1.0875893105342198
25267.0 10611591.0 -1.960756180995136 1.0231276457761427 0.4679709595470181 -1.746861674321038 -1.0875893105342198
25268.0 10611591.0 -1.9662569063950681 0.9981705025622339 0.46628627307418663 -1.746861674321038 -1.0875893105342198
25269.0 10611591.0 -1.9820722642707647 0.9498312071946283 0.4648650885205065 -1.746861674321038 -1.0875893105342198
25270.0 10611591.0 -1.996585618408642 0.8973269890438126 0.4636661915339211 -1.746861674321038 -1.0875893105342198
25271.0 10611591.0 -2.011466598028199 0.8257809651097736 0.4626548141018194 -1.746861674321038 -1.0875893105342198
25272.0 10611591.0 -2.0222626857161012 0.8025563324866898 0.4618016262786705 -1.746861674321038 -1.0875893105342198
25273.0 10611591.0 -2.0331968028304255 0.7419874290547196 0.461081885617603 -1.746861674321038 -1.0875893105342198
25274.0 10611591.0 -2.043145676871732 0.6898593415938187 0.460474719639446 -1.746861674321038 -1.0875893105342198
25275.0 10611591.0 -2.0504638659707313 0.6321969123551662 0.45996252053083286 -1.746861674321038 -1.0875893105342198
25276.0 10611591.0 -2.058090793318061 0.5844502238177043 0.45953043451761394 -1.746861674321038 -1.0875893105342198
25277.0 10611591.0 -2.0591309632009205 0.5310433326124769 0.4543985523525889 -1.746861674321038 -1.0875893105342198
25278.0 10611591.0 -2.063258696368367 0.484488699165215 0.450069348205789 -1.746861674321038 -1.0875893105342198
25279.0 10611591.0 -2.0633693881822897 0.44070931618511433 0.4464172751569569 -1.746861674321038 -1.0875893105342198
25280.0 10611591.0 -2.056170941663468 0.39103346699611485 0.44333642308767657 -1.746861674321038 -1.0875893105342198
25281.0 10611591.0 -2.0425339275384804 0.31705144649482275 0.43597006853512194 -1.746861674321038 -1.0875893105342198
25282.0 10611591.0 -2.0254480992242954 0.26881478545205184 0.42975588597008585 -1.746861674321038 -1.0875893105342198
25283.0 10611591.0 -2.0072895717909773 0.22548517928481568 0.42451366409818225 -1.746861674321038 -1.0875893105342198
25284.0 10611591.0 -1.9947252275414713 0.2027971803251448 0.42009137848512595 -1.746861674321038 -1.0875893105342198
25285.0 10611591.0 -1.982160883291965 0.1801091813654739 0.4163607828481383 -1.746861674321038 -1.0875893105342198
25286.0 10611591.0 -1.9575930893900921 0.14496516093182107 0.4084463111609298 -1.746861674321038 -1.0875893105342198
25287.0 10611591.0 -1.914701906393068 0.09821891190097895 0.40176974249738817 -1.746861674321038 -1.0875893105342198
25288.0 10611591.0 -1.8798154123452189 0.07044916846582791 0.39613745636627085 -1.746861674321038 -1.0875893105342198
25289.0 10611591.0 -1.8425940385022954 0.04845893375267693 0.39138611646977534 -1.746861674321038 -1.0875893105342198
25290.0 10611591.0 -1.8120681626197432 0.02772437599185082 0.38261055519808645 -1.746861674321038 -1.0875893105342198
25291.0 10611591.0 -1.7397631278582775 -0.0010676149228619203 0.37520758002714205 -1.746861674321038 -1.0875893105342198
25292.0 10611591.0 -1.690820928489939 -0.012753149770967448 0.36896250467698477 -1.746861674321038 -1.0875893105342198
25293.0 10611591.0 -1.6684487751146826 -0.013878311484034761 0.36369422196246004 -1.746861674321038 -1.0875893105342198
25294.0 10611591.0 -1.6005512828464712 -0.02627174057772466 0.3592499516848467 -1.746861674321038 -1.0875893105342198
25295.0 10611591.0 -1.5473647232127206 -0.02660910043008849 0.35550081000609385 -1.746861674321038 -1.0875893105342198
25296.0 10611591.0 -1.5101541234821199 -0.028263920648228497 0.35233807181751775 -1.746861674321038 -1.0875893105342198
25297.0 10611591.0 -1.4608718366273543 -0.02288391196129927 0.3496700177116497 -1.746861674321038 -1.0875893105342198
25298.0 10611591.0 -1.4160551666756536 -0.02165134512873526 0.3474192741194195 -1.746861674321038 -1.0875893105342198
25299.0 10611591.0 -1.3719029502369924 -0.01973387101163185 0.3455205694766524 -1.746861674321038 -1.0875893105342198
25300.0 10611591.0 -1.3435107170694407 -0.015758191892069756 0.3415351519722998 -1.746861674321038 -1.0875893105342198
25301.0 10611591.0 -1.315118483901889 -0.011782512772507664 0.3357894044987354 -1.746861674321038 -1.0875893105342198
25302.0 10611591.0 -1.273063166017011 -0.00812721409390818 0.33094234975563436 -1.746861674321038 -1.0875893105342198
25303.0 10611591.0 -1.231870872282437 -0.007110390219727175 0.3268534231554467 -1.746861674321038 -1.0875893105342198
25304.0 10611591.0 -1.1997730431434441 -0.006741233803856522 0.323404045826767 -1.746861674321038 -1.0875893105342198
25305.0 10611591.0 -1.1557248578606607 -0.005139066554349286 0.32049418582706357 -1.746861674321038 -1.0875893105342198
25306.0 10611591.0 -1.1164568734387295 -0.0018566636157817673 0.31803945721634497 -1.746861674321038 -1.0875893105342198
25307.0 10611591.0 -1.0715633164349359 -0.003100867227288112 0.3159686728649004 -1.746861674321038 -1.0875893105342198
25308.0 10611591.0 -1.0166824761185889 -0.005040194745172283 0.3142217800265379 -1.746861674321038 -1.0875893105342198
25309.0 10611591.0 -0.9815330707358567 -0.003214438819559101 0.312748118808945 -1.746861674321038 -1.0875893105342198
25310.0 10611591.0 -0.9441739938942064 -0.0046814305699658665 0.31150495303681147 -1.746861674321038 -1.0875893105342198
25311.0 10611591.0 -0.900126292537065 -0.0030776792919248452 0.30568885214992864 -1.746861674321038 -1.0875893105342198
25312.0 10611591.0 -0.8557939206871157 -0.0033192868421894894 0.3007824479753937 -4.583840876437653 0.6518684078088888
25313.0 10611591.0 -0.8188000115936773 -0.002913749492851697 0.2966434547921452 -4.583840876437653 0.6518684078088888
25314.0 10611591.0 -0.78434282650089 -0.00483316505675227 0.2931518417978689 -4.583840876437653 0.6518684078088888
25315.0 10611591.0 -0.7375084943708707 -0.0028544392550922393 0.2902063522157308 -4.583840876437653 0.6518684078088888
25316.0 10611591.0 -0.6933576561653252 -0.0009327532928849747 0.2877215668478489 -4.583840876437653 0.6518684078088888
25317.0 10611591.0 -0.6714548289399382 -0.0004995308747812177 0.2856254269185546 -4.583840876437653 0.6518684078088888
25318.0 10611591.0 -0.6495520017145513 -6.630845667746077e-05 0.2838571443698984 -4.583840876437653 0.6518684078088888
25319.0 10611591.0 -0.6173168966289182 0.0007276857433815842 0.28236543900796923 -4.583840876437653 0.6518684078088888
25320.0 10611591.0 -0.5828125574012106 0.0003125934573862399 0.28110705137727116 -4.583840876437653 0.6518684078088888
25321.0 10611591.0 -0.5244427336492359 0.002259947444672533 0.280045488236514 -4.583840876437653 0.6518684078088888
25322.0 10611591.0 -0.4881956153453577 0.001742853388530835 0.2791499642546157 -4.583840876437653 0.6518684078088888
25323.0 10611591.0 -0.4527124043800137 0.005681647421683672 0.27839450923610126 -4.583840876437653 0.6518684078088888
25324.0 10611591.0 -0.4106196465420553 0.0026697385273501684 0.27775721498543376 -4.583840876437653 0.6518684078088888
25325.0 10611591.0 -0.3665384653569259 0.0043823486790198485 0.27245222121652696 -4.583840876437653 0.6518684078088888
25326.0 10611591.0 -0.30804801281678507 0.001268077420696373 0.2679769818628994 -4.583840876437653 0.6518684078088888
25327.0 10611591.0 -0.27514893954785413 0.0013791017886960744 0.264201714983296 -4.583840876437653 0.6518684078088888
25328.0 10611591.0 -0.21036037446912803 0.001230586194901323 0.26101693783820806 -4.583840876437653 0.6518684078088888
25329.0 10611591.0 -0.179689845846481 0.0033556967549059485 0.2583302918904282 -4.583840876437653 0.6518684078088888
25330.0 10611591.0 -0.149019317223834 0.005480807314910574 0.2560638644074708 -4.583840876437653 0.6518684078088888
25331.0 10611591.0 -0.0921061993300929 0.008141140545763398 0.25415192899233 -4.583840876437653 0.6518684078088888
25332.0 10611591.0 -0.07150584833330642 0.008125525151872315 0.2525390395179668 -4.583840876437653 0.6518684078088888
25333.0 10611591.0 -0.050905497336519945 0.008109909757981232 0.2511784221896246 -4.583840876437653 0.6518684078088888
25334.0 10611591.0 0.0013117812213545577 0.004828631186598292 0.2500306191047815 -4.583840876437653 0.6518684078088888
25335.0 10611591.0 0.03563388538216983 0.006578799561124754 0.24906234397397714 -4.583840876437653 0.6518684078088888
25336.0 10611591.0 0.0788412515730803 0.006710207636162868 0.24824551681841808 -4.583840876437653 0.6518684078088888
25337.0 10611591.0 0.1101543937803976 0.00360262483489171 0.24755644965059315 -4.583840876437653 0.6518684078088888
25338.0 10611591.0 0.14407133448675657 0.0013966331721695924 0.2469751595226354 -4.583840876437653 0.6518684078088888
25339.0 10611591.0 0.18706407866535035 0.005220521007565482 0.2417174102680172 -4.583840876437653 0.6518684078088888
25340.0 10611591.0 0.21746970778542185 0.00042387548902694805 0.2372820259111715 -4.583840876437653 0.6518684078088888
25341.0 10611591.0 0.25822822118842453 0.00013001352290638313 0.23592406968215823 -4.583840876437653 0.6518684078088888
25342.0 10611591.0 0.2989867345914272 -0.0001638484432141818 0.23716220085033599 -4.583840876437653 0.6518684078088888
25343.0 10611591.0 0.33835546890390467 0.003443250555862337 0.23343929709035657 -4.583840876437653 0.6518684078088888
25344.0 10611591.0 0.35518857074277066 0.0033163458869086004 0.2302986929459975 -4.583840876437653 0.6518684078088888
25345.0 10611591.0 0.3824787805547492 0.002576092950338421 0.23003300027348084 -4.583840876437653 0.6518684078088888
25346.0 10611591.0 0.40976899036672776 0.0018358400137682418 0.23219255398530356 -4.583840876437653 0.6518684078088888
25347.0 10611591.0 0.43478553339351916 0.0018389375250997726 0.23401433176270006 -4.583840876437653 0.6518684078088888
25348.0 10611591.0 0.45980207642031057 0.0018420350364313036 0.23555116516121488 -4.583840876437653 0.6518684078088888
25349.0 10611591.0 0.484818619447102 0.0018451325477628344 0.23684762234940493 -4.583840876437653 0.6518684078088888
25350.0 10611591.0 0.5098351624738934 0.0018482300590943652 0.2379413005857277 -4.583840876437653 0.6518684078088888
25351.0 10611591.0 0.5348517055006847 0.0018513275704258962 0.2388639165390366 -4.583840876437653 0.6518684078088888
25352.0 10611591.0 0.5598682485274762 0.001854425081757427 0.23964222607197758 -4.583840876437653 0.6518684078088888
25353.0 10611591.0 0.5865845906111715 0.0007182765407679204 0.24029880016100588 -4.583840876437653 0.6518684078088888
25354.0 10611591.0 0.613300932694867 -0.0004178720002215863 0.24085267945470337 -4.583840876437653 0.6518684078088888
25355.0 10611591.0 0.6197021857134078 0.002864528050559423 0.24131992645258724 -4.583840876437653 0.6518684078088888
25356.0 10611591.0 0.6371432756353859 0.0032405543566284833 0.24171409131759614 -4.583840876437653 0.6518684078088888
25357.0 10611591.0 0.654584365557364 0.003616580662697544 0.24204660483081533 -4.583840876437653 0.6518684078088888
25358.0 10611591.0 0.6685615730571984 0.0029047763557681072 0.24232710988412817 -4.583840876437653 0.6518684078088888
25359.0 10611591.0 0.6873787456311645 0.00341539318521622 0.24256374112408075 -4.583840876437653 0.6518684078088888
25360.0 10611591.0 0.7042116302821094 0.0032893163339967335 0.24276336085663164 -4.583840876437653 0.6518684078088888
25361.0 10611591.0 0.7174208695960818 0.00294536095228351 0.24293175805402487 -4.583840876437653 0.6518684078088888
25362.0 10611591.0 0.7334857897070286 0.003187104689830439 0.2430738162349848 -4.583840876437653 0.6518684078088888
25363.0 10611591.0 0.7427609725705202 0.001675252637142438 0.2431936550867593 -4.583840876437653 0.6518684078088888
25364.0 10611591.0 0.7514582205041592 0.008179666183343814 0.24329474993604983 -4.583840876437653 0.6518684078088888
25365.0 10611591.0 0.7628358863780162 0.011471741828544518 0.24338003253348578 -4.583840876437653 0.6518684078088888
25366.0 10611591.0 0.7741896152731549 0.013603381887476187 0.24345197607439284 -4.583840876437653 0.6518684078088888
25367.0 10611591.0 0.7758542973614463 0.015980141614605384 0.2435126669214573 -4.583840876437653 0.6518684078088888
25368.0 10611591.0 0.7838419710017999 0.024118348430272135 0.243563865109244 -4.583840876437653 0.6518684078088888
25369.0 10611591.0 0.7854285006579966 0.028974011541962233 0.24360705538519878 -4.583840876437653 0.6518684078088888
25370.0 10611591.0 0.7869368822797771 0.036308576006427826 0.24364349026732432 -4.583840876437653 0.6518684078088888
25371.0 10611591.0 0.7885579023079605 0.041269796925316016 0.24367422636720226 -4.583840876437653 0.6518684078088888
25372.0 10611591.0 0.7901535999274693 0.043435443215700725 0.24370015503172907 -4.583840876437653 0.6518684078088888
25373.0 10611591.0 0.7885522316330464 0.0480476179558065 0.24372202819217603 -4.583840876437653 0.6518684078088888
25374.0 10611591.0 0.7869508633386235 0.05265979269591227 0.2437404801701961 -4.583840876437653 0.6518684078088888
25375.0 10611591.0 0.7886753563828713 0.057937686242087574 0.24375604607315182 -4.583840876437653 0.6518684078088888
25376.0 10611591.0 0.7901929102743809 0.06258223259891005 0.24376917731222897 -4.583840876437653 0.6518684078088888
25377.0 10611591.0 0.7885788880396398 0.0657966195163999 0.24378025469336076 -4.583840876437653 0.6518684078088888
25378.0 10611591.0 0.7869648658048989 0.06901100643388974 0.24378959946060003 -4.583840876437653 0.6518684078088888
25379.0 10611591.0 0.7853036919491457 0.07072204919708283 0.24379748261219666 -4.583840876437653 0.6518684078088888
25380.0 10611591.0 0.7836425180933926 0.0724330919602759 0.24380413275954702 -4.583840876437653 0.6518684078088888
25381.0 10611591.0 0.778922256443187 0.0770128986243063 0.24380974275692424 -4.583840876437653 0.6518684078088888
25382.0 10611591.0 0.7735319125103972 0.07573664200992272 0.24381447529425226 -4.583840876437653 0.6518684078088888
25383.0 10611591.0 0.7733052564097298 0.07884820618083171 0.2438184676151136 -4.583840876437653 0.6518684078088888
25384.0 10611591.0 0.7683963686333385 0.07741464124678193 0.24382183549681324 -4.583840876437653 0.6518684078088888
25385.0 10611591.0 0.7620895627824639 0.07713880264865236 0.24382467660792045 -4.583840876437653 0.6518684078088888
25386.0 10611591.0 0.7569540199285859 0.0788168102333753 0.24382707334065737 -4.583840876437653 0.6518684078088888
25387.0 10611591.0 0.7533710706523229 0.07919893671790584 0.24382909520027335 -4.583840876437653 0.6518684078088888
