25334.0 10926744.0 0.5998365676761952 0.07524681139137003 0.21336000000000002 -4.583840876437653 0.6518684078088888
25335.0 10926744.0 0.596053175187424 0.07589895966496885 0.21336000000000002 -4.583840876437653 0.6518684078088888
25336.0 10926744.0 0.5922697826986527 0.07655110793856765 0.21336000000000002 -4.583840876437653 0.6518684078088888
25337.0 10926744.0 0.5816058578822585 0.07653089938881627 0.21336000000000002 -4.583840876437653 0.6518684078088888
25338.0 10926744.0 0.5761014296344678 0.07599301690527187 0.21336000000000002 -4.583840876437653 0.6518684078088888
25339.0 10926744.0 0.5709658859465432 0.07767116017630694 0.22044389378355017 -4.583840876437653 0.6518684078088888
25340.0 10926744.0 0.5651974908542208 0.07686905757854341 0.22529243520237566 -4.583840876437653 0.6518684078088888
25341.0 10926744.0 0.5610294061833272 0.07688754722631169 0.2288367577743788 -4.583840876437653 0.6518684078088888
25342.0 10926744.0 0.5568613215124337 0.07690603687407996 0.23154320479023816 -4.583840876437653 0.6518684078088888
25343.0 10926744.0 0.5505429583725724 0.07659520601584789 0.23367224024084213 -4.583840876437653 0.6518684078088888
25344.0 10926744.0 0.5442245952327109 0.07628437515761582 0.23538193226743614 -4.583840876437653 0.6518684078088888
25345.0 10926744.0 0.5379062320928496 0.07597354429938376 0.23677482070736125 -4.583840876437653 0.6518684078088888
25346.0 10926744.0 0.5314348811016713 0.07555695023084383 0.23792118624452796 -4.583840876437653 0.6518684078088888
25347.0 10926744.0 0.5249635301104928 0.07514035616230388 0.2388714497484258 -4.583840876437653 0.6518684078088888
25348.0 10926744.0 0.5184921791193144 0.07472376209376395 0.23966316700064494 -4.583840876437653 0.6518684078088888
25349.0 10926744.0 0.5117930743587169 0.0750144329955356 0.24032517017877827 -4.583840876437653 0.6518684078088888
25350.0 10926744.0 0.5050939695981193 0.07530510389730724 0.2408801284778662 -4.583840876437653 0.6518684078088888
25351.0 10926744.0 0.49839486483752166 0.07559577479907889 0.24134619667213475 -4.583840876437653 0.6518684078088888
25352.0 10926744.0 0.49169576007692406 0.07588644570085054 0.24173811836750814 -4.583840876437653 0.6518684078088888
25353.0 10926744.0 0.48688118775828065 0.07745976263764802 0.2372843954617656 -4.583840876437653 0.6518684078088888
25354.0 10926744.0 0.4800696078257023 0.07699861799993495 0.23353332419163372 -4.583840876437653 0.6518684078088888
25355.0 10926744.0 0.473258027893124 0.07653747336222187 0.23037258136995753 -4.583840876437653 0.6518684078088888
25356.0 10926744.0 0.4674745940705429 0.07605190122573151 0.22770838325015194 -4.583840876437653 0.6518684078088888
25357.0 10926744.0 0.46169116024796186 0.07556632908924113 0.22546219586637192 -4.583840876437653 0.6518684078088888
25358.0 10926744.0 0.4559077264253808 0.07508075695275077 0.22356811679946673 -4.583840876437653 0.6518684078088888
25359.0 10926744.0 0.45109315355606194 0.07665409836611854 0.22197076003981334 -4.583840876437653 0.6518684078088888
25360.0 10926744.0 0.44548520630762195 0.07579964790557264 0.22062352759879889 -4.583840876437653 0.6518684078088888
25361.0 10926744.0 0.43987725681829737 0.07494520183161395 0.2194871849181301 -4.583840876437653 0.6518684078088888
25362.0 10926744.0 0.43506268385619434 0.07651855420881531 0.2185286791399643 -4.583840876437653 0.6518684078088888
25363.0 10926744.0 0.4295582159438954 0.07598078507786965 0.2224880724503745 -4.583840876437653 0.6518684078088888
25364.0 10926744.0 0.4233475443926075 0.07645266519400429 0.22423874352252074 -4.583840876437653 0.6518684078088888
25365.0 10926744.0 0.4171368728413196 0.07692454531013893 0.22412631835975633 -4.583840876437653 0.6518684078088888
25366.0 10926744.0 0.4109262012900317 0.07739642542627356 0.2224422891404877 -4.583840876437653 0.6518684078088888
25367.0 10926744.0 0.401060944284352 0.07302645197927812 0.2210216864867117 -4.583840876437653 0.6518684078088888
25368.0 10926744.0 0.3959589095020549 0.07372020048879517 0.21982329686238544 -4.583840876437653 0.6518684078088888
25369.0 10926744.0 0.3908568747197578 0.0744139489983122 0.2188123573277941 -4.583840876437653 0.6518684078088888
25370.0 10926744.0 0.3857548399374607 0.07510769750782925 0.21795954484893157 -4.583840876437653 0.6518684078088888
25371.0 10926744.0 0.3790467134736638 0.07496331762724143 0.2172401243895085 -4.583840876437653 0.6518684078088888
25372.0 10926744.0 0.372338587009867 0.0748189377466536 0.21663323067041187 -4.583840876437653 0.6518684078088888
25373.0 10926744.0 0.3675240139616527 0.07639233631636308 0.21612126252162164 -4.583840876437653 0.6518684078088888
25374.0 10926744.0 0.36089212754184413 0.07602834445726882 0.21568937211510605 -4.583840876437653 0.6518684078088888
25375.0 10926744.0 0.35426024112203564 0.07566435259817454 0.2153250341777951 -4.583840876437653 0.6518684078088888
25376.0 10926744.0 0.3476283547022271 0.07530036073908028 0.21501768263858728 -4.583840876437653 0.6518684078088888
25377.0 10926744.0 0.33928537323342983 0.07422992530266335 0.21475840414020314 -4.583840876437653 0.6518684078088888
25378.0 10926744.0 0.3309423917646326 0.07315948986624643 0.2145396795085496 -4.583840876437653 0.6518684078088888
25379.0 10926744.0 0.3245779686513231 0.07270811879238127 0.21435516567069204 -4.583840876437653 0.6518684078088888
25380.0 10926744.0 0.31821354553801356 0.07225674771851613 0.21419951169014292 -4.583840876437653 0.6518684078088888
25381.0 10926744.0 0.3118491224247041 0.07180537664465098 0.21406820358034068 -4.583840876437653 0.6518684078088888
25382.0 10926744.0 0.30526808328253685 0.07272941167243874 0.21395743339341863 -4.583840876437653 0.6518684078088888
25383.0 10926744.0 0.2986870441403696 0.0736534467002265 0.2138639887863423 -4.583840876437653 0.6518684078088888
25384.0 10926744.0 0.2921060049982024 0.07457748172801426 0.2137851598609357 -4.583840876437653 0.6518684078088888
25385.0 10926744.0 0.28552496585603515 0.07550151675580202 0.21371866057561797 -4.583840876437653 0.6518684078088888
25386.0 10926744.0 0.2775096796936325 0.07543392703070265 0.21366256244946763 -4.583840876437653 0.6518684078088888
25387.0 10926744.0 0.2680800154398605 0.07103856989055013 0.21361523863583734 -4.583840876437653 0.6518684078088888
25388.0 10926744.0 0.2626099961176309 0.07060648527884184 0.21357531674353814 -4.583840876437653 0.6518684078088888
25389.0 10926744.0 0.2549869180607316 0.07309782002672852 0.21354163903733692 -4.583840876437653 0.6518684078088888
25390.0 10926744.0 0.2468913772625021 0.07305648941792864 0.21828060767169738 -4.583840876437653 0.6518684078088888
25391.0 10926744.0 0.2417558314315904 0.07473487286050129 0.21751097510415193 -4.583840876437653 0.6518684078088888
25392.0 10926744.0 0.23370603349621055 0.0745617771586854 0.2168617208183467 -4.583840876437653 0.6518684078088888
25393.0 10926744.0 0.2265966500116117 0.07454866953140794 0.21631401643850667 -4.583840876437653 0.6518684078088888
25394.0 10926744.0 0.21948726652701286 0.0745355619041305 0.21585197853672397 -4.583840876437653 0.6518684078088888
25395.0 10926744.0 0.212377883042414 0.07452245427685306 0.2154622080133111 -4.583840876437653 0.6518684078088888
25396.0 10926744.0 0.20404160162650076 0.07455984789363362 0.2151334015227674 -4.583840876437653 0.6518684078088888
25397.0 10926744.0 0.19705819884017334 0.07438876052423866 0.214856023676674 -4.583840876437653 0.6518684078088888
25398.0 10926744.0 0.19007479605384592 0.0742176731548437 0.2146220305173783 -4.583840876437653 0.6518684078088888
25399.0 10926744.0 0.1828529362689738 0.07657795922983215 0.2144246362431911 -4.583840876437653 0.6518684078088888
25400.0 10926744.0 0.1733062400712969 0.07590110156273985 0.21425811642011924 -4.583840876437653 0.6518684078088888
25401.0 10926744.0 0.16375954387362002 0.07522424389564755 0.2141176419732685 -4.583840876437653 0.6518684078088888
25402.0 10926744.0 0.15815150637218744 0.07437001950629313 0.21399913914366514 -4.583840876437653 0.6518684078088888
25403.0 10926744.0 0.15116809039569196 0.07419897724912074 0.21389917134924166 -4.583840876437653 0.6518684078088888
25404.0 10926744.0 0.14418467441919647 0.07402793499194835 0.21381483952395436 -4.583840876437653 0.6518684078088888
25405.0 10926744.0 0.13760923607946668 0.0748334519965095 0.21374369804486662 -4.583840876437653 0.6518684078088888
25406.0 10926744.0 0.1310337977397369 0.07563896900107064 0.21368368380908295 -4.583840876437653 0.6518684078088888
25407.0 10926744.0 0.12556374594006825 0.07520698989470323 0.21363305640376445 -4.583840876437653 0.6518684078088888
25408.0 10926744.0 0.11995569654194116 0.07435279556293012 0.21359034763415619 -4.583840876437653 0.6518684078088888
25409.0 10926744.0 0.1119403577943775 0.0742853927162393 0.21355431894593907 -4.583840876437653 0.6518684078088888
25410.0 10926744.0 0.10540049808538696 0.0732976507478133 0.21352392550715457 -4.583840876437653 0.6518684078088888
25411.0 10926744.0 0.09886063837639641 0.07230990877938731 0.2134982859080778 -4.583840876437653 0.6518684078088888
25412.0 10926744.0 0.09232077866740587 0.07132216681096132 0.21347665660033538 -4.583840876437653 0.6518684078088888
25413.0 10926744.0 0.08578091895841533 0.07033442484253533 0.21345841033400278 -4.583840876437653 0.6518684078088888
25414.0 10926744.0 0.07984702666440185 0.07052140618851192 0.2146348626555645 -4.583840876437653 0.6518684078088888
25415.0 10926744.0 0.07391313437038838 0.07070838753448852 0.21681915068234234 -4.583840876437653 0.6518684078088888
25416.0 10926744.0 0.0679792420763749 0.07089536888046512 0.2198536387671113 -4.583840876437653 0.6518684078088888
25417.0 10926744.0 0.062045349782361425 0.07108235022644172 0.2236053470643292 -4.583840876437653 0.6518684078088888
25418.0 10926744.0 0.05723077471697802 0.0726559626633692 0.22677025042641 -4.583840876437653 0.6518684078088888
25419.0 10926744.0 0.05241619965159461 0.07422957510029668 0.22944013105085512 -4.583840876437653 0.6518684078088888
25420.0 10926744.0 0.04700426904253047 0.07465488493132445 0.2316924154757741 -4.583840876437653 0.6518684078088888
25421.0 10926744.0 0.041592338433466325 0.07508019476235223 0.23359241994948998 -4.583840876437653 0.6518684078088888
25422.0 10926744.0 0.03705629844871844 0.07410933802369664 0.2351952446017407 -4.583840876437653 0.6518684078088888
25423.0 10926744.0 0.03252025846397055 0.07313848128504105 0.23654737134744172 -4.583840876437653 0.6518684078088888
25424.0 10926744.0 0.03204111898476736 0.07574853235960359 0.2376880118622184 -4.583840876437653 0.6518684078088888
25425.0 10926744.0 0.031561979505564164 0.07835858343416613 0.23865024472099938 -4.583840876437653 0.6518684078088888
25426.0 10926744.0 0.031773109411239044 0.0780599975028441 0.23946197467668928 -4.583840876437653 0.6518684078088888
25427.0 10926744.0 0.03198423931691393 0.07776141157152208 0.24014674189800314 -4.583840876437653 0.6518684078088888
25428.0 10926744.0 0.03219536922258881 0.07746282564020006 0.2407244046343591 -4.583840876437653 0.6518684078088888
25429.0 10926744.0 0.0324064991282637 0.07716423970887804 0.24121171510511144 -4.583840876437653 0.6518684078088888
25430.0 10926744.0 0.032617629033938576 0.07686565377755601 0.241622805313912 -4.583840876437653 0.6518684078088888
25431.0 10926744.0 0.03282875893961346 0.07656706784623399 0.24196959687681602 -4.583840876437653 0.6518684078088888
25432.0 10926744.0 0.03303988884528834 0.07626848191491196 0.2422621467491477 -4.583840876437653 0.6518684078088888
25433.0 10926744.0 0.03325101875096323 0.07596989598358994 0.24250893887720468 -4.583840876437653 0.6518684078088888
25434.0 10926744.0 0.03346214865663811 0.0756713100522679 0.24271713023270058 -4.583840876437653 0.6518684078088888
25435.0 10926744.0 0.03367327856231299 0.07537272412094588 0.2428927583649448 -4.583840876437653 0.6518684078088888
25436.0 10926744.0 0.033884408467987875 0.07507413818962386 0.2430409164897724 -4.583840876437653 0.6518684078088888
25437.0 10926744.0 0.034095538373662755 0.07477555225830183 0.24316590119280343 -4.583840876437653 0.6518684078088888
25438.0 10926744.0 0.03430666827933764 0.07447696632697981 0.24327133703042575 -4.583840876437653 0.6518684078088888
25439.0 10926744.0 0.03451779818501252 0.07417838039565779 0.2433602816419304 -4.583840876437653 0.6518684078088888
25440.0 10926744.0 0.03472892809068741 0.07387979446433576 0.24343531442105104 -4.583840876437653 0.6518684078088888
25441.0 10926744.0 0.03494005799636229 0.07358120853301374 0.24349861131838216 -4.583840876437653 0.6518684078088888
25442.0 10926744.0 0.035151187902037175 0.07328262260169172 0.24355200794394638 -4.583840876437653 0.6518684078088888
25443.0 10926744.0 0.035362317807712054 0.07298403667036969 0.24359705279988503 -4.583840876437653 0.6518684078088888
25444.0 10926744.0 0.03557344771338694 0.07268545073904767 0.24363505218702033 -4.583840876437653 0.6518684078088888
25445.0 10926744.0 0.03578457761906182 0.07238686480772565 0.24366710808757924 -4.583840876437653 0.6518684078088888
25446.0 10926744.0 0.0359957075247367 0.07208827887640362 0.24369415012267795 -4.583840876437653 0.6518684078088888
25447.0 10926744.0 0.03620683743041159 0.0717896929450816 0.24371696251133432 -4.583840876437653 0.6518684078088888
25448.0 10926744.0 0.03641796733608647 0.07149110701375957 0.24373620681281938 -4.583840876437653 0.6518684078088888
25449.0 10926744.0 0.03662909724176135 0.07119252108243755 0.24375244111187622 -4.583840876437653 0.6518684078088888
25450.0 10926744.0 0.03684022714743623 0.07089393515111553 0.24376613620317744 -4.583840876437653 0.6518684078088888
25451.0 10926744.0 0.03705135705311112 0.07059534921979349 0.24377768924437082 -4.583840876437653 0.6518684078088888
25452.0 10926744.0 0.037262486958786 0.07029676328847147 0.24378743527365096 -4.583840876437653 0.6518684078088888
25453.0 10926744.0 0.037473616864460886 0.06999817735714944 0.24379565692586697 -4.583840876437653 0.6518684078088888
25454.0 10926744.0 0.037684746770135766 0.06969959142582742 0.2438025926289331 -4.583840876437653 0.6518684078088888
25455.0 10926744.0 0.03789587667581065 0.0694010054945054 0.24380844351823833 -4.583840876437653 0.6518684078088888
25456.0 10926744.0 0.03810700658148553 0.06910241956318337 0.24381337926957244 -4.583840876437653 0.6518684078088888
25457.0 10926744.0 0.03831813648716041 0.06880383363186135 0.24381754301972416 -4.583840876437653 0.6518684078088888
25458.0 10926744.0 0.0385292663928353 0.06850524770053933 0.2438210555174479 -4.583840876437653 0.6518684078088888
25459.0 10926744.0 0.03874039629851018 0.0682066617692173 0.24382401862517764 -4.583840876437653 0.6518684078088888
25460.0 10926744.0 0.038951526204185065 0.06790807583789528 0.2438265182730375 -4.583840876437653 0.6518684078088888
25461.0 10926744.0 0.039162656109859945 0.06760948990657326 0.24382862695081547 -4.583840876437653 0.6518684078088888
25462.0 10926744.0 0.03937378601553483 0.06731090397525123 0.24383040581016707 -4.583840876437653 0.6518684078088888
25463.0 10926744.0 0.03958491592120971 0.06701231804392921 0.24383190643801353 -4.583840876437653 0.6518684078088888
25464.0 10926744.0 0.03979604582688459 0.06671373211260719 0.24383317235256238 -4.583840876437653 0.6518684078088888
25465.0 10926744.0 0.04000717573255948 0.06641514618128516 0.24383424026533554 -4.583840876437653 0.6518684078088888
25466.0 10926744.0 0.040218305638234364 0.06611656024996314 0.24383514114580343 -4.583840876437653 0.6518684078088888
25467.0 10926744.0 0.040429435543909244 0.06581797431864111 0.24383590111949963 -4.583840876437653 0.6518684078088888
25468.0 10926744.0 0.04064056544958412 0.06551938838731908 0.2438365422256613 -4.583840876437653 0.6518684078088888
25469.0 10926744.0 0.04085169535525901 0.06522080245599705 0.24383708305636717 -4.583840876437653 0.6518684078088888
25470.0 10926744.0 0.04106282526093389 0.06492221652467503 0.24383753929570767 -4.583840876437653 0.6518684078088888
25471.0 10926744.0 0.041273955166608776 0.06462363059335301 0.2438379241746237 -4.583840876437653 0.6518684078088888
25472.0 10926744.0 0.041485085072283656 0.06432504466203098 0.24383824885460378 -4.583840876437653 0.6518684078088888
25473.0 10926744.0 0.04169621497795854 0.06402645873070896 0.2438385227513674 -4.583840876437653 0.6518684078088888
25474.0 10926744.0 0.04190734488363342 0.06372787279938694 0.24383875380792067 -4.583840876437653 0.6518684078088888
25475.0 10926744.0 0.0421184747893083 0.06342928686806491 0.24383894872490364 -4.583840876437653 0.6518684078088888
25476.0 10926744.0 0.04232960469498319 0.06313070093674289 0.2438391131549088 -4.583840876437653 0.6518684078088888
25477.0 10926744.0 0.04254073460065807 0.06283211500542087 0.24383925186640634 -4.583840876437653 0.6518684078088888
25478.0 10926744.0 0.042751864506332955 0.06253352907409884 0.24383936888202967 -4.583840876437653 0.6518684078088888
25479.0 10926744.0 0.042962994412007835 0.06223494314277682 0.24383946759523184 -4.583840876437653 0.6518684078088888
25480.0 10926744.0 0.04317412431768272 0.061936357211454796 0.24383955086869574 -4.583840876437653 0.6518684078088888
25481.0 10926744.0 0.0433852542233576 0.06163777128013277 0.24383962111735183 -4.583840876437653 0.6518684078088888
25482.0 10926744.0 0.04359638412903248 0.06133918534881075 0.2438396803784111 -4.583840876437653 0.6518684078088888
25483.0 10926744.0 0.04380751403470737 0.06104059941748872 0.24383973037044432 -4.583840876437653 0.6518684078088888
25484.0 10926744.0 0.044018643940382254 0.060742013486166695 0.2438397725432204 -4.583840876437653 0.6518684078088888
25485.0 10926744.0 0.044229773846057134 0.06044342755484467 0.24383980811974987 -4.583840876437653 0.6518684078088888
25654.0 10926744.0 0.07991072790511233 0.00998240516142257 0.24383983813175208 -2.5465782646875845 0.3621491154493825
25655.0 10926744.0 0.09134440135639121 0.011269168644378741 0.24383986344957512 -2.5465782646875845 0.3621491154493825
25656.0 10926744.0 0.10743219159225725 0.011034841625442063 0.24383988480743582 -2.5465782646875845 0.3621491154493825
25657.0 10926744.0 0.1235199818281233 0.010800514606505385 0.24383990282471216 -2.5465782646875845 0.3621491154493825
25658.0 10926744.0 0.14375047614622616 0.014002317679697868 0.24383991802390514 -2.5465782646875845 0.3621491154493825
25659.0 10926744.0 0.1626478883126708 0.014076561476552452 0.2438399308457914 -2.5465782646875845 0.3621491154493825
25660.0 10926744.0 0.18154530047911543 0.014150805273407036 0.2438399416622056 -2.5465782646875845 0.3621491154493825
25661.0 10926744.0 0.20421413402263416 0.01299257546061304 0.24383995078682377 -2.5465782646875845 0.3621491154493825
25662.0 10926744.0 0.2268829675661529 0.011834345647819045 0.24383995848425982 -2.5465782646875845 0.3621491154493825
25663.0 10926744.0 0.25371432117667414 0.010776222180753109 0.2438399649777394 -2.5465782646875845 0.3621491154493825
25664.0 10926744.0 0.2803261220638276 0.012126621996645465 0.24383997045557343 -2.5465782646875845 0.3621491154493825
25665.0 10926744.0 0.30693792295098105 0.01347702181253782 0.2438399750766191 -2.5465782646875845 0.3621491154493825
25666.0 10926744.0 0.3335497238381345 0.014827421628430176 0.24383997897488668 -2.5465782646875845 0.3621491154493825
25667.0 10926744.0 0.3618377025986739 0.014286744578798902 0.24383998226342601 -2.5465782646875845 0.3621491154493825
25668.0 10926744.0 0.3901256813592133 0.013746067529167627 0.24383998503760468 -2.5465782646875845 0.3621491154493825
25669.0 10926744.0 0.4222776645781917 0.012935876413760483 0.24383998737787388 -2.5465782646875845 0.3621491154493825
25670.0 10926744.0 0.4550722920094068 0.012733614437503746 0.24383998935210144 -2.5465782646875845 0.3621491154493825
25671.0 10926744.0 0.48517454303478524 0.015163731863933078 0.24383999101753995 -2.5465782646875845 0.3621491154493825
25672.0 10926744.0 0.520307406177186 0.013963998552600512 0.2438399924224871 -2.5465782646875845 0.3621491154493825
25673.0 10926744.0 0.5433134968169108 0.011937191849911676 0.24383999360768638 -2.5465782646875845 0.3621491154493825
25674.0 10926744.0 0.5663195874566356 0.009910385147222839 0.24383999460750855 -2.5465782646875845 0.3621491154493825
25675.0 10926744.0 0.6135495050137154 0.008496645032949099 0.24383999545094848 -2.5465782646875845 0.3621491154493825
25676.0 10926744.0 0.6456210135379343 0.007713687277724021 0.2438399961624659 -2.5465782646875845 0.3621491154493825
25677.0 10926744.0 0.6748248254165377 0.0057649956732331725 0.24860737551551176 -2.5465782646875845 0.3621491154493825
25678.0 10926744.0 0.7072292164593162 0.005457664168451545 0.2526290887585075 -2.5465782646875845 0.3621491154493825
25679.0 10926744.0 0.7410871175830704 0.001988518550346083 0.2560217655754999 -2.5465782646875845 0.3621491154493825
25680.0 10926744.0 0.7712671478106818 0.001940945326466409 0.2588837935941818 -2.5465782646875845 0.3621491154493825
25681.0 10926744.0 0.8035911947308008 0.001660272992331041 0.26129817162709496 -2.5465782646875845 0.3621491154493825
25682.0 10926744.0 0.828465624588071 -0.001034509093211719 0.2633349166371939 -2.5465782646875845 0.3621491154493825
25683.0 10926744.0 0.8533400544453413 -0.003729291178754479 0.26505309422977147 -2.5465782646875845 0.3621491154493825
25684.0 10926744.0 0.8935693875078086 -0.004956774417803733 0.2665025315550124 -2.5465782646875845 0.3621491154493825
25685.0 10926744.0 0.9337987205702757 -0.006184257656852987 0.2677252622953487 -2.5465782646875845 0.3621491154493825
25686.0 10926744.0 0.9695863938759196 -0.005376149687320184 0.2687567456422501 -2.5465782646875845 0.3621491154493825
25687.0 10926744.0 1.0074378097850911 -0.00477481109823541 0.2696268946127768 -2.5465782646875845 0.3621491154493825
25688.0 10926744.0 1.0404281096259387 -0.0032861183217123557 0.27512832227989087 -2.5465782646875845 0.3621491154493825
25689.0 10926744.0 1.0763190738082604 -0.0021607957544126366 0.2797692712931218 -2.5465782646875845 0.3621491154493825
25690.0 10926744.0 1.1080346424449004 -0.0029423600049571508 0.2836843291738533 -2.5465782646875845 0.3621491154493825
25691.0 10926744.0 1.1402024489657516 -0.004514002953327212 0.2869870326006265 -2.5465782646875845 0.3621491154493825
25692.0 10926744.0 1.172370255486603 -0.006085645901697273 0.2897731599728179 -2.5465782646875845 0.3621491154493825
25693.0 10926744.0 1.2038204804448243 -0.008766152376632128 0.292123508984221 -2.5465782646875845 0.3621491154493825
25694.0 10926744.0 1.2189102513774794 -0.008788954660546917 0.2941062397561665 -2.5465782646875845 0.3621491154493825
25695.0 10926744.0 1.2340000223101346 -0.008811756944461707 0.2957788514810408 -2.5465782646875845 0.3621491154493825
25696.0 10926744.0 1.2685816643230892 -0.010061619890845391 0.2971898498988654 -2.5465782646875845 0.3621491154493825
25697.0 10926744.0 1.3788991716624053 0.004136529018143001 0.3031475327165739 -2.5465782646875845 0.3621491154493825
25698.0 10926744.0 1.417565560153497 0.006693279599166241 0.3081733739830631 -2.5465782646875845 0.3621491154493825
25699.0 10926744.0 1.4508762093743353 0.008079030819013677 0.3124131230950611 -2.5465782646875845 0.3621491154493825
25700.0 10926744.0 1.4867414110478507 0.006410945024975613 0.31598973277681586 -2.5465782646875845 0.3621491154493825
25701.0 10926744.0 1.5226066127213662 0.004742859230937549 0.3190069247090983 -2.5465782646875845 0.3621491154493825
25702.0 10926744.0 1.5655149520114415 0.006966297670426468 0.3215521974579446 -2.5465782646875845 0.3621491154493825
25703.0 10926744.0 1.6084232913015168 0.009189736109915386 0.3236993639330713 -2.5465782646875845 0.3621491154493825
25704.0 10926744.0 1.6446017025417468 0.012560205781670913 0.325510691962257 -2.5465782646875845 0.3621491154493825
25705.0 10926744.0 1.6834710637791883 0.011255306054611308 0.3270387100583482 -2.5465782646875845 0.3621491154493825
25706.0 10926744.0 1.7223404250166299 0.009950406327551703 0.32832773074613153 -2.5465782646875845 0.3621491154493825
25707.0 10926744.0 1.7569154575540855 0.008412893900495724 0.33179882500196106 -2.5465782646875845 0.3621491154493825
25708.0 10926744.0 1.7914904900915412 0.006875381473439746 0.3371106945592559 -2.5465782646875845 0.3621491154493825
25709.0 10926744.0 1.8322293901778324 0.006537659742742508 0.3415917342587692 -2.5465782646875845 0.3621491154493825
25710.0 10926744.0 1.8734853549962516 0.0077836138429478174 0.3453718942517868 -2.5465782646875845 0.3621491154493825
25711.0 10926744.0 1.9113234710662623 0.007809542406476994 0.34856079917810623 -2.5465782646875845 0.3621491154493825
25712.0 10926744.0 1.9460421523584939 0.00698523306362786 0.3512509272805907 -2.5465782646875845 0.3621491154493825
25713.0 10926744.0 1.9873668678220051 0.008442974723337132 0.35352029227421233 -2.5465782646875845 0.3621491154493825
25714.0 10926744.0 2.025560265118582 0.008470256007033633 0.3554347057437861 -2.5465782646875845 0.3621491154493825
25715.0 10926744.0 2.0656907535956988 0.007631515755043533 0.3570496856799297 -2.5465782646875845 0.3621491154493825
25716.0 10926744.0 2.1029278771027484 0.009490207820987806 0.3584120665007912 -2.5465782646875845 0.3621491154493825
25717.0 10926744.0 2.140165000609798 0.011348899886932079 0.3595613572501757 -2.5465782646875845 0.3621491154493825
25718.0 10926744.0 2.1782892220724897 0.011165874668484982 0.3652982661126322 -2.5465782646875845 0.3621491154493825
25719.0 10926744.0 2.2179913699505853 0.013096339874706459 0.37013786469235505 -2.5465782646875845 0.3621491154493825
25720.0 10926744.0 2.2576935178286814 0.015026805080927935 0.3742205013481562 -2.5465782646875845 0.3621491154493825
25721.0 10926744.0 2.295989902307248 0.01537223411566438 0.37766457254305386 -2.5465782646875845 0.3621491154493825
25722.0 10926744.0 2.3338963164614057 0.015611543674399903 0.3805699563417001 -2.5465782646875845 0.3621491154493825
25723.0 10926744.0 2.371607718775163 0.015797891583842788 0.3830209088742556 -2.5465782646875845 0.3621491154493825
25724.0 10926744.0 2.4093034245696145 0.018384426297509693 0.38508850776416453 -2.5465782646875845 0.3621491154493825
25725.0 10926744.0 2.4469991303640666 0.020970961011176598 0.38683271337923425 -2.5465782646875845 0.3621491154493825
25726.0 10926744.0 2.483095776415687 0.024371892081926444 0.3883041076823018 -2.5465782646875845 0.3621491154493825
25727.0 10926744.0 2.5185601075544275 0.025292597930993005 0.389545361108156 -2.5465782646875845 0.3621491154493825
25728.0 10926744.0 2.5536905067922944 0.024102936546231718 0.3905924700061468 -2.5465782646875845 0.3621491154493825
25729.0 10926744.0 2.6019655395150494 0.030537428679848128 0.3914758005343158 -2.5465782646875845 0.3621491154493825
25730.0 10926744.0 2.6381420803744415 0.0339130386455469 0.39460465865438843 -2.5465782646875845 0.3621491154493825
25731.0 10926744.0 2.6743186212338337 0.03728864861124567 0.3996278212518468 -2.5465782646875845 0.3621491154493825
25732.0 10926744.0 2.7093453936518683 0.035783058001328666 0.4038653106656087 -2.5465782646875845 0.3621491154493825
25733.0 10926744.0 2.748906376497265 0.04272688272579225 0.4074400140886733 -2.5465782646875845 0.3621491154493825
25734.0 10926744.0 2.7854838655294976 0.04597216728731843 0.4104555979203094 -2.5465782646875845 0.3621491154493825
25735.0 10926744.0 2.8212686443595913 0.04678959867556917 0.4129995140916345 -2.5465782646875845 0.3621491154493825
25736.0 10926744.0 2.8589036799705907 0.05021591150148977 0.415145536171617 -2.5465782646875845 0.3621491154493825
25737.0 10926744.0 2.89653871558159 0.053642224327410365 0.4169558988005763 -2.5465782646875845 0.3621491154493825
25738.0 10926744.0 2.9341737511925894 0.05706853715333096 0.4184831024947524 -2.5465782646875845 0.3621491154493825
25739.0 10926744.0 2.9718087868035887 0.06049484997925156 0.41977143616127627 -2.5465782646875845 0.3621491154493825
25740.0 10926744.0 3.0110466249095094 0.06509223570449493 0.42085826147647715 -2.5465782646875845 0.3621491154493825
25741.0 10926744.0 3.04744580970176 0.06833855893950055 0.4217750963744959 -2.5465782646875845 0.3621491154493825
25742.0 10926744.0 3.0838449944940107 0.07158488217450618 0.422548529067375 -2.5465782646875845 0.3621491154493825
25743.0 10926744.0 3.119940321916456 0.07498903596882409 0.423200989103208 -2.5465782646875845 0.3621491154493825
25744.0 10926744.0 3.1564102755182257 0.07881636721002395 0.42534052407397305 -2.5465782646875845 0.3621491154493825
25745.0 10926744.0 3.192880229119995 0.08264369845122381 0.42873454049382226 -2.5465782646875845 0.3621491154493825
25746.0 10926744.0 3.229350182721765 0.08647102969242368 0.43318682483893123 -2.5465782646875845 0.3621491154493825
25747.0 10926744.0 3.2661299915608093 0.09124904283432449 0.4369427271043692 -2.5465782646875845 0.3621491154493825
25748.0 10926744.0 3.302909800399853 0.09602705597622531 0.4401111684558339 -2.5465782646875845 0.3621491154493825
25749.0 10926744.0 3.3396896092388975 0.10080506911812612 0.4427840336925178 -2.5465782646875845 0.3621491154493825
25750.0 10926744.0 3.37385855081559 0.10483905345620467 0.4450388359062847 -2.5465782646875845 0.3621491154493825
25751.0 10926744.0 3.410242425628604 0.11293975738365644 0.44694096436133385 -2.5465782646875845 0.3621491154493825
25752.0 10926744.0 3.4466263004416184 0.12104046131110821 0.4485455807828617 -2.5465782646875845 0.3621491154493825
25753.0 10926744.0 3.487676738977153 0.12983787829206747 0.44989921904709257 -2.5465782646875845 0.3621491154493825
25754.0 10926744.0 3.521524345627676 0.13397731768425922 0.45104113466368906 -2.5465782646875845 0.3621491154493825
25755.0 10926744.0 3.5566928627520227 0.1427088080526888 0.45200444318553257 -2.5465782646875845 0.3621491154493825
25756.0 10926744.0 3.5947155286297052 0.150392183050247 0.4528170805597565 -2.5465782646875845 0.3621491154493825
25757.0 10926744.0 3.633129258945017 0.16063481055863246 0.45350261327021335 -2.5465782646875845 0.3621491154493825
25758.0 10926744.0 3.6730888220175553 0.16745280612013622 0.4540809217655064 -2.5465782646875845 0.3621491154493825
25759.0 10926744.0 3.7135528264383595 0.1744568106974652 0.45456877699199916 -2.5465782646875845 0.3621491154493825
25760.0 10926744.0 3.7491605441491456 0.18018388079067701 0.4573640161276683 -2.5465782646875845 0.3621491154493825
25761.0 10926744.0 3.7847682618599316 0.18591095088388884 0.4621057411074483 -2.5465782646875845 0.3621491154493825
25762.0 10926744.0 3.8214260693771633 0.1940407525692627 0.4661058125793443 -2.5465782646875845 0.3621491154493825
25763.0 10926744.0 3.858083876894395 0.20217055425463656 0.46948023261604127 -2.5465782646875845 0.3621491154493825
25764.0 10926744.0 3.8973424390451408 0.20711569625344325 0.4723268593986034 -2.5465782646875845 0.3621491154493825
25765.0 10926744.0 3.9329568286396857 0.21558635317052907 0.4747282451037251 -2.5465782646875845 0.3621491154493825
25766.0 10926744.0 3.968169900117351 0.22418809731764874 0.4767540299168548 -2.5465782646875845 0.3621491154493825
25767.0 10926744.0 4.004685701179586 0.23610295547919838 0.4784629615975733 -2.5465782646875845 0.3621491154493825
25768.0 10926744.0 4.041201502241821 0.248017813640748 0.4799045991646214 -2.5465782646875845 0.3621491154493825
25769.0 10926744.0 4.072576411854477 0.2625447475076814 0.48112075010744354 -2.5465782646875845 0.3621491154493825
25770.0 10926744.0 4.106694634900075 0.2841199133889282 0.4821466828033815 -2.5465782646875845 0.3621491154493825
25771.0 10926744.0 4.140812857945673 0.30569507927017503 0.4830121493006176 -2.5465782646875845 0.3621491154493825
25772.0 10926744.0 4.171206520413741 0.33082182665437243 0.48850962688038846 -2.5465782646875845 0.3621491154493825
25773.0 10926744.0 4.163247240401714 0.3486041727009759 0.49314724363969065 -2.5465782646875845 0.3621491154493825
25774.0 10926744.0 4.196167390520739 0.38283557667720924 0.49705949046454384 -2.5465782646875845 0.3621491154493825
25775.0 10926744.0 4.224664032881122 0.42119694400858587 0.5003598225128688 -2.5465782646875845 0.3621491154493825
25776.0 10926744.0 4.244354580702432 0.4570581688291482 0.5031439494140669 -2.5465782646875845 0.3621491154493825
25777.0 10926744.0 4.268518082995188 0.4968333415841262 0.505492610848273 -2.5465782646875845 0.3621491154493825
25778.0 10926744.0 4.280367066265428 0.533150416556348 0.507473917997079 -2.5465782646875845 0.3621491154493825
25779.0 10926744.0 4.294420512365453 0.5762241594861861 0.5139127075206171 -2.5465782646875845 0.3621491154493825
25780.0 10926744.0 4.306110844050998 0.6162725507025459 0.5169607161858448 -2.5465782646875845 0.3621491154493825
25781.0 10926744.0 4.317801175736545 0.6563209419189057 0.5171482962440536 -2.5465782646875845 0.3621491154493825
25782.0 10926744.0 4.325737698744515 0.6976524858175377 0.5196902262697483 -2.5465782646875845 0.3621491154493825
25783.0 10926744.0 4.333674221752485 0.7389840297161698 0.5242182622336741 -2.5465782646875845 0.3621491154493825
25784.0 10926744.0 4.342121424563491 0.7812002658098413 0.5280380678023765 -2.5465782646875845 0.3621491154493825
25785.0 10926744.0 4.3494340958545905 0.824020297046945 0.5312604173373477 -2.5465782646875845 0.3621491154493825
25786.0 10926744.0 4.356746767145691 0.8668403282840489 0.5339787589751022 -2.5465782646875845 0.3621491154493825
25787.0 10926744.0 4.362821601089284 0.909947431138162 0.5410393033759514 -2.5465782646875845 0.3621491154493825
25788.0 10926744.0 4.36613415867095 0.9538389871242956 0.5469955075747033 -2.5465782646875845 0.3621491154493825
25789.0 10926744.0 4.370420595411276 0.9963615154632534 0.5520201014931215 -2.5465782646875845 0.3621491154493825
25790.0 10926744.0 4.374707032151602 1.038884043802211 0.5562587983548403 -2.5465782646875845 0.3621491154493825
25791.0 10926744.0 4.381540053473215 1.0843136719476987 0.5598345203688494 -2.5465782646875845 0.3621491154493825
25792.0 10926744.0 4.385173983583363 1.1281004372541352 0.5628509634735551 -2.5465782646875845 0.3621491154493825
25793.0 10926744.0 4.386838012304473 1.1750998134694568 0.565395604518994 -2.5465782646875845 0.3621491154493825
25794.0 10926744.0 4.392753077424242 1.2182591393289908 0.5675422380954837 -2.5465782646875845 0.3621491154493825
25795.0 10926744.0 4.3962386774857505 1.262678414306152 0.5693531165767424 -2.5465782646875845 0.3621491154493825
25796.0 10926744.0 4.397431769968665 1.307144845470996 0.5756481341915435 -2.5465782646875845 0.3621491154493825
25797.0 10926744.0 4.401100752344184 1.3510370784631804 0.5809585476978993 -2.5465782646875845 0.3621491154493825
