27952.0 10801356.0 3.1840328111746086 -0.14486738550498338 0.5181600000000001 -0.5794385847190086 -4.074525223500136
27953.0 10801356.0 3.222337650765076 -0.12816582653669997 0.5181600000000001 -0.5794385847190086 -4.074525223500136
27954.0 10801356.0 3.265361822559993 -0.09863620369606299 0.5181600000000001 -0.5794385847190086 -4.074525223500136
27955.0 10801356.0 3.2784820938426114 -0.0921714266668823 0.5181600000000001 -0.5794385847190086 -4.074525223500136
27956.0 10801356.0 3.319379625129958 -0.05120058735079139 0.5181600000000001 -0.5794385847190086 -4.074525223500136
27957.0 10801356.0 3.32901799211999 -0.037992255302347316 0.5181600000000001 -0.5794385847190086 -4.074525223500136
27958.0 10801356.0 3.3467211596383017 -0.009504472638017004 0.5181600000000001 -0.5794385847190086 -4.074525223500136
27959.0 10801356.0 3.364424327156613 0.01898331002631331 0.5181600000000001 -0.5794385847190086 -4.074525223500136
27960.0 10801356.0 3.3821274946749247 0.04747109269064362 0.5181600000000001 -0.5794385847190086 -4.074525223500136
27961.0 10801356.0 3.397569991912735 0.08635337212121971 0.5234372286947492 -0.5794385847190086 -4.074525223500136
27962.0 10801356.0 3.403655372683657 0.1226824399725269 0.5276750331048947 -0.5794385847190086 -4.074525223500136
27963.0 10801356.0 3.4100731066387873 0.15866941469216297 0.5311275781725082 -0.5794385847190086 -4.074525223500136
27964.0 10801356.0 3.417864489246484 0.1907036381020981 0.5339690682499475 -0.5794385847190086 -4.074525223500136
27965.0 10801356.0 3.4212893368160673 0.22568156989712593 0.5363244812746203 -0.5794385847190086 -4.074525223500136
27966.0 10801356.0 3.4270916553376427 0.2679437786506964 0.5382869065599079 -0.5794385847190086 -4.074525223500136
27967.0 10801356.0 3.4284884491961325 0.3048685991509992 0.5399278102689885 -0.5794385847190086 -4.074525223500136
27968.0 10801356.0 3.4279336487184207 0.33717372679189217 0.5413033824134097 -0.5794385847190086 -4.074525223500136
27969.0 10801356.0 3.4209979989624744 0.3782198944126045 0.5472580742100391 -0.5794385847190086 -4.074525223500136
27970.0 10801356.0 3.4087714554724693 0.40931147520688826 0.5522654377955839 -0.5794385847190086 -4.074525223500136
27971.0 10801356.0 3.398771969889258 0.4450497355015801 0.5564800505216495 -0.5794385847190086 -4.074525223500136
27972.0 10801356.0 3.374665440916761 0.4908827773801233 0.5600297353687002 -0.5794385847190086 -4.074525223500136
27973.0 10801356.0 3.364679827796608 0.5106129723856899 0.5630207851492962 -0.5794385847190086 -4.074525223500136
27974.0 10801356.0 3.3478802936134393 0.5332681751063437 0.5655419485755199 -0.5794385847190086 -4.074525223500136
27975.0 10801356.0 3.3310807594302707 0.5559233778269974 0.5676675433045052 -0.5794385847190086 -4.074525223500136
27976.0 10801356.0 3.3069160727107 0.5798145571523124 0.569459933605496 -0.5794385847190086 -4.074525223500136
27977.0 10801356.0 3.2690916483231653 0.6135380928992588 0.5709715319401435 -0.5794385847190086 -4.074525223500136
27978.0 10801356.0 3.2345310679274046 0.6409398237426511 0.5722464345578046 -0.5794385847190086 -4.074525223500136
27979.0 10801356.0 3.1983855642216783 0.6634855987785845 0.5733217696032208 -0.5794385847190086 -4.074525223500136
27980.0 10801356.0 3.165434754654412 0.6794983885569239 0.5789969522395488 -0.5794385847190086 -4.074525223500136
27981.0 10801356.0 3.1243421282079034 0.6923283048207021 0.5837841185534258 -0.5794385847190086 -4.074525223500136
27982.0 10801356.0 3.0745959564570544 0.7085674644527205 0.5878223073864107 -0.5794385847190086 -4.074525223500136
27983.0 10801356.0 3.0286328091507633 0.724156124877916 0.5912287528847011 -0.5794385847190086 -4.074525223500136
27984.0 10801356.0 2.982952491149729 0.7338119062455812 0.5893347448324256 -0.5794385847190086 -4.074525223500136
27985.0 10801356.0 2.96329483187964 0.7402293464073417 0.5877370095707393 -0.5794385847190086 -4.074525223500136
27986.0 10801356.0 2.9060714681277133 0.7526026596402808 0.586389194715589 -0.5794385847190086 -4.074525223500136
27987.0 10801356.0 2.855837710309001 0.7591899504942718 0.5852522027934944 -0.5794385847190086 -4.074525223500136
27988.0 10801356.0 2.80460554105043 0.7643512822738876 0.5842930545295776 -0.5794385847190086 -4.074525223500136
27989.0 10801356.0 2.7320206677575847 0.7783536157756262 0.5834839307165651 -0.5794385847190086 -4.074525223500136
27990.0 10801356.0 2.6846860606710896 0.7829441792811896 0.5828013644180162 -0.5794385847190086 -4.074525223500136
27991.0 10801356.0 2.6412626159194126 0.789996236452463 0.5822255598029761 -0.5794385847190086 -4.074525223500136
27992.0 10801356.0 2.604792216034471 0.7965890836355274 0.5817398176921614 -0.5794385847190086 -4.074525223500136
27993.0 10801356.0 2.5683218161495294 0.8031819308185919 0.5813300510568081 -0.5794385847190086 -4.074525223500136
27994.0 10801356.0 2.5358803904804104 0.8085179113317124 0.5809843763597908 -0.5794385847190086 -4.074525223500136
27995.0 10801356.0 2.462870695797788 0.8214935672504222 0.5806927688519741 -0.5794385847190086 -4.074525223500136
27996.0 10801356.0 2.3845768644751137 0.8359618715314173 0.5804467718058167 -0.5794385847190086 -4.074525223500136
27997.0 10801356.0 2.342874065911909 0.844206221642089 0.5802392512410547 -0.5794385847190086 -4.074525223500136
27998.0 10801356.0 2.289670980189361 0.8509494252572399 0.5800641890217324 -0.5794385847190086 -4.074525223500136
27999.0 10801356.0 2.2332371742713684 0.8608508678880251 0.5799165083197297 -0.5794385847190086 -4.074525223500136
28000.0 10801356.0 2.189251535711264 0.8672715735751005 0.579791926380425 -0.5794385847190086 -4.074525223500136
28001.0 10801356.0 2.1404173908487234 0.8751591765116059 0.5796868303190151 -0.5794385847190086 -4.074525223500136
28002.0 10801356.0 2.0670141470238943 0.8831273206030731 0.5795981723445786 -0.5794385847190086 -4.074525223500136
28003.0 10801356.0 2.004322139849987 0.895074506905918 0.5795233813727705 -0.5794385847190086 -4.074525223500136
28004.0 10801356.0 1.946487992695916 0.9028655123207635 0.5794602884635557 -0.5794385847190086 -4.074525223500136
28005.0 10801356.0 1.9026979213653215 0.9101587055632084 0.5794070639214548 -0.5794385847190086 -4.074525223500136
28006.0 10801356.0 1.8870445005529128 0.9125261186198566 0.579362164234079 -0.5794385847190086 -4.074525223500136
28007.0 10801356.0 1.871391079740504 0.9148935316765047 0.5793242873100938 -0.5794385847190086 -4.074525223500136
28008.0 10801356.0 1.7933341737672346 0.9243844824458697 0.5792923347184626 -0.5794385847190086 -4.074525223500136
28009.0 10801356.0 1.7346989738658107 0.9340743945191998 0.5792653798338839 -0.5794385847190086 -4.074525223500136
28010.0 10801356.0 1.686492728903549 0.9387226068487904 0.5792426409646182 -0.5794385847190086 -4.074525223500136
28011.0 10801356.0 1.6220674444468002 0.9480851341648338 0.5792234586834045 -0.5794385847190086 -4.074525223500136
28012.0 10801356.0 1.572951939618461 0.9485917782975402 0.5792072767040566 -0.5794385847190086 -4.074525223500136
28013.0 10801356.0 1.516321122481898 0.955993164107929 0.5791936257491545 -0.5794385847190086 -4.074525223500136
28014.0 10801356.0 1.4715654319331988 0.9603333536453045 0.5791821099409947 -0.5794385847190086 -4.074525223500136
28015.0 10801356.0 1.421788835551329 0.9656131467496362 0.5839397740790664 -0.5794385847190086 -4.074525223500136
28016.0 10801356.0 1.3472456222134026 0.9684702052152273 0.5879532916624441 -0.5794385847190086 -4.074525223500136
28017.0 10801356.0 1.3047588312448843 0.9716028491212517 0.5913390547022397 -0.5794385847190086 -4.074525223500136
28018.0 10801356.0 1.2574925336911753 0.9764140969116635 0.5941952503273237 -0.5794385847190086 -4.074525223500136
28019.0 10801356.0 1.2037912999835776 0.9778372347675394 0.591837329457125 -0.5794385847190086 -4.074525223500136
28020.0 10801356.0 1.130547723108564 0.9857626824849404 0.5898482111415625 -0.5794385847190086 -4.074525223500136
28021.0 10801356.0 1.0871999670666872 0.987892780867223 0.5881702109493333 -0.5794385847190086 -4.074525223500136
28022.0 10801356.0 1.0338358332532316 0.9946978770421524 0.5867546668747715 -0.5794385847190086 -4.074525223500136
28023.0 10801356.0 0.9726051915140963 0.9999848249567611 0.5855605281396603 -0.5794385847190086 -4.074525223500136
28024.0 10801356.0 0.9440653802603831 1.0030018024389324 0.5845531647206486 -0.5794385847190086 -4.074525223500136
28025.0 10801356.0 0.91552556900667 1.0060187799211038 0.5837033630785652 -0.5794385847190086 -4.074525223500136
28026.0 10801356.0 0.8572094413683619 1.0139760091036225 0.582986478965778 -0.5794385847190086 -4.074525223500136
28027.0 10801356.0 0.808819591117459 1.0191573066074568 0.5823817227430091 -0.5794385847190086 -4.074525223500136
28028.0 10801356.0 0.7510193103633601 1.02706365991864 0.5818715564797938 -0.5794385847190086 -4.074525223500136
28029.0 10801356.0 0.7020701001028634 1.0348818780748892 0.5814411853544964 -0.5794385847190086 -4.074525223500136
28030.0 10801356.0 0.622599405286989 1.041693065727623 0.5810781286044817 -0.5794385847190086 -4.074525223500136
28031.0 10801356.0 0.5602010084531448 1.0491175546165863 0.5807718575839984 -0.5794385847190086 -4.074525223500136
28032.0 10801356.0 0.5007526416972283 1.0601348142579246 0.5852808691862845 -0.5794385847190086 -4.074525223500136
28033.0 10801356.0 0.45600516007441383 1.0617914459334394 0.5890846259949641 -0.5794385847190086 -4.074525223500136
28034.0 10801356.0 0.3990760578369587 1.0696495677549993 0.5922934369574925 -0.5794385847190086 -4.074525223500136
28035.0 10801356.0 0.3461713626262831 1.0775947413987084 0.5950003575917849 -0.5794385847190086 -4.074525223500136
28036.0 10801356.0 0.28810776974911123 1.0860582214031855 0.5972838885962373 -0.5794385847190086 -4.074525223500136
28037.0 10801356.0 0.26374622506868345 1.088413159489961 0.5992102523699794 -0.5794385847190086 -4.074525223500136
28038.0 10801356.0 0.23938468038825567 1.0907680975767367 0.6008353134624502 -0.5794385847190086 -4.074525223500136
28039.0 10801356.0 0.18614615431877968 1.0974215970234293 0.6022061986453318 -0.5794385847190086 -4.074525223500136
28040.0 10801356.0 0.11735939029144427 1.1029658229133692 0.5985952848361097 -0.5794385847190086 -4.074525223500136
28041.0 10801356.0 0.0678234841895814 1.1089940304056203 0.5955491542871353 -0.5794385847190086 -4.074525223500136
28042.0 10801356.0 0.012848391924437208 1.110608504606992 0.592979469212488 -0.5794385847190086 -4.074525223500136
28043.0 10801356.0 -0.032097908303408196 1.1089449115176684 0.5908117087450031 -0.5794385847190086 -4.074525223500136
28044.0 10801356.0 -0.10191593600242155 1.115412452048233 0.5889830078311233 -0.5794385847190086 -4.074525223500136
28045.0 10801356.0 -0.14679341480244568 1.113960690571385 0.5874403341443463 -0.5794385847190086 -4.074525223500136
28046.0 10801356.0 -0.17070741503655973 1.1168717097586276 0.5861389501477552 -0.5794385847190086 -4.074525223500136
28047.0 10801356.0 -0.249471854091728 1.1204237538732522 0.585041115705449 -0.5794385847190086 -4.074525223500136
28048.0 10801356.0 -0.27804451097196137 1.1199511745510338 0.584114993618601 -0.5794385847190086 -4.074525223500136
28049.0 10801356.0 -0.3497308372705932 1.116633594796061 0.5785663475938754 -0.5794385847190086 -4.074525223500136
28050.0 10801356.0 -0.3870039603729296 1.1180713567904643 0.5738855656493722 -0.5794385847190086 -4.074525223500136
28051.0 10801356.0 -0.41143147887466747 1.1180549642071842 0.5699369051087009 -0.5794385847190086 -4.074525223500136
28052.0 10801356.0 -0.4358589973764053 1.1180385716239043 0.5666058548161819 -0.5794385847190086 -4.074525223500136
28053.0 10801356.0 -0.4843156394457493 1.1154222931924849 0.5637958143133321 -0.5794385847190086 -4.074525223500136
28054.0 10801356.0 -0.5392115050502326 1.1170148149748418 0.561425292425569 -0.5794385847190086 -4.074525223500136
28055.0 10801356.0 -0.5952621087727632 1.1112741611544719 0.5546581652653306 -0.5794385847190086 -4.074525223500136
28056.0 10801356.0 -0.6355767532543832 1.1102025779335682 0.5489494848977867 -0.5794385847190086 -4.074525223500136
28057.0 10801356.0 -0.7053450875745946 1.1005360597375582 0.5441336995922786 -0.5794385847190086 -4.074525223500136
28058.0 10801356.0 -0.7545466480267475 1.0885844066113444 0.5400711515749467 -0.5794385847190086 -4.074525223500136
28059.0 10801356.0 -0.7815153563027175 1.0875891273969673 0.5366440269532882 -0.5794385847190086 -4.074525223500136
28060.0 10801356.0 -0.8489817897026564 1.06595469993741 0.533752939113275 -0.5794385847190086 -4.074525223500136
28061.0 10801356.0 -0.8947162421252406 1.0483133481839944 0.5313140465075469 -0.5794385847190086 -4.074525223500136
28062.0 10801356.0 -0.9252083852297532 1.0345087766067365 0.5268729318741291 -0.5794385847190086 -4.074525223500136
28063.0 10801356.0 -0.9557005283342659 1.0207042050294788 0.5207427628886526 -0.5794385847190086 -4.074525223500136
28064.0 10801356.0 -0.9768947759775566 1.0061373602601735 0.5155714140269471 -0.5794385847190086 -4.074525223500136
28065.0 10801356.0 -1.05927388847312 0.9497733899518435 0.5112089161720229 -0.5794385847190086 -4.074525223500136
28066.0 10801356.0 -1.0906306780827704 0.9126216526412287 0.5075287568860875 -0.5794385847190086 -4.074525223500136
28067.0 10801356.0 -1.1219874676924206 0.875469915330614 0.5044242115498485 -0.5794385847190086 -4.074525223500136
28068.0 10801356.0 -1.1533442573020711 0.8383181780199993 0.5018052483485552 -0.5794385847190086 -4.074525223500136
28069.0 10801356.0 -1.1847010469117214 0.8011664407093846 0.49959591734937003 -0.5794385847190086 -4.074525223500136
28070.0 10801356.0 -1.2104715104918287 0.7563166796715346 0.4929647692004997 -0.5794385847190086 -4.074525223500136
28071.0 10801356.0 -1.2326837535433623 0.7046949750724725 0.48737079935844385 -0.5794385847190086 -4.074525223500136
28072.0 10801356.0 -1.2439587698165704 0.6715785713897587 0.48265178269778286 -0.5794385847190086 -4.074525223500136
28073.0 10801356.0 -1.2552337860897784 0.638462167707045 0.47867086773535755 -0.5794385847190086 -4.074525223500136
28074.0 10801356.0 -1.267360528957947 0.5823735744153917 0.47531260793725766 -0.5794385847190086 -4.074525223500136
28075.0 10801356.0 -1.2764475736365288 0.5372083110529043 0.4724796137693382 -0.5794385847190086 -4.074525223500136
28076.0 10801356.0 -1.2841873527260932 0.4969769692634908 0.4700897284007296 -0.5794385847190086 -4.074525223500136
28077.0 10801356.0 -1.2951028976027292 0.44703519632982835 0.4633062664029252 -0.5794385847190086 -4.074525223500136
28078.0 10801356.0 -1.2993753976343563 0.40029534995850213 0.4575838061308056 -0.5794385847190086 -4.074525223500136
28079.0 10801356.0 -1.300657001896034 0.33119605607475877 0.4527563962364794 -0.5794385847190086 -4.074525223500136
28080.0 10801356.0 -1.303099637367345 0.2900502052040763 0.4486840418330111 -0.5794385847190086 -4.074525223500136
28081.0 10801356.0 -1.2962705507683883 0.24411954437153624 0.4452486446427001 -0.5794385847190086 -4.074525223500136
28082.0 10801356.0 -1.290689991267653 0.20957998110392947 0.44235057814702744 -0.5794385847190086 -4.074525223500136
28083.0 10801356.0 -1.2790441629312161 0.16370989871902017 0.43990579841761857 -0.5794385847190086 -4.074525223500136
28084.0 10801356.0 -1.2658365557568148 0.12994760350561377 0.43545971746591217 -0.5794385847190086 -4.074525223500136
28085.0 10801356.0 -1.2526289485824134 0.09618530829220737 0.4293253589443088 -0.5794385847190086 -4.074525223500136
28086.0 10801356.0 -1.2289092189793156 0.058985387079456525 0.4241504758320903 -0.5794385847190086 -4.074525223500136
28087.0 10801356.0 -1.1999102294515482 0.025433693398024454 0.4197849965190025 -0.5794385847190086 -4.074525223500136
28088.0 10801356.0 -1.1663895931335293 -0.005156651909840521 0.4161023221049657 -0.5794385847190086 -4.074525223500136
28089.0 10801356.0 -1.13076324495535 -0.029308329208446088 0.412995655031973 -0.5794385847190086 -4.074525223500136
28090.0 10801356.0 -1.0933979994778193 -0.04678455407396245 0.41037490195490745 -0.5794385847190086 -4.074525223500136
28091.0 10801356.0 -1.0529591763677815 -0.06409722772585028 0.40816406103453423 -0.5794385847190086 -4.074525223500136
28092.0 10801356.0 -1.011432197499597 -0.07183442246657593 0.4015316391313456 -0.5794385847190086 -4.074525223500136
28093.0 10801356.0 -0.9662968420026492 -0.07233909976162348 0.395936594762966 -0.5794385847190086 -4.074525223500136
28094.0 10801356.0 -0.9327754344300427 -0.07033121092140363 0.3912166716427124 -0.5794385847190086 -4.074525223500136
28095.0 10801356.0 -0.8983567692070542 -0.06557885197101179 0.3872349920000974 -0.5794385847190086 -4.074525223500136
28096.0 10801356.0 -0.8574066136725755 -0.05443299813098765 0.3838760871254853 -0.5794385847190086 -4.074525223500136
28097.0 10801356.0 -0.8132468475241332 -0.044336385340922574 0.38104254877751226 -0.5794385847190086 -4.074525223500136
28098.0 10801356.0 -0.7844089442733242 -0.03831379689070792 0.3786522043440871 -0.5794385847190086 -4.074525223500136
28099.0 10801356.0 -0.7555710410225152 -0.03229120844049327 0.3766357338366404 -0.5794385847190086 -4.074525223500136
28100.0 10801356.0 -0.7306548335409359 -0.026037765240486663 0.3749346596104563 -0.5794385847190086 -4.074525223500136
28101.0 10801356.0 -0.7057386260593566 -0.019784322040480057 0.37349965051297546 -0.5794385847190086 -4.074525223500136
28102.0 10801356.0 -0.6490871710943313 -0.016575026062574133 0.37228909128037085 -0.5794385847190086 -4.074525223500136
28103.0 10801356.0 -0.5988778442514615 -0.010791858474639898 0.36650049694208015 -0.5794385847190086 -4.074525223500136
28104.0 10801356.0 -0.5828120617967429 -0.010553091723196656 0.36161729701510975 -0.5794385847190086 -4.074525223500136
28105.0 10801356.0 -0.5387650009784808 -0.008947099389536889 0.3574978787015775 -0.5794385847190086 -4.074525223500136
28106.0 10801356.0 -0.48828157698376073 -0.003953867668625405 0.354022778870391 -0.5794385847190086 -4.074525223500136
28107.0 10801356.0 -0.4509231107531255 -0.00541826099327905 0.3510912196264459 -0.5794385847190086 -4.074525223500136
28108.0 10801356.0 -0.4170215409112197 -0.0006117446181735098 0.3486181857516677 -0.5794385847190086 -4.074525223500136
28109.0 10801356.0 -0.37304787705140985 -0.003303654580660703 0.34653195926368785 -0.5794385847190086 -4.074525223500136
28110.0 10801356.0 -0.3461734256295028 -0.0019244181856945264 0.34477203959435493 -0.5794385847190086 -4.074525223500136
28111.0 10801356.0 -0.3192989742075958 -0.0005451817907283496 0.34328738907325834 -0.5794385847190086 -4.074525223500136
28112.0 10801356.0 -0.27996356282333035 0.0029529431924976424 0.3372675740824693 -0.5794385847190086 -4.074525223500136
28113.0 10801356.0 -0.24740105763938938 0.0029405747433319343 0.3321893187400719 -0.5794385847190086 -4.074525223500136
28114.0 10801356.0 -0.21483855245544842 0.0029282062941662266 0.3279053536411366 -0.5794385847190086 -4.074525223500136
28115.0 10801356.0 -0.18227604727150748 0.0029158378450005185 0.32429144379779423 -0.5794385847190086 -4.074525223500136
28116.0 10801356.0 -0.12710807285967973 0.0032256119535225836 0.3212427858245879 -0.5794385847190086 -4.074525223500136
28117.0 10801356.0 -0.11071040122776743 0.003123193332176616 0.3186709686402946 -0.5794385847190086 -4.074525223500136
28118.0 10801356.0 -0.052458042248034076 0.003359971867903294 0.31650140954656986 -0.5794385847190086 -4.074525223500136
28119.0 10801356.0 -0.0372039888073763 0.006552280392293691 0.3146711913296956 -0.5794385847190086 -4.074525223500136
28120.0 10801356.0 0.007584343979804009 0.004998242024268962 0.31312723766138256 -0.5794385847190086 -4.074525223500136
28121.0 10801356.0 0.03997188201387275 0.004226378935518596 0.31182477388524965 -0.5794385847190086 -4.074525223500136
28122.0 10801356.0 0.07235942004794149 0.00345451584676823 0.31072602855178894 -0.5794385847190086 -4.074525223500136
28123.0 10801356.0 0.10533977202472755 0.005176202719942374 0.30979913804633014 -0.5794385847190086 -4.074525223500136
28124.0 10801356.0 0.15901472151961338 0.00363936581996796 0.3090172225442149 -0.5794385847190086 -4.074525223500136
28125.0 10801356.0 0.1840267843572445 0.0026304754252056417 0.30835760649588184 -0.5794385847190086 -4.074525223500136
28126.0 10801356.0 0.20903884719487564 0.0016215850304433232 0.3078011610359294 -0.5794385847190086 -4.074525223500136
28127.0 10801356.0 0.23405091003250678 0.0006126946356810048 0.3073317492460189 -0.5794385847190086 -4.074525223500136
28128.0 10801356.0 0.25827844217455953 0.0011534248859265239 0.30693575818424296 -0.5794385847190086 -4.074525223500136
28129.0 10801356.0 0.28250597431661234 0.001694155136172043 0.3066017041098101 -0.5794385847190086 -4.074525223500136
28130.0 10801356.0 0.3067335064586651 0.002234885386417562 0.3063198994545617 -0.5794385847190086 -4.074525223500136
28131.0 10801356.0 0.3309610386007179 0.002775615636663081 0.30608217188349557 -0.5794385847190086 -4.074525223500136
28132.0 10801356.0 0.35518857074277066 0.0033163458869086004 0.3058816272970508 -0.5794385847190086 -4.074525223500136
28133.0 10801356.0 0.3881557917562357 0.003641555771548205 0.3057124499022205 -0.5794385847190086 -4.074525223500136
28134.0 10801356.0 0.41202696459821786 0.003989577793111574 0.30556973355455463 -0.5794385847190086 -4.074525223500136
28135.0 10801356.0 0.4358981374402 0.004337599814674943 0.3054493394799708 -0.5794385847190086 -4.074525223500136
28136.0 10801356.0 0.45976931028218215 0.004685621836238312 0.3053477762503062 -0.5794385847190086 -4.074525223500136
28137.0 10801356.0 0.4836404831241643 0.005033643857801681 0.30526209853190045 -0.5794385847190086 -4.074525223500136
28138.0 10801356.0 0.5030423515364768 0.005294408357763736 0.3051898216709198 -0.5794385847190086 -4.074525223500136
28139.0 10801356.0 0.5224442199487894 0.00555517285772579 0.3051288496383958 -0.5794385847190086 -4.074525223500136
28140.0 10801356.0 0.541846088361102 0.005815937357687845 0.3050774142453853 -0.5794385847190086 -4.074525223500136
28141.0 10801356.0 0.5612479567734145 0.006076701857649899 0.305034023865491 -0.5794385847190086 -4.074525223500136
28142.0 10801356.0 0.6047500587668729 0.0033108493612817036 0.30499742017769593 -0.5794385847190086 -4.074525223500136
28143.0 10801356.0 0.6334977859384565 0.0043150046992428415 0.30496654167505405 -0.5794385847190086 -4.074525223500136
28144.0 10801356.0 0.6622455131100402 0.005319160037203979 0.30494049288098873 -0.5794385847190086 -4.074525223500136
28145.0 10801356.0 0.6909932402816238 0.006323315375165117 0.30491851838047207 -0.5794385847190086 -4.074525223500136
28146.0 10801356.0 0.7260458617143556 0.005560209051078929 0.3048999809129891 -0.5794385847190086 -4.074525223500136
28147.0 10801356.0 0.7610984831470873 0.004797102726992741 0.3048843428919828 -0.5794385847190086 -4.074525223500136
28148.0 10801356.0 0.7961511045798191 0.004033996402906553 0.304871150814844 -0.5794385847190086 -4.074525223500136
28149.0 10801356.0 0.8312037260125509 0.0032708900788203654 0.3048600221113357 -0.5794385847190086 -4.074525223500136
28150.0 10801356.0 0.8662563474452826 0.0025077837547341775 0.30485063404905616 -0.5794385847190086 -4.074525223500136
28151.0 10801356.0 0.9013089688780144 0.0017446774306479895 0.30484271437419924 -0.5794385847190086 -4.074525223500136
28152.0 10801356.0 0.9363615903107461 0.0009815711065618016 0.3048360334161941 -0.5794385847190086 -4.074525223500136
28153.0 10801356.0 0.9714142117434779 0.00021846478247561363 0.30483039742725854 -0.5794385847190086 -4.074525223500136
28154.0 10801356.0 1.0039423414399413 0.00029279834918850557 0.3057791187142769 -0.5794385847190086 -4.074525223500136
28155.0 10801356.0 1.0364704711364048 0.0003671319159013975 0.3075329261945726 -0.5794385847190086 -4.074525223500136
28156.0 10801356.0 1.068998600832868 0.0004414654826142894 0.30996589628507437 -0.5794385847190086 -4.074525223500136
28157.0 10801356.0 1.1015267305293315 0.0005157990493271814 0.31297180111840667 -0.5794385847190086 -4.074525223500136
28158.0 10801356.0 1.134054860225795 0.0005901326160400733 0.3164610279347361 -0.5794385847190086 -4.074525223500136
28159.0 10801356.0 1.2017738767944288 -0.0014385525944406174 0.3194045045611729 -0.5794385847190086 -4.074525223500136
28160.0 10801356.0 1.2508483963864236 -0.0034507801247996017 0.32188759181988374 -0.5794385847190086 -4.074525223500136
28161.0 10801356.0 1.2999229159784182 -0.005463007655158586 0.3239822992413712 -0.5794385847190086 -4.074525223500136
28162.0 10801356.0 1.3230183248919394 -0.002726846098298888 0.3257493733408584 -0.5794385847190086 -4.074525223500136
28163.0 10801356.0 1.3782959430295396 -0.004778703959319883 0.32724005926723054 -0.5794385847190086 -4.074525223500136
28164.0 10801356.0 1.4209256182516758 -0.007488548007486551 0.32849758691235237 -0.5794385847190086 -4.074525223500136
28165.0 10801356.0 1.4503698367124918 -0.009103822699536676 0.3307502692661366 -0.5794385847190086 -4.074525223500136
28166.0 10801356.0 1.4798140551733077 -0.010719097391586802 0.33384245411684305 -0.5794385847190086 -4.074525223500136
28167.0 10801356.0 1.536031796478996 -0.012609611563622891 0.33883467951334634 -0.5794385847190086 -4.074525223500136
28168.0 10801356.0 1.5654242107969363 -0.014382762495604835 0.3430460706157367 -0.5794385847190086 -4.074525223500136
28169.0 10801356.0 1.5948166251148765 -0.01615591342758678 0.3465987577659834 -0.5794385847190086 -4.074525223500136
28170.0 10801356.0 1.6319431082460478 -0.017768037234650355 0.34959576889144367 -0.5794385847190086 -4.074525223500136
28171.0 10801356.0 1.674148112397848 -0.020688205894222544 0.3521240173147558 -0.5794385847190086 -4.074525223500136
28172.0 10801356.0 1.7117904599933924 -0.02235159975638301 0.35425682224019583 -0.5794385847190086 -4.074525223500136
28173.0 10801356.0 1.7474236508824064 -0.027447397308336396 0.35605603501060157 -0.5794385847190086 -4.074525223500136
28174.0 10801356.0 1.7936294534925525 -0.031439749070193465 0.3575738327963147 -0.5794385847190086 -4.074525223500136
28175.0 10801356.0 1.8398352561026985 -0.035432100832050534 0.35885423173312103 -0.5794385847190086 -4.074525223500136
28176.0 10801356.0 1.8978250200285136 -0.04385650238751648 0.36470174214300477 -0.5794385847190086 -4.074525223500136
28177.0 10801356.0 1.9400393636114361 -0.049464964843768874 0.36963464307503563 -0.5794385847190086 -4.074525223500136
28178.0 10801356.0 1.982253707194359 -0.055073427300021266 0.37379598865624253 -0.5794385847190086 -4.074525223500136
28179.0 10801356.0 2.0042560139084076 -0.05676796733451078 0.37730645790848044 -0.5794385847190086 -4.074525223500136
28180.0 10801356.0 2.0457713030138605 -0.06179718670822734 0.3802678544400643 -0.5794385847190086 -4.074525223500136
28181.0 10801356.0 2.084225416378783 -0.06641064622803039 0.38276605875041 -0.5794385847190086 -4.074525223500136
28182.0 10801356.0 2.1190227386557945 -0.06971297826245643 0.38487351876451753 -0.5794385847190086 -4.074525223500136
28183.0 10801356.0 2.149858390699759 -0.07318169163434159 0.3866513508227961 -0.5794385847190086 -4.074525223500136
28184.0 10801356.0 2.1806940427437236 -0.07665040500622675 0.3881511120549358 -0.5794385847190086 -4.074525223500136
28185.0 10801356.0 2.2395799057635806 -0.08232732837617288 0.3894162955366686 -0.5794385847190086 -4.074525223500136
28186.0 10801356.0 2.28920365282121 -0.08427860974543502 0.39048359158896484 -0.5794385847190086 -4.074525223500136
28187.0 10801356.0 2.3081769728683406 -0.08872144172667526 0.39138395179734103 -0.5794385847190086 -4.074525223500136
28188.0 10801356.0 2.3626874795960378 -0.09583061320988015 0.3945271759842485 -0.5794385847190086 -4.074525223500136
28189.0 10801356.0 2.4171979863237345 -0.10293978469308504 0.3995624576511077 -0.5794385847190086 -4.074525223500136
28190.0 10801356.0 2.469318348519354 -0.1092095611425569 0.403810170589849 -0.5794385847190086 -4.074525223500136
28191.0 10801356.0 2.5069822153514867 -0.11216094121730333 0.40739349847569595 -0.5794385847190086 -4.074525223500136
