27232.0 10801356.0 0.934378875116916 0.002620372001429047 0.32258000000000003 -1.1183983042263885 -3.4230048786853255
27233.0 10801356.0 0.9733511473754353 0.0025288996431713645 0.3250948587039365 -1.1183983042263885 -3.4230048786853255
27234.0 10801356.0 1.0123234196339546 0.002437427284913682 0.3263895631997988 -1.1183983042263885 -3.4230048786853255
27235.0 10801356.0 1.0512956918924738 0.0023459549266559993 0.32771557569216475 -1.1183983042263885 -3.4230048786853255
27236.0 10801356.0 1.0902679641509931 0.0022544825683983166 0.32909116703389274 -1.1183983042263885 -3.4230048786853255
27237.0 10801356.0 1.1292402364095124 0.002163010210140634 0.3305295212128966 -1.1183983042263885 -3.4230048786853255
27238.0 10801356.0 1.1752774457558064 0.0017269211318751525 0.33151399670405024 -1.1183983042263885 -3.4230048786853255
27239.0 10801356.0 1.2213146551021001 0.001290832053609671 0.3322336561652094 -1.1183983042263885 -3.4230048786853255
27240.0 10801356.0 1.2673518644483939 0.0008547429753441894 0.33278318859673084 -1.1183983042263885 -3.4230048786853255
27241.0 10801356.0 1.3133890737946878 0.0004186538970787079 0.33321548009222657 -0.3621491154493803 -2.546578264687585
27242.0 10801356.0 1.3579140273524586 0.0018791265440575577 0.3335626257082396 -0.3621491154493803 -2.546578264687585
27243.0 10801356.0 1.3761795987641636 0.0015201834557957011 0.3338454457179219 -0.3621491154493803 -2.546578264687585
27244.0 10801356.0 1.3944451701758687 0.0011612403675338445 0.33407821031200413 -0.3621491154493803 -2.546578264687585
27245.0 10801356.0 1.4366158954372603 -0.0018659060796505228 0.33427115723127615 -0.3621491154493803 -2.546578264687585
27246.0 10801356.0 1.4995396548058566 -0.00606398001686094 0.3392887697762063 -0.3621491154493803 -2.546578264687585
27247.0 10801356.0 1.5430857169110097 -0.009773401742400017 0.34348430226217264 -0.3621491154493803 -2.546578264687585
27248.0 10801356.0 1.591232555562053 -0.009728243520583976 0.3470014237037121 -0.3621491154493803 -2.546578264687585
27249.0 10801356.0 1.639670332769465 -0.019123636513523307 0.3499551923778191 -0.3621491154493803 -2.546578264687585
27250.0 10801356.0 1.678962751843821 -0.02226071079160083 0.3524390478323059 -0.3621491154493803 -2.546578264687585
27251.0 10801356.0 1.7166051005784277 -0.023924078907904517 0.3545296667037631 -0.3621491154493803 -2.546578264687585
27252.0 10801356.0 1.7642904124048244 -0.027465395705454226 0.35629045437544504 -0.3621491154493803 -2.546578264687585
27253.0 10801356.0 1.8074011676375732 -0.030330156516107765 0.35777413639398714 -0.3621491154493803 -2.546578264687585
27254.0 10801356.0 1.8472735959356354 -0.03984731816847853 0.3637979536658803 -0.3621491154493803 -2.546578264687585
27255.0 10801356.0 1.8922881677711767 -0.042048293620660426 0.36887663841448676 -0.3621491154493803 -2.546578264687585
27256.0 10801356.0 1.9414498759960226 -0.049224793093493785 0.3731591976253563 -0.3621491154493803 -2.546578264687585
27257.0 10801356.0 1.9773588009484975 -0.053474924858595924 0.3767708604242466 -0.3621491154493803 -2.546578264687585
27258.0 10801356.0 2.0180450285887255 -0.06349050192462463 0.37981698600593944 -0.3621491154493803 -2.546578264687585
27259.0 10801356.0 2.0749803027646583 -0.07133545712354564 0.38238628466872115 -0.3621491154493803 -2.546578264687585
27260.0 10801356.0 2.1190515588271324 -0.07778299527225987 0.38455348973459136 -0.3621491154493803 -2.546578264687585
27261.0 10801356.0 2.1483264458841242 -0.08331209533439182 0.3887655435111243 -0.3621491154493803 -2.546578264687585
27262.0 10801356.0 2.1776013329411157 -0.08884119539652377 0.3947024805346606 -0.3621491154493803 -2.546578264687585
27263.0 10801356.0 2.2201269936053265 -0.09186291416507852 0.39494297783408394 -0.3621491154493803 -2.546578264687585
27264.0 10801356.0 2.2626622726702674 -0.0975743820751038 0.39991342660223284 -0.3621491154493803 -2.546578264687585
27265.0 10801356.0 2.303454769235687 -0.10318382798914771 0.40410636614846973 -0.3621491154493803 -2.546578264687585
27266.0 10801356.0 2.345590429689731 -0.10631111660666676 0.40764343911836853 -0.3621491154493803 -2.546578264687585
27267.0 10801356.0 2.3854436520550264 -0.110445225830718 0.41062724908252396 -0.3621491154493803 -2.546578264687585
27268.0 10801356.0 2.433285828917743 -0.1189397743465401 0.41314434361183694 -0.3621491154493803 -2.546578264687585
27269.0 10801356.0 2.475225397547968 -0.1237545710171091 0.4152677287024315 -0.3621491154493803 -2.546578264687585
27270.0 10801356.0 2.51747252051291 -0.13170681334805032 0.4170589886781884 -0.3621491154493803 -2.546578264687585
27271.0 10801356.0 2.5529505042151586 -0.1372735014359061 0.4209537721362171 -0.3621491154493803 -2.546578264687585
27272.0 10801356.0 2.5884284879174078 -0.1428401895237619 0.4266230621671962 -0.3621491154493803 -2.546578264687585
27273.0 10801356.0 2.63411692278501 -0.1484106873214404 0.431405612102882 -0.3621491154493803 -2.546578264687585
27274.0 10801356.0 2.6713893599421503 -0.15392020368698536 0.43544011944768485 -0.3621491154493803 -2.546578264687585
27275.0 10801356.0 2.7287256973317335 -0.16189083918138658 0.43884358704956 -0.3621491154493803 -2.546578264687585
27276.0 10801356.0 2.770223336308 -0.16737725421138339 0.44171471675065055 -0.3621491154493803 -2.546578264687585
27277.0 10801356.0 2.811720975284267 -0.17286366924138022 0.444136772081731 -0.3621491154493803 -2.546578264687585
27278.0 10801356.0 2.8525921508660694 -0.1809488080373973 0.44617999310932654 -0.3621491154493803 -2.546578264687585
27279.0 10801356.0 2.9037721818676525 -0.18737569471185447 0.4479036335205466 -0.3621491154493803 -2.546578264687585
27280.0 10801356.0 2.9238336616962552 -0.19392427242434276 0.4493576790537951 -0.3621491154493803 -2.546578264687585
27281.0 10801356.0 2.98759298668738 -0.19826547172743994 0.45535167648098973 -0.3621491154493803 -2.546578264687585
27282.0 10801356.0 3.0329924321820494 -0.20771082973392616 0.46040815208572783 -0.3621491154493803 -2.546578264687585
27283.0 10801356.0 3.065784721374988 -0.20790100257730662 0.46467374383656107 -0.3621491154493803 -2.546578264687585
27284.0 10801356.0 3.13400321238979 -0.21381323293179896 0.4682721539999312 -0.3621491154493803 -2.546578264687585
27285.0 10801356.0 3.1573335728478678 -0.21850764179605586 0.4713077365340121 -0.3621491154493803 -2.546578264687585
27286.0 10801356.0 3.1806639333059454 -0.22320205066031276 0.47386852337037494 -0.3621491154493803 -2.546578264687585
27287.0 10801356.0 3.222145373075647 -0.22669480877410628 0.4760287773501369 -0.3621491154493803 -2.546578264687585
27288.0 10801356.0 3.2646359764108865 -0.22981581075986687 0.4826185246605937 -0.3621491154493803 -2.546578264687585
27289.0 10801356.0 3.313773010508606 -0.239778318117104 0.48817756914145244 -0.3621491154493803 -2.546578264687585
27290.0 10801356.0 3.3768864972521744 -0.25044693646052263 0.49286712310054515 -0.3621491154493803 -2.546578264687585
27291.0 10801356.0 3.4081281452810774 -0.25538616545332393 0.49682318361342376 -0.3621491154493803 -2.546578264687585
27292.0 10801356.0 3.450618665445618 -0.25850604855487047 0.5001604764414083 -0.3621491154493803 -2.546578264687585
27293.0 10801356.0 3.4887279161899247 -0.26416756022178767 0.507743161843298 -0.3621491154493803 -2.546578264687585
27294.0 10801356.0 3.523582754525062 -0.26619694705381125 0.5141398389292439 -0.3621491154493803 -2.546578264687585
27295.0 10801356.0 3.5865969941177793 -0.2690048442803693 0.5195360113384948 -0.3621491154493803 -2.546578264687585
27296.0 10801356.0 3.6059049072784033 -0.2696984533287144 0.5240881680731744 -0.3621491154493803 -2.546578264687585
27297.0 10801356.0 3.6252128204390273 -0.2703920623770595 0.5279283216799423 -0.3621491154493803 -2.546578264687585
27298.0 10801356.0 3.6601169911611073 -0.26519453518279434 0.5359352153688681 -0.3621491154493803 -2.546578264687585
27299.0 10801356.0 3.7189434392088243 -0.24981383371272162 0.5426897503016795 -0.3621491154493803 -2.546578264687585
27300.0 10801356.0 3.7541707359885255 -0.2398152602943783 0.548387807992152 -0.3621491154493803 -2.546578264687585
27301.0 10801356.0 3.79330069101459 -0.22057690744567163 0.553194632113744 -0.3621491154493803 -2.546578264687585
27302.0 10801356.0 3.8305593213170175 -0.2059843453801488 0.5572496205662426 -0.3621491154493803 -2.546578264687585
27303.0 10801356.0 3.861267502270351 -0.18656758886913197 0.560670368014927 -0.3621491154493803 -2.546578264687585
27304.0 10801356.0 3.8919756832236843 -0.16715083235811515 0.5635560761359029 -0.3621491154493803 -2.546578264687585
27305.0 10801356.0 3.930677018328402 -0.1315353430117561 0.5659904304647352 -0.3621491154493803 -2.546578264687585
27306.0 10801356.0 3.9545249986042164 -0.10742699121877311 0.5680440272769939 -0.3621491154493803 -2.546578264687585
27307.0 10801356.0 3.9689740716549764 -0.08953843217361226 0.5697764208802548 -0.3621491154493803 -2.546578264687585
27308.0 10801356.0 3.9834231447057364 -0.07164987312845142 0.5712378506890249 -0.3621491154493803 -2.546578264687585
27309.0 10801356.0 4.015802480851935 -0.02030453032161153 0.5724706981677656 -0.3621491154493803 -2.546578264687585
27310.0 10801356.0 4.035679319338815 0.019934641839927075 0.573510715893365 -0.3621491154493803 -2.546578264687585
27311.0 10801356.0 4.052196058635945 0.05858348088774565 0.5743880643798679 -0.3621491154493803 -2.546578264687585
27312.0 10801356.0 4.064823533154795 0.09184305270706258 0.5751281867333846 -0.3621491154493803 -2.546578264687585
27313.0 10801356.0 4.067713859335216 0.11811703722620356 0.5757525465021681 -0.3621491154493803 -2.546578264687585
27314.0 10801356.0 4.08055274455306 0.16182065029151046 0.5762792501195135 -0.3621491154493803 -2.546578264687585
27315.0 10801356.0 4.088146674391839 0.21774859574554536 0.5814909507431469 -0.3621491154493803 -2.546578264687585
27316.0 10801356.0 4.094423806638248 0.2533137718482231 0.585887488938328 -0.3621491154493803 -2.546578264687585
27317.0 10801356.0 4.0954509120832014 0.2904751181704429 0.5895963643127183 -0.3621491154493803 -2.546578264687585
27318.0 10801356.0 4.096107300155157 0.3428261289252864 0.5927251342521762 -0.3621491154493803 -2.546578264687585
27319.0 10801356.0 4.09292816642938 0.3820608182693348 0.5953645330849465 -0.3621491154493803 -2.546578264687585
27320.0 10801356.0 4.084574925416024 0.4135999566681145 0.5975911033771798 -0.3621491154493803 -2.546578264687585
27321.0 10801356.0 4.076221684402668 0.44513909506689425 0.5994694156673509 -0.3621491154493803 -2.546578264687585
27322.0 10801356.0 4.067868443389312 0.47667823346567395 0.601053941011875 -0.3621491154493803 -2.546578264687585
27323.0 10801356.0 4.0521862486971685 0.5238475706733606 0.6023906306457435 -0.3621491154493803 -2.546578264687585
27324.0 10801356.0 4.0275240504859 0.5639013708370523 0.6035182485683385 -0.3621491154493803 -2.546578264687585
27325.0 10801356.0 4.0013119911749255 0.5992045258301126 0.6044694956994152 -0.3621491154493803 -2.546578264687585
27326.0 10801356.0 3.9716517950448686 0.6389037920242443 0.605271958205775 -0.3621491154493803 -2.546578264687585
27327.0 10801356.0 3.939457095500135 0.6762764031727787 0.6059489075001021 -0.3621491154493803 -2.546578264687585
27328.0 10801356.0 3.9058847245313073 0.7094263139007602 0.6065199751119322 -0.3621491154493803 -2.546578264687585
27329.0 10801356.0 3.8609618592518515 0.7404398541483572 0.6070017220020084 -0.3621491154493803 -2.546578264687585
27330.0 10801356.0 3.825564158283985 0.7679948902596944 0.6074081188301428 -0.3621491154493803 -2.546578264687585
27331.0 10801356.0 3.778220273262985 0.7943089769574952 0.6077509511043514 -0.3621491154493803 -2.546578264687585
27332.0 10801356.0 3.736951806962825 0.8191079741170149 0.6080401609605861 -0.3621491154493803 -2.546578264687585
27333.0 10801356.0 3.67001663309966 0.8463264425093636 0.6082841354846779 -0.3621491154493803 -2.546578264687585
27334.0 10801356.0 3.6455452610740053 0.8543131624493165 0.6084899499378252 -0.3621491154493803 -2.546578264687585
27335.0 10801356.0 3.6210738890483505 0.8622998823892694 0.6086635729391696 -0.3621491154493803 -2.546578264687585
27336.0 10801356.0 3.552474000337579 0.8846894570490574 0.6088100395557499 -0.3621491154493803 -2.546578264687585
27337.0 10801356.0 3.501441968152922 0.8956217741413859 0.6089335973194469 -0.3621491154493803 -2.546578264687585
27338.0 10801356.0 3.4493098481680926 0.9072639899798274 0.6090378294054077 -0.3621491154493803 -2.546578264687585
27339.0 10801356.0 3.36421789668678 0.9185675214228597 0.6091257585441255 -0.3621491154493803 -2.546578264687585
27340.0 10801356.0 3.318012307637898 0.9293275836081273 0.609199934680623 -0.3621491154493803 -2.546578264687585
27341.0 10801356.0 3.2607304203243768 0.9371618434892726 0.6092625089228584 -0.3621491154493803 -2.546578264687585
27342.0 10801356.0 3.210966740320819 0.9413741781967858 0.6093152959238568 -0.3621491154493803 -2.546578264687585
27343.0 10801356.0 3.1211985777539857 0.9546743673833211 0.609359826506647 -0.3621491154493803 -2.546578264687585
27344.0 10801356.0 3.0949478971774873 0.9585712814723374 0.6093973920581299 -0.3621491154493803 -2.546578264687585
27345.0 10801356.0 3.068697216600989 0.9624681955613537 0.6094290819792987 -0.3621491154493803 -2.546578264687585
27346.0 10801356.0 3.011449720036868 0.9704100456407002 0.6046884365250502 -0.3621491154493803 -2.546578264687585
27347.0 10801356.0 2.954442907688901 0.9782737785950535 0.6006892757300282 -0.3621491154493803 -2.546578264687585
27348.0 10801356.0 2.8932854719213834 0.9853903409231942 0.5973156239311769 -0.3621491154493803 -2.546578264687585
27349.0 10801356.0 2.850171831144972 0.990938585990476 0.5944696452263297 -0.3621491154493803 -2.546578264687585
27350.0 10801356.0 2.7737374464035716 1.0053803310137577 0.5920688062330461 -0.3621491154493803 -2.546578264687585
27351.0 10801356.0 2.711641495250145 1.0147908040867701 0.590043482620521 -0.3621491154493803 -2.546578264687585
27352.0 10801356.0 2.661513758872583 1.02333129243572 0.5883349400039909 -0.3621491154493803 -2.546578264687585
27353.0 10801356.0 2.6031310655419277 1.031062996679539 0.5868936306475766 -0.3621491154493803 -2.546578264687585
27354.0 10801356.0 2.5468831314309943 1.0420699939370508 0.585677756579942 -0.3621491154493803 -2.546578264687585
27355.0 10801356.0 2.494735926767583 1.0482337703974114 0.5846520574531258 -0.3621491154493803 -2.546578264687585
27356.0 10801356.0 2.4378092657422528 1.0560754784596107 0.5837867879924501 -0.3621491154493803 -2.546578264687585
27357.0 10801356.0 2.385730960786255 1.0624511880197478 0.5830568553835555 -0.3621491154493803 -2.546578264687585
27358.0 10801356.0 2.3594802434758977 1.0663508386701979 0.5824410915807839 -0.3621491154493803 -2.546578264687585
27359.0 10801356.0 2.3332295261655407 1.070250489320648 0.5819216394338552 -0.3621491154493803 -2.546578264687585
27360.0 10801356.0 2.276691446261598 1.076564725773874 0.5814834348305082 -0.3621491154493803 -2.546578264687585
27361.0 10801356.0 2.193341608103581 1.0877805975743011 0.581113769837246 -0.3621491154493803 -2.546578264687585
27362.0 10801356.0 2.147662987968344 1.0974418056404973 0.5855693029220809 -0.3621491154493803 -2.546578264687585
27363.0 10801356.0 2.100363989843557 1.1021418770623086 0.589327945791656 -0.3621491154493803 -2.546578264687585
27364.0 10801356.0 2.0468533363032835 1.109571970699228 0.5924986990891893 -0.3621491154493803 -2.546578264687585
27365.0 10801356.0 1.993502477981438 1.1161325127695982 0.595173514660309 -0.3621491154493803 -2.546578264687585
27366.0 10801356.0 1.9456457405259744 1.125922340735286 0.5974299621565776 -0.3621491154493803 -2.546578264687585
27367.0 10801356.0 1.8983811372657295 1.1307293269224366 0.599333478555387 -0.3621491154493803 -2.546578264687585
27368.0 10801356.0 1.8529890407432965 1.1401820595236156 0.6009392658323026 -0.3621491154493803 -2.546578264687585
27369.0 10801356.0 1.8086471929944512 1.144151777850027 0.602293891818355 -0.3621491154493803 -2.546578264687585
27370.0 10801356.0 1.748476664454106 1.152941762775104 0.6034366406671396 -0.3621491154493803 -2.546578264687585
27371.0 10801356.0 1.6979153747069247 1.163967221181168 0.6044006520952714 -0.3621491154493803 -2.546578264687585
27372.0 10801356.0 1.6722945160491647 1.1670794956139712 0.605213882434166 -0.3621491154493803 -2.546578264687585
27373.0 10801356.0 1.6038940562020996 1.1778582027342996 0.6058999153636513 -0.3621491154493803 -2.546578264687585
27374.0 10801356.0 1.5580741817823356 1.1830132495911696 0.6064786458386826 -0.3621491154493803 -2.546578264687585
27375.0 10801356.0 1.5124414975407037 1.192546804510509 0.6069668570430357 -0.3621491154493803 -2.546578264687585
27376.0 10801356.0 1.460270035764866 1.1975577860021063 0.6073787071016368 -0.3621491154493803 -2.546578264687585
27377.0 10801356.0 1.4366668610380025 1.2005959022928536 0.6077261396661854 -0.3621491154493803 -2.546578264687585
27378.0 10801356.0 1.4130636863111392 1.203634018583601 0.6080192302810533 -0.3621491154493803 -2.546578264687585
27379.0 10801356.0 1.3639634074935667 1.2071750183015684 0.6082664785740718 -0.3621491154493803 -2.546578264687585
27380.0 10801356.0 1.3188204805135149 1.2130450295334254 0.6084750547457384 -0.3621491154493803 -2.546578264687585
27381.0 10801356.0 1.2461506583420847 1.2189134070033676 0.6086510075050313 -0.3621491154493803 -2.546578264687585
27382.0 10801356.0 1.1971431844353764 1.2238271197330248 0.6087994394819701 -0.3621491154493803 -2.546578264687585
27383.0 10801356.0 1.1490414454258564 1.2287957019597493 0.6089246552038862 -0.3621491154493803 -2.546578264687585
27384.0 10801356.0 1.0960224229300424 1.235020838727899 0.6090302859267148 -0.3621491154493803 -2.546578264687585
27385.0 10801356.0 1.0427401925284727 1.2417996816887202 0.6091193949414182 -0.3621491154493803 -2.546578264687585
27386.0 10801356.0 0.9941682360848094 1.246689281832643 0.6091945664094228 -0.3621491154493803 -2.546578264687585
27387.0 10801356.0 0.9460318877408795 1.2515536891867014 0.6092579803033007 -0.3621491154493803 -2.546578264687585
27388.0 10801356.0 0.8994822203996524 1.2612740379810037 0.6093114756259742 -0.3621491154493803 -2.546578264687585
27389.0 10801356.0 0.8595668143758454 1.2668406330042168 0.609356603741801 -0.3621491154493803 -2.546578264687585
27390.0 10801356.0 0.7828312062740918 1.2776639676092156 0.6093946733661401 -0.3621491154493803 -2.546578264687585
27391.0 10801356.0 0.7559609855886461 1.2813046213028736 0.6094267885180972 -0.3621491154493803 -2.546578264687585
27392.0 10801356.0 0.7269462578347639 1.2843611437006361 0.609453880537079 -0.3621491154493803 -2.546578264687585
27393.0 10801356.0 0.6979315300808817 1.2874176660983987 0.6094767350916362 -0.3621491154493803 -2.546578264687585
27394.0 10801356.0 0.6290630712022822 1.3005784585423439 0.6094960149638509 -0.3621491154493803 -2.546578264687585
27395.0 10801356.0 0.5790805195929598 1.3052308863117699 0.6095122792700172 -0.3621491154493803 -2.546578264687585
27396.0 10801356.0 0.538112464910101 1.3130126034067946 0.609525999675014 -0.3621491154493803 -2.546578264687585
27397.0 10801356.0 0.4646653382663426 1.3219467713270656 0.6095375740705862 -0.3621491154493803 -2.546578264687585
27398.0 10801356.0 0.41774915700008886 1.3319069671575468 0.6095473381142054 -0.3621491154493803 -2.546578264687585
27399.0 10801356.0 0.3738006382731836 1.3400796636660974 0.6095555749631365 -0.3621491154493803 -2.546578264687585
27400.0 10801356.0 0.32294835325175253 1.3464201296333702 0.6095625234859986 -0.3621491154493803 -2.546578264687585
27401.0 10801356.0 0.27129876813136344 1.3579285089445876 0.6095683851899546 -0.3621491154493803 -2.546578264687585
27402.0 10801356.0 0.22309316688515035 1.3625867382871164 0.6095733300644193 -0.3621491154493803 -2.546578264687585
27403.0 10801356.0 0.1685899246756467 1.3751455240607624 0.6095775015107522 -0.3621491154493803 -2.546578264687585
27404.0 10801356.0 0.10151950062706316 1.3862049590518744 0.6095810205008969 -0.3621491154493803 -2.546578264687585
27405.0 10801356.0 0.07792694003800466 1.3886015112110153 0.6095839890855677 -0.3621491154493803 -2.546578264687585
27406.0 10801356.0 0.054334379448946146 1.3909980633701564 0.6095864933537198 -0.3621491154493803 -2.546578264687585
27407.0 10801356.0 0.008082625222160855 1.4002765058220792 0.6095886059291299 -0.3621491154493803 -2.546578264687585
27408.0 10801356.0 -0.06789218150433485 1.4150663538639239 0.6095903880764847 -0.3621491154493803 -2.546578264687585
27409.0 10801356.0 -0.11867724637472687 1.4199860056235742 0.6048245127252406 -0.3621491154493803 -2.546578264687585
27410.0 10801356.0 -0.1603783950565678 1.4282451747232965 0.6008040682430286 -0.3621491154493803 -2.546578264687585
27411.0 10801356.0 -0.2178318132869823 1.437215014785621 0.5974124617398643 -0.3621491154493803 -2.546578264687585
27412.0 10801356.0 -0.2802669571878369 1.451319163819713 0.5945513366271561 -0.3621491154493803 -2.546578264687585
27413.0 10801356.0 -0.3183945711080125 1.456249559991911 0.5921377202766355 -0.3621491154493803 -2.546578264687585
27414.0 10801356.0 -0.3565221850281881 1.461179956164109 0.5901016178141373 -0.3621491154493803 -2.546578264687585
27415.0 10801356.0 -0.40226911714926006 1.4706465861839375 0.5883839822682491 -0.3621491154493803 -2.546578264687585
27416.0 10801356.0 -0.4527606067658274 1.481898573891821 0.58693500220814 -0.3621491154493803 -2.546578264687585
27417.0 10801356.0 -0.49497932797397914 1.4885764656345883 0.585712657212067 -0.3621491154493803 -2.546578264687585
27418.0 10801356.0 -0.5538124793422909 1.5041925351604337 0.584681499275144 -0.3621491154493803 -2.546578264687585
27419.0 10801356.0 -0.6187445945337735 1.5201678188782186 0.5790442460643833 -0.3621491154493803 -2.546578264687585
27420.0 10801356.0 -0.6452715292336526 1.523234204073083 0.5742887159894897 -0.3621491154493803 -2.546578264687585
27421.0 10801356.0 -0.7103826139399021 1.5430076767388685 0.5702769986782913 -0.3621491154493803 -2.546578264687585
27422.0 10801356.0 -0.7620660020770791 1.5544180822686327 0.5668927543287633 -0.3621491154493803 -2.546578264687585
27423.0 10801356.0 -0.8048190404950464 1.564894573782881 0.5640378398547694 -0.3621491154493803 -2.546578264687585
27424.0 10801356.0 -0.8504965916664275 1.5745752124094314 0.5616294627365639 -0.3621491154493803 -2.546578264687585
27425.0 10801356.0 -0.9024803009132241 1.5839818249486588 0.5595977800377187 -0.3621491154493803 -2.546578264687585
27426.0 10801356.0 -0.9369773194935884 1.5952641700056642 0.5578838729599673 -0.3621491154493803 -2.546578264687585
27427.0 10801356.0 -0.9876326220982674 1.6033022615100239 0.556438038198055 -0.3621491154493803 -2.546578264687585
27428.0 10801356.0 -1.0301438187410785 1.6145189563645557 0.5552183465438864 -0.3621491154493803 -2.546578264687585
27429.0 10801356.0 -1.0790137288332933 1.6198706675831145 0.5494220481866734 -0.3621491154493803 -2.546578264687585
27430.0 10801356.0 -1.1210270489623546 1.6255504907443026 0.549299727979691 -0.3621491154493803 -2.546578264687585
27431.0 10801356.0 -1.16412986968209 1.6262708572899456 0.5491965398841195 -0.3621491154493803 -2.546578264687585
27432.0 10801356.0 -1.2072326904018256 1.6269912238355886 0.5491094914451876 -0.3621491154493803 -2.546578264687585
27433.0 10801356.0 -1.2512728572989522 1.6253896659758171 0.5442686795053492 -0.3621491154493803 -2.546578264687585
27434.0 10801356.0 -1.2893144525357514 1.6163347794775809 0.5401850192711659 -0.3621491154493803 -2.546578264687585
27435.0 10801356.0 -1.3273560477725506 1.6072798929793446 0.5367400845958464 -0.3621491154493803 -2.546578264687585
27436.0 10801356.0 -1.3728913156599578 1.592965203056493 0.5338339723738065 -0.3621491154493803 -2.546578264687585
27437.0 10801356.0 -1.418426583547365 1.5786505131336412 0.5313824053506069 -0.3621491154493803 -2.546578264687585
27438.0 10801356.0 -1.4721167249717004 1.5529829651044662 0.5293142880825749 -0.3621491154493803 -2.546578264687585
27439.0 10801356.0 -1.5119615951435355 1.5234874566736563 0.5275696451689376 -0.3621491154493803 -2.546578264687585
27440.0 10801356.0 -1.5426891518306505 1.4960726222485408 0.5260978819651994 -0.3621491154493803 -2.546578264687585
27441.0 10801356.0 -1.5734167085177657 1.4686577878234253 0.524856317338452 -0.3621491154493803 -2.546578264687585
27442.0 10801356.0 -1.6041442652048807 1.4412429533983098 0.5238089459145197 -0.3621491154493803 -2.546578264687585
27443.0 10801356.0 -1.6383974860881103 1.400337554417232 0.5229253939221085 -0.3621491154493803 -2.546578264687585
27444.0 10801356.0 -1.6592121695971962 1.369290455568218 0.5221800383534384 -0.3621491154493803 -2.546578264687585
27445.0 10801356.0 -1.6907979222100378 1.3254093409803425 0.5215512638970181 -0.3621491154493803 -2.546578264687585
27446.0 10801356.0 -1.707086492966458 1.2921805142098608 0.5210208360936113 -0.3621491154493803 -2.546578264687585
27447.0 10801356.0 -1.7326533083984554 1.2479661245446279 0.5205733725369193 -0.3621491154493803 -2.546578264687585
27448.0 10801356.0 -1.7549186290097494 1.2124863380985484 0.5201958967837979 -0.3621491154493803 -2.546578264687585
27449.0 10801356.0 -1.7789734951356688 1.1579626619082528 0.5151100832845896 -0.3621491154493803 -2.546578264687585
27450.0 10801356.0 -1.79174942231054 1.1189110318207207 0.5108197422006345 -0.3621491154493803 -2.546578264687585
27451.0 10801356.0 -1.8006133874737669 1.0999615719250078 0.5072004536404978 -0.3621491154493803 -2.546578264687585
27452.0 10801356.0 -1.8094773526369938 1.0810121120292946 0.5041472582359355 -0.3621491154493803 -2.546578264687585
27453.0 10801356.0 -1.8307018170016844 1.0066341614710104 0.5015716133202155 -0.3621491154493803 -2.546578264687585
27454.0 10801356.0 -1.84333807846652 0.9646158155371813 0.49939882519078166 -0.3621491154493803 -2.546578264687585
27455.0 10801356.0 -1.855974339931356 0.9225974696033522 0.4975658829918805 -0.3621491154493803 -2.546578264687585
27456.0 10801356.0 -1.8719533474869297 0.8710401572656993 0.4960196313997438 -0.3621491154493803 -2.546578264687585
27457.0 10801356.0 -1.8882939673252361 0.8238074427159728 0.49471522911819976 -0.3621491154493803 -2.546578264687585
27458.0 10801356.0 -1.8979822701916873 0.7779036383282744 0.4936148484810835 -0.3621491154493803 -2.546578264687585
27459.0 10801356.0 -1.907142392424862 0.7325280930840593 0.49268657844991864 -0.3621491154493803 -2.546578264687585
27460.0 10801356.0 -1.9147953349323614 0.6912162879475545 0.49190349919380144 -0.3621491154493803 -2.546578264687585
27461.0 10801356.0 -1.9170236887337408 0.6504666542418673 0.49124290141430443 -0.3621491154493803 -2.546578264687585
27462.0 10801356.0 -1.9188721115698708 0.6108779975369052 0.49068562777582225 -0.3621491154493803 -2.546578264687585
27463.0 10801356.0 -1.9177773613570508 0.5490614348575321 0.49021551734283897 -0.3621491154493803 -2.546578264687585
27464.0 10801356.0 -1.9125372589138838 0.5107759309628996 0.489818936912798 -0.3621491154493803 -2.546578264687585
27465.0 10801356.0 -1.9044672681912191 0.47027944817781975 0.48948438565322816 -0.3621491154493803 -2.546578264687585
27466.0 10801356.0 -1.8951589618641653 0.42949476713813706 0.484434782824785 -0.3621491154493803 -2.546578264687585
27467.0 10801356.0 -1.8796895069857522 0.3912514170522472 0.48017498869826064 -0.3621491154493803 -2.546578264687585
27468.0 10801356.0 -1.8670519720079417 0.36281448005832906 0.4765814692439858 -0.3621491154493803 -2.546578264687585
27469.0 10801356.0 -1.8544144370301312 0.3343775430644109 0.4735500123977866 -0.3621491154493803 -2.546578264687585
27470.0 10801356.0 -1.8319912306547728 0.29946805380897046 0.4709927059111232 -0.3621491154493803 -2.546578264687585
27471.0 10801356.0 -1.8138707051672516 0.2720418786620564 0.46883538789588236 -0.3621491154493803 -2.546578264687585
