28155.0 10628960.0 0.14732528167484815 0.07059568608949714 0.3048 -0.5794385847190086 -4.074525223500136
28156.0 10628960.0 0.14562398539167126 0.07048780920719802 0.3048 -0.5794385847190086 -4.074525223500136
28157.0 10628960.0 0.1439226891084944 0.07037993232489889 0.3048 -0.5794385847190086 -4.074525223500136
28242.0 10628960.0 -0.0006874949615389703 0.06121039732947345 0.3048 -0.5794385847190086 -4.074525223500136
28243.0 10628960.0 -0.0027139212889312203 0.05854305726827155 0.3048 -0.5794385847190086 -4.074525223500136
28244.0 10628960.0 -0.00474034761632347 0.05587571720706966 0.3048 -0.5794385847190086 -4.074525223500136
28245.0 10628960.0 -0.004006662350628201 0.05112332077660597 0.3048 -0.5794385847190086 -4.074525223500136
28246.0 10628960.0 -0.003272977084932932 0.046370924346142275 0.3048 -0.5794385847190086 -4.074525223500136
28247.0 10628960.0 -0.002539291819237663 0.041618527915678584 0.3048 -0.5794385847190086 -4.074525223500136
28248.0 10628960.0 -0.0018056065535423937 0.03686613148521489 0.3048 -0.5794385847190086 -4.074525223500136
28249.0 10628960.0 -0.0010719212878471246 0.0321137350547512 0.3048 -0.5794385847190086 -4.074525223500136
28250.0 10628960.0 -0.00033823602215185544 0.02736133862428751 0.3048 -0.5794385847190086 -4.074525223500136
28251.0 10628960.0 0.0003954492435434137 0.022608942193823818 0.3048 -0.5794385847190086 -4.074525223500136
28252.0 10628960.0 0.0011291345092386829 0.017856545763360127 0.3048 -0.5794385847190086 -4.074525223500136
28253.0 10628960.0 0.008092005834405567 0.017277922351873327 0.3048 -0.5794385847190086 -4.074525223500136
28254.0 10628960.0 0.01505487715957245 0.01669929894038653 0.3048 -0.5794385847190086 -4.074525223500136
28255.0 10628960.0 0.022017748484739336 0.01612067552889973 0.3048 -0.5794385847190086 -4.074525223500136
28256.0 10628960.0 0.028980619809906218 0.015542052117412934 0.3048 -0.5794385847190086 -4.074525223500136
28257.0 10628960.0 0.0359434911350731 0.014963428705926136 0.3048 -0.5794385847190086 -4.074525223500136
28258.0 10628960.0 0.04290636246023999 0.014384805294439338 0.3048 -0.5794385847190086 -4.074525223500136
28259.0 10628960.0 0.04986923378540687 0.013806181882952538 0.3048 -0.5794385847190086 -4.074525223500136
28260.0 10628960.0 0.05683210511057375 0.013227558471465742 0.3048 -0.5794385847190086 -4.074525223500136
28261.0 10628960.0 0.06379497643574064 0.012648935059978942 0.3048 -0.5794385847190086 -4.074525223500136
28262.0 10628960.0 0.07075784776090752 0.012070311648492146 0.3048 -0.5794385847190086 -4.074525223500136
28263.0 10628960.0 0.0777207190860744 0.011491688237005346 0.3048 -0.5794385847190086 -4.074525223500136
28264.0 10628960.0 0.0846835904112413 0.010913064825518548 0.3048 -0.5794385847190086 -4.074525223500136
28265.0 10628960.0 0.09164646173640817 0.01033444141403175 0.3048 -0.5794385847190086 -4.074525223500136
28266.0 10628960.0 0.09860933306157506 0.009755818002544952 0.3048 -0.5794385847190086 -4.074525223500136
28267.0 10628960.0 0.10557220438674193 0.009177194591058153 0.3048 -0.5794385847190086 -4.074525223500136
28268.0 10628960.0 0.11253507571190882 0.008598571179571355 0.3048 -0.5794385847190086 -4.074525223500136
28269.0 10628960.0 0.11949794703707571 0.008019947768084557 0.3048 -0.5794385847190086 -4.074525223500136
28270.0 10628960.0 0.1264608183622426 0.007441324356597759 0.3048 -0.5794385847190086 -4.074525223500136
28271.0 10628960.0 0.13342368968740947 0.006862700945110961 0.3048 -0.5794385847190086 -4.074525223500136
28272.0 10628960.0 0.14743136514868596 0.005789521763602608 0.3048 -0.5794385847190086 -4.074525223500136
28273.0 10628960.0 0.16143904060996248 0.004716342582094255 0.3048 -0.5794385847190086 -4.074525223500136
28274.0 10628960.0 0.17544671607123896 0.0036431634005859026 0.3048 -0.5794385847190086 -4.074525223500136
28275.0 10628960.0 0.1902674454600612 0.003472626499929937 0.3048 -0.5794385847190086 -4.074525223500136
28276.0 10628960.0 0.20508817484888342 0.003302089599273972 0.3048 -0.5794385847190086 -4.074525223500136
28277.0 10628960.0 0.2552554744665758 0.0032627813472039524 0.3048 -0.5794385847190086 -4.074525223500136
28278.0 10628960.0 0.27280031633410784 0.003954558157014537 0.3048 -0.5794385847190086 -4.074525223500136
28279.0 10628960.0 0.3216603405906858 0.003992418556481608 0.3048 -0.5794385847190086 -4.074525223500136
28280.0 10628960.0 0.33354084703908804 0.005016672366518898 0.3048 -0.5794385847190086 -4.074525223500136
28281.0 10628960.0 0.3668402962766397 0.004999630804842656 0.3048 -0.5794385847190086 -4.074525223500136
28282.0 10628960.0 0.4001397455141914 0.004982589243166413 0.3048 -0.5794385847190086 -4.074525223500136
28283.0 10628960.0 0.4342872364369742 0.004572105995606748 0.3048 -0.5794385847190086 -4.074525223500136
28284.0 10628960.0 0.46843472735975694 0.004161622748047084 0.3048 -0.5794385847190086 -4.074525223500136
28285.0 10628960.0 0.5025822182825397 0.0037511395004874186 0.3048 -0.5794385847190086 -4.074525223500136
28286.0 10628960.0 0.5367297092053225 0.003340656252927754 0.3048 -0.5794385847190086 -4.074525223500136
28287.0 10628960.0 0.5708772001281053 0.002930173005368089 0.3048 -0.5794385847190086 -4.074525223500136
28288.0 10628960.0 0.6111513153224708 0.006593241581744194 0.3048 -0.5794385847190086 -4.074525223500136
28289.0 10628960.0 0.6473497533209214 0.0045786017797024015 0.3048 -0.5794385847190086 -4.074525223500136
28290.0 10628960.0 0.6637469508230608 0.0044779723246786834 0.3048 -0.5794385847190086 -4.074525223500136
28291.0 10628960.0 0.7083065420088533 0.004325340163019235 0.30516672145912216 -0.5794385847190086 -4.074525223500136
28292.0 10628960.0 0.7528661331946458 0.004172708001359786 0.30584280543903014 -0.5794385847190086 -4.074525223500136
28293.0 10628960.0 0.7974257243804383 0.0040200758397003385 0.30677986452255185 -0.5794385847190086 -4.074525223500136
28294.0 10628960.0 0.8419853155662309 0.00386744367804089 0.30793707957470573 -0.5794385847190086 -4.074525223500136
28295.0 10628960.0 0.8865449067520234 0.0037148115163814412 0.309280015985648 -0.5794385847190086 -4.074525223500136
28296.0 10628960.0 0.9311044979378159 0.0035621793547219926 0.31077962506583795 -0.5794385847190086 -4.074525223500136
28297.0 10628960.0 0.9756640891236084 0.0034095471930625444 0.31241140163344644 -0.5794385847190086 -4.074525223500136
28298.0 10628960.0 1.020223680309401 0.0032569150314030963 0.31415467336379393 -0.5794385847190086 -4.074525223500136
28299.0 10628960.0 1.0647832714951935 0.0031042828697436476 0.3159920012918098 -0.5794385847190086 -4.074525223500136
28300.0 10628960.0 1.109342862680986 0.002951650708084199 0.3179086740820045 -0.5794385847190086 -4.074525223500136
28301.0 10628960.0 1.1539024538667784 0.002799018546424751 0.31989228139974024 -0.5794385847190086 -4.074525223500136
28302.0 10628960.0 1.1984620450525711 0.0026463863847653022 0.32193235401154413 -0.5794385847190086 -4.074525223500136
28303.0 10628960.0 1.2430216362383635 0.002493754223105854 0.3240200601773603 -0.5794385847190086 -4.074525223500136
28304.0 10628960.0 1.294023240285704 0.0014876678507143304 0.3257812280873872 -0.5794385847190086 -4.074525223500136
28305.0 10628960.0 1.346217145753876 0.00032607139449442046 0.32726693161138837 -0.5794385847190086 -4.074525223500136
28306.0 10628960.0 1.3783289231669205 0.0007597329025066171 0.3285202561517837 -0.5794385847190086 -4.074525223500136
28307.0 10628960.0 1.410440700579965 0.0011933944105188138 0.3295775481203789 -0.5794385847190086 -4.074525223500136
28308.0 10628960.0 1.4567157534447506 -0.0025901884536224523 0.330469468984344 -0.5794385847190086 -4.074525223500136
28309.0 10628960.0 1.5130055755451794 -0.00018194391939649335 0.3312218844487823 -0.5794385847190086 -4.074525223500136
28310.0 10628960.0 1.5629415944480252 0.0004468477276414473 0.33662399331534504 -0.5794385847190086 -4.074525223500136
28311.0 10628960.0 1.599540196088117 -0.0016939772338458864 0.3411811579878297 -0.5794385847190086 -4.074525223500136
28312.0 10628960.0 1.6460832407808663 0.0005108551586272547 0.3450255362418275 -0.5794385847190086 -4.074525223500136
28313.0 10628960.0 1.6968196021401964 -0.0015741752069332593 0.34826861504675793 -0.5794385847190086 -4.074525223500136
28314.0 10628960.0 1.727090982090046 -0.0006548220293147999 0.35100444368799605 -0.5794385847190086 -4.074525223500136
28315.0 10628960.0 1.7573623620398955 0.0002645311483036594 0.35331236119615705 -0.5794385847190086 -4.074525223500136
28316.0 10628960.0 1.800474181414463 -0.000965158511843367 0.3552592971789892 -0.5794385847190086 -4.074525223500136
28317.0 10628960.0 1.8270640366417852 -0.0011211484857380771 0.3569017127800016 -0.5794385847190086 -4.074525223500136
28318.0 10628960.0 1.8887506932899598 -0.0025755539863099586 0.35828723805162777 -0.5794385847190086 -4.074525223500136
28319.0 10628960.0 1.939212634091344 -0.0030506783074473742 0.3594560532267474 -0.5794385847190086 -4.074525223500136
28320.0 10628960.0 1.983299004655265 -0.004013494890018204 0.36044205394544043 -0.5794385847190086 -4.074525223500136
28321.0 10628960.0 2.0209064236459593 -0.005780812799463797 0.36127383422854986 -0.5794385847190086 -4.074525223500136
28322.0 10628960.0 2.05810013618662 -0.008814694705676585 0.36197551570428643 -0.5794385847190086 -4.074525223500136
28323.0 10628960.0 2.108561799679598 -0.009288613640876048 0.36256744713544686 -0.5794385847190086 -4.074525223500136
28324.0 10628960.0 2.1679880820169175 -0.01222223221009841 0.3678341732863547 -0.5794385847190086 -4.074525223500136
28325.0 10628960.0 2.2063836457557797 -0.01810104887287542 0.372277130462565 -0.5794385847190086 -4.074525223500136
28326.0 10628960.0 2.2545745372527106 -0.019000713576458522 0.3760251644221886 -0.5794385847190086 -4.074525223500136
28327.0 10628960.0 2.3051393033326493 -0.019156539250418297 0.3791869681500549 -0.5794385847190086 -4.074525223500136
28328.0 10628960.0 2.347767848422089 -0.02186080594579584 0.3818542339542725 -0.5794385847190086 -4.074525223500136
28329.0 10628960.0 2.3934144120417895 -0.020760649739248543 0.3841043125431637 -0.5794385847190086 -4.074525223500136
28330.0 10628960.0 2.4155483051207947 -0.02232173226544712 0.3860024561958065 -0.5794385847190086 -4.074525223500136
28331.0 10628960.0 2.4376821981997994 -0.023882814791645696 0.3876037110781276 -0.5794385847190086 -4.074525223500136
28332.0 10628960.0 2.5072789866825316 -0.025578501507754786 0.38895451358171435 -0.5794385847190086 -4.074525223500136
28333.0 10628960.0 2.5286389277517474 -0.027061823018394354 0.3900940369791708 -0.5794385847190086 -4.074525223500136
28334.0 10628960.0 2.59558798939753 -0.027074528758676303 0.39105532744902316 -0.5794385847190086 -4.074525223500136
28335.0 10628960.0 2.647550251938481 -0.028385268232770128 0.3918662624148972 -0.5794385847190086 -4.074525223500136
28336.0 10628960.0 2.7012207007556546 -0.029902862050601914 0.39255035899080326 -0.5794385847190086 -4.074525223500136
28337.0 10628960.0 2.7388962877710963 -0.03145523502724798 0.39789483473025955 -0.5794385847190086 -4.074525223500136
28338.0 10628960.0 2.783488693808005 -0.02813957670848863 0.4024033806768933 -0.5794385847190086 -4.074525223500136
28339.0 10628960.0 2.8339491258402747 -0.028608333762882215 0.406206744663157 -0.5794385847190086 -4.074525223500136
28340.0 10628960.0 2.8773450123383606 -0.03167693272521735 0.4094152242446522 -0.5794385847190086 -4.074525223500136
28341.0 10628960.0 2.948821357779088 -0.033047640899908276 0.41212186532924233 -0.5794385847190086 -4.074525223500136
28342.0 10628960.0 2.9867487077292862 -0.034914607360748834 0.41440516050838044 -0.5794385847190086 -4.074525223500136
28343.0 10628960.0 3.0369912031207758 -0.03496044195972617 0.42109870409507855 -0.5794385847190086 -4.074525223500136
28344.0 10628960.0 3.078251392731241 -0.04293791814966155 0.4267453101005339 -0.5794385847190086 -4.074525223500136
28345.0 10628960.0 3.1151304745037676 -0.043118602073596884 0.4315087300989047 -0.5794385847190086 -4.074525223500136
28346.0 10628960.0 3.152009556276294 -0.043299285997532216 0.43552710327014377 -0.5794385847190086 -4.074525223500136
28347.0 10628960.0 3.199797278761644 -0.04487912246047479 0.438916962436217 -0.5794385847190086 -4.074525223500136
28348.0 10628960.0 3.2481230586202487 -0.04780242235178525 0.4417766135129405 -0.5794385847190086 -4.074525223500136
28349.0 10628960.0 3.285327912168775 -0.04943207502625105 0.4441889863815393 -0.5794385847190086 -4.074525223500136
28350.0 10628960.0 3.332563270972611 -0.05433523150127609 0.44622403985520276 -0.5794385847190086 -4.074525223500136
28351.0 10628960.0 3.374757222719392 -0.052920165672408676 0.44794079048466706 -0.5794385847190086 -4.074525223500136
28352.0 10628960.0 3.4239419179559514 -0.05729079694301922 0.4493890240381867 -0.5794385847190086 -4.074525223500136
28353.0 10628960.0 3.472693086652889 -0.05754794585946246 0.45061073928881373 -0.5794385847190086 -4.074525223500136
28354.0 10628960.0 3.515320312400405 -0.060245184011320535 0.4516413659788164 -0.5794385847190086 -4.074525223500136
28355.0 10628960.0 3.583433359679792 -0.06646982206324295 0.4525107922822047 -0.5794385847190086 -4.074525223500136
28356.0 10628960.0 3.6311415348586937 -0.06556790032302798 0.45801161031459386 -0.5794385847190086 -4.074525223500136
28357.0 10628960.0 3.663346468305159 -0.0683675111565237 0.46265204504610624 -0.5794385847190086 -4.074525223500136
28358.0 10628960.0 3.695551401751624 -0.07116712199001943 0.4665666690839557 -0.5794385847190086 -4.074525223500136
28359.0 10628960.0 3.745517993179731 -0.07041739560695218 0.4698690065252399 -0.5794385847190086 -4.074525223500136
28360.0 10628960.0 3.7917437766646795 -0.07568906476784967 0.472654825155756 -0.5794385847190086 -4.074525223500136
28361.0 10628960.0 3.83578305033961 -0.07405594221217363 0.47500491371578907 -0.5794385847190086 -4.074525223500136
28362.0 10628960.0 3.8910361604115087 -0.07070822738617058 0.47698742477358 -0.5794385847190086 -4.074525223500136
28363.0 10628960.0 3.9388564987391117 -0.07381261296746436 0.4786598511498048 -0.5794385847190086 -4.074525223500136
28364.0 10628960.0 3.979803122347932 -0.0653290337663738 0.4800706932093739 -0.5794385847190086 -4.074525223500136
28365.0 10628960.0 4.046393383956834 -0.06532888855086408 0.48126086537201485 -0.5794385847190086 -4.074525223500136
28366.0 10628960.0 4.104063475048928 -0.06545494473463367 0.48226488263044426 -0.5794385847190086 -4.074525223500136
28367.0 10628960.0 4.145911683343955 -0.0650910248081297 0.4831118614851565 -0.5794385847190086 -4.074525223500136
28368.0 10628960.0 4.180193385443411 -0.0634264058058718 0.4885937430757552 -0.5794385847190086 -4.074525223500136
28369.0 10628960.0 4.229332348789187 -0.06520703246251383 0.4932182032155508 -0.5794385847190086 -4.074525223500136
28370.0 10628960.0 4.292726081859467 -0.05867186660156057 0.4971193512485974 -0.5794385847190086 -4.074525223500136
28371.0 10628960.0 4.33208744392244 -0.05504265864344596 0.5004103204678534 -0.5794385847190086 -4.074525223500136
28372.0 10628960.0 4.355430736328145 -0.05424757928598259 0.503186548980677 -0.5794385847190086 -4.074525223500136
28373.0 10628960.0 4.37877402873385 -0.05345249992851922 0.5055285474139404 -0.5794385847190086 -4.074525223500136
28374.0 10628960.0 4.4610714616735665 -0.050746638702647145 0.507504233722208 -0.5794385847190086 -4.074525223500136
28375.0 10628960.0 4.49404546121127 -0.04941328377335419 0.5091709028084196 -0.5794385847190086 -4.074525223500136
28376.0 10628960.0 4.527019460748974 -0.04807992884406123 0.5105768880760754 -0.5794385847190086 -4.074525223500136
28377.0 10628960.0 4.595033860867066 -0.038260546376155086 0.5165303418507542 -0.5794385847190086 -4.074525223500136
28378.0 10628960.0 4.634222371605242 -0.03515754530741491 0.5215526155391049 -0.5794385847190086 -4.074525223500136
28379.0 10628960.0 4.68180037019107 -0.038995947682159665 0.5257893550780897 -0.5794385847190086 -4.074525223500136
28380.0 10628960.0 4.732775485091286 -0.03377981654566256 0.5293634259143389 -0.5794385847190086 -4.074525223500136
28381.0 10628960.0 4.770205929229393 -0.040148174975475875 0.5323784761021041 -0.5794385847190086 -4.074525223500136
28382.0 10628960.0 4.816168448135161 -0.040772235885655844 0.5349219420968303 -0.5794385847190086 -4.074525223500136
28383.0 10628960.0 4.861817915699139 -0.0505216851689724 0.5370675844123646 -0.5794385847190086 -4.074525223500136
28384.0 10628960.0 4.902470111576925 -0.05653844980703063 0.5388776266758574 -0.5794385847190086 -4.074525223500136
28385.0 10628960.0 4.957838812111733 -0.07459666294192316 0.54040456011295 -0.5794385847190086 -4.074525223500136
28386.0 10628960.0 4.998282126621131 -0.0877867346789202 0.5416926657933182 -0.5794385847190086 -4.074525223500136
28387.0 10628960.0 5.041314400479698 -0.1071939650373416 0.5427792987816926 -0.5794385847190086 -4.074525223500136
28388.0 10628960.0 5.082311836529403 -0.12678396485178176 0.5448878161229403 -0.5794385847190086 -4.074525223500136
28389.0 10628960.0 5.123309272579107 -0.1463739646662219 0.5478583848199576 -0.5794385847190086 -4.074525223500136
28390.0 10628960.0 5.179338694889173 -0.1794215884258931 0.5527480160531622 -0.5794385847190086 -4.074525223500136
28391.0 10628960.0 5.20683182063489 -0.19638823910490802 0.5568728597519084 -0.5794385847190086 -4.074525223500136
28392.0 10628960.0 5.234324946380607 -0.21335488978392295 0.5603525363834598 -0.5794385847190086 -4.074525223500136
28393.0 10628960.0 5.2708220120846985 -0.23646955248326876 0.5632879565701316 -0.5794385847190086 -4.074525223500136
28394.0 10628960.0 5.306790211539103 -0.2650181344038781 0.5657642474973373 -0.5794385847190086 -4.074525223500136
28395.0 10628960.0 5.339794014577638 -0.2972134871621367 0.5678532216019658 -0.5794385847190086 -4.074525223500136
28396.0 10628960.0 5.372797817616173 -0.32940883992039527 0.5696154591330512 -0.5794385847190086 -4.074525223500136
28397.0 10628960.0 5.410634138338154 -0.3631211311094601 0.5711020649789952 -0.5794385847190086 -4.074525223500136
28398.0 10628960.0 5.447871435609651 -0.408201366879945 0.57235615070933 -0.5794385847190086 -4.074525223500136
28399.0 10628960.0 5.462123470669781 -0.42575507592773987 0.5734140848102354 -0.5794385847190086 -4.074525223500136
28400.0 10628960.0 5.476375505729912 -0.4433087849755347 0.5743065473706376 -0.5794385847190086 -4.074525223500136
28401.0 10628960.0 5.53959242130626 -0.5157224740284813 0.5750594198047883 -0.5794385847190086 -4.074525223500136
28402.0 10628960.0 5.568079059741558 -0.5444869230228955 0.5756945354132778 -0.5794385847190086 -4.074525223500136
28403.0 10628960.0 5.596565698176858 -0.5732513720173098 0.5762303125487523 -0.5794385847190086 -4.074525223500136
28404.0 10628960.0 5.626573367706641 -0.6075631246527352 0.5766822887481408 -0.5794385847190086 -4.074525223500136
28405.0 10628960.0 5.660479410124097 -0.6424447715614762 0.5770635713212253 -0.5794385847190086 -4.074525223500136
28406.0 10628960.0 5.711761701756134 -0.7019128354924374 0.5773852174626254 -0.5794385847190086 -4.074525223500136
28407.0 10628960.0 5.744625870669048 -0.7340013222397294 0.5776565549104415 -0.5794385847190086 -4.074525223500136
28408.0 10628960.0 5.778222976452366 -0.7714677630752714 0.5778854524506606 -0.5794385847190086 -4.074525223500136
28409.0 10628960.0 5.777773737916717 -0.768778506823485 0.5780866697111869 -0.5794385847190086 -4.074525223500136
28410.0 10628960.0 5.777324499381068 -0.7660892505716985 0.5782645361663408 -0.5794385847190086 -4.074525223500136
28411.0 10628960.0 5.7768752608454195 -0.7633999943199121 0.5784227041170865 -0.5794385847190086 -4.074525223500136
28412.0 10628960.0 5.776426022309771 -0.7607107380681257 0.5785642546077606 -0.5794385847190086 -4.074525223500136
28413.0 10628960.0 5.775976783774121 -0.7580214818163392 0.5786917867763577 -0.5794385847190086 -4.074525223500136
28414.0 10628960.0 5.7755275452384724 -0.7553322255645528 0.5788074932295318 -0.5794385847190086 -4.074525223500136
28415.0 10628960.0 5.775078306702824 -0.7526429693127664 0.57891322362819 -0.5794385847190086 -4.074525223500136
28416.0 10628960.0 5.774629068167175 -0.74995371306098 0.5790105383276583 -0.5794385847190086 -4.074525223500136
28417.0 10628960.0 5.774179829631526 -0.7472644568091935 0.579100753627986 -0.5794385847190086 -4.074525223500136
28418.0 10628960.0 5.773730591095878 -0.7445752005574071 0.5791849799466476 -0.5794385847190086 -4.074525223500136
28419.0 10628960.0 5.773281352560229 -0.7418859443056207 0.5792641540206493 -0.5794385847190086 -4.074525223500136
28420.0 10628960.0 5.77283211402458 -0.7391966880538342 0.5793390660719021 -0.5794385847190086 -4.074525223500136
28421.0 10628960.0 5.772382875488931 -0.7365074318020478 0.5794103827236571 -0.5794385847190086 -4.074525223500136
28422.0 10628960.0 5.771933636953282 -0.7338181755502614 0.57947866633258 -0.5794385847190086 -4.074525223500136
28423.0 10628960.0 5.771484398417633 -0.7311289192984749 0.5795443912970947 -0.5794385847190086 -4.074525223500136
28424.0 10628960.0 5.7710351598819845 -0.7284396630466885 0.5796079578149369 -0.5794385847190086 -4.074525223500136
28425.0 10628960.0 5.770585921346336 -0.7257504067949021 0.5796697034888889 -0.5794385847190086 -4.074525223500136
28426.0 10628960.0 5.770136682810687 -0.7230611505431156 0.5797299131172604 -0.5794385847190086 -4.074525223500136
28427.0 10628960.0 5.769687444275038 -0.7203718942913292 0.5797888269530389 -0.5794385847190086 -4.074525223500136
28428.0 10628960.0 5.76923820573939 -0.7176826380395428 0.579846647671227 -0.5794385847190086 -4.074525223500136
28429.0 10628960.0 5.76878896720374 -0.7149933817877563 0.5799035462464168 -0.5794385847190086 -4.074525223500136
28430.0 10628960.0 5.768339728668091 -0.7123041255359699 0.579959666911054 -0.5794385847190086 -4.074525223500136
28431.0 10628960.0 5.767890490132443 -0.7096148692841835 0.580015131338178 -0.5794385847190086 -4.074525223500136
28432.0 10628960.0 5.767441251596794 -0.7069256130323971 0.5800700421699401 -0.5794385847190086 -4.074525223500136
28433.0 10628960.0 5.766992013061145 -0.7042363567806106 0.5801244859942264 -0.5794385847190086 -4.074525223500136
28434.0 10628960.0 5.7665427745254965 -0.7015471005288242 0.5801785358557061 -0.5794385847190086 -4.074525223500136
28435.0 10628960.0 5.766093535989848 -0.6988578442770378 0.5802322533741271 -0.5794385847190086 -4.074525223500136
28436.0 10628960.0 5.765644297454199 -0.6961685880252513 0.5802856905312884 -0.5794385847190086 -4.074525223500136
28437.0 10628960.0 5.765195058918549 -0.6934793317734649 0.5803388911785127 -0.5794385847190086 -4.074525223500136
28438.0 10628960.0 5.764745820382901 -0.6907900755216785 0.5803918923083343 -0.5794385847190086 -4.074525223500136
28439.0 10628960.0 5.764296581847252 -0.688100819269892 0.580444725127283 -0.5794385847190086 -4.074525223500136
28440.0 10628960.0 5.763847343311603 -0.6854115630181056 0.5804974159608731 -0.5794385847190086 -4.074525223500136
28441.0 10628960.0 5.763398104775955 -0.6827223067663192 0.5805499870170437 0.8490755386664846 -4.02698095352315
28442.0 10628960.0 5.762948866240306 -0.6800330505145327 0.5806024570301888 0.8490755386664846 -4.02698095352315
28443.0 10628960.0 5.762499627704657 -0.6773437942627463 0.5806548418044543 0.8490755386664846 -4.02698095352315
28444.0 10628960.0 5.7620503891690085 -0.6746545380109599 0.5807071546720589 0.8490755386664846 -4.02698095352315
28445.0 10628960.0 5.761601150633359 -0.6719652817591735 0.5807594068799281 0.8490755386664846 -4.02698095352315
28446.0 10628960.0 5.76115191209771 -0.669276025507387 0.5808116079158548 0.8490755386664846 -4.02698095352315
28447.0 10628960.0 5.7607026735620614 -0.6665867692556006 0.5808637657836461 0.8490755386664846 -4.02698095352315
28448.0 10628960.0 5.760253435026413 -0.6638975130038142 0.5809158872352326 0.8490755386664846 -4.02698095352315
28449.0 10628960.0 5.759804196490764 -0.6612082567520277 0.5809679779664753 0.8490755386664846 -4.02698095352315
28450.0 10628960.0 5.759354957955115 -0.6585190005002413 0.5810200427823451 0.8490755386664846 -4.02698095352315
28451.0 10628960.0 5.758905719419467 -0.6558297442484549 0.5810720857362671 0.8490755386664846 -4.02698095352315
28452.0 10628960.0 5.758456480883818 -0.6531404879966684 0.5811241102476701 0.8490755386664846 -4.02698095352315
28453.0 10628960.0 5.758007242348168 -0.650451231744882 0.5811761192011495 0.8490755386664846 -4.02698095352315
28454.0 10628960.0 5.75755800381252 -0.6477619754930956 0.5812281150301213 0.8490755386664846 -4.02698095352315
28455.0 10628960.0 5.757108765276871 -0.645072719241309 0.5812800997873905 0.8490755386664846 -4.02698095352315
28456.0 10628960.0 5.756659526741222 -0.6423834629895226 0.5813320752046828 0.8490755386664846 -4.02698095352315
28457.0 10628960.0 5.7562102882055735 -0.6396942067377362 0.5813840427428646 0.8490755386664846 -4.02698095352315
28458.0 10628960.0 5.755761049669925 -0.6370049504859499 0.5814360036343081 0.8490755386664846 -4.02698095352315
28459.0 10628960.0 5.755311811134276 -0.6343156942341633 0.58148795891863 0.8490755386664846 -4.02698095352315
28460.0 10628960.0 5.754862572598627 -0.6316264379823769 0.5815399094728406 0.8490755386664846 -4.02698095352315
28461.0 10628960.0 5.754413334062978 -0.6289371817305905 0.581591856036777 0.8490755386664846 -4.02698095352315
28462.0 10628960.0 5.753964095527329 -0.626247925478804 0.5816437992345581 0.8490755386664846 -4.02698095352315
28463.0 10628960.0 5.75351485699168 -0.6235586692270176 0.5816957395926845 0.8490755386664846 -4.02698095352315
28464.0 10628960.0 5.753065618456032 -0.6208694129752312 0.5817476775553068 0.8490755386664846 -4.02698095352315
28465.0 10628960.0 5.752616379920383 -0.6181801567234448 0.5817996134971058 0.8490755386664846 -4.02698095352315
28466.0 10628960.0 5.752167141384734 -0.6154909004716583 0.5818515477341589 0.8490755386664846 -4.02698095352315
28467.0 10628960.0 5.7517179028490855 -0.6128016442198719 0.5819034805331053 0.8490755386664846 -4.02698095352315
28468.0 10628960.0 5.751268664313437 -0.6101123879680854 0.5819554121188794 0.8490755386664846 -4.02698095352315
29582.0 10628960.0 5.250816935600651 2.385719076522 0.5910466826333378 -3.445796291595625 -3.0924128958510444
29583.0 10628960.0 5.196214405807087 2.385659444146859 0.5987159869441631 -3.445796291595625 -3.0924128958510444
29584.0 10628960.0 5.117611272952058 2.385486819938927 0.6051857348763691 -3.445796291595625 -3.0924128958510444
29585.0 10628960.0 5.07140620392782 2.3894052907483045 0.6106435491199897 -3.445796291595625 -3.0924128958510444
29586.0 10628960.0 5.025201134903581 2.393323761557682 0.6152477062880901 -3.445796291595625 -3.0924128958510444
29587.0 10628960.0 4.99982736514036 2.397163071187506 0.6191317269385451 -3.445796291595625 -3.0924128958510444
29588.0 10628960.0 4.925881373657794 2.404467491565623 0.622408247670218 -3.445796291595625 -3.0924128958510444
29589.0 10628960.0 4.872924062421018 2.4162554157293297 0.6251722875843271 -3.445796291595625 -3.0924128958510444
29590.0 10628960.0 4.80556236066153 2.4328603889836167 0.6275040038383817 -3.445796291595625 -3.0924128958510444
29591.0 10628960.0 4.756630651494775 2.4488259289356433 0.6294710162037493 -3.445796291595625 -3.0924128958510444
