40988 11217673 -0.3711115493102579 0.0066951217901008156 0.39624 -2.5465782646875845 0.3621491154493825
40989 11217673 -0.3585598193727926 0.007732598079517261 0.39624 -2.5465782646875845 0.3621491154493825
40990 11217673 -0.34600808943532724 0.008770074368933706 0.39624 -2.5465782646875845 0.3621491154493825
40991 11217673 -0.2870234118355528 0.0068963783560026795 0.39624 -2.5465782646875845 0.3621491154493825
40992 11217673 -0.2635874737363919 0.004142409621639281 0.39624 -2.5465782646875845 0.3621491154493825
40993 11217673 -0.2340963781515619 0.0019794972172488545 0.39624 -2.5465782646875845 0.3621491154493825
40994 11217673 -0.2084361056168724 -0.001034059868060072 0.36576 -2.5465782646875845 0.3621491154493825
40995 11217673 -0.1850043333306872 0.003807644909338742 0.36576 -2.5465782646875845 0.3621491154493825
40996 11217673 -0.16011934065329747 0.005487269129587274 0.36576 -2.5465782646875845 0.3621491154493825
40997 11217673 -0.1387179378425912 0.006699246670487255 0.36576 -2.5465782646875845 0.3621491154493825
40998 11217673 -0.11731653503188495 0.007911224211387236 0.36576 -2.5465782646875845 0.3621491154493825
40999 11217673 -0.07768014828417646 0.008800066574979143 0.36576 -2.5465782646875845 0.3621491154493825
41000 11217673 -0.05223592394487148 0.007843824000868499 0.36576 -2.5465782646875845 0.3621491154493825
41001 11217673 -0.026791699605566488 0.006887581426757855 0.36576 -2.5465782646875845 0.3621491154493825
41002 11217673 -0.0017688938456877914 0.008989976545735441 0.36576 -2.5465782646875845 0.3621491154493825
41003 11217673 0.02254060965457472 0.008638520237798042 0.36576 -2.5465782646875845 0.3621491154493825
41004 11217673 0.046850113154837225 0.008287063929860644 0.36576 -2.5465782646875845 0.3621491154493825
41005 11217673 0.07339439933588053 0.0066211578679206675 0.36576 -2.5465782646875845 0.3621491154493825
41006 11217673 0.09615901894474232 0.009695581187121688 0.36576 -2.5465782646875845 0.3621491154493825
41007 11217673 0.1167974491320618 0.00762346137005518 0.36576 -2.5465782646875845 0.3621491154493825
41008 11217673 0.11764164097155365 0.007630584246083455 0.36576 -2.5465782646875845 0.3621491154493825
41009 11217673 0.11848583281104548 0.00763770712211173 0.36576 -2.5465782646875845 0.3621491154493825
41010 11217673 0.1193300246505373 0.007644829998140004 0.36576 -2.5465782646875845 0.3621491154493825
41011 11217673 0.12017421649002913 0.0076519528741682795 0.36576 -2.5465782646875845 0.3621491154493825
41012 11217673 0.12101840832952095 0.007659075750196556 0.36576 -2.5465782646875845 0.3621491154493825
41013 11217673 0.1218626001690128 0.00766619862622483 0.36576 -2.5465782646875845 0.3621491154493825
41014 11217673 0.12270679200850462 0.007673321502253107 0.36576 -2.5465782646875845 0.3621491154493825
41015 11217673 0.12355098384799645 0.007680444378281383 0.36576 -2.5465782646875845 0.3621491154493825
41016 11217673 0.12439517568748827 0.007687567254309658 0.36576 -2.5465782646875845 0.3621491154493825
41017 11217673 0.12523936752698012 0.007694690130337933 0.36576 -2.5465782646875845 0.3621491154493825
41018 11217673 0.12608355936647195 0.00770181300636621 0.36576 -2.5465782646875845 0.3621491154493825
41019 11217673 0.12692775120596378 0.007708935882394484 0.36576 -2.5465782646875845 0.3621491154493825
41020 11217673 0.1277719430454556 0.007716058758422759 0.36576 -2.5465782646875845 0.3621491154493825
41021 11217673 0.12861613488494744 0.007723181634451034 0.36576 -2.5465782646875845 0.3621491154493825
41022 11217673 0.12946032672443927 0.007730304510479309 0.36576 -2.5465782646875845 0.3621491154493825
41023 11217673 0.1303045185639311 0.0077374273865075845 0.36576 -2.5465782646875845 0.3621491154493825
41024 11217673 0.13114871040342296 0.007744550262535861 0.36576 -2.5465782646875845 0.3621491154493825
41025 11217673 0.13199290224291474 0.007751673138564136 0.36576 -2.5465782646875845 0.3621491154493825
41026 11217673 0.1328370940824066 0.0077587960145924124 0.36576 -2.5465782646875845 0.3621491154493825
41027 11217673 0.13368128592189846 0.007765918890620688 0.36576 -2.5465782646875845 0.3621491154493825
41028 11217673 0.13452547776139026 0.007773041766648963 0.36576 -2.5465782646875845 0.3621491154493825
41029 11217673 0.1353696696008821 0.007780164642677238 0.36576 -2.5465782646875845 0.3621491154493825
41030 11217673 0.13621386144037392 0.007787287518705512 0.36576 -2.5465782646875845 0.3621491154493825
41031 11217673 0.13705805327986575 0.007794410394733789 0.36576 -2.5465782646875845 0.3621491154493825
41032 11217673 0.1379022451193576 0.007801533270762064 0.36576 -2.5465782646875845 0.3621491154493825
41033 11217673 0.13874643695884942 0.007808656146790339 0.36576 -2.5465782646875845 0.3621491154493825
41034 11217673 0.13959062879834125 0.007815779022818615 0.36576 -2.5465782646875845 0.3621491154493825
41035 11217673 0.14043482063783308 0.007822901898846891 0.36576 -2.5465782646875845 0.3621491154493825
41036 11217673 0.14127901247732488 0.007830024774875165 0.36576 -2.5465782646875845 0.3621491154493825
41037 11217673 0.14212320431681674 0.007837147650903441 0.36576 -2.5465782646875845 0.3621491154493825
41038 11217673 0.14296739615630855 0.007844270526931717 0.36576 -2.5465782646875845 0.3621491154493825
41039 11217673 0.1438115879958004 0.007851393402959992 0.36576 -2.5465782646875845 0.3621491154493825
41040 11217673 0.1446557798352922 0.00785851627898827 0.36576 -2.5465782646875845 0.3621491154493825
41041 11217673 0.14549997167478407 0.007865639155016544 0.36576 -2.5465782646875845 0.3621491154493825
41042 11217673 0.14634416351427587 0.007872762031044818 0.36576 -2.5465782646875845 0.3621491154493825
41043 11217673 0.14718835535376773 0.007879884907073094 0.36576 -2.5465782646875845 0.3621491154493825
41044 11217673 0.14803254719325953 0.00788700778310137 0.36576 -2.5465782646875845 0.3621491154493825
41045 11217673 0.1488767390327514 0.007894130659129644 0.36576 -2.5465782646875845 0.3621491154493825
41046 11217673 0.1497209308722432 0.00790125353515792 0.36576 -2.5465782646875845 0.3621491154493825
41047 11217673 0.15056512271173506 0.007908376411186194 0.36576 -2.5465782646875845 0.3621491154493825
41048 11217673 0.15140931455122686 0.00791549928721447 0.36576 -2.5465782646875845 0.3621491154493825
41049 11217673 0.1522535063907187 0.007922622163242745 0.36576 -2.5465782646875845 0.3621491154493825
41050 11217673 0.15309769823021052 0.00792974503927102 0.36576 -2.5465782646875845 0.3621491154493825
41051 11217673 0.15394189006970235 0.007936867915299297 0.36576 -2.5465782646875845 0.3621491154493825
41052 11217673 0.15478608190919418 0.007943990791327573 0.36576 -2.5465782646875845 0.3621491154493825
41053 11217673 0.15563027374868602 0.007951113667355847 0.36576 -2.5465782646875845 0.3621491154493825
41054 11217673 0.15647446558817785 0.007958236543384123 0.36576 -2.5465782646875845 0.3621491154493825
41055 11217673 0.15731865742766968 0.007965359419412399 0.36576 -2.5465782646875845 0.3621491154493825
41056 11217673 0.1581628492671615 0.007972482295440673 0.36576 -2.5465782646875845 0.3621491154493825
41057 11217673 0.15900704110665334 0.00797960517146895 0.36576 -2.5465782646875845 0.3621491154493825
41058 11217673 0.15985123294614514 0.007986728047497225 0.36576 -2.5465782646875845 0.3621491154493825
41059 11217673 0.160695424785637 0.0079938509235255 0.36576 -2.5465782646875845 0.3621491154493825
41060 11217673 0.16153961662512886 0.008000973799553775 0.36576 -2.5465782646875845 0.3621491154493825
41061 11217673 0.16238380846462067 0.008008096675582051 0.36576 -2.5465782646875845 0.3621491154493825
41062 11217673 0.1632280003041125 0.008015219551610327 0.36576 -2.5465782646875845 0.3621491154493825
41063 11217673 0.16407219214360433 0.008022342427638602 0.36576 -2.5465782646875845 0.3621491154493825
41064 11217673 0.16491638398309616 0.008029465303666878 0.36576 -2.5465782646875845 0.3621491154493825
41065 11217673 0.16576057582258802 0.008036588179695152 0.36576 -2.5465782646875845 0.3621491154493825
41066 11217673 0.16660476766207982 0.008043711055723428 0.36576 -2.5465782646875845 0.3621491154493825
41067 11217673 0.16744895950157165 0.008050833931751704 0.36576 -2.5465782646875845 0.3621491154493825
41149 11217673 0.2366726903399018 0.008634909766070287 0.36576 -2.5465782646875845 0.3621491154493825
41150 11217673 0.2635497824296932 0.0074450944948143425 0.36576 -2.5465782646875845 0.3621491154493825
41151 11217673 0.29042687451948457 0.0062552792235583965 0.36576 -2.5465782646875845 0.3621491154493825
41152 11217673 0.3202579099605623 0.00649530518801264 0.36576 -2.5465782646875845 0.3621491154493825
41153 11217673 0.35008894540164004 0.006735331152466884 0.36576 -2.5465782646875845 0.3621491154493825
41154 11217673 0.3827411566212159 0.0074555980557160706 0.36576 -2.5465782646875845 0.3621491154493825
41155 11217673 0.4153933678407917 0.00817586495896526 0.36576 -2.5465782646875845 0.3621491154493825
41156 11217673 0.4495595861371782 0.009453110503873936 0.36576 -2.5465782646875845 0.3621491154493825
41157 11217673 0.4837258044335647 0.010730356048782613 0.36576 -2.5465782646875845 0.3621491154493825
41158 11217673 0.5163134054586902 0.009895037979066629 0.36576 -2.5465782646875845 0.3621491154493825
41159 11217673 0.5517806431380466 0.010805925038798 0.36576 -2.5465782646875845 0.3621491154493825
41160 11217673 0.5872253080961809 0.012191658846457691 0.36576 -2.5465782646875845 0.3621491154493825
41161 11217673 0.6253517325660908 0.012000291237925913 0.39624 -2.5465782646875845 0.3621491154493825
41162 11217673 0.6651955859388601 0.008911382336747597 0.39624 -2.5465782646875845 0.3621491154493825
41163 11217673 0.7029896775373299 0.0090626466700105 0.39624 -2.5465782646875845 0.3621491154493825
41164 11217673 0.7401283982272627 0.0072085155193911685 0.39624 -2.5465782646875845 0.3621491154493825
41165 11217673 0.7831382274314912 0.005655968129024386 0.39624 -2.5465782646875845 0.3621491154493825
41166 11217673 0.8213333808724874 0.005676769980681853 0.39624 -2.5465782646875845 0.3621491154493825
41167 11217673 0.8590927718444816 0.005723307752016875 0.39624 -2.5465782646875845 0.3621491154493825
41168 11217673 0.8992939071186244 0.005089086125406303 0.39624 -2.5465782646875845 0.3621491154493825
41169 11217673 0.9374888948816156 0.005110513069236364 0.39624 -2.5465782646875845 0.3621491154493825
41170 11217673 0.9764770304090852 0.007559997400491597 0.39624 -2.5465782646875845 0.3621491154493825
41171 11217673 1.0159537695776195 0.004709702478654626 0.42672 -2.5465782646875845 0.3621491154493825
41172 11217673 1.0529886788459892 0.002540533974318485 0.42672 -2.5465782646875845 0.3621491154493825
41173 11217673 1.0955046530559291 0.0076350041430532575 0.4114800000000001 -2.5465782646875845 0.3621491154493825
41174 11217673 1.1380206272658686 0.01272947431178803 0.39624 -2.5465782646875845 0.3621491154493825
41175 11217673 1.1770004019608746 0.01243737084372483 0.4114800000000001 -2.5465782646875845 0.3621491154493825
41176 11217673 1.2159801766558809 0.012145267375661628 0.42672 -2.5465782646875845 0.3621491154493825
41177 11217673 1.2533815574507423 0.009740517043301587 0.42672 -2.5465782646875845 0.3621491154493825
41178 11217673 1.2809603658804674 0.008938375897669885 0.44196 -2.5465782646875845 0.3621491154493825
41179 11217673 1.3085391743101922 0.008136234752038179 0.4572000000000001 -2.5465782646875845 0.3621491154493825
41180 11217673 1.365852009224659 0.006061947844791582 0.4572000000000001 -2.5465782646875845 0.3621491154493825
41181 11217673 1.3931965869928649 0.006446552680392993 0.4572000000000001 -2.5465782646875845 0.3621491154493825
41182 11217673 1.4205411647610708 0.0068311575159944035 0.4572000000000001 -2.5465782646875845 0.3621491154493825
41183 11217673 1.4733350549005102 0.003430000686849788 0.4572000000000001 -2.5465782646875845 0.3621491154493825
41184 11217673 1.5115292187753109 0.003454516686974246 0.4572000000000001 -2.5465782646875845 0.3621491154493825
41185 11217673 1.5472470574688235 0.00405441176354239 0.4572000000000001 -2.5465782646875845 0.3621491154493825
41186 11217673 1.565580838101031 0.003089520069898731 0.4572000000000001 -2.5465782646875845 0.3621491154493825
41187 11217673 1.5839146187332385 0.0021246283762550717 0.4572000000000001 -2.5465782646875845 0.3621491154493825
41188 11217673 1.6610610942876118 0.004497416913890162 0.48768 -2.5465782646875845 0.3621491154493825
41189 11217673 1.6964809298085648 0.005545790936113765 0.48768 -2.5465782646875845 0.3621491154493825
41190 11217673 1.7343769732626129 0.006019232665639474 0.48768 -2.5465782646875845 0.3621491154493825
41191 11217673 1.7522529671980325 0.0063725216568397 0.48768 -2.5465782646875845 0.3621491154493825
41192 11217673 1.7701289611334514 0.006725810648039926 0.48768 -2.5465782646875845 0.3621491154493825
41193 11217673 1.8446856127584959 0.012049007494159214 0.48768 -2.5465782646875845 0.3621491154493825
41194 11217673 1.8822931283331823 0.010280952406004741 0.5181600000000001 -2.5465782646875845 0.3621491154493825
41195 11217673 1.918044886583518 0.010988274487563204 0.5181600000000001 -2.5465782646875845 0.3621491154493825
41196 11217673 1.9557569112997388 0.01117241377904582 0.5181600000000001 -2.5465782646875845 0.3621491154493825
41197 11217673 1.990429171687752 0.009662531963295112 0.5181600000000001 -2.5465782646875845 0.3621491154493825
41198 11217673 2.0184568061606565 0.008132357479747679 0.5181600000000001 -2.5465782646875845 0.3621491154493825
41199 11217673 2.046484440633561 0.006602182996200245 0.5181600000000001 -2.5465782646875845 0.3621491154493825
41200 11217673 2.0905698535425983 0.004618209914267661 0.5334000000000001 -2.5465782646875845 0.3621491154493825
41201 11217673 2.1346552664516354 0.002634236832335074 0.54864 -2.5465782646875845 0.3621491154493825
41202 11217673 2.170192226662847 -3.324998110926236e-05 0.54864 -2.5465782646875845 0.3621491154493825
41203 11217673 2.2057291868740587 -0.0027007367945535987 0.54864 -2.5465782646875845 0.3621491154493825
41204 11217673 2.241994775224109 -0.004496010454613618 0.54864 -2.5465782646875845 0.3621491154493825
41205 11217673 2.27826036357416 -0.00629128411467364 0.54864 -2.5465782646875845 0.3621491154493825
41206 11217673 2.311795956599956 -0.009648110693518371 0.54864 -2.5465782646875845 0.3621491154493825
41207 11217673 2.349161721778555 -0.01215263996382479 0.57912 -2.5465782646875845 0.3621491154493825
41208 11217673 2.381850694007672 -0.012662690591928009 0.54864 -2.5465782646875845 0.3621491154493825
41209 11217673 2.4181489835869145 -0.016804259888406864 0.54864 -2.5465782646875845 0.3621491154493825
41210 11217673 2.4552281527979893 -0.019097863956646168 0.54864 -2.5465782646875845 0.3621491154493825
41211 11217673 2.481053622003661 -0.021250729100439042 0.5638799999999999 -2.5465782646875845 0.3621491154493825
41212 11217673 2.506879091209333 -0.023403594244231912 0.57912 -2.5465782646875845 0.3621491154493825
41213 11217673 2.5422834445495943 -0.026814529533105272 0.57912 -2.5465782646875845 0.3621491154493825
41214 11217673 2.5776877978898542 -0.03022546482197863 0.57912 -2.5465782646875845 0.3621491154493825
41215 11217673 2.6048548662681563 -0.03214421274102554 0.59436 -2.5465782646875845 0.3621491154493825
41216 11217673 2.6320219346464584 -0.034062960660072444 0.6096 -2.5465782646875845 0.3621491154493825
41217 11217673 2.7071330577542216 -0.03627209459337563 0.57912 -2.5465782646875845 0.3621491154493825
41218 11217673 2.744670814175828 -0.03824670241763636 0.57912 -2.5465782646875845 0.3621491154493825
41219 11217673 2.7848807451604465 -0.0391075640972873 0.6096 -2.5465782646875845 0.3621491154493825
41220 11217673 2.8192589465140245 -0.032807705612745465 0.6096 -2.5465782646875845 0.3621491154493825
41221 11217673 2.8494072627795264 -0.024776449836766717 0.6096 -2.5465782646875845 0.3621491154493825
41222 11217673 2.884222453119252 -0.01604902269549538 0.6096 -2.5465782646875845 0.3621491154493825
41223 11217673 2.915645636514858 -0.004111499539850599 0.6096 -2.5465782646875845 0.3621491154493825
41224 11217673 2.947231162691555 0.011043990565773404 0.6096 -2.5465782646875845 0.3621491154493825
41225 11217673 2.9776941311175555 0.02820143481846535 0.6096 -2.5465782646875845 0.3621491154493825
41226 11217673 3.0041595545064146 0.05215421807857132 0.6096 -2.5465782646875845 0.3621491154493825
41227 11217673 3.0293768904285985 0.07908440723038088 0.6096 -2.5465782646875845 0.3621491154493825
41228 11217673 3.049814010818003 0.10769180503581753 0.6400800000000001 -2.5465782646875845 0.3621491154493825
41229 11217673 3.0698153752292345 0.13632464315095835 0.6400800000000001 -2.5465782646875845 0.3621491154493825
41230 11217673 3.0769115487196754 0.15398388341072494 0.6400800000000001 -2.5465782646875845 0.3621491154493825
41231 11217673 3.0840077222101163 0.1716431236704916 0.6400800000000001 -2.5465782646875845 0.3621491154493825
41232 11217673 3.0974419415204637 0.2046391187718973 0.6400800000000001 -2.5465782646875845 0.3621491154493825
41233 11217673 3.110122952548947 0.24348815177012925 0.6400800000000001 -2.5465782646875845 0.3621491154493825
41234 11217673 3.1212188378198014 0.2774810576962319 0.6400800000000001 -2.5465782646875845 0.3621491154493825
41235 11217673 3.1422489130617803 0.3582285889481872 0.6400800000000001 -2.5465782646875845 0.3621491154493825
41236 11217673 3.1507014111822613 0.4004437745043823 0.6400800000000001 -2.5465782646875845 0.3621491154493825
41237 11217673 3.1584647768697436 0.4405475881184796 0.6400800000000001 -2.5465782646875845 0.3621491154493825
41238 11217673 3.163385398325969 0.4814625230006344 0.6400800000000001 -2.5465782646875845 0.3621491154493825
41239 11217673 3.168695977068676 0.5224838116407707 0.6400800000000001 -2.5465782646875845 0.3621491154493825
41240 11217673 3.1737659272360954 0.5635836581864591 0.6400800000000001 -2.5465782646875845 0.3621491154493825
41241 11217673 3.174273780279826 0.6059390661290205 0.6400800000000001 -2.5465782646875845 0.3621491154493825
41242 11217673 3.1757759960769016 0.6431804344323306 0.6400800000000001 -2.5465782646875845 0.3621491154493825
41243 11217673 3.171173110788416 0.6753181086602047 0.6553200000000001 -2.5465782646875845 0.3621491154493825
41244 11217673 3.1665702254999304 0.7074557828880788 0.67056 -2.5465782646875845 0.3621491154493825
41245 11217673 3.1515045962786816 0.7687378046894935 0.67056 -2.5465782646875845 0.3621491154493825
41246 11217673 3.138060597215283 0.8105078596428866 0.67056 -2.5465782646875845 0.3621491154493825
41247 11217673 3.1233417749565757 0.8483719344209693 0.67056 -2.5465782646875845 0.3621491154493825
41248 11217673 3.1035371118571704 0.8835741909703163 0.6858000000000001 -2.5465782646875845 0.3621491154493825
41249 11217673 3.083732448757765 0.9187764475196634 0.7010400000000001 -2.5465782646875845 0.3621491154493825
41250 11217673 3.062862124631943 0.9282764608105084 0.67056 -2.5465782646875845 0.3621491154493825
41251 11217673 3.030644803409263 0.95877003948871 0.6858000000000001 -2.5465782646875845 0.3621491154493825
41252 11217673 2.9984274821865826 0.9892636181669114 0.7010400000000001 -2.5465782646875845 0.3621491154493825
41253 11217673 2.964179481783742 1.0167992601297249 0.7010400000000001 -2.5465782646875845 0.3621491154493825
41254 11217673 2.929931481380901 1.0443349020925383 0.7010400000000001 -2.5465782646875845 0.3621491154493825
41255 11217673 2.9019035406986204 1.0639993088883952 0.7010400000000001 -2.5465782646875845 0.3621491154493825
41256 11217673 2.87387560001634 1.0836637156842521 0.7010400000000001 -2.5465782646875845 0.3621491154493825
41257 11217673 2.8105139869592737 1.1180187735476246 0.7010400000000001 -2.5465782646875845 0.3621491154493825
41258 11217673 2.768558459714736 1.139077046278825 0.67056 -2.5465782646875845 0.3621491154493825
41259 11217673 2.7247792922765983 1.1586284790545716 0.67056 -2.5465782646875845 0.3621491154493825
41260 11217673 2.6810001248384614 1.1781799118303182 0.67056 -2.5465782646875845 0.3621491154493825
41261 11217673 2.6355697039825867 1.1967525204598712 0.67056 -2.5465782646875845 0.3621491154493825
41262 11217673 2.590139283126713 1.215325129089424 0.67056 -2.5465782646875845 0.3621491154493825
41263 11217673 2.5427300885924513 1.2319161201017912 0.67056 -2.5465782646875845 0.3621491154493825
41264 11217673 2.4953208940581892 1.2485071111141586 0.67056 -2.5465782646875845 0.3621491154493825
41265 11217673 2.447256941285946 1.263093034111393 0.67056 -2.5465782646875845 0.3621491154493825
41266 11217673 2.399192988513703 1.2776789571086276 0.67056 -2.5465782646875845 0.3621491154493825
41267 11217673 2.3518327329906854 1.2903416941092882 0.67056 -2.5465782646875845 0.3621491154493825
41268 11217673 2.304679393957643 1.3036381280845697 0.67056 -2.5465782646875845 0.3621491154493825
41269 11217673 2.2566470219449104 1.3142431896447666 0.67056 -2.5465782646875845 0.3621491154493825
41270 11217673 2.2086146499321764 1.3248482512049635 0.67056 -2.5465782646875845 0.3621491154493825
41271 11217673 2.160634053087832 1.3356121476518594 0.67056 -2.5465782646875845 0.3621491154493825
41272 11217673 2.1118605107873987 1.3439484417444136 0.67056 -2.5465782646875845 0.3621491154493825
41273 11217673 2.0638799816239697 1.3547129971914893 0.67056 -2.5465782646875845 0.3621491154493825
41274 11217673 2.027291234256772 1.360939413840367 0.67056 -2.5465782646875845 0.3621491154493825
41275 11217673 1.9907024868895749 1.3671658304892444 0.67056 -2.5465782646875845 0.3621491154493825
41276 11217673 1.9309476690533147 1.3772212601630578 0.67056 -2.5465782646875845 0.3621491154493825
41277 11217673 1.8711928512170544 1.3872766898368714 0.67056 -2.5465782646875845 0.3621491154493825
41278 11217673 1.8223848989053784 1.3955094256137641 0.67056 -2.5465782646875845 0.3621491154493825
41279 11217673 1.7731516612937337 1.4024409293494355 0.67056 -2.5465782646875845 0.3621491154493825
41280 11217673 1.7239184236820886 1.4093724330851074 0.67056 -2.5465782646875845 0.3621491154493825
41281 11217673 1.6746851860704437 1.416303936820779 0.67056 -2.5465782646875845 0.3621491154493825
41282 11217673 1.6259117261635354 1.424643592377854 0.67056 -2.5465782646875845 0.3621491154493825
41283 11217673 1.5788898775567168 1.4301916661329643 0.67056 -2.5465782646875845 0.3621491154493825
41284 11217673 1.5270543660153029 1.437312658486585 0.67056 -2.5465782646875845 0.3621491154493825
41285 11217673 1.5032210636072392 1.4385567747039505 0.67056 -2.5465782646875845 0.3621491154493825
41286 11217673 1.4793877611991753 1.4398008909213156 0.67056 -2.5465782646875845 0.3621491154493825
41287 11217673 1.4300279921611927 1.4463473944482557 0.67056 -2.5465782646875845 0.3621491154493825
41288 11217673 1.3303194868730772 1.4561429114242836 0.67056 -2.5465782646875845 0.3621491154493825
41289 11217673 1.305622325889475 1.4593639051331948 0.67056 -2.5465782646875845 0.3621491154493825
41290 11217673 1.280925164905873 1.4625848988421055 0.67056 -2.5465782646875845 0.3621491154493825
41291 11217673 1.178074103218261 1.4711895585120207 0.6400800000000001 -2.5465782646875845 0.3621491154493825
41292 11217673 1.1274724653658714 1.4739382769947782 0.6400800000000001 -2.5465782646875845 0.3621491154493825
41293 11217673 1.0768708275134822 1.4766869954775361 0.6400800000000001 -2.5465782646875845 0.3621491154493825
41294 11217673 1.0258551773364886 1.4781695713682308 0.6400800000000001 -2.5465782646875845 0.3621491154493825
41295 11217673 0.9732259962826036 1.482866815146269 0.6400800000000001 -2.5465782646875845 0.3621491154493825
41296 11217673 0.9197231695555008 1.4851628656188436 0.6400800000000001 -2.5465782646875845 0.3621491154493825
41297 11217673 0.8687072939230802 1.4866465735314096 0.6400800000000001 -2.5465782646875845 0.3621491154493825
41298 11217673 0.8178060601108212 1.4882099866776242 0.6400800000000001 -2.5465782646875845 0.3621491154493825
41299 11217673 0.7914512380425307 1.4905724919252878 0.6400800000000001 -2.5465782646875845 0.3621491154493825
41300 11217673 0.7650964159742402 1.4929349971729513 0.6400800000000001 -2.5465782646875845 0.3621491154493825
41301 11217673 0.7110180644340929 1.4932008430890715 0.6400800000000001 -2.5465782646875845 0.3621491154493825
41302 11217673 0.6600708660585783 1.4948971647584046 0.6400800000000001 -2.5465782646875845 0.3621491154493825
41303 11217673 0.5541479603057913 1.4941164589926652 0.6400800000000001 -2.5465782646875845 0.3621491154493825
41304 11217673 0.5011293347097083 1.4940960046463063 0.6400800000000001 -2.5465782646875845 0.3621491154493825
41305 11217673 0.4481107091136254 1.4940755502999472 0.6400800000000001 -2.5465782646875845 0.3621491154493825
41306 11217673 0.3966214273341039 1.4930300126402736 0.6400800000000001 -2.5465782646875845 0.3621491154493825
41307 11217673 0.3435000386598538 1.4880786893088167 0.6400800000000001 -2.5465782646875845 0.3621491154493825
41308 11217673 0.2917241007793008 1.48724435968264 0.6400800000000001 -2.5465782646875845 0.3621491154493825
