0 10995703 -4.1180071954439015 -0.010990090203436914 0.5181600000000001 -1.9143312731086803 -1.7180071643616912
1 10995703 -4.080771287137205 -0.01313299541856508 0.50292 -1.9143312731086803 -1.7180071643616912
2 10995703 -4.043535378830509 -0.015275900633693247 0.48768 -1.9143312731086803 -1.7180071643616912
3 10995703 -4.005333147327719 -0.01528106533667875 0.48768 -1.9143312731086803 -1.7180071643616912
4 10995703 -3.9618771276347937 -0.01443548956879806 0.48768 -1.9143312731086803 -1.7180071643616912
5 10995703 -3.934845780715305 -0.014638840160762697 0.48768 -1.9143312731086803 -1.7180071643616912
6 10995703 -3.907814433795816 -0.014842190752727332 0.48768 -1.9143312731086803 -1.7180071643616912
7 10995703 -3.860075021458109 -0.013937678348229482 0.48768 -1.9143312731086803 -1.7180071643616912
8 10995703 -3.8123356091204035 -0.013033165943731634 0.48768 -1.9143312731086803 -1.7180071643616912
9 10995703 -3.7706832616047414 -0.014166597300076994 0.48768 -1.9143312731086803 -1.7180071643616912
10 10995703 -3.729030914089079 -0.015300028656422352 0.48768 -1.9143312731086803 -1.7180071643616912
11 10995703 -3.696753288801399 -0.015759428820307814 0.48768 -1.9143312731086803 -1.7180071643616912
12 10995703 -3.664475663513719 -0.016218828984193273 0.48768 -1.9143312731086803 -1.7180071643616912
13 10995703 -3.615850073006389 -0.01694683108746245 0.48768 -1.9143312731086803 -1.7180071643616912
14 10995703 -3.5802508343591564 -0.016214557635790966 0.47243999999999997 -1.9143312731086803 -1.7180071643616912
15 10995703 -3.5446515957119225 -0.01548228418411948 0.4572000000000001 -1.9143312731086803 -1.7180071643616912
16 10995703 -3.5091963088994134 -0.010846597569291544 0.4572000000000001 -1.9143312731086803 -1.7180071643616912
17 10995703 -3.4737410220869047 -0.0062109109544636045 0.4572000000000001 -1.9143312731086803 -1.7180071643616912
18 10995703 -3.4270285348208387 0.00350366856376913 0.4572000000000001 -1.9143312731086803 -1.7180071643616912
19 10995703 -3.377579603641564 0.010044399424209066 0.4572000000000001 -1.9143312731086803 -1.7180071643616912
20 10995703 -3.3281306724622888 0.016585130284649002 0.4572000000000001 -1.9143312731086803 -1.7180071643616912
21 10995703 -3.301499489136062 0.017878184855970747 0.4572000000000001 -1.9143312731086803 -1.7180071643616912
22 10995703 -3.2748683058098353 0.019171239427292496 0.4572000000000001 -1.9143312731086803 -1.7180071643616912
23 10995703 -3.248237122483608 0.02046429399861424 0.4572000000000001 -1.9143312731086803 -1.7180071643616912
24 10995703 -3.1656597951534535 0.015987700121690682 0.4572000000000001 -1.9143312731086803 -1.7180071643616912
25 10995703 -3.1328132776058597 0.012656957829984413 0.4572000000000001 -1.9143312731086803 -1.7180071643616912
26 10995703 -3.099966760058267 0.009326215538278143 0.4572000000000001 -1.9143312731086803 -1.7180071643616912
27 10995703 -3.057013555940699 0.004031796956895678 0.44196 -1.9143312731086803 -1.7180071643616912
28 10995703 -3.0140603518231304 -0.0012626216244867874 0.42672 -1.9143312731086803 -1.7180071643616912
29 10995703 -2.963719483251114 -0.004884832707862914 0.42672 -1.9143312731086803 -1.7180071643616912
30 10995703 -2.9192061135770784 -0.009754395769045493 0.42672 -1.9143312731086803 -1.7180071643616912
31 10995703 -2.8689455780510755 -0.01334967163086756 0.42672 -1.9143312731086803 -1.7180071643616912
32 10995703 -2.8344353735611763 -0.015938225782157783 0.42672 -1.9143312731086803 -1.7180071643616912
33 10995703 -2.7999251690712756 -0.01852677993344801 0.42672 -1.9143312731086803 -1.7180071643616912
34 10995703 -2.735406604786375 -0.01954267151883773 0.42672 -1.9143312731086803 -1.7180071643616912
35 10995703 -2.697026986832685 -0.0183140825570686 0.42672 -1.9143312731086803 -1.7180071643616912
36 10995703 -2.658647368878995 -0.017085493595299456 0.42672 -1.9143312731086803 -1.7180071643616912
37 10995703 -2.6152393976043165 -0.016099879883951482 0.39624 -1.9143312731086803 -1.7180071643616912
38 10995703 -2.5715684278717617 -0.01566745697263397 0.39624 -1.9143312731086803 -1.7180071643616912
39 10995703 -2.519121537661815 -0.012848390807749938 0.39624 -1.9143312731086803 -1.7180071643616912
40 10995703 -2.475312653871938 -0.01199306899046157 0.39624 -1.9143312731086803 -1.7180071643616912
41 10995703 -2.4315037700820614 -0.0111377471731732 0.39624 -1.9143312731086803 -1.7180071643616912
42 10995703 -2.411400781196705 -0.01146417825657467 0.39624 -1.9143312731086803 -1.7180071643616912
43 10995703 -2.3912977923113496 -0.011790609339976138 0.39624 -1.9143312731086803 -1.7180071643616912
44 10995703 -2.314539721996268 -0.009329716713743635 0.39624 -1.9143312731086803 -1.7180071643616912
45 10995703 -2.2886791664656347 -0.009027451397924352 0.39624 -1.9143312731086803 -1.7180071643616912
46 10995703 -2.2628186109350024 -0.008725186082105069 0.39624 -1.9143312731086803 -1.7180071643616912
47 10995703 -2.177930075742428 -0.006118803112297093 0.39624 -1.9143312731086803 -1.7180071643616912
48 10995703 -2.1479529196682132 -0.005994422085712743 0.39624 -1.9143312731086803 -1.7180071643616912
49 10995703 -2.1179757635939978 -0.005870041059128389 0.39624 -1.9143312731086803 -1.7180071643616912
50 10995703 -2.0842029130818016 -0.005818745195467739 0.39624 -1.9143312731086803 -1.7180071643616912
51 10995703 -2.050430062569606 -0.00576744933180709 0.39624 -1.9143312731086803 -1.7180071643616912
52 10995703 -1.9921781084003751 -0.009634430128843824 0.39624 -1.9143312731086803 -1.7180071643616912
53 10995703 -1.9491642380666152 -0.0112035451954611 0.39624 -1.9143312731086803 -1.7180071643616912
54 10995703 -1.9068064159959488 -0.014777771178522109 0.39624 -1.9143312731086803 -1.7180071643616912
55 10995703 -1.8566397384481463 -0.01891984570132435 0.39624 -1.9143312731086803 -1.7180071643616912
56 10995703 -1.809519144697544 -0.02422657069330333 0.381 -1.9143312731086803 -1.7180071643616912
57 10995703 -1.7623985509469418 -0.029533295685282318 0.36576 -1.9143312731086803 -1.7180071643616912
58 10995703 -1.7277331109080782 -0.030823929850454537 0.36576 -1.9143312731086803 -1.7180071643616912
59 10995703 -1.6930676708692147 -0.03211456401562676 0.36576 -1.9143312731086803 -1.7180071643616912
60 10995703 -1.6222524812487065 -0.030156625012173564 0.36576 -1.9143312731086803 -1.7180071643616912
61 10995703 -1.5931595740857405 -0.02720931940042732 0.36576 -1.9143312731086803 -1.7180071643616912
62 10995703 -1.5640666669227743 -0.02426201378868108 0.36576 -1.9143312731086803 -1.7180071643616912
63 10995703 -1.5349737597598083 -0.021314708176934843 0.36576 -1.9143312731086803 -1.7180071643616912
64 10995703 -1.4754707846858997 -0.013202049511775976 0.36576 -1.9143312731086803 -1.7180071643616912
65 10995703 -1.4135607359003697 -0.005876205946754892 0.36576 -1.9143312731086803 -1.7180071643616912
66 10995703 -1.3620395899200564 0.002277269307047941 0.33528 -1.9143312731086803 -1.7180071643616912
67 10995703 -1.3192248423427804 0.008254354836614271 0.33528 -1.9143312731086803 -1.7180071643616912
68 10995703 -1.2795467189264222 0.014147567034572732 0.33528 -1.9143312731086803 -1.7180071643616912
69 10995703 -1.239868595510064 0.0200407792325312 0.33528 -1.9143312731086803 -1.7180071643616912
70 10995703 -1.2059036022249008 0.023947035461660632 0.33528 -1.9143312731086803 -1.7180071643616912
71 10995703 -1.1719386089397374 0.027853291690790063 0.33528 -1.9143312731086803 -1.7180071643616912
72 10995703 -1.1367985821910664 0.0315508334365778 0.33528 -1.9143312731086803 -1.7180071643616912
73 10995703 -1.1016585554423954 0.03524837518236554 0.33528 -1.9143312731086803 -1.7180071643616912
74 10995703 -1.0357292551044088 0.03857544904085184 0.33528 -1.9143312731086803 -1.7180071643616912
75 10995703 -0.9752360105577484 0.041577550069618135 0.33528 -1.9143312731086803 -1.7180071643616912
76 10995703 -0.9436943687096108 0.04242171212686549 0.33528 -1.9143312731086803 -1.7180071643616912
77 10995703 -0.9121527268614728 0.04326587418411285 0.33528 -1.9143312731086803 -1.7180071643616912
78 10995703 -0.8602967250131359 0.044302809780355466 0.33528 -1.9143312731086803 -1.7180071643616912
79 10995703 -0.8078886547171582 0.0470289355235036 0.3048 -1.9143312731086803 -1.7180071643616912
80 10995703 -0.7698691501589162 0.0470409698145669 0.3048 -1.9143312731086803 -1.7180071643616912
81 10995703 -0.7318496456006742 0.047053004105630215 0.3048 -1.9143312731086803 -1.7180071643616912
82 10995703 -0.6792086993889119 0.04234328544374935 0.3048 -1.9143312731086803 -1.7180071643616912
83 10995703 -0.6464731481950867 0.039234870697410634 0.3048 -1.9143312731086803 -1.7180071643616912
84 10995703 -0.6137375970012615 0.03612645595107192 0.3048 -1.9143312731086803 -1.7180071643616912
85 10995703 -0.564953390253667 0.02777145708198239 0.3048 -1.9143312731086803 -1.7180071643616912
86 10995703 -0.516169173603515 0.01941679564232543 0.3048 -1.9143312731086803 -1.7180071643616912
87 10995703 -0.4723720972937358 0.0121086830929443 0.3048 -1.9143312731086803 -1.7180071643616912
88 10995703 -0.4363441875224141 0.010378403492065895 0.3048 -1.9143312731086803 -1.7180071643616912
89 10995703 -0.4003162777510925 0.008648123891187492 0.3048 -1.9143312731086803 -1.7180071643616912
90 10995703 -0.3662186982797955 0.00889277688054299 0.28956000000000004 -1.9143312731086803 -1.7180071643616912
91 10995703 -0.3321211188084985 0.009137429869898487 0.27432 -1.9143312731086803 -1.7180071643616912
92 10995703 -0.2886371245821289 0.01011102419747803 0.27432 -1.9143312731086803 -1.7180071643616912
93 10995703 -0.26024538926165985 0.009475745033087095 0.27432 -1.9143312731086803 -1.7180071643616912
94 10995703 -0.23185365394119084 0.008840465868696162 0.27432 -1.9143312731086803 -1.7180071643616912
95 10995703 -0.17294945062153744 0.006993948624983731 0.27432 -1.9143312731086803 -1.7180071643616912
96 10995703 -0.14984344594889032 0.0070353404203054035 0.27432 -1.9143312731086803 -1.7180071643616912
97 10995703 -0.1267374412762432 0.007076732215627073 0.27432 -1.9143312731086803 -1.7180071643616912
98 10995703 -0.07926721099900247 0.0039445800662197 0.24384 -1.9143312731086803 -1.7180071643616912
99 10995703 -0.03914495248837047 0.0033312701895788772 0.24384 -1.9143312731086803 -1.7180071643616912
100 10995703 -0.0223505852177735 0.004442949119946013 0.24384 -1.9143312731086803 -1.7180071643616912
101 10995703 -0.005556217947176535 0.005554628050313149 0.24384 -1.9143312731086803 -1.7180071643616912
102 10995703 0.05888666424160983 0.004353025384253279 0.24384 -1.9143312731086803 -1.7180071643616912
103 10995703 0.0900648675836272 0.004093456552447333 0.24384 -1.9143312731086803 -1.7180071643616912
104 10995703 0.12124307092564456 0.0038338877206413884 0.24384 -1.9143312731086803 -1.7180071643616912
105 10995703 0.1458092029986812 0.00417785501095766 0.24384 -1.9143312731086803 -1.7180071643616912
106 10995703 0.17037533507171784 0.004521822301273931 0.24384 -1.9143312731086803 -1.7180071643616912
107 10995703 0.19494146714475447 0.004865789591590203 0.24384 -1.9143312731086803 -1.7180071643616912
108 10995703 0.2270824539518284 0.0042920505811725185 0.24384 -1.9143312731086803 -1.7180071643616912
109 10995703 0.24882397128716865 0.004780559872240035 0.24384 -1.9143312731086803 -1.7180071643616912
110 10995703 0.2705654886225089 0.005269069163307549 0.24384 -1.9143312731086803 -1.7180071643616912
111 10995703 0.30081503462909764 0.005430606511823839 0.24384 -1.9143312731086803 -1.7180071643616912
112 10995703 0.3250552910023663 0.004869075141445051 0.24384 -1.9143312731086803 -1.7180071643616912
113 10995703 0.3492955473756349 0.004307543771066263 0.24384 -1.9143312731086803 -1.7180071643616912
114 10995703 0.3896354075127499 0.004092658577441261 0.24384 -1.9143312731086803 -1.7180071643616912
115 10995703 0.4208016119987778 0.003663096937673811 0.24384 -1.9143312731086803 -1.7180071643616912
116 10995703 0.4519678164848057 0.003233535297906362 0.24384 -1.9143312731086803 -1.7180071643616912
117 10995703 0.4889552300377657 0.0049909914793936855 0.24384 -1.9143312731086803 -1.7180071643616912
118 10995703 0.5259426435907257 0.006748447660881007 0.24384 -1.9143312731086803 -1.7180071643616912
119 10995703 0.5617308546608097 0.007554498736116841 0.24384 -1.9143312731086803 -1.7180071643616912
120 10995703 0.5860398666457995 0.0072049729803856455 0.24384 -1.9143312731086803 -1.7180071643616912
121 10995703 0.6103488786307893 0.006855447224654448 0.24384 -1.9143312731086803 -1.7180071643616912
122 10995703 0.6481085670812261 0.0069008625438170676 0.24384 -1.9143312731086803 -1.7180071643616912
123 10995703 0.7072292164593162 0.005457664168451545 0.27432 -1.9143312731086803 -1.7180071643616912
124 10995703 0.7360338496410372 0.006093064708154829 0.27432 -1.9143312731086803 -1.7180071643616912
125 10995703 0.7648384828227583 0.006728465247858112 0.27432 -1.9143312731086803 -1.7180071643616912
126 10995703 0.8024832171197848 0.006695362739559174 0.27432 -1.9143312731086803 -1.7180071643616912
127 10995703 0.8535081329225472 0.005211426599310315 0.27432 -1.9143312731086803 -1.7180071643616912
128 10995703 0.8899596508604073 0.004517253792053519 0.27432 -1.9143312731086803 -1.7180071643616912
129 10995703 0.9264111687982672 0.003823080984796723 0.27432 -1.9143312731086803 -1.7180071643616912
130 10995703 0.9598696871768164 0.0029388277603831225 0.28956000000000004 -1.9143312731086803 -1.7180071643616912
131 10995703 0.9933282055553656 0.0020545745359695227 0.3048 -1.9143312731086803 -1.7180071643616912
132 10995703 1.0283915454728714 0.0006462419297613152 0.3048 -1.9143312731086803 -1.7180071643616912
133 10995703 1.0497875092867086 8.161225739766048e-05 0.3048 -1.9143312731086803 -1.7180071643616912
134 10995703 1.0711834731005458 -0.0004830174149659943 0.3048 -1.9143312731086803 -1.7180071643616912
135 10995703 1.1255224934356347 -0.0010618090925643836 0.3048 -1.9143312731086803 -1.7180071643616912
136 10995703 1.1770190525805029 -1.0690868398874342e-05 0.33528 -1.9143312731086803 -1.7180071643616912
137 10995703 1.2069923294956415 0.00012785404696469963 0.33528 -1.9143312731086803 -1.7180071643616912
138 10995703 1.2369656064107803 0.00026639896232827365 0.33528 -1.9143312731086803 -1.7180071643616912
139 10995703 1.2886794534034378 0.0008967931137319475 0.33528 -1.9143312731086803 -1.7180071643616912
140 10995703 1.328072846042934 0.0018722451869409712 0.33528 -1.9143312731086803 -1.7180071643616912
141 10995703 1.3674662386824306 0.002847697260149995 0.33528 -1.9143312731086803 -1.7180071643616912
142 10995703 1.389699509712488 0.0029450611329047967 0.33528 -3.0570079300618165 -1.903281293434885
143 10995703 1.4524904644006364 0.004864800614210464 0.36576 -3.0570079300618165 -1.903281293434885
144 10995703 1.4863448832496429 0.005196982676575354 0.36576 -3.0570079300618165 -1.903281293434885
145 10995703 1.5201993020986493 0.005529164738940245 0.36576 -3.0570079300618165 -1.903281293434885
146 10995703 1.5528350868835248 0.005529540967498366 0.36576 -3.0570079300618165 -1.903281293434885
147 10995703 1.5854708716684005 0.005529917196056486 0.36576 -3.0570079300618165 -1.903281293434885
148 10995703 1.6263973267055043 0.006444209417522807 0.381 -3.0570079300618165 -1.903281293434885
149 10995703 1.6673237817426083 0.00735850163898913 0.39624 -3.0570079300618165 -1.903281293434885
150 10995703 1.6971704766302629 0.007657031020009114 0.39624 -3.0570079300618165 -1.903281293434885
151 10995703 1.7416301264683662 0.007155139777655875 0.39624 -3.0570079300618165 -1.903281293434885
152 10995703 1.7860897763064698 0.006653248535302636 0.39624 -3.0570079300618165 -1.903281293434885
153 10995703 1.8298220801687035 0.007323859364170737 0.42672 -3.0570079300618165 -1.903281293434885
154 10995703 1.8656084008421143 0.008136480441711669 0.42672 -3.0570079300618165 -1.903281293434885
155 10995703 1.887107746599291 0.008708589874999811 0.42672 -3.0570079300618165 -1.903281293434885
156 10995703 1.9228595043660992 0.00941593641002969 0.42672 -3.0570079300618165 -1.903281293434885
157 10995703 1.9626626123953863 0.007573876563861202 0.44196 -3.0570079300618165 -1.903281293434885
158 10995703 2.0024657204246736 0.0057318167176927115 0.4572000000000001 -3.0570079300618165 -1.903281293434885
159 10995703 2.0454737292039167 0.004186925408619507 0.4572000000000001 -3.0570079300618165 -1.903281293434885
160 10995703 2.07262445776991 0.0030308680469114673 0.4572000000000001 -3.0570079300618165 -1.903281293434885
161 10995703 2.1017467777699967 0.0011143213819841402 0.4572000000000001 -3.0570079300618165 -1.903281293434885
162 10995703 2.1308690977700837 -0.0008022252829431863 0.4572000000000001 -3.0570079300618165 -1.903281293434885
163 10995703 2.1915209764265207 -0.0054209159546941 0.4572000000000001 -3.0570079300618165 -1.903281293434885
164 10995703 2.2100719715067507 -0.006805666764110124 0.4572000000000001 -3.0570079300618165 -1.903281293434885
165 10995703 2.241681774064848 -0.009533969223742415 0.48768 -3.0570079300618165 -1.903281293434885
166 10995703 2.2822051065065736 -0.014062717236755009 0.48768 -3.0570079300618165 -1.903281293434885
167 10995703 2.3227284389483 -0.0185914652497676 0.48768 -3.0570079300618165 -1.903281293434885
168 10995703 2.3573088538909754 -0.019836017910333376 0.48768 -3.0570079300618165 -1.903281293434885
169 10995703 2.3940886620669257 -0.02413491390544933 0.48768 -3.0570079300618165 -1.903281293434885
170 10995703 2.4259455527307296 -0.025833251587530196 0.50292 -3.0570079300618165 -1.903281293434885
171 10995703 2.4578024433945336 -0.02753158926961105 0.5181600000000001 -3.0570079300618165 -1.903281293434885
172 10995703 2.5088246531601768 -0.029003611602942486 0.5181600000000001 -3.0570079300618165 -1.903281293434885
173 10995703 2.54385189306893 -0.03051001262518008 0.5181600000000001 -3.0570079300618165 -1.903281293434885
174 10995703 2.5744559077222613 -0.027885276971932105 0.5181600000000001 -3.0570079300618165 -1.903281293434885
175 10995703 2.6050599223755926 -0.02526054131868413 0.5181600000000001 -3.0570079300618165 -1.903281293434885
176 10995703 2.6435973060957827 -0.017827021875165633 0.52832 -3.0570079300618165 -1.903281293434885
177 10995703 2.6821346898159724 -0.010393502431647134 0.5384800000000001 -3.0570079300618165 -1.903281293434885
178 10995703 2.7206720735361625 -0.0029599829881286344 0.54864 -3.0570079300618165 -1.903281293434885
179 10995703 2.7332307094114623 0.002869607292845661 0.54864 -3.0570079300618165 -1.903281293434885
180 10995703 2.765358626363186 0.013700431682742514 0.54864 -3.0570079300618165 -1.903281293434885
181 10995703 2.7974865433149096 0.024531256072639368 0.54864 -3.0570079300618165 -1.903281293434885
182 10995703 2.8421122765505684 0.04535882310119785 0.54864 -3.0570079300618165 -1.903281293434885
183 10995703 2.8588463894218985 0.05473181160230542 0.57912 -3.0570079300618165 -1.903281293434885
184 10995703 2.8874759552591214 0.07044320429979414 0.57912 -3.0570079300618165 -1.903281293434885
185 10995703 2.916105521096344 0.08615459699728288 0.57912 -3.0570079300618165 -1.903281293434885
186 10995703 2.9447350869335667 0.1018659896947716 0.57912 -3.0570079300618165 -1.903281293434885
187 10995703 2.971511144086569 0.11806574719599736 0.57912 -3.0570079300618165 -1.903281293434885
188 10995703 2.9968294045334147 0.14122477283840126 0.59436 -3.0570079300618165 -1.903281293434885
189 10995703 3.022147664980261 0.16438379848080514 0.6096 -3.0570079300618165 -1.903281293434885
190 10995703 3.0429712306870087 0.1873746357235486 0.6096 -3.0570079300618165 -1.903281293434885
191 10995703 3.057855591919276 0.21025990950516704 0.6096 -3.0570079300618165 -1.903281293434885
192 10995703 3.0727399531515425 0.2331451832867855 0.6096 -3.0570079300618165 -1.903281293434885
193 10995703 3.08694813047012 0.26606376004022386 0.6248400000000001 -3.0570079300618165 -1.903281293434885
194 10995703 3.1011563077886963 0.29898233679366226 0.6400800000000001 -3.0570079300618165 -1.903281293434885
195 10995703 3.109323242554954 0.3240019334762955 0.6400800000000001 -3.0570079300618165 -1.903281293434885
196 10995703 3.1163716747243164 0.3666754540109702 0.6400800000000001 -3.0570079300618165 -1.903281293434885
197 10995703 3.1234201068936773 0.4093489745456449 0.6400800000000001 -3.0570079300618165 -1.903281293434885
198 10995703 3.1230855502395767 0.4246443121223344 0.6400800000000001 -3.0570079300618165 -1.903281293434885
199 10995703 3.120127893829141 0.4808639520938457 0.6400800000000001 -3.0570079300618165 -1.903281293434885
200 10995703 3.118679894808685 0.4938359877727608 0.6400800000000001 -3.0570079300618165 -1.903281293434885
201 10995703 3.1109185475056464 0.5402341923652 0.6553200000000001 -3.0570079300618165 -1.903281293434885
202 10995703 3.103157200202608 0.5866323969576391 0.67056 -3.0570079300618165 -1.903281293434885
203 10995703 3.0934223926667084 0.6207277697658652 0.67056 -3.0570079300618165 -1.903281293434885
204 10995703 3.0836875851308085 0.6548231425740912 0.67056 -3.0570079300618165 -1.903281293434885
205 10995703 3.0739527775949096 0.6889185153823173 0.67056 -3.0570079300618165 -1.903281293434885
206 10995703 3.0582686848897804 0.7238268951846544 0.67056 -3.0570079300618165 -1.903281293434885
207 10995703 3.0497538228289103 0.7466991319207591 0.67056 -3.0570079300618165 -1.903281293434885
208 10995703 3.0284295592827912 0.7901660075530502 0.6858000000000001 -3.0570079300618165 -1.903281293434885
209 10995703 3.007105295736672 0.8336328831853415 0.7010400000000001 -3.0570079300618165 -1.903281293434885
210 10995703 2.993423943004364 0.8617549428227005 0.7010400000000001 -3.0570079300618165 -1.903281293434885
211 10995703 2.979742590272056 0.8898770024600595 0.7010400000000001 -3.0570079300618165 -1.903281293434885
212 10995703 2.9588783940622334 0.9252311725121554 0.7010400000000001 -3.0570079300618165 -1.903281293434885
213 10995703 2.9380141978524112 0.9605853425642512 0.7010400000000001 -3.0570079300618165 -1.903281293434885
214 10995703 2.9171500016425886 0.9959395126163472 0.7010400000000001 -3.0570079300618165 -1.903281293434885
215 10995703 2.8955979409441417 1.0305450438059036 0.7010400000000001 -3.0570079300618165 -1.903281293434885
216 10995703 2.8742981257733025 1.064834721724684 0.7010400000000001 -3.0570079300618165 -1.903281293434885
217 10995703 2.8531934860792596 1.099177631621715 0.73152 -3.0570079300618165 -1.903281293434885
218 10995703 2.8272248530334516 1.1365690977864469 0.73152 -3.0570079300618165 -1.903281293434885
219 10995703 2.8012562199876427 1.1739605639511788 0.73152 -3.0570079300618165 -1.903281293434885
220 10995703 2.7752584999891545 1.209901658357714 0.73152 -3.0570079300618165 -1.903281293434885
221 10995703 2.7492607799906663 1.2458427527642495 0.73152 -3.0570079300618165 -1.903281293434885
222 10995703 2.7188795184325913 1.2801394082290096 0.74168 -3.0570079300618165 -1.903281293434885
223 10995703 2.6884982568745173 1.3144360636937698 0.75184 -3.0570079300618165 -1.903281293434885
224 10995703 2.6581169953164427 1.34873271915853 0.762 -3.0570079300618165 -1.903281293434885
225 10995703 2.6453774560022856 1.3600186562424363 0.762 -3.0570079300618165 -1.903281293434885
226 10995703 2.6082842777610136 1.3959625583142332 0.762 -3.0570079300618165 -1.903281293434885
227 10995703 2.5711910995197416 1.43190646038603 0.762 -3.0570079300618165 -1.903281293434885
228 10995703 2.531381398814021 1.4676865310984606 0.762 -3.0570079300618165 -1.903281293434885
229 10995703 2.5037470297826783 1.4890938343935434 0.762 -3.0570079300618165 -1.903281293434885
230 10995703 2.4753450894936213 1.5108688575392266 0.7772399999999999 -3.0570079300618165 -1.903281293434885
231 10995703 2.446943149204565 1.5326438806849112 0.7924800000000001 -3.0570079300618165 -1.903281293434885
232 10995703 2.412515140044816 1.5590740264701102 0.7924800000000001 -3.0570079300618165 -1.903281293434885
233 10995703 2.3753596803905026 1.5863951528071032 0.7924800000000001 -3.0570079300618165 -1.903281293434885
234 10995703 2.3283309431469785 1.6166492348324275 0.7924800000000001 -3.0570079300618165 -1.903281293434885
235 10995703 2.2813022059034544 1.6469033168577518 0.7924800000000001 -3.0570079300618165 -1.903281293434885
236 10995703 2.25032084611453 1.6673023295042169 0.7924800000000001 -3.0570079300618165 -1.903281293434885
237 10995703 2.2106761610733323 1.6913489760228144 0.80772 -3.0570079300618165 -1.903281293434885
238 10995703 2.1710314760321348 1.7153956225414118 0.82296 -3.0570079300618165 -1.903281293434885
239 10995703 2.143023560299369 1.7334806811711112 0.82296 -3.0570079300618165 -1.903281293434885
