2449 11217673 0.29591396416339194 0.007826974769603251 0.21945599999999998 -2.221687252793429 -2.834057677108069
2450 11217673 0.3253871261577178 0.006700300287309407 0.225552 -2.221687252793429 -2.834057677108069
2451 11217673 0.3548602881520436 0.005573625805015563 0.231648 -2.221687252793429 -2.834057677108069
2452 11217673 0.38433345014636944 0.00444695132272172 0.237744 -2.221687252793429 -2.834057677108069
2453 11217673 0.4138066121406953 0.003320276840427877 0.24384 -2.221687252793429 -2.834057677108069
2454 11217673 0.4433270699743618 0.002610812748122783 0.24384 -2.221687252793429 -2.834057677108069
2455 11217673 0.4728475278080282 0.001901348655817689 0.24384 -2.221687252793429 -2.834057677108069
2456 11217673 0.5040209441153829 -0.0032618421420600873 0.24384 -2.221687252793429 -2.834057677108069
2457 11217673 0.5326744704685142 -0.0052649012912113075 0.24384 -2.221687252793429 -2.834057677108069
2458 11217673 0.5619987840021042 -0.0072533282002127395 0.24384 -2.221687252793429 -2.834057677108069
2459 11217673 0.5913230975356942 -0.00924175510921417 0.24384 -2.221687252793429 -2.834057677108069
2460 11217673 0.6230029537746955 -0.0121748777253533 0.25908000000000003 -2.221687252793429 -2.834057677108069
2461 11217673 0.6546828100136967 -0.015108000341492428 0.27432 -2.221687252793429 -2.834057677108069
2462 11217673 0.6833707401001738 -0.01700489178197301 0.27432 -2.221687252793429 -2.834057677108069
2463 11217673 0.7122409591628661 -0.02024627771464429 0.27432 -2.221687252793429 -2.834057677108069
2464 11217673 0.7411111782255584 -0.023487663647315585 0.27432 -2.221687252793429 -2.834057677108069
2465 11217673 0.7724861908725524 -0.027488804742266133 0.27432 -2.221687252793429 -2.834057677108069
2466 11217673 0.8038612035195466 -0.03148994583721668 0.27432 -2.221687252793429 -2.834057677108069
2467 11217673 0.8301762265741983 -0.03249413234070603 0.27432 -2.221687252793429 -2.834057677108069
2468 11217673 0.8617847772446441 -0.03143082811212687 0.28956000000000004 -2.221687252793429 -2.834057677108069
2469 11217673 0.8933933279150897 -0.030367523883547718 0.3048 -2.221687252793429 -2.834057677108069
2470 11217673 0.9324487189903464 -0.02309179919162484 0.3048 -2.221687252793429 -2.834057677108069
2471 11217673 0.9715041100656028 -0.01581607449970196 0.3048 -2.221687252793429 -2.834057677108069
2472 11217673 1.0045833058974387 -0.01786126280772997 0.3048 -2.221687252793429 -2.834057677108069
2473 11217673 1.0376625017292749 -0.019906451115757975 0.3048 -2.221687252793429 -2.834057677108069
2474 11217673 1.0695379865339585 -0.021558105868678217 0.32004 -2.221687252793429 -2.834057677108069
2475 11217673 1.1014134713386423 -0.023209760621598463 0.33528 -2.221687252793429 -2.834057677108069
2476 11217673 1.132408893848203 -0.028370460327409263 0.33528 -2.221687252793429 -2.834057677108069
2477 11217673 1.163404316357764 -0.03353116003322007 0.33528 -2.221687252793429 -2.834057677108069
2478 11217673 1.1964688501367848 -0.03942599672642464 0.33528 -2.221687252793429 -2.834057677108069
2479 11217673 1.227475885293627 -0.044414831943205 0.33528 -2.221687252793429 -2.834057677108069
2480 11217673 1.2584829204504693 -0.04940366715998537 0.33528 -2.221687252793429 -2.834057677108069
2481 11217673 1.2911042039373724 -0.057606493020126076 0.35052 -2.221687252793429 -2.834057677108069
2482 11217673 1.3237254874242754 -0.06580931888026678 0.36576 -2.221687252793429 -2.834057677108069
2483 11217673 1.3521133223793722 -0.0697084361338195 0.36576 -2.221687252793429 -2.834057677108069
2484 11217673 1.3817273873929303 -0.07447522015321889 0.36576 -2.221687252793429 -2.834057677108069
2485 11217673 1.411341452406489 -0.07924200417261829 0.36576 -2.221687252793429 -2.834057677108069
2486 11217673 1.4413435733371722 -0.0863550045699518 0.36576 -2.221687252793429 -2.834057677108069
2487 11217673 1.4673667137737594 -0.09368684939079247 0.381 -2.221687252793429 -2.834057677108069
2488 11217673 1.4933898542103463 -0.10101869421163316 0.39624 -2.221687252793429 -2.834057677108069
2489 11217673 1.5308603899762303 -0.1032108453746225 0.39624 -2.221687252793429 -2.834057677108069
2490 11217673 1.5644754419204872 -0.10905009388397667 0.39624 -2.221687252793429 -2.834057677108069
2491 11217673 1.596054628469577 -0.1156844464177761 0.39624 -2.221687252793429 -2.834057677108069
2492 11217673 1.6276338150186669 -0.12231879895157552 0.39624 -2.221687252793429 -2.834057677108069
2493 11217673 1.6588510239912833 -0.13006127113462396 0.39624 -2.221687252793429 -2.834057677108069
2494 11217673 1.6900682329638994 -0.1378037433176724 0.39624 -2.221687252793429 -2.834057677108069
2495 11217673 1.7204747124244941 -0.1488442164714691 0.39624 -2.221687252793429 -2.834057677108069
2496 11217673 1.7508811918850882 -0.15988468962526578 0.39624 -2.221687252793429 -2.834057677108069
2497 11217673 1.7825865284945523 -0.16667618279832044 0.4114800000000001 -2.221687252793429 -2.834057677108069
2498 11217673 1.8142918651040163 -0.1734676759713751 0.42672 -2.221687252793429 -2.834057677108069
2499 11217673 1.8443744974826224 -0.18060510236309604 0.42672 -2.221687252793429 -2.834057677108069
2500 11217673 1.8744571298612285 -0.18774252875481695 0.42672 -2.221687252793429 -2.834057677108069
2501 11217673 1.9040744133828076 -0.1963048032499424 0.42672 -2.221687252793429 -2.834057677108069
2502 11217673 1.9336916969043865 -0.20486707774506785 0.42672 -2.221687252793429 -2.834057677108069
2503 11217673 1.9676516774636448 -0.2096486876807805 0.42672 -2.221687252793429 -2.834057677108069
2504 11217673 2.0016116580229038 -0.2144302976164932 0.42672 -2.221687252793429 -2.834057677108069
2505 11217673 2.0309015572897096 -0.223994894753708 0.44196 -2.221687252793429 -2.834057677108069
2506 11217673 2.0601914565565163 -0.2335594918909228 0.4572000000000001 -2.221687252793429 -2.834057677108069
2507 11217673 2.096903572981988 -0.23807104225808245 0.4572000000000001 -2.221687252793429 -2.834057677108069
2508 11217673 2.127829700678285 -0.24615996962445136 0.463296 -2.221687252793429 -2.834057677108069
2509 11217673 2.1587558283745825 -0.2542488969908204 0.469392 -2.221687252793429 -2.834057677108069
2510 11217673 2.1896819560708805 -0.2623378243571893 0.475488 -2.221687252793429 -2.834057677108069
2511 11217673 2.2206080837671784 -0.2704267517235583 0.481584 -2.221687252793429 -2.834057677108069
2512 11217673 2.2515342114634755 -0.27851567908992725 0.48768 -2.221687252793429 -2.834057677108069
2513 11217673 2.2792684254014715 -0.2738058476524895 0.48768 -2.221687252793429 -2.834057677108069
2514 11217673 2.3070026393394665 -0.2690960162150518 0.48768 -2.221687252793429 -2.834057677108069
2515 11217673 2.334736853277463 -0.26438618477761405 0.48768 -2.221687252793429 -2.834057677108069
2516 11217673 2.3624710672154587 -0.2596763533401763 0.48768 -2.221687252793429 -2.834057677108069
2517 11217673 2.390205281153454 -0.2549665219027386 0.48768 -2.221687252793429 -2.834057677108069
2518 11217673 2.41793949509145 -0.2502566904653009 0.48768 -2.221687252793429 -2.834057677108069
2519 11217673 2.4422522206666084 -0.22542697101047596 0.48768 -2.221687252793429 -2.834057677108069
2520 11217673 2.4665649462417667 -0.20059725155565106 0.48768 -2.221687252793429 -2.834057677108069
2521 11217673 2.490808515080003 -0.1759785195286046 0.50292 -2.221687252793429 -2.834057677108069
2522 11217673 2.5150520839182398 -0.15135978750155818 0.5181600000000001 -2.221687252793429 -2.834057677108069
2523 11217673 2.5245336204685054 -0.11687879257311255 0.5181600000000001 -2.221687252793429 -2.834057677108069
2524 11217673 2.534015157018772 -0.08239779764466698 0.5181600000000001 -2.221687252793429 -2.834057677108069
2525 11217673 2.5434966935690384 -0.04791680271622137 0.5181600000000001 -2.221687252793429 -2.834057677108069
2526 11217673 2.552911091264372 -0.01092175738471754 0.5181600000000001 -2.221687252793429 -2.834057677108069
2527 11217673 2.555440264497306 0.025926449241216367 0.5181600000000001 -2.221687252793429 -2.834057677108069
2528 11217673 2.5579694377302404 0.06277465586715028 0.5181600000000001 -2.221687252793429 -2.834057677108069
2529 11217673 2.556549620945157 0.10085377719484637 0.54864 -2.221687252793429 -2.834057677108069
2530 11217673 2.5500385962169445 0.13802515367995913 0.54864 -2.221687252793429 -2.834057677108069
2531 11217673 2.537174722081148 0.1734157722710463 0.54864 -2.221687252793429 -2.834057677108069
2532 11217673 2.524310847945352 0.20880639086213346 0.54864 -2.221687252793429 -2.834057677108069
2533 11217673 2.5087643053341453 0.2441384732665217 0.54864 -2.221687252793429 -2.834057677108069
2534 11217673 2.4847418036755125 0.27458653163704744 0.5638799999999999 -2.221687252793429 -2.834057677108069
2535 11217673 2.46071930201688 0.3050345900075732 0.57912 -2.221687252793429 -2.834057677108069
2536 11217673 2.4324769190750373 0.3341154784435153 0.57912 -2.221687252793429 -2.834057677108069
2537 11217673 2.401827576105508 0.3639824798266373 0.57912 -2.221687252793429 -2.834057677108069
2538 11217673 2.3714610567516976 0.3879164358683833 0.57912 -2.221687252793429 -2.834057677108069
2539 11217673 2.3410945373978866 0.4118503919101293 0.57912 -2.221687252793429 -2.834057677108069
2540 11217673 2.3041411225886543 0.43519036715668 0.57912 -2.221687252793429 -2.834057677108069
2541 11217673 2.2671877077794207 0.4585303424032308 0.57912 -2.221687252793429 -2.834057677108069
2542 11217673 2.22979247384728 0.4807884877317186 0.59436 -1.9091808221355453 -0.7677270387252508
2543 11217673 2.192397239915139 0.5030466330602065 0.6096 -1.9091808221355453 -0.7677270387252508
2544 11217673 2.155321424107738 0.5227476050637768 0.6096 -1.9091808221355453 -0.7677270387252508
2545 11217673 2.116183458021137 0.5442906138005164 0.6096 -1.9091808221355453 -0.7677270387252508
2546 11217673 2.077045491934536 0.565833622537256 0.6096 -1.9091808221355453 -0.7677270387252508
2547 11217673 2.0352820087127816 0.5869496101551277 0.6096 -1.9091808221355453 -0.7677270387252508
2548 11217673 1.993518525491028 0.6080655977729993 0.6096 -1.9091808221355453 -0.7677270387252508
2549 11217673 1.956603975040636 0.627715203543285 0.6096 -1.9091808221355453 -0.7677270387252508
2550 11217673 1.913685990009033 0.6452955790003759 0.6096 -1.9091808221355453 -0.7677270387252508
2551 11217673 1.8707680049774305 0.6628759544574668 0.6096 -1.9091808221355453 -0.7677270387252508
2552 11217673 1.830645315641718 0.6773242767323051 0.6248400000000001 -1.9091808221355453 -0.7677270387252508
2553 11217673 1.7905226263060054 0.6917725990071435 0.6400800000000001 -1.9091808221355453 -0.7677270387252508
2554 11217673 1.7464414324266688 0.7022573700100491 0.6400800000000001 -1.9091808221355453 -0.7677270387252508
2555 11217673 1.7023602385473322 0.7127421410129546 0.6400800000000001 -1.9091808221355453 -0.7677270387252508
2556 11217673 1.6581809873808209 0.7223833403563396 0.6400800000000001 -1.9091808221355453 -0.7677270387252508
2557 11217673 1.6140017362143098 0.7320245396997245 0.6400800000000001 -1.9091808221355453 -0.7677270387252508
2558 11217673 1.570658034217668 0.7398746474651099 0.6553200000000001 -1.9091808221355453 -0.7677270387252508
2559 11217673 1.5273143322210267 0.7477247552304954 0.67056 -1.9091808221355453 -0.7677270387252508
2560 11217673 1.4830057821864642 0.7534372718310798 0.67056 -1.9091808221355453 -0.7677270387252508
2561 11217673 1.4386972321519012 0.7591497884316641 0.67056 -1.9091808221355453 -0.7677270387252508
2562 11217673 1.3847466753529396 0.751657071002998 0.67056 -1.9091808221355453 -0.7677270387252508
2563 11217673 1.3428622972931643 0.7566368789203137 0.67056 -1.9091808221355453 -0.7677270387252508
2564 11217673 1.3009779192333897 0.7616166868376296 0.67056 -1.9091808221355453 -0.7677270387252508
2565 11217673 1.2547724548938737 0.7615247356067706 0.67056 -1.9091808221355453 -0.7677270387252508
2566 11217673 1.2079777853790346 0.7630276176974254 0.67056 -1.9091808221355453 -0.7677270387252508
2567 11217673 1.1611831158641954 0.7645304997880803 0.67056 -1.9091808221355453 -0.7677270387252508
2568 11217673 1.114371068897244 0.7659812208228993 0.6858000000000001 -1.9091808221355453 -0.7677270387252508
2569 11217673 1.0675590219302928 0.7674319418577182 0.7010400000000001 -1.9091808221355453 -0.7677270387252508
2570 11217673 1.020646081515422 0.7651777268690174 0.7010400000000001 -1.9091808221355453 -0.7677270387252508
2571 11217673 0.9737331411005509 0.7629235118803167 0.7010400000000001 -1.9091808221355453 -0.7677270387252508
2572 11217673 0.9230123285790054 0.7530935971616846 0.7010400000000001 -1.9091808221355453 -0.7677270387252508
2573 11217673 0.8722915160574598 0.7432636824430524 0.7010400000000001 -1.9091808221355453 -0.7677270387252508
2574 11217673 0.8233258054004541 0.7347299465904878 0.7010400000000001 -1.9091808221355453 -0.7677270387252508
2575 11217673 0.7746503914879148 0.7304828299082267 0.71628 -1.9091808221355453 -0.7677270387252508
2576 11217673 0.7259749775753755 0.7262357132259656 0.73152 -1.9091808221355453 -0.7677270387252508
2577 11217673 0.6791931556136439 0.7241157057132118 0.73152 -1.9091808221355453 -0.7677270387252508
2578 11217673 0.6398237106987605 0.7281022905914307 0.73152 -1.9091808221355453 -0.7677270387252508
2579 11217673 0.6004542657838773 0.7320888754696496 0.73152 -1.9091808221355453 -0.7677270387252508
2580 11217673 0.5511849234045201 0.7307825535895596 0.73152 -1.9091808221355453 -0.7677270387252508
2581 11217673 0.5019154743549863 0.7294765732464585 0.73152 -1.9091808221355453 -0.7677270387252508
2582 11217673 0.4525079289927153 0.7277487124336637 0.762 -1.9091808221355453 -0.7677270387252508
2583 11217673 0.40422272826642375 0.7248366818684862 0.762 -1.9091808221355453 -0.7677270387252508
2584 11217673 0.3559375275401322 0.7219246513033086 0.762 -1.9091808221355453 -0.7677270387252508
2585 11217673 0.30901693950461473 0.719384859710878 0.762 -1.9091808221355453 -0.7677270387252508
2586 11217673 0.2597926738589061 0.7179487779020718 0.762 -1.9091808221355453 -0.7677270387252508
2587 11217673 0.2101189943891406 0.7143232728984595 0.762 -1.9091808221355453 -0.7677270387252508
2588 11217673 0.16007241812990908 0.7106448612748288 0.762 -1.9091808221355453 -0.7677270387252508
2589 11217673 0.11002584187067754 0.7069664496511981 0.762 -1.9091808221355453 -0.7677270387252508
2590 11217673 0.060686309957476973 0.7054525887353329 0.762 -1.9091808221355453 -0.7677270387252508
2591 11217673 0.01134677804427642 0.7039387278194675 0.762 -1.9091808221355453 -0.7677270387252508
2592 11217673 -0.035482333806949214 0.7019552021945429 0.7924800000000001 -1.9091808221355453 -0.7677270387252508
2593 11217673 -0.08650461262585296 0.7034456504990138 0.7924800000000001 -1.9091808221355453 -0.7677270387252508
2594 11217673 -0.13191920898785692 0.7057904390640399 0.7924800000000001 -1.9091808221355453 -0.7677270387252508
2595 11217673 -0.17974092840826114 0.7089224057762057 0.7924800000000001 -1.9091808221355453 -0.7677270387252508
2596 11217673 -0.2265381802987603 0.7104347458947995 0.7924800000000001 -1.9091808221355453 -0.7677270387252508
2597 11217673 -0.2733354321892594 0.7119470860133933 0.7924800000000001 -1.9091808221355453 -0.7677270387252508
2598 11217673 -0.3193433836325233 0.7117999464415629 0.80772 -1.9091808221355453 -0.7677270387252508
2599 11217673 -0.3653513350757873 0.7116528068697324 0.82296 -1.9091808221355453 -0.7677270387252508
2600 11217673 -0.4114564710848423 0.7118883500510701 0.82296 -1.9091808221355453 -0.7677270387252508
2601 11217673 -0.4591621270044381 0.7113040026879105 0.82296 -1.9091808221355453 -0.7677270387252508
2602 11217673 -0.5068677829240338 0.710719655324751 0.82296 -1.9091808221355453 -0.7677270387252508
2603 11217673 -0.5506696304595329 0.7098524501154214 0.82296 -1.9091808221355453 -0.7677270387252508
2604 11217673 -0.599596349478951 0.7096097860256189 0.82296 -1.9091808221355453 -0.7677270387252508
2605 11217673 -0.6485230684983692 0.7093671219358163 0.82296 -1.9091808221355453 -0.7677270387252508
2606 11217673 -0.6958608388617162 0.7047497951018433 0.82296 -1.9091808221355453 -0.7677270387252508
2607 11217673 -0.7399754432197696 0.7012986843560105 0.82296 -1.9091808221355453 -0.7677270387252508
2608 11217673 -0.7889025665728111 0.7010573234377965 0.8382000000000001 -1.9091808221355453 -0.7677270387252508
2609 11217673 -0.8378296899258526 0.7008159625195824 0.8534400000000001 -1.9091808221355453 -0.7677270387252508
2610 11217673 -0.8846950341668671 0.6987324832180812 0.8534400000000001 -1.9091808221355453 -0.7677270387252508
2611 11217673 -0.9312153703177172 0.6977049582714567 0.8534400000000001 -1.9091808221355453 -0.7677270387252508
2612 11217673 -0.9777357064685674 0.6966774333248321 0.8534400000000001 -1.9091808221355453 -0.7677270387252508
2613 11217673 -1.0254770248013447 0.6959913392673422 0.8534400000000001 -1.9091808221355453 -0.7677270387252508
2614 11217673 -1.073218343134122 0.6953052452098524 0.8534400000000001 -1.9091808221355453 -0.7677270387252508
2615 11217673 -1.1190728769085772 0.6952293261044459 0.8534400000000001 -1.9091808221355453 -0.7677270387252508
2616 11217673 -1.1652027177328992 0.6951268773141139 0.8534400000000001 -1.9091808221355453 -0.7677270387252508
2617 11217673 -1.211505750718656 0.6940883583291019 0.8686800000000001 -1.9091808221355453 -0.7677270387252508
2618 11217673 -1.257808783704413 0.6930498393440897 0.88392 -1.9091808221355453 -0.7677270387252508
2619 11217673 -1.3071684489643578 0.6914927027581943 0.88392 -1.9091808221355453 -0.7677270387252508
2620 11217673 -1.3565281142243026 0.6899355661722989 0.88392 -1.9091808221355453 -0.7677270387252508
2621 11217673 -1.400331560199329 0.6890735979733847 0.88392 -1.9091808221355453 -0.7677270387252508
2622 11217673 -1.4488456721370528 0.6901031818388288 0.88392 -1.9091808221355453 -0.7677270387252508
2623 11217673 -1.4967039387816796 0.6931386489152036 0.8991600000000001 -1.9091808221355453 -0.7677270387252508
2624 11217673 -1.5445622054263064 0.6961741159915783 0.9144 -1.9091808221355453 -0.7677270387252508
2625 11217673 -1.5918285352125408 0.7004770648798054 0.9144 -1.9091808221355453 -0.7677270387252508
2626 11217673 -1.6390948649987749 0.7047800137680326 0.9144 -1.9091808221355453 -0.7677270387252508
2627 11217673 -1.6864760293846262 0.7090042962209206 0.9144 -1.9091808221355453 -0.7677270387252508
2628 11217673 -1.7338571937704772 0.7132285786738087 0.9144 -1.9091808221355453 -0.7677270387252508
2629 11217673 -1.7808129146731355 0.7184827007115663 0.9144 -1.9091808221355453 -0.7677270387252508
2630 11217673 -1.8277686355757945 0.7237368227493238 0.9144 -1.9091808221355453 -0.7677270387252508
2631 11217673 -1.8755927061831463 0.7268802366924472 0.9144 -1.9091808221355453 -0.7677270387252508
2632 11217673 -1.9254095511030127 0.7320781714951329 0.9144 -1.9091808221355453 -0.7677270387252508
2633 11217673 -1.9752263960228789 0.7372761062978187 0.9144 -1.9091808221355453 -0.7677270387252508
2634 11217673 -2.0262518736814967 0.7387805144345791 0.9144 -1.9091808221355453 -0.7677270387252508
2635 11217673 -2.0785622256809733 0.7445032047040032 0.9144 -1.9091808221355453 -0.7677270387252508
2636 11217673 -2.1308725776804494 0.7502258949734273 0.9144 -1.9091808221355453 -0.7677270387252508
2637 11217673 -2.184731858643328 0.7552877211121292 0.9144 -1.9091808221355453 -0.7677270387252508
2638 11217673 -2.238591139606206 0.7603495472508309 0.9144 -1.9091808221355453 -0.7677270387252508
2639 11217673 -2.2937682829516133 0.7661355013464286 0.9144 -1.9091808221355453 -0.7677270387252508
2640 11217673 -2.3489454262970204 0.7719214554420262 0.9144 -1.9091808221355453 -0.7677270387252508
2641 11217673 -2.402458634976566 0.7742424595991585 0.9144 -1.9091808221355453 -0.7677270387252508
2642 11217673 -2.4588856647899915 0.7801465520746501 0.9144 -1.9091808221355453 -0.7677270387252508
2643 11217673 -2.5153126946034168 0.7860506445501417 0.9144 -1.9091808221355453 -0.7677270387252508
2644 11217673 -2.5699494315078284 0.7887407127882337 0.9144 -1.9091808221355453 -0.7677270387252508
2645 11217673 -2.62458616841224 0.7914307810263256 0.9144 -1.9091808221355453 -0.7677270387252508
2646 11217673 -2.6836053788037075 0.7970164805662626 0.9144 -1.9091808221355453 -0.7677270387252508
2647 11217673 -2.7426245891951755 0.8026021801061997 0.9144 -1.9091808221355453 -0.7677270387252508
2648 11217673 -2.8018839073837185 0.8044696879271436 0.9144 -1.9091808221355453 -0.7677270387252508
2649 11217673 -2.860435867471628 0.8122992252523915 0.9144 -1.9091808221355453 -0.7677270387252508
2650 11217673 -2.9189878275595373 0.8201287625776393 0.9144 -1.9091808221355453 -0.7677270387252508
2651 11217673 -2.9756175410182237 0.8248762867107627 0.9296399999999999 -1.9091808221355453 -0.7677270387252508
2652 11217673 -3.0322472544769115 0.8296238108438861 0.94488 -1.9091808221355453 -0.7677270387252508
2653 11217673 -3.089717855931104 0.8358743547054674 0.94488 -1.9091808221355453 -0.7677270387252508
2654 11217673 -3.147188457385296 0.8421248985670489 0.94488 -1.9091808221355453 -0.7677270387252508
2655 11217673 -3.202412584162172 0.8476409661370521 0.94488 -1.9091808221355453 -0.7677270387252508
2656 11217673 -3.2576367109390487 0.8531570337070554 0.94488 -1.9091808221355453 -0.7677270387252508
2657 11217673 -3.31376461789877 0.8602551393349298 0.94488 -1.9091808221355453 -0.7677270387252508
2658 11217673 -3.3698925248584914 0.8673532449628041 0.94488 -1.9091808221355453 -0.7677270387252508
2659 11217673 -3.4241328931834234 0.8712635961640611 0.94488 -1.9091808221355453 -0.7677270387252508
2660 11217673 -3.4783732615083562 0.8751739473653183 0.94488 -1.9091808221355453 -0.7677270387252508
2661 11217673 -3.5357923381963734 0.8815861918534789 0.94488 -1.9091808221355453 -0.7677270387252508
2662 11217673 -3.5924398865309684 0.8862858879778037 0.94488 -1.9091808221355453 -0.7677270387252508
2663 11217673 -3.649087434865564 0.8909855841021287 0.94488 -1.9091808221355453 -0.7677270387252508
2664 11217673 -3.702544689417575 0.9013602725117392 0.94488 -1.9091808221355453 -0.7677270387252508
2665 11217673 -3.755794565218841 0.9123687859663828 0.94488 -1.9091808221355453 -0.7677270387252508
2666 11217673 -3.8090444410201068 0.9233772994210262 0.94488 -1.9091808221355453 -0.7677270387252508
2667 11217673 -3.862246188023781 0.9358897409280468 0.94488 -1.9091808221355453 -0.7677270387252508
2668 11217673 -3.916911896434418 0.950985302163034 0.94488 -1.9091808221355453 -0.7677270387252508
2669 11217673 -3.9699641575767934 0.9636833565101426 0.94488 -1.9091808221355453 -0.7677270387252508
2670 11217673 -4.023028858260922 0.9833970259754381 0.94488 -1.9091808221355453 -0.7677270387252508
2671 11217673 -4.022718659791087 0.9841058907845376 0.9448700392156862 -1.9091808221355453 -0.7677270387252508
2672 11217673 -4.022408461321253 0.9848147555936372 0.9448600784313724 -1.9091808221355453 -0.7677270387252508
2673 11217673 -4.022098262851419 0.9855236204027368 0.9448501176470588 -1.9091808221355453 -0.7677270387252508
2674 11217673 -4.021788064381584 0.9862324852118364 0.944840156862745 -1.9091808221355453 -0.7677270387252508
2675 11217673 -4.0214778659117485 0.986941350020936 0.9448301960784312 -1.9091808221355453 -0.7677270387252508
2676 11217673 -4.0211676674419135 0.9876502148300356 0.9448202352941176 -1.9091808221355453 -0.7677270387252508
2677 11217673 -4.020857468972078 0.9883590796391352 0.9448102745098038 -1.9091808221355453 -0.7677270387252508
2678 11217673 -4.020547270502243 0.9890679444482348 0.94480031372549 -1.9091808221355453 -0.7677270387252508
2679 11217673 -4.02023707203241 0.9897768092573344 0.9447903529411764 -1.9091808221355453 -0.7677270387252508
2680 11217673 -4.019926873562575 0.9904856740664341 0.9447803921568628 -1.9091808221355453 -0.7677270387252508
2681 11217673 -4.019616675092741 0.9911945388755335 0.9447704313725491 -1.9091808221355453 -0.7677270387252508
2682 11217673 -4.019306476622907 0.9919034036846331 0.9447604705882352 -1.9091808221355453 -0.7677270387252508
2683 11217673 -4.018996278153072 0.9926122684937329 0.9447505098039216 -1.9091808221355453 -0.7677270387252508
2684 11217673 -4.018686079683237 0.9933211333028324 0.9447405490196078 -1.9091808221355453 -0.7677270387252508
2685 11217673 -4.0183758812134025 0.994029998111932 0.944730588235294 -1.9091808221355453 -0.7677270387252508
2686 11217673 -4.018065682743568 0.9947388629210316 0.9447206274509804 -1.9091808221355453 -0.7677270387252508
2687 11217673 -4.0177554842737315 0.9954477277301312 0.9447106666666666 -1.9091808221355453 -0.7677270387252508
2688 11217673 -4.0174452858038965 0.9961565925392308 0.9447007058823528 -1.9091808221355453 -0.7677270387252508
