16403 11131026 0.92360369442725 4.994931494447036 0.57912 -4.6273977947847325 -0.1540105529546658
16404 11131026 0.934197686047235 4.952678522505753 0.57912 -4.6273977947847325 -0.1540105529546658
16405 11131026 0.9444125630748724 4.909264472697884 0.57912 -4.6273977947847325 -0.1540105529546658
16406 11131026 0.95462744010251 4.865850422890015 0.57912 -4.6273977947847325 -0.1540105529546658
16407 11131026 0.9614564358454971 4.822742480293419 0.57912 -4.6273977947847325 -0.1540105529546658
16408 11131026 0.968285431588484 4.779634537696824 0.57912 -4.6273977947847325 -0.1540105529546658
16409 11131026 0.9751144273314712 4.736526595100229 0.57912 -4.6273977947847325 -0.1540105529546658
16410 11131026 0.9819434230744584 4.693418652503634 0.57912 -4.6273977947847325 -0.1540105529546658
16411 11131026 0.9887724188174454 4.650310709907038 0.57912 -4.6273977947847325 -0.1540105529546658
16412 11131026 0.9956014145604324 4.607202767310444 0.57912 -4.6273977947847325 -0.1540105529546658
16413 11131026 1.0024304103034196 4.564094824713846 0.57912 -4.6273977947847325 -0.1540105529546658
16414 11131026 1.008987614718321 4.5271346428223636 0.57912 -4.6273977947847325 -0.1540105529546658
16415 11131026 1.0167990357162957 4.484506998346027 0.57912 -4.6273977947847325 -0.1540105529546658
16416 11131026 1.02461045671427 4.44187935386969 0.57912 -4.6273977947847325 -0.1540105529546658
16417 11131026 1.0271751206957462 4.4008501685673265 0.57912 -4.6273977947847325 -0.1540105529546658
16418 11131026 1.0289725846227755 4.360188668993476 0.57912 -4.6273977947847325 -0.1540105529546658
16419 11131026 1.0307700485498048 4.319527169419627 0.57912 -4.6273977947847325 -0.1540105529546658
16420 11131026 1.0309293325076323 4.279284405669648 0.57912 -4.6273977947847325 -0.1540105529546658
16421 11131026 1.0311232534854702 4.2391471776140754 0.57912 -4.6273977947847325 -0.1540105529546658
16422 11131026 1.0343549334445359 4.219163763469556 0.57912 -4.6273977947847325 -0.1540105529546658
16423 11131026 1.037586613403602 4.199180349325037 0.57912 -4.6273977947847325 -0.1540105529546658
16424 11131026 1.0403465681227613 4.1180137825618965 0.54864 -4.6273977947847325 -0.1540105529546658
16425 11131026 1.0425246234929593 4.078513255550331 0.54864 -4.6273977947847325 -0.1540105529546658
16426 11131026 1.044702678863157 4.039012728538766 0.54864 -4.6273977947847325 -0.1540105529546658
16427 11131026 1.047337893301914 3.998194482254959 0.54864 -4.6273977947847325 -0.1540105529546658
16428 11131026 1.049499139063962 3.9586411299471447 0.54864 -4.6273977947847325 -0.1540105529546658
16429 11131026 1.0516603848260098 3.91908777763933 0.54864 -4.6273977947847325 -0.1540105529546658
16430 11131026 1.0542788893874036 3.8782166965321623 0.54864 -4.6273977947847325 -0.1540105529546658
16431 11131026 1.0568973939487971 3.8373456154249954 0.54864 -4.6273977947847325 -0.1540105529546658
16432 11131026 1.0640870200511472 3.799595285899042 0.54864 -4.6273977947847325 -0.1540105529546658
16433 11131026 1.0654684883425225 3.7590118341926586 0.54864 -4.6273977947847325 -0.1540105529546658
16434 11131026 1.0668499566338978 3.7184283824862767 0.54864 -4.6273977947847325 -0.1540105529546658
16435 11131026 1.070588675406372 3.6793526943191264 0.54864 -4.6273977947847325 -0.1540105529546658
16436 11131026 1.071105539021016 3.6391103459198906 0.5181600000000001 -4.6273977947847325 -0.1540105529546658
16437 11131026 1.0718589685232882 3.6001342797067433 0.5181600000000001 -4.6273977947847325 -0.1540105529546658
16438 11131026 1.0726123980255604 3.5611582134935955 0.5181600000000001 -4.6273977947847325 -0.1540105529546658
16439 11131026 1.072208727536429 3.5224435736741304 0.5181600000000001 -4.6273977947847325 -0.1540105529546658
16440 11131026 1.0718050570472974 3.4837289338546653 0.5181600000000001 -4.6273977947847325 -0.1540105529546658
16441 11131026 1.0703029428518236 3.446541684731105 0.5181600000000001 -4.6273977947847325 -0.1540105529546658
16442 11131026 1.0688008286563495 3.4093544356075447 0.5181600000000001 -4.6273977947847325 -0.1540105529546658
16443 11131026 1.0682244826901757 3.390616094987005 0.5181600000000001 -4.6273977947847325 -0.1540105529546658
16444 11131026 1.0676481367240016 3.371877754366466 0.5181600000000001 -4.6273977947847325 -0.1540105529546658
16445 11131026 1.073885612162676 3.2999737890034004 0.5181600000000001 -4.6273977947847325 -0.1540105529546658
16446 11131026 1.0824615461506006 3.2596678978732014 0.54864 -4.6273977947847325 -0.1540105529546658
16447 11131026 1.0885279770305558 3.2198317893248105 0.54864 -4.6273977947847325 -0.1540105529546658
16448 11131026 1.08948460321617 3.1820163158127523 0.54864 -4.6273977947847325 -0.1540105529546658
16449 11131026 1.0899230521414451 3.1417999574192987 0.54864 -4.6273977947847325 -0.1540105529546658
16450 11131026 1.0903615010667205 3.101583599025845 0.54864 -4.6273977947847325 -0.1540105529546658
16451 11131026 1.0892330785910036 3.0644496695276806 0.54864 -4.6273977947847325 -0.1540105529546658
16452 11131026 1.0900522009466629 3.026211910221593 0.54864 -4.6273977947847325 -0.1540105529546658
16453 11131026 1.0883194453241063 2.9918458194209263 0.5638799999999999 -4.6273977947847325 -0.1540105529546658
16454 11131026 1.0865866897015497 2.9574797286202594 0.57912 -4.6273977947847325 -0.1540105529546658
16455 11131026 1.0862745575801238 2.9222988638331944 0.54864 -4.6273977947847325 -0.1540105529546658
16456 11131026 1.0843125102790547 2.9040719643566075 0.5638799999999999 -4.6273977947847325 -0.1540105529546658
16457 11131026 1.0823504629779857 2.8858450648800207 0.57912 -4.6273977947847325 -0.1540105529546658
16458 11131026 1.080936612421065 2.8163256255021945 0.54864 -4.6273977947847325 -0.1540105529546658
16459 11131026 1.0818513675631918 2.781094352708559 0.54864 -4.6273977947847325 -0.1540105529546658
16460 11131026 1.0827661227053185 2.745863079914924 0.54864 -4.6273977947847325 -0.1540105529546658
16461 11131026 1.0843451760789635 2.7099474122882894 0.54864 -4.6273977947847325 -0.1540105529546658
16462 11131026 1.0804126885232264 2.6870487540279098 0.5588 -4.6273977947847325 -0.1540105529546658
16463 11131026 1.076480200967489 2.6641500957675297 0.56896 -4.6273977947847325 -0.1540105529546658
16464 11131026 1.0725477134117518 2.6412514375071505 0.57912 -4.6273977947847325 -0.1540105529546658
16465 11131026 1.0533586527338938 2.5743870380872664 0.57912 -4.6273977947847325 -0.1540105529546658
16466 11131026 1.037670649371348 2.5345345229959704 0.57912 -4.6273977947847325 -0.1540105529546658
16467 11131026 1.018549609380298 2.500477204734352 0.54864 -4.6273977947847325 -0.1540105529546658
16468 11131026 0.995622394195912 2.4717529096583397 0.54864 -4.6273977947847325 -0.1540105529546658
16469 11131026 0.972695179011526 2.443028614582327 0.54864 -4.6273977947847325 -0.1540105529546658
16470 11131026 0.9475057601813548 2.4162120084539183 0.54864 -4.6273977947847325 -0.1540105529546658
16471 11131026 0.9175031495399883 2.3909685585202807 0.5638799999999999 -4.6273977947847325 -0.1540105529546658
16472 11131026 0.8875005388986218 2.365725108586643 0.57912 -4.6273977947847325 -0.1540105529546658
16473 11131026 0.8559760156688212 2.3434326520469178 0.5638799999999999 -4.6273977947847325 -0.1540105529546658
16474 11131026 0.8244514924390205 2.3211401955071924 0.54864 -4.6273977947847325 -0.1540105529546658
16475 11131026 0.7905614961089369 2.3008477658600297 0.54864 -4.6273977947847325 -0.1540105529546658
16476 11131026 0.7566714997788532 2.2805553362128665 0.54864 -4.6273977947847325 -0.1540105529546658
16477 11131026 0.7397267599180113 2.2735343465022257 0.54864 -4.6273977947847325 -0.1540105529546658
16478 11131026 0.7227820200571694 2.266513356791584 0.54864 -4.6273977947847325 -0.1540105529546658
16479 11131026 0.6458897032734091 2.2390718897177924 0.54864 -4.6273977947847325 -0.1540105529546658
16480 11131026 0.6114347722262309 2.2328091696939047 0.54864 -4.6273977947847325 -0.1540105529546658
16481 11131026 0.5709719984369791 2.225823234381158 0.54864 -4.6273977947847325 -0.1540105529546658
16482 11131026 0.5313414261833675 2.2200259536112066 0.54864 -4.6273977947847325 -0.1540105529546658
16483 11131026 0.49171085392975605 2.2142286728412546 0.54864 -4.6273977947847325 -0.1540105529546658
16484 11131026 0.4512175381892377 2.211225685747844 0.54864 -4.6273977947847325 -0.1540105529546658
16485 11131026 0.4107242224487194 2.2082226986544327 0.54864 -4.6273977947847325 -0.1540105529546658
16486 11131026 0.3721456906315638 2.20564556988188 0.54864 -4.6273977947847325 -0.1540105529546658
16487 11131026 0.3314558372185243 2.201363843659447 0.54864 -4.6273977947847325 -0.1540105529546658
16488 11131026 0.2907659838054848 2.1970821174370143 0.54864 -4.6273977947847325 -0.1540105529546658
16489 11131026 0.2716728688571595 2.1970732954527543 0.54864 -4.6273977947847325 -0.1540105529546658
16490 11131026 0.25257975390883425 2.1970644734684943 0.54864 -4.6273977947847325 -0.1540105529546658
16491 11131026 0.16991867876512234 2.191374624241234 0.54864 -4.6273977947847325 -0.1540105529546658
16492 11131026 0.1308912825738645 2.192859425630731 0.54864 -4.6273977947847325 -0.1540105529546658
16493 11131026 0.09186388638260667 2.1943442270202285 0.54864 -4.6273977947847325 -0.1540105529546658
16494 11131026 0.05238538590846753 2.1974372448636323 0.54864 -4.6273977947847325 -0.1540105529546658
16495 11131026 0.011636009125254698 2.1969152962135468 0.5334000000000001 -4.6273977947847325 -0.1540105529546658
16496 11131026 -0.02911336765795813 2.1963933475634607 0.5181600000000001 -4.6273977947847325 -0.1540105529546658
16497 11131026 -0.07207867472351381 2.1980566755511357 0.5181600000000001 -4.6273977947847325 -0.1540105529546658
16498 11131026 -0.11346575448214645 2.1964001737492693 0.5181600000000001 -4.6273977947847325 -0.1540105529546658
16499 11131026 -0.15525824546208988 2.196220163986053 0.5181600000000001 -4.6273977947847325 -0.1540105529546658
16500 11131026 -0.1970507364420333 2.1960401542228367 0.5181600000000001 -4.6273977947847325 -0.1540105529546658
16501 11131026 -0.2408100939029636 2.195276838533148 0.5181600000000001 -4.6273977947847325 -0.1540105529546658
16502 11131026 -0.2696410852439424 2.1930985834959293 0.5181600000000001 -4.6273977947847325 -0.1540105529546658
16503 11131026 -0.2984720765849213 2.1909203284587115 0.5181600000000001 -4.6273977947847325 -0.1540105529546658
16504 11131026 -0.3273030679259001 2.1887420734214933 0.5181600000000001 -4.6273977947847325 -0.1540105529546658
16505 11131026 -0.3711672299330644 2.18684550011984 0.5181600000000001 -4.6273977947847325 -0.1540105529546658
16506 11131026 -0.41503139194022864 2.1849489268181865 0.5181600000000001 -4.6273977947847325 -0.1540105529546658
16507 11131026 -0.5005139547192499 2.180422331352661 0.5181600000000001 -4.6273977947847325 -0.1540105529546658
16508 11131026 -0.54482140126913 2.1820599622489234 0.5181600000000001 -4.6273977947847325 -0.1540105529546658
16509 11131026 -0.5891288478190102 2.1836975931451845 0.5181600000000001 -4.6273977947847325 -0.1540105529546658
16510 11131026 -0.6304906735545813 2.184839739904433 0.5181600000000001 -4.6273977947847325 -0.1540105529546658
16511 11131026 -0.6718524992901524 2.185981886663681 0.5181600000000001 -4.6273977947847325 -0.1540105529546658
16512 11131026 -0.7152675729064493 2.186277112739071 0.5181600000000001 -4.6273977947847325 -0.1540105529546658
16513 11131026 -0.7586826465227461 2.18657233881446 0.5181600000000001 -4.6273977947847325 -0.1540105529546658
16514 11131026 -0.8002853578775062 2.1877941863438246 0.50292 -4.6273977947847325 -0.1540105529546658
16515 11131026 -0.8418880692322663 2.189016033873189 0.48768 -4.6273977947847325 -0.1540105529546658
16516 11131026 -0.8834451918055287 2.1901065844068617 0.48768 -4.6273977947847325 -0.1540105529546658
16517 11131026 -0.9250023143787912 2.1911971349405337 0.48768 -4.6273977947847325 -0.1540105529546658
16518 11131026 -0.96570046365757 2.191656546742947 0.48768 -4.6273977947847325 -0.1540105529546658
16519 11131026 -0.9863257572770524 2.191041992830032 0.48768 -4.6273977947847325 -0.1540105529546658
16520 11131026 -1.0069510508965345 2.190427438917117 0.48768 -4.6273977947847325 -0.1540105529546658
16521 11131026 -1.089547910819433 2.184963327579571 0.48768 -4.6273977947847325 -0.1540105529546658
16522 11131026 -1.1301772839707545 2.1856347755249153 0.48768 -4.113242484253095 -0.1368982692930365
16523 11131026 -1.1685382520691447 2.1850970450289475 0.48768 -4.113242484253095 -0.1368982692930365
16524 11131026 -1.2078050802168971 2.1845054046681907 0.48768 -4.113242484253095 -0.1368982692930365
16525 11131026 -1.2470719083646495 2.1839137643074342 0.48768 -4.113242484253095 -0.1368982692930365
16526 11131026 -1.2844925163985534 2.1717745099758936 0.47752 -4.113242484253095 -0.1368982692930365
16527 11131026 -1.3219131244324571 2.1596352556443525 0.4673600000000001 -4.113242484253095 -0.1368982692930365
16528 11131026 -1.359333732466361 2.1474960013128115 0.4572000000000001 -4.113242484253095 -0.1368982692930365
16529 11131026 -1.3894099430615503 2.1261386434645804 0.4572000000000001 -4.113242484253095 -0.1368982692930365
16530 11131026 -1.4194861536567396 2.1047812856163484 0.4572000000000001 -4.113242484253095 -0.1368982692930365
16531 11131026 -1.4454625170087592 2.0755980813275823 0.4572000000000001 -4.113242484253095 -0.1368982692930365
16532 11131026 -1.4714388803607787 2.0464148770388157 0.4572000000000001 -4.113242484253095 -0.1368982692930365
16533 11131026 -1.4897426759540673 2.0148968780114087 0.4572000000000001 -4.113242484253095 -0.1368982692930365
16534 11131026 -1.5088062241404552 1.9810569358174288 0.4572000000000001 -4.113242484253095 -0.1368982692930365
16535 11131026 -1.527869772326843 1.947216993623449 0.4572000000000001 -4.113242484253095 -0.1368982692930365
16536 11131026 -1.545390012747071 1.9099511221491692 0.4572000000000001 -4.113242484253095 -0.1368982692930365
16537 11131026 -1.5544126756045586 1.8742283601064185 0.44196 -4.113242484253095 -0.1368982692930365
16538 11131026 -1.5634353384620463 1.8385055980636675 0.42672 -4.113242484253095 -0.1368982692930365
16539 11131026 -1.5701548317947742 1.8016788249677012 0.42672 -4.113242484253095 -0.1368982692930365
16540 11131026 -1.576874325127502 1.7648520518717354 0.42672 -4.113242484253095 -0.1368982692930365
16541 11131026 -1.5851078500195768 1.7274690370866908 0.42672 -4.113242484253095 -0.1368982692930365
16542 11131026 -1.5933413749116514 1.6900860223016458 0.42672 -4.113242484253095 -0.1368982692930365
16543 11131026 -1.5996118229964125 1.6546313010491864 0.42672 -4.113242484253095 -0.1368982692930365
16544 11131026 -1.6052551550043537 1.6163424956658872 0.42672 -4.113242484253095 -0.1368982692930365
16545 11131026 -1.6108984870122944 1.578053690282588 0.42672 -4.113242484253095 -0.1368982692930365
16546 11131026 -1.6151204961244 1.5393583334596064 0.42672 -4.113242484253095 -0.1368982692930365
16547 11131026 -1.6226113639617459 1.5042444798834542 0.42672 -4.113242484253095 -0.1368982692930365
16548 11131026 -1.6301022317990916 1.4691306263073016 0.42672 -4.113242484253095 -0.1368982692930365
16549 11131026 -1.6355660092449917 1.4320683719756064 0.42672 -4.113242484253095 -0.1368982692930365
16550 11131026 -1.6410297866908918 1.395006117643911 0.42672 -4.113242484253095 -0.1368982692930365
16551 11131026 -1.6474379295356216 1.3591291287425729 0.42672 -4.113242484253095 -0.1368982692930365
16552 11131026 -1.651462989026748 1.3217130711902731 0.42672 -4.113242484253095 -0.1368982692930365
16553 11131026 -1.6554880485178738 1.284297013637973 0.42672 -4.113242484253095 -0.1368982692930365
16554 11131026 -1.6565429855273763 1.2471361521930722 0.39624 -4.113242484253095 -0.1368982692930365
16555 11131026 -1.6592714331300955 1.210289105780734 0.39624 -4.113242484253095 -0.1368982692930365
16556 11131026 -1.6619998807328151 1.1734420593683959 0.39624 -4.113242484253095 -0.1368982692930365
16557 11131026 -1.6628481731124245 1.1486766783091829 0.39624 -4.113242484253095 -0.1368982692930365
16558 11131026 -1.663696465492034 1.12391129724997 0.39624 -4.113242484253095 -0.1368982692930365
16559 11131026 -1.6645447578716432 1.0991459161907569 0.39624 -4.113242484253095 -0.1368982692930365
16560 11131026 -1.6607561074650057 1.0279189297809868 0.39624 -4.113242484253095 -0.1368982692930365
16561 11131026 -1.6594566258749759 1.007455665831385 0.39624 -4.113242484253095 -0.1368982692930365
16562 11131026 -1.6581571442849463 0.9869924018817824 0.39624 -4.113242484253095 -0.1368982692930365
16563 11131026 -1.6565116904418968 0.9159993103765208 0.39624 -4.113242484253095 -0.1368982692930365
16564 11131026 -1.6536138416507096 0.8800576700305482 0.39624 -4.113242484253095 -0.1368982692930365
16565 11131026 -1.6507159928595223 0.8441160296845758 0.39624 -4.113242484253095 -0.1368982692930365
16566 11131026 -1.6442164167160518 0.8042504938821864 0.39624 -4.113242484253095 -0.1368982692930365
16567 11131026 -1.642225977047567 0.7858981061334656 0.39624 -4.113242484253095 -0.1368982692930365
16568 11131026 -1.6402355373790816 0.7675457183847446 0.39624 -4.113242484253095 -0.1368982692930365
16569 11131026 -1.6347168964752532 0.693182847065969 0.39624 -4.113242484253095 -0.1368982692930365
16570 11131026 -1.6293666782400338 0.6601196582842304 0.381 -4.113242484253095 -0.1368982692930365
16571 11131026 -1.6240164600048146 0.6270564695024917 0.36576 -4.113242484253095 -0.1368982692930365
16572 11131026 -1.6198753076918435 0.5894815778913391 0.36576 -4.113242484253095 -0.1368982692930365
16573 11131026 -1.6157341553788724 0.5519066862801865 0.36576 -4.113242484253095 -0.1368982692930365
16574 11131026 -1.6131405674464807 0.514487556368993 0.36576 -4.113242484253095 -0.1368982692930365
16575 11131026 -1.6105469795140892 0.4770684264577996 0.36576 -4.113242484253095 -0.1368982692930365
16576 11131026 -1.608131811345969 0.4388314227718333 0.36576 -4.113242484253095 -0.1368982692930365
16577 11131026 -1.6057166431778491 0.400594419085867 0.36576 -4.113242484253095 -0.1368982692930365
16578 11131026 -1.6048318890533615 0.3625659510763472 0.36576 -4.113242484253095 -0.1368982692930365
16579 11131026 -1.6003445712743265 0.3260464416470982 0.36576 -4.113242484253095 -0.1368982692930365
16580 11131026 -1.5913420690878766 0.2917889808072952 0.36576 -4.113242484253095 -0.1368982692930365
16581 11131026 -1.5823395669014266 0.25753151996749224 0.36576 -4.113242484253095 -0.1368982692930365
16582 11131026 -1.5688479773085042 0.2227405515513395 0.36576 -4.113242484253095 -0.1368982692930365
16583 11131026 -1.5569778311137326 0.19385458049685386 0.36576 -4.113242484253095 -0.1368982692930365
16584 11131026 -1.5394560906595771 0.1632370124203044 0.36576 -4.113242484253095 -0.1368982692930365
16585 11131026 -1.52798138179584 0.1494358481497655 0.36576 -4.113242484253095 -0.1368982692930365
16586 11131026 -1.5165066729321024 0.1356346838792266 0.36576 -4.113242484253095 -0.1368982692930365
16587 11131026 -1.4687385873666787 0.0902176493390134 0.36576 -4.113242484253095 -0.1368982692930365
16588 11131026 -1.4383609218384117 0.07514158401633766 0.36576 -4.113242484253095 -0.1368982692930365
16589 11131026 -1.4079832563101446 0.060065518693661925 0.36576 -4.113242484253095 -0.1368982692930365
16590 11131026 -1.3775726409654636 0.053917055939196906 0.36576 -4.113242484253095 -0.1368982692930365
16591 11131026 -1.3471620256207826 0.047768593184731895 0.36576 -4.113242484253095 -0.1368982692930365
16592 11131026 -1.330371231405994 0.04478934562936624 0.36576 -4.113242484253095 -0.1368982692930365
16593 11131026 -1.3135804371912057 0.041810098074000566 0.36576 -4.113242484253095 -0.1368982692930365
16594 11131026 -1.2447778554665578 0.029474301896209008 0.36576 -4.113242484253095 -0.1368982692930365
16595 11131026 -1.2136035509052217 0.024303534707811297 0.36576 -4.113242484253095 -0.1368982692930365
16596 11131026 -1.1808674569270037 0.02119265123992056 0.36576 -4.113242484253095 -0.1368982692930365
16597 11131026 -1.1481313629487853 0.018081767772029828 0.36576 -4.113242484253095 -0.1368982692930365
16598 11131026 -1.1170606150788895 0.012594779243670778 0.36576 -4.113242484253095 -0.1368982692930365
16599 11131026 -1.0891391780038433 0.011058717097621991 0.36576 -4.113242484253095 -0.1368982692930365
16600 11131026 -1.061217740928797 0.0095226549515732 0.36576 -4.113242484253095 -0.1368982692930365
16601 11131026 -1.0357640637848586 0.0058728000231777775 0.33528 -4.113242484253095 -0.1368982692930365
16602 11131026 -1.0056963702803279 0.006147207515150826 0.33528 -4.113242484253095 -0.1368982692930365
16603 11131026 -0.9756286767757978 0.006421615007123877 0.33528 -4.113242484253095 -0.1368982692930365
16604 11131026 -0.9482552394094748 0.007285083409204501 0.33528 -4.113242484253095 -0.1368982692930365
16605 11131026 -0.9191302774075842 0.005356121293483535 0.33528 -4.113242484253095 -0.1368982692930365
16606 11131026 -0.8900053154056937 0.003427159177762568 0.33528 -4.113242484253095 -0.1368982692930365
16607 11131026 -0.8609969330659141 0.005216838457209966 0.32004 -4.113242484253095 -0.1368982692930365
16608 11131026 -0.8319885507261342 0.007006517736657364 0.3048 -4.113242484253095 -0.1368982692930365
16609 11131026 -0.8015340575340816 0.004526464878481962 0.3048 -4.113242484253095 -0.1368982692930365
16610 11131026 -0.7710795643420291 0.0020464120203065594 0.3048 -4.113242484253095 -0.1368982692930365
16611 11131026 -0.7411152596786752 0.002414006574314759 0.3048 -4.113242484253095 -0.1368982692930365
16612 11131026 -0.7096652483838296 0.0035227862176556994 0.3048 -4.113242484253095 -0.1368982692930365
16613 11131026 -0.6782152370889839 0.004631565860996639 0.3048 -4.113242484253095 -0.1368982692930365
16614 11131026 -0.6599924202158874 0.006034297393205851 0.28956000000000004 -4.113242484253095 -0.1368982692930365
16615 11131026 -0.6417696033427909 0.007437028925415062 0.27432 -4.113242484253095 -0.1368982692930365
16616 11131026 -0.5772907639929106 0.006335199349992132 0.3048 -4.113242484253095 -0.1368982692930365
16617 11131026 -0.5455218962392909 0.011137410189413638 0.3048 -4.113242484253095 -0.1368982692930365
16618 11131026 -0.5299565488398937 0.009845809027655916 0.3048 -4.113242484253095 -0.1368982692930365
16619 11131026 -0.5143912014404965 0.008554207865898195 0.3048 -4.113242484253095 -0.1368982692930365
16620 11131026 -0.4471995189225262 0.014394382520528463 0.3048 -4.113242484253095 -0.1368982692930365
16621 11131026 -0.4165303536690894 0.009041637242394679 0.3048 -4.113242484253095 -0.1368982692930365
16622 11131026 -0.3847529955347759 0.011154604462851658 0.3048 -4.113242484253095 -0.1368982692930365
16623 11131026 -0.35297563740046245 0.013267571683308638 0.3048 -4.113242484253095 -0.1368982692930365
16624 11131026 -0.3179107776644168 0.011852580754833114 0.27432 -4.113242484253095 -0.1368982692930365
16625 11131026 -0.2852404524061144 0.012622552716898994 0.27432 -4.113242484253095 -0.1368982692930365
16626 11131026 -0.25257012714781196 0.013392524678964872 0.27432 -4.113242484253095 -0.1368982692930365
16627 11131026 -0.21918812348501412 0.014981552456344388 0.27432 -4.113242484253095 -0.1368982692930365
16628 11131026 -0.1878078502248105 0.015881533262624287 0.27432 -4.113242484253095 -0.1368982692930365
16629 11131026 -0.15642757696460685 0.016781514068904185 0.27432 -4.113242484253095 -0.1368982692930365
16630 11131026 -0.1237702675745378 0.016154362305969255 0.27432 -4.113242484253095 -0.1368982692930365
16631 11131026 -0.0933644961207104 0.011356379383925058 0.27432 -4.113242484253095 -0.1368982692930365
16632 11131026 -0.0633725469945845 0.011542336464685388 0.27432 -4.113242484253095 -0.1368982692930365
16633 11131026 -0.033380597868458595 0.011728293545445715 0.27432 -4.113242484253095 -0.1368982692930365
16634 11131026 -0.004695488866129528 0.012400030655671648 0.25908000000000003 -4.113242484253095 -0.1368982692930365
16635 11131026 0.02398962013619954 0.01307176776589758 0.24384 -4.113242484253095 -0.1368982692930365
16636 11131026 0.054845712573496234 0.011690606161173608 0.25908000000000003 -4.113242484253095 -0.1368982692930365
16637 11131026 0.08570180501079294 0.010309444556449636 0.27432 -4.113242484253095 -0.1368982692930365
16638 11131026 0.11162886399867612 0.010831558253105528 0.27432 -4.113242484253095 -0.1368982692930365
16639 11131026 0.13755592298655928 0.011353671949761418 0.27432 -4.113242484253095 -0.1368982692930365
16640 11131026 0.16686517413010427 0.011354677495418936 0.27432 -4.113242484253095 -0.1368982692930365
16641 11131026 0.19477650664736254 0.012513641659147923 0.27432 -4.113242484253095 -0.1368982692930365
16642 11131026 0.2174854568780004 0.011342341873053205 0.25908000000000003 -4.113242484253095 -0.1368982692930365
