20599 10979952 2.3119952908819768 4.311583900511058 0.54864 -4.772952055338863 -1.919317596813127
20600 10979952 2.2940763990952817 4.267786805971328 0.54864 -4.772952055338863 -1.919317596813127
20601 10979952 2.276157507308588 4.223989711431597 0.54864 -4.772952055338863 -1.919317596813127
20602 10979952 2.258238615521893 4.1801926168918655 0.54864 -4.772952055338863 -1.919317596813127
20603 10979952 2.2403197237351993 4.136395522352133 0.54864 -4.772952055338863 -1.919317596813127
20604 10979952 2.2224008319485047 4.092598427812401 0.54864 -4.772952055338863 -1.919317596813127
20605 10979952 2.20448194016181 4.048801333272671 0.54864 -4.772952055338863 -1.919317596813127
20606 10979952 2.188448875621567 4.003803979257938 0.54864 -4.772952055338863 -1.919317596813127
20607 10979952 2.172415811081324 3.958806625243205 0.54864 -4.772952055338863 -1.919317596813127
20608 10979952 2.1551797382280715 3.914202328469279 0.57912 -4.772952055338863 -1.919317596813127
20609 10979952 2.1380126130334203 3.8698091640598062 0.57912 -4.772952055338863 -1.919317596813127
20610 10979952 2.1207075034692773 3.8249937780183374 0.57912 -4.772952055338863 -1.919317596813127
20611 10979952 2.1039196807587937 3.781761797751773 0.57912 -4.772952055338863 -1.919317596813127
20612 10979952 2.08713185804831 3.7385298174852086 0.57912 -4.772952055338863 -1.919317596813127
20613 10979952 2.0730259508033635 3.695356212192978 0.57912 -4.772952055338863 -1.919317596813127
20614 10979952 2.054817266903966 3.6525300632534266 0.57912 -4.772952055338863 -1.919317596813127
20615 10979952 2.0366085830045684 3.6097039143138745 0.57912 -4.772952055338863 -1.919317596813127
20616 10979952 2.019694289861408 3.5662212093912418 0.57912 -4.772952055338863 -1.919317596813127
20617 10979952 2.0027799967182482 3.522738504468609 0.57912 -4.772952055338863 -1.919317596813127
20618 10979952 1.984334205196811 3.483669905064743 0.57912 -4.772952055338863 -1.919317596813127
20619 10979952 1.9729720934175623 3.4509320978915623 0.57912 -4.772952055338863 -1.919317596813127
20620 10979952 1.961609981638314 3.418194290718381 0.57912 -4.772952055338863 -1.919317596813127
20621 10979952 1.9417563581938693 3.3696553655316626 0.56896 -4.772952055338863 -1.919317596813127
20622 10979952 1.9219027347494249 3.321116440344944 0.5588 -4.772952055338863 -1.919317596813127
20623 10979952 1.90204911130498 3.2725775151582246 0.54864 -4.772952055338863 -1.919317596813127
20624 10979952 1.8831650787332919 3.2310819365272034 0.54864 -4.772952055338863 -1.919317596813127
20625 10979952 1.8642810461616044 3.1895863578961823 0.54864 -4.772952055338863 -1.919317596813127
20626 10979952 1.8478031640323656 3.1473046234364186 0.54864 -4.772952055338863 -1.919317596813127
20627 10979952 1.8320840204458655 3.107345191949761 0.54864 -4.772952055338863 -1.919317596813127
20628 10979952 1.8142425108439262 3.0655090103661524 0.54864 -4.772952055338863 -1.919317596813127
20629 10979952 1.7964010012419858 3.0236728287825443 0.54864 -4.772952055338863 -1.919317596813127
20630 10979952 1.7798828714436312 2.981404264776764 0.54864 -4.772952055338863 -1.919317596813127
20631 10979952 1.7633647416452765 2.9391357007709824 0.54864 -4.772952055338863 -1.919317596813127
20632 10979952 1.7550856025550918 2.918007980941705 0.54864 -4.772952055338863 -1.919317596813127
20633 10979952 1.7468064634649074 2.896880261112428 0.54864 -4.772952055338863 -1.919317596813127
20634 10979952 1.715245953924328 2.809524430616973 0.54864 -4.772952055338863 -1.919317596813127
20635 10979952 1.6987678132482749 2.76724281955277 0.54864 -4.772952055338863 -1.919317596813127
20636 10979952 1.6822896443730566 2.724961221994854 0.54864 -4.772952055338863 -1.919317596813127
20637 10979952 1.6627152569757695 2.681354726369631 0.54864 -4.772952055338863 -1.919317596813127
20638 10979952 1.643865096817383 2.6399649834050725 0.54864 -4.772952055338863 -1.919317596813127
20639 10979952 1.623363262421175 2.597596159326001 0.5334000000000001 -4.772952055338863 -1.919317596813127
20640 10979952 1.6028614280249671 2.55522733524693 0.5181600000000001 -4.772952055338863 -1.919317596813127
20641 10979952 1.5797985593330677 2.5139873947769367 0.5181600000000001 -4.772952055338863 -1.919317596813127
20642 10979952 1.5567356906411676 2.472747454306944 0.5181600000000001 -4.772952055338863 -1.919317596813127
20643 10979952 1.5327168686489738 2.432929750971666 0.5181600000000001 -4.772952055338863 -1.919317596813127
20644 10979952 1.5044246916955268 2.3957934887644163 0.5181600000000001 -4.772952055338863 -1.919317596813127
20645 10979952 1.4761325147420803 2.358657226557167 0.5181600000000001 -4.772952055338863 -1.919317596813127
20646 10979952 1.4457671595757784 2.32360039053686 0.5334000000000001 -4.772952055338863 -1.919317596813127
20647 10979952 1.4154018044094765 2.2885435545165524 0.54864 -4.772952055338863 -1.919317596813127
20648 10979952 1.382331230564054 2.2539034268362306 0.54864 -4.772952055338863 -1.919317596813127
20649 10979952 1.3477506847212448 2.2227942937147294 0.54864 -4.772952055338863 -1.919317596813127
20650 10979952 1.3256944199185483 2.2023910507632727 0.54864 -4.772952055338863 -1.919317596813127
20651 10979952 1.3036381551158525 2.181987807811816 0.54864 -4.772952055338863 -1.919317596813127
20652 10979952 1.2815818903131562 2.1615845648603598 0.54864 -4.772952055338863 -1.919317596813127
20653 10979952 1.2107370780105526 2.1023704329186685 0.54864 -4.772952055338863 -1.919317596813127
20654 10979952 1.1748053366057152 2.0739229821783107 0.54864 -4.772952055338863 -1.919317596813127
20655 10979952 1.1362854508960851 2.0484243030627747 0.54864 -4.772952055338863 -1.919317596813127
20656 10979952 1.0991971631795925 2.021873824574694 0.54864 -4.772952055338863 -1.919317596813127
20657 10979952 1.0621088754630992 1.9953233460866135 0.54864 -4.772952055338863 -1.919317596813127
20658 10979952 1.026350321692134 1.9690394531796849 0.54864 -4.772952055338863 -1.919317596813127
20659 10979952 0.9894803813904416 1.943703056499883 0.54864 -4.772952055338863 -1.919317596813127
20660 10979952 0.9526104410887488 1.918366659820081 0.54864 -4.772952055338863 -1.919317596813127
20661 10979952 0.9156848371923518 1.8950347196862192 0.54864 -4.772952055338863 -1.919317596813127
20662 10979952 0.878224675845647 1.864634141053949 0.54864 -4.772952055338863 -1.919317596813127
20663 10979952 0.8415085545739699 1.8374176132983082 0.54864 -4.772952055338863 -1.919317596813127
20664 10979952 0.8047924333022927 1.8102010855426665 0.54864 -4.772952055338863 -1.919317596813127
20665 10979952 0.7680763120306155 1.7829845577870251 0.54864 -4.772952055338863 -1.919317596813127
20666 10979952 0.7296229250386093 1.7576990377398571 0.54864 -4.772952055338863 -1.919317596813127
20667 10979952 0.690880454538557 1.7301715082354712 0.54864 -4.772952055338863 -1.919317596813127
20668 10979952 0.6521722400076617 1.7027497293177871 0.54864 -4.772952055338863 -1.919317596813127
20669 10979952 0.6114494096971329 1.6786736294977913 0.54864 -4.772952055338863 -1.919317596813127
20670 10979952 0.5694278450755551 1.6574172683156547 0.54864 -4.772952055338863 -1.919317596813127
20671 10979952 0.5274062804539769 1.636160907133518 0.54864 -4.772952055338863 -1.919317596813127
20672 10979952 0.482229055499645 1.6181561220794844 0.54864 -4.772952055338863 -1.919317596813127
20673 10979952 0.4370518305453131 1.6001513370254508 0.54864 -4.772952055338863 -1.919317596813127
20674 10979952 0.39099218191811264 1.5828441969462848 0.5181600000000001 -4.772952055338863 -1.919317596813127
20675 10979952 0.3458077600352638 1.569573960399104 0.54864 -4.772952055338863 -1.919317596813127
20676 10979952 0.2968446739030307 1.5610440647806374 0.5181600000000001 -4.772952055338863 -1.919317596813127
20677 10979952 0.2491752339983262 1.5564729194010083 0.5181600000000001 -4.772952055338863 -1.919317596813127
20678 10979952 0.20150579409362168 1.5519017740213794 0.5181600000000001 -4.772952055338863 -1.919317596813127
20679 10979952 0.15562352398459356 1.5517122102461236 0.5181600000000001 -4.772952055338863 -1.919317596813127
20680 10979952 0.10884488479456532 1.549596116760486 0.5181600000000001 -4.772952055338863 -1.919317596813127
20681 10979952 0.06285931291263193 1.5494994171687866 0.5181600000000001 -4.772952055338863 -1.919317596813127
20682 10979952 0.016873741030698497 1.5494027175770868 0.5181600000000001 -4.772952055338863 -1.919317596813127
20683 10979952 -0.02454196598459668 1.5558155313503963 0.5181600000000001 -4.772952055338863 -1.919317596813127
20684 10979952 -0.07094376999027198 1.5632745262937875 0.5181600000000001 -4.772952055338863 -1.919317596813127
20685 10979952 -0.1163191501750006 1.5657248861113806 0.5181600000000001 -4.772952055338863 -1.919317596813127
20686 10979952 -0.16002017791626685 1.5686797376538246 0.5181600000000001 -4.772952055338863 -1.919317596813127
20687 10979952 -0.20372120565753304 1.5716345891962686 0.5181600000000001 -4.772952055338863 -1.919317596813127
20688 10979952 -0.2473577608231297 1.5707131983609426 0.5181600000000001 -4.772952055338863 -1.919317596813127
20689 10979952 -0.2892464283735867 1.57459496376323 0.5181600000000001 -4.772952055338863 -1.919317596813127
20690 10979952 -0.3332415852113251 1.581268758058241 0.5181600000000001 -4.772952055338863 -1.919317596813127
20691 10979952 -0.37617596025405375 1.5830393955820068 0.5181600000000001 -4.772952055338863 -1.919317596813127
20692 10979952 -0.4196580382488545 1.5872093710268056 0.5181600000000001 -4.772952055338863 -1.919317596813127
20693 10979952 -0.4631401162436553 1.5913793464716044 0.5181600000000001 -4.772952055338863 -1.919317596813127
20694 10979952 -0.5025997612094251 1.5940007257758084 0.5181600000000001 -4.772952055338863 -1.919317596813127
20695 10979952 -0.5438328174189537 1.5998894522076854 0.5181600000000001 -4.772952055338863 -1.919317596813127
20696 10979952 -0.5784109131464399 1.6036802742462075 0.5181600000000001 -4.772952055338863 -1.919317596813127
20697 10979952 -0.612989008873926 1.6074710962847298 0.5181600000000001 -4.772952055338863 -1.919317596813127
20698 10979952 -0.6475671046014122 1.611261918323252 0.5181600000000001 -4.772952055338863 -1.919317596813127
20699 10979952 -0.7093118434358308 1.6166153420538276 0.5181600000000001 -4.772952055338863 -1.919317596813127
20700 10979952 -0.7487138155645103 1.6196865272795693 0.5181600000000001 -4.772952055338863 -1.919317596813127
20701 10979952 -0.7910617901457799 1.6232541422325524 0.50292 -4.772952055338863 -1.919317596813127
20702 10979952 -0.8334097647270495 1.6268217571855357 0.48768 -4.772952055338863 -1.919317596813127
20703 10979952 -0.8643480004611958 1.6296376538117068 0.48768 -4.772952055338863 -1.919317596813127
20704 10979952 -0.8952862361953421 1.6324535504378783 0.48768 -4.772952055338863 -1.919317596813127
20705 10979952 -0.9476122459882648 1.6357218877247548 0.48768 -4.772952055338863 -1.919317596813127
20706 10979952 -0.9999382557811876 1.6389902250116315 0.48768 -4.772952055338863 -1.919317596813127
20707 10979952 -1.031063172286749 1.641575781281671 0.48768 -4.772952055338863 -1.919317596813127
20708 10979952 -1.0621880887923103 1.64416133755171 0.48768 -4.772952055338863 -1.919317596813127
20709 10979952 -1.11612865876624 1.6469073992417291 0.48768 -4.772952055338863 -1.919317596813127
20710 10979952 -1.1700692287401695 1.6496534609317481 0.48768 -4.772952055338863 -1.919317596813127
20711 10979952 -1.2094469753303023 1.6446572397895174 0.48768 -4.772952055338863 -1.919317596813127
20712 10979952 -1.2539358783197745 1.6416835920038084 0.48768 -4.772952055338863 -1.919317596813127
20713 10979952 -1.284886956464152 1.634281920804538 0.48768 -4.772952055338863 -1.919317596813127
20714 10979952 -1.3158380346085294 1.626880249605268 0.48768 -4.772952055338863 -1.919317596813127
20715 10979952 -1.3716036915432184 1.6050457991429237 0.48768 -4.772952055338863 -1.919317596813127
20716 10979952 -1.4076165802882692 1.5818326961062568 0.48768 -4.772952055338863 -1.919317596813127
20717 10979952 -1.44362946903332 1.55861959306959 0.48768 -4.772952055338863 -1.919317596813127
20718 10979952 -1.472064812542347 1.530065216539546 0.48768 -4.772952055338863 -1.919317596813127
20719 10979952 -1.5003967272572003 1.5018275762653552 0.48768 -4.772952055338863 -1.919317596813127
20720 10979952 -1.5234795138435884 1.4719896600669031 0.48768 -4.772952055338863 -1.919317596813127
20721 10979952 -1.5424327598280545 1.4391650871024946 0.48768 -4.772952055338863 -1.919317596813127
20722 10979952 -1.5613860058125206 1.4063405141380858 0.48768 -4.772952055338863 -1.919317596813127
20723 10979952 -1.5781919789926415 1.3715282569965 0.48768 -4.772952055338863 -1.919317596813127
20724 10979952 -1.5923382779826472 1.3364301332176651 0.4572000000000001 -4.772952055338863 -1.919317596813127
20725 10979952 -1.5996582166825235 1.3186697046489335 0.4572000000000001 -4.772952055338863 -1.919317596813127
20726 10979952 -1.6069781553824 1.3009092760802026 0.4572000000000001 -4.772952055338863 -1.919317596813127
20727 10979952 -1.6323460646802654 1.2315088827879737 0.4572000000000001 -4.772952055338863 -1.919317596813127
20728 10979952 -1.6441545994128048 1.1954123189687098 0.4572000000000001 -4.772952055338863 -1.919317596813127
20729 10979952 -1.652261333586054 1.1578710820074305 0.4572000000000001 -4.772952055338863 -1.919317596813127
20730 10979952 -1.6603680677593031 1.1203298450461507 0.4572000000000001 -4.772952055338863 -1.919317596813127
20731 10979952 -1.6681751489813752 1.0839758387138492 0.4572000000000001 -4.772952055338863 -1.919317596813127
20732 10979952 -1.6759822302034468 1.0476218323815478 0.4572000000000001 -4.772952055338863 -1.919317596813127
20733 10979952 -1.6810084607128049 1.0067360592524708 0.4572000000000001 -4.772952055338863 -1.919317596813127
20734 10979952 -1.6856945165432298 0.9720484151321672 0.4572000000000001 -4.772952055338863 -1.919317596813127
20735 10979952 -1.690380572373655 0.937360771011864 0.4572000000000001 -4.772952055338863 -1.919317596813127
20736 10979952 -1.68956693820495 0.8991214134214331 0.4572000000000001 -4.772952055338863 -1.919317596813127
20737 10979952 -1.6930736438219556 0.8628795894911754 0.4572000000000001 -4.772952055338863 -1.919317596813127
20738 10979952 -1.695193509612586 0.8259893838183191 0.4572000000000001 -4.772952055338863 -1.919317596813127
20739 10979952 -1.697313375403216 0.7890991781454627 0.4572000000000001 -4.772952055338863 -1.919317596813127
20740 10979952 -1.6994332411938464 0.7522089724726063 0.4572000000000001 -4.772952055338863 -1.919317596813127
20741 10979952 -1.7033986695913657 0.7156498956630356 0.4572000000000001 -4.772952055338863 -1.919317596813127
20742 10979952 -1.704853365289208 0.6786200336846296 0.4572000000000001 -4.772952055338863 -1.919317596813127
20743 10979952 -1.7057987265486547 0.6422414733756893 0.4572000000000001 -4.772952055338863 -1.919317596813127
20744 10979952 -1.7067440878081013 0.605862913066749 0.4572000000000001 -4.772952055338863 -1.919317596813127
20745 10979952 -1.7076894490675483 0.5694843527578086 0.4572000000000001 -4.772952055338863 -1.919317596813127
20746 10979952 -1.7073832994130531 0.5342153782742922 0.4470400000000001 -4.772952055338863 -1.919317596813127
20747 10979952 -1.7070771497585586 0.4989464037907759 0.4368800000000001 -4.772952055338863 -1.919317596813127
20748 10979952 -1.7067710001040641 0.4636774293072595 0.42672 -4.772952055338863 -1.919317596813127
20749 10979952 -1.7057833110019012 0.4259655997266103 0.42672 -4.772952055338863 -1.919317596813127
20750 10979952 -1.7058216739533802 0.3932630146378944 0.42672 -4.772952055338863 -1.919317596813127
20751 10979952 -1.702243709078268 0.3542365747850525 0.42672 -4.772952055338863 -1.919317596813127
20752 10979952 -1.6993587026022745 0.3206946216435934 0.42672 -4.772952055338863 -1.919317596813127
20753 10979952 -1.6929298428204336 0.287395586026215 0.42672 -4.772952055338863 -1.919317596813127
20754 10979952 -1.6865009830385926 0.2540965504088366 0.42672 -4.772952055338863 -1.919317596813127
20755 10979952 -1.6745884078456472 0.22262588704582228 0.42672 -4.772952055338863 -1.919317596813127
20756 10979952 -1.661105363825569 0.19052475933279486 0.42672 -4.772952055338863 -1.919317596813127
20757 10979952 -1.641176650597808 0.1591195343384013 0.39624 -4.772952055338863 -1.919317596813127
20758 10979952 -1.6187018187918638 0.13278205594097134 0.39624 -4.772952055338863 -1.919317596813127
20759 10979952 -1.5962269869859196 0.1064445775435414 0.39624 -4.772952055338863 -1.919317596813127
20760 10979952 -1.5761027697113998 0.08514072211402232 0.39624 -4.772952055338863 -1.919317596813127
20761 10979952 -1.5461048752883488 0.06890316810047911 0.39624 -4.772952055338863 -1.919317596813127
20762 10979952 -1.5161069808652978 0.0526656140869359 0.39624 -4.772952055338863 -1.919317596813127
20763 10979952 -1.4859424833356445 0.04169001463396518 0.39624 -4.772952055338863 -1.919317596813127
20764 10979952 -1.4557779858059912 0.03071441518099446 0.39624 -4.772952055338863 -1.919317596813127
20765 10979952 -1.4212732979474745 0.01942952815033813 0.39624 -4.772952055338863 -1.919317596813127
20766 10979952 -1.3881445356709834 0.013443654744025452 0.381 -4.772952055338863 -1.919317596813127
20767 10979952 -1.3550157733944923 0.00745778133771277 0.36576 -4.772952055338863 -1.919317596813127
20768 10979952 -1.322218961043366 0.007247307934236086 0.36576 -4.772952055338863 -1.919317596813127
20769 10979952 -1.287692237826865 0.0055365416606061035 0.36576 -4.772952055338863 -1.919317596813127
20770 10979952 -1.2543584503135017 0.003573526519969089 0.36576 -4.772952055338863 -1.919317596813127
20771 10979952 -1.221024662800138 0.0016105113793320749 0.36576 -4.772952055338863 -1.919317596813127
20772 10979952 -1.1896430475934143 0.0025060685547739488 0.36576 -4.772952055338863 -1.919317596813127
20773 10979952 -1.1582614323866909 0.0034016257302158237 0.36576 -4.772952055338863 -1.919317596813127
20774 10979952 -1.1282966767119007 0.003767586420484109 0.36576 -4.772952055338863 -1.919317596813127
20775 10979952 -1.0962758544021365 0.0020009361541742654 0.36576 -4.772952055338863 -1.919317596813127
20776 10979952 -1.064255032092372 0.0002342858878644216 0.36576 -4.772952055338863 -1.919317596813127
20777 10979952 -1.0347373243074154 0.0008636292822019331 0.36576 -4.772952055338863 -1.919317596813127
20778 10979952 -1.0021479597085707 2.1336920795506087e-05 0.36576 -4.772952055338863 -1.919317596813127
20779 10979952 -0.9730876504320596 0.001968884393791087 0.35052 -4.772952055338863 -1.919317596813127
20780 10979952 -0.9440273411555484 0.003916431866786668 0.33528 -4.772952055338863 -1.919317596813127
20781 10979952 -0.91150711659285 0.002863455202047755 0.33528 -4.772952055338863 -1.919317596813127
20782 10979952 -0.8816574232479579 0.0031512069649568537 0.33528 -4.772952055338863 -1.919317596813127
20783 10979952 -0.8518077299030659 0.003438958727865954 0.33528 -4.772952055338863 -1.919317596813127
20784 10979952 -0.8195507788928487 0.002939792205420372 0.33528 -4.772952055338863 -1.919317596813127
20785 10979952 -0.7879840822309339 0.0003297546654808248 0.33528 -4.772952055338863 -1.919317596813127
20786 10979952 -0.757008566277726 0.002703353831434913 0.33528 -4.772952055338863 -1.919317596813127
20787 10979952 -0.7263522578176578 0.001384383218041768 0.33528 -4.772952055338863 -1.919317596813127
20788 10979952 -0.6956959493575896 6.541260464862364e-05 0.33528 -4.772952055338863 -1.919317596813127
20789 10979952 -0.6658197674326555 0.00034538978131381143 0.33528 -4.772952055338863 -1.919317596813127
20790 10979952 -0.6359435855077212 0.0006253669579789992 0.33528 -4.772952055338863 -1.919317596813127
20791 10979952 -0.6060674035827871 0.0009053441346441873 0.33528 -4.772952055338863 -1.919317596813127
20792 10979952 -0.5763327928192086 0.0011149996141070762 0.33528 -4.772952055338863 -1.919317596813127
20793 10979952 -0.548890794953117 0.002191163805734836 0.32004 -4.772952055338863 -1.919317596813127
20794 10979952 -0.5214487970870254 0.003267327997362596 0.3048 -4.772952055338863 -1.919317596813127
20795 10979952 -0.4967375915493952 0.002782884275613268 0.3048 -4.772952055338863 -1.919317596813127
20796 10979952 -0.4706549225630443 0.009210650289384198 0.3048 -4.772952055338863 -1.919317596813127
20797 10979952 -0.4428680131838275 0.011342747054071513 0.3048 -4.772952055338863 -1.919317596813127
20798 10979952 -0.4150811038046107 0.013474843818758823 0.3048 -4.772952055338863 -1.919317596813127
20799 10979952 -0.3885493081409128 0.010409415582509934 0.3048 -4.772952055338863 -1.919317596813127
20800 10979952 -0.3647096870028364 0.00997664535688622 0.3048 -4.772952055338863 -1.919317596813127
20801 10979952 -0.35154731436016684 0.008127367085961984 0.3048 -4.772952055338863 -1.919317596813127
20802 10979952 -0.3383849417174973 0.006278088815037747 0.3048 -4.772952055338863 -1.919317596813127
20803 10979952 -0.2870234118355528 0.0068963783560026795 0.3048 -4.772952055338863 -1.919317596813127
20804 10979952 -0.2620693039839657 0.008786751689597222 0.3048 -4.772952055338863 -1.919317596813127
20805 10979952 -0.2352375040222856 0.007726778480138834 0.3048 -4.772952055338863 -1.919317596813127
20806 10979952 -0.21114603772831675 0.006978496910724524 0.3048 -4.772952055338863 -1.919317596813127
20807 10979952 -0.18523591085355293 0.007446750457338946 0.3048 -4.772952055338863 -1.919317596813127
20808 10979952 -0.15932578397878916 0.007915004003953369 0.3048 -4.772952055338863 -1.919317596813127
20809 10979952 -0.1350161286705387 0.007562966380272291 0.27432 -4.772952055338863 -1.919317596813127
20810 10979952 -0.10829918369369873 0.006424148831248505 0.27432 -4.772952055338863 -1.919317596813127
20811 10979952 -0.08123725817756661 0.006341024051900125 0.27432 -4.772952055338863 -1.919317596813127
20812 10979952 -0.05417533266143448 0.006257899272551742 0.27432 -4.772952055338863 -1.919317596813127
20813 10979952 -0.02676845853418469 0.007230524918496031 0.27432 -4.772952055338863 -1.919317596813127
20814 10979952 0.0006384155930651003 0.00820315056444032 0.27432 -4.772952055338863 -1.919317596813127
20815 10979952 0.02664198442931953 0.004610862716955294 0.27432 -4.772952055338863 -1.919317596813127
20816 10979952 0.05166473278269757 0.006713446042016374 0.27432 -4.772952055338863 -1.919317596813127
20817 10979952 0.07911724546466736 0.0075546457047961655 0.27432 -4.772952055338863 -1.919317596813127
20818 10979952 0.10336931078796392 0.00716380216116387 0.27432 -4.772952055338863 -1.919317596813127
20819 10979952 0.12762137611126045 0.006772958617531577 0.27432 -4.772952055338863 -1.919317596813127
20820 10979952 0.15193077212175188 0.0064219457558523105 0.27432 -4.772952055338863 -1.919317596813127
20821 10979952 0.1762401681322433 0.006070932894173042 0.27432 -4.772952055338863 -1.919317596813127
20822 10979952 0.1973487779924834 0.0040790308786798355 0.27432 -4.772952055338863 -1.919317596813127
20823 10979952 0.21884960109330887 0.004646091005952507 0.27432 -4.772952055338863 -1.919317596813127
20824 10979952 0.2201138383382795 0.00595920107780711 0.27455627906976743 -4.772952055338863 -1.919317596813127
20825 10979952 0.2213780755832501 0.007272311149661709 0.2747925581395349 -4.772952055338863 -1.919317596813127
20826 10979952 0.22264231282822072 0.008585421221516313 0.2750288372093023 -4.772952055338863 -1.919317596813127
20827 10979952 0.22390655007319127 0.009898531293370913 0.2752651162790698 -4.772952055338863 -1.919317596813127
20828 10979952 0.22517078731816195 0.011211641365225514 0.2755013953488372 -4.772952055338863 -1.919317596813127
20829 10979952 0.22643502456313255 0.012524751437080114 0.27573767441860464 -4.772952055338863 -1.919317596813127
20830 10979952 0.2276992618081032 0.013837861508934715 0.2759739534883721 -4.772952055338863 -1.919317596813127
20831 10979952 0.2289634990530738 0.015150971580789315 0.27621023255813953 -4.772952055338863 -1.919317596813127
20832 10979952 0.23022773629804444 0.016464081652643917 0.27644651162790695 -4.772952055338863 -1.919317596813127
20833 10979952 0.23149197354301504 0.017777191724498518 0.27668279069767443 -4.772952055338863 -1.919317596813127
20834 10979952 0.2327562107879857 0.01909030179635312 0.27691906976744185 -4.772952055338863 -1.919317596813127
20835 10979952 0.2340204480329563 0.020403411868207717 0.2771553488372093 -4.772952055338863 -1.919317596813127
20836 10979952 0.2352846852779269 0.02171652194006232 0.27739162790697675 -4.772952055338863 -1.919317596813127
20837 10979952 0.23654892252289755 0.023029632011916924 0.2776279069767442 -4.772952055338863 -1.919317596813127
20838 10979952 0.2378131597678681 0.024342742083771525 0.27786418604651164 -4.772952055338863 -1.919317596813127
