26067 10520887 4.222507125572815 3.325070275681861 0.6400800000000001 -2.7488114629787064 3.0629300369738885
26068 10520887 4.190369221838829 3.3011579087536624 0.6400800000000001 -2.7488114629787064 3.0629300369738885
26069 10520887 4.158231318104842 3.277245541825464 0.6400800000000001 -2.7488114629787064 3.0629300369738885
26070 10520887 4.126093414370856 3.2533331748972647 0.6400800000000001 -2.7488114629787064 3.0629300369738885
26071 10520887 4.088406406082807 3.227377443427171 0.6400800000000001 -2.7488114629787064 3.0629300369738885
26072 10520887 4.050719397794758 3.2014217119570776 0.6400800000000001 -2.7488114629787064 3.0629300369738885
26073 10520887 4.013032389506709 3.1754659804869836 0.6400800000000001 -2.7488114629787064 3.0629300369738885
26074 10520887 3.971425742372645 3.1467600422441677 0.6339840000000001 -2.7488114629787064 3.0629300369738885
26075 10520887 3.929819095238581 3.1180541040013523 0.6278880000000001 -2.7488114629787064 3.0629300369738885
26076 10520887 3.8882124481045177 3.089348165758536 0.621792 -2.7488114629787064 3.0629300369738885
26077 10520887 3.846605800970454 3.06064222751572 0.615696 -2.7488114629787064 3.0629300369738885
26078 10520887 3.8049991538363903 3.0319362892729043 0.6096 -2.7488114629787064 3.0629300369738885
26079 10520887 3.766466964685912 3.0019934591503854 0.6096 -2.7488114629787064 3.0629300369738885
26080 10520887 3.721061495947653 2.9770982005995936 0.6096 -2.7488114629787064 3.0629300369738885
26081 10520887 3.676244900542823 2.9431326949385017 0.6096 -2.7488114629787064 3.0629300369738885
26082 10520887 3.6417298209458484 2.9216915289865635 0.6096 -2.7488114629787064 3.0629300369738885
26083 10520887 3.5876602564039266 2.88385483626212 0.6096 -2.7488114629787064 3.0629300369738885
26084 10520887 3.5389699769943337 2.8516217316259533 0.6096 -2.7488114629787064 3.0629300369738885
26085 10520887 3.515016345416911 2.838064262957836 0.6096 -2.7488114629787064 3.0629300369738885
26086 10520887 3.4851125084655448 2.8151180894414085 0.6096 -2.7488114629787064 3.0629300369738885
26087 10520887 3.4552086715141783 2.7921719159249814 0.6096 -2.7488114629787064 3.0629300369738885
26088 10520887 3.4128936357684285 2.7645165499997555 0.6096 -2.7488114629787064 3.0629300369738885
26089 10520887 3.3713240538573297 2.7377861340714533 0.57912 -2.7488114629787064 3.0629300369738885
26090 10520887 3.327371229215763 2.705116891275285 0.57912 -2.7488114629787064 3.0629300369738885
26091 10520887 3.270847074747625 2.661132182802544 0.57912 -2.7488114629787064 3.0629300369738885
26092 10520887 3.2398653990847466 2.6392394113109816 0.57912 -2.7488114629787064 3.0629300369738885
26093 10520887 3.2088837234218683 2.61734663981942 0.57912 -2.7488114629787064 3.0629300369738885
26094 10520887 3.1722339514240354 2.58842643229547 0.57912 -2.7488114629787064 3.0629300369738885
26095 10520887 3.1355841794262016 2.559506224771521 0.57912 -2.7488114629787064 3.0629300369738885
26096 10520887 3.0941174495510064 2.5347290750697007 0.57912 -2.7488114629787064 3.0629300369738885
26097 10520887 3.0545559639574424 2.498932932532426 0.57912 -2.7488114629787064 3.0629300369738885
26098 10520887 3.0074909828577425 2.468974842119524 0.57912 -2.7488114629787064 3.0629300369738885
26099 10520887 2.965676119184357 2.4398726141086344 0.57912 -2.7488114629787064 3.0629300369738885
26100 10520887 2.9069454877879464 2.400289827489009 0.57912 -2.7488114629787064 3.0629300369738885
26101 10520887 2.8670206822337096 2.370453908659599 0.57912 -2.7488114629787064 3.0629300369738885
26102 10520887 2.826732280823313 2.34494240814707 0.57912 -2.7488114629787064 3.0629300369738885
26103 10520887 2.8073868382176155 2.3278371342546893 0.57912 -2.7488114629787064 3.0629300369738885
26104 10520887 2.788041395611918 2.3107318603623086 0.57912 -2.7488114629787064 3.0629300369738885
26105 10520887 2.7312475668516485 2.2727370037187593 0.57912 -2.7488114629787064 3.0629300369738885
26106 10520887 2.6934868314696203 2.241377144597337 0.57912 -2.7488114629787064 3.0629300369738885
26107 10520887 2.6510506312196345 2.21201155751115 0.57912 -2.7488114629787064 3.0629300369738885
26108 10520887 2.607605105976128 2.182274804038646 0.57912 -2.7488114629787064 3.0629300369738885
26109 10520887 2.569981476537383 2.1513377981515727 0.57912 -2.7488114629787064 3.0629300369738885
26110 10520887 2.5103149146534944 2.1072727704463605 0.57912 -2.7488114629787064 3.0629300369738885
26111 10520887 2.468024606431415 2.0756405089009307 0.57912 -2.7488114629787064 3.0629300369738885
26112 10520887 2.4250007494821317 2.0444816028444976 0.57912 -2.7488114629787064 3.0629300369738885
26113 10520887 2.387342822361997 2.015074993897096 0.57912 -2.7488114629787064 3.0629300369738885
26114 10520887 2.343781412813956 1.9860779091705356 0.57912 -2.7488114629787064 3.0629300369738885
26115 10520887 2.294840100409325 1.9531137879019842 0.57912 -2.7488114629787064 3.0629300369738885
26116 10520887 2.250195912744907 1.9186295161326916 0.57912 -2.7488114629787064 3.0629300369738885
26117 10520887 2.205060160773704 1.8861751218848852 0.57912 -2.7488114629787064 3.0629300369738885
26118 10520887 2.1580578046258543 1.8564333934082609 0.57912 -2.7488114629787064 3.0629300369738885
26119 10520887 2.1208232305852524 1.8280574988776699 0.57912 -2.7488114629787064 3.0629300369738885
26120 10520887 2.097472311570441 1.8150068962395856 0.57912 -2.7488114629787064 3.0629300369738885
26121 10520887 2.0741213925556297 1.801956293601501 0.57912 -2.7488114629787064 3.0629300369738885
26122 10520887 2.0305578337043606 1.7729609978049183 0.57912 -2.7488114629787064 3.0629300369738885
26123 10520887 1.986642782704416 1.7488704619103363 0.57912 -2.7488114629787064 3.0629300369738885
26124 10520887 1.9331266482820413 1.7182198877235981 0.57912 -2.7488114629787064 3.0629300369738885
26125 10520887 1.867130259041884 1.6792629465252409 0.57912 -2.7488114629787064 3.0629300369738885
26126 10520887 1.8202092609429423 1.653584827832379 0.57912 -2.7488114629787064 3.0629300369738885
26127 10520887 1.7780789485062598 1.6268092220739072 0.57912 -2.7488114629787064 3.0629300369738885
26128 10520887 1.7387746258359484 1.6070546927921137 0.57912 -2.7488114629787064 3.0629300369738885
26129 10520887 1.683777315183049 1.5759545309426806 0.57912 -2.7488114629787064 3.0629300369738885
26130 10520887 1.6344116775256718 1.5485056332227694 0.57912 -2.7488114629787064 3.0629300369738885
26131 10520887 1.5760102711385096 1.5192190233740277 0.57912 -2.7488114629787064 3.0629300369738885
26132 10520887 1.5189188916059675 1.4939441254299926 0.57912 -2.7488114629787064 3.0629300369738885
26133 10520887 1.454599386060846 1.4628531897462609 0.57912 -2.7488114629787064 3.0629300369738885
26134 10520887 1.3962655691863148 1.4337791127896573 0.57912 -2.7488114629787064 3.0629300369738885
26135 10520887 1.348005284332344 1.4137977292540926 0.57912 -2.7488114629787064 3.0629300369738885
26136 10520887 1.2955354255744034 1.391803977480123 0.57912 -2.7488114629787064 3.0629300369738885
26137 10520887 1.2467391704395858 1.3756198264688178 0.57912 -2.7488114629787064 3.0629300369738885
26138 10520887 1.2089615668543252 1.361092982745253 0.57912 -2.7488114629787064 3.0629300369738885
26139 10520887 1.1711839632690646 1.3465661390216883 0.57912 -2.7488114629787064 3.0629300369738885
26140 10520887 1.1236137214416573 1.3303324868400468 0.57912 -2.7488114629787064 3.0629300369738885
26141 10520887 1.0719613043397729 1.3135636970635929 0.57912 -2.7488114629787064 3.0629300369738885
26142 10520887 1.015160432145911 1.2962577770021049 0.57912 -2.7488114629787064 3.0629300369738885
26143 10520887 0.9504060699712276 1.2826026291729469 0.54864 -2.7488114629787064 3.0629300369738885
26144 10520887 0.8842386459644365 1.266255336369847 0.54864 -2.7488114629787064 3.0629300369738885
26145 10520887 0.8396319938507409 1.2574663265543022 0.54864 -2.7488114629787064 3.0629300369738885
26146 10520887 0.7783416784251801 1.2465357727329591 0.54864 -2.7488114629787064 3.0629300369738885
26147 10520887 0.7306979461301418 1.239323967772333 0.54864 -2.7488114629787064 3.0629300369738885
26148 10520887 0.6737097616693999 1.2317782181220276 0.54864 -2.7488114629787064 3.0629300369738885
26149 10520887 0.6106343375801928 1.2251708003728856 0.54864 -2.7488114629787064 3.0629300369738885
26150 10520887 0.5569856476178591 1.2213244672219712 0.54864 -2.7488114629787064 3.0629300369738885
26151 10520887 0.5065459969674395 1.2164296671481103 0.54864 -2.7488114629787064 3.0629300369738885
26152 10520887 0.4574171768469159 1.2155463094901349 0.54864 -2.7488114629787064 3.0629300369738885
26153 10520887 0.3743179795561725 1.2156021450983088 0.54864 -2.7488114629787064 3.0629300369738885
26154 10520887 0.3458137102079195 1.21370307161543 0.54864 -2.7488114629787064 3.0629300369738885
26155 10520887 0.299202991374659 1.214684958266327 0.54864 -2.7488114629787064 3.0629300369738885
26156 10520887 0.2525922725413985 1.215666844917224 0.54864 -2.7488114629787064 3.0629300369738885
26157 10520887 0.16934489296682087 1.2171751972938498 0.54864 -2.7488114629787064 3.0629300369738885
26158 10520887 0.146082762009698 1.218002947847877 0.54864 -2.7488114629787064 3.0629300369738885
26159 10520887 0.12282063105257512 1.2188306984019046 0.54864 -2.7488114629787064 3.0629300369738885
26160 10520887 0.04976882745122757 1.2235502659197937 0.54864 -2.7488114629787064 3.0629300369738885
26161 10520887 0.006548454300907003 1.2271641026322075 0.54864 -2.7488114629787064 3.0629300369738885
26162 10520887 -0.046577279268769985 1.2314460376625709 0.54864 -2.7488114629787064 3.0629300369738885
26163 10520887 -0.09514463209207903 1.231200462434448 0.5181600000000001 -2.7488114629787064 3.0629300369738885
26164 10520887 -0.15120621506392615 1.2349240891737805 0.5181600000000001 -2.7488114629787064 3.0629300369738885
26165 10520887 -0.19966063876434714 1.2439889675742608 0.5181600000000001 -2.7488114629787064 3.0629300369738885
26166 10520887 -0.2534086191638394 1.245554968830514 0.5181600000000001 -2.7488114629787064 3.0629300369738885
26167 10520887 -0.295425802439959 1.248777194872736 0.5181600000000001 -2.7488114629787064 3.0629300369738885
26168 10520887 -0.3595061143003981 1.2592133328774289 0.5181600000000001 -2.7488114629787064 3.0629300369738885
26169 10520887 -0.3836958880846881 1.2612806704078283 0.5181600000000001 -2.7488114629787064 3.0629300369738885
26170 10520887 -0.4344805560125909 1.267837674269179 0.5181600000000001 -2.7488114629787064 3.0629300369738885
26171 10520887 -0.4781602512071972 1.2711372008764132 0.5181600000000001 -2.7488114629787064 3.0629300369738885
26172 10520887 -0.5295589650668213 1.2823354043281832 0.5181600000000001 -2.7488114629787064 3.0629300369738885
26173 10520887 -0.5824762486068706 1.2888897765847156 0.5181600000000001 -2.7488114629787064 3.0629300369738885
26174 10520887 -0.6347462271989801 1.300139988637432 0.54864 -2.7488114629787064 3.0629300369738885
26175 10520887 -0.6707978215537673 1.3066712836831107 0.54864 -2.7488114629787064 3.0629300369738885
26176 10520887 -0.7131641608206716 1.3156182613656753 0.54864 -2.7488114629787064 3.0629300369738885
26177 10520887 -0.786173127377779 1.328627555325134 0.54864 -2.7488114629787064 3.0629300369738885
26178 10520887 -0.8253993034080422 1.3363146505445822 0.54864 -2.7488114629787064 3.0629300369738885
26179 10520887 -0.8564395654178443 1.3435741029813075 0.5334000000000001 -2.7488114629787064 3.0629300369738885
26180 10520887 -0.8874798274276464 1.350833555418033 0.5181600000000001 -2.7488114629787064 3.0629300369738885
26181 10520887 -0.9370912564191964 1.363086234959704 0.5257800000000001 -2.7488114629787064 3.0629300369738885
26182 10520887 -0.9867026854107466 1.3753389145013748 0.5334000000000001 -2.7488114629787064 3.0629300369738885
26183 10520887 -1.0302584801000745 1.38418046422185 0.5410200000000001 -2.7488114629787064 3.0629300369738885
26184 10520887 -1.0738142747894022 1.3930220139423255 0.54864 -2.7488114629787064 3.0629300369738885
26185 10520887 -1.105311202850258 1.401804803312637 0.54864 -2.7488114629787064 3.0629300369738885
26186 10520887 -1.1368081309111135 1.410587592682948 0.54864 -2.7488114629787064 3.0629300369738885
26187 10520887 -1.189382042228886 1.416566886816873 0.54864 -2.7488114629787064 3.0629300369738885
26188 10520887 -1.2135173960731656 1.425863267406288 0.54864 -2.7488114629787064 3.0629300369738885
26189 10520887 -1.2828598180956472 1.4365101687909176 0.54864 -2.7488114629787064 3.0629300369738885
26190 10520887 -1.3473968043918598 1.448273175515139 0.54864 -2.7488114629787064 3.0629300369738885
26191 10520887 -1.3928945841160816 1.4557950511083804 0.5181600000000001 -2.7488114629787064 3.0629300369738885
26192 10520887 -1.4400100801647986 1.4624443262944269 0.54864 -2.7488114629787064 3.0629300369738885
26193 10520887 -1.4779553440141393 1.4672624878093006 0.54864 -2.7488114629787064 3.0629300369738885
26194 10520887 -1.5277752178732602 1.4751475403180436 0.54864 -2.7488114629787064 3.0629300369738885
26195 10520887 -1.574930347530955 1.477604397731614 0.54864 -2.7488114629787064 3.0629300369738885
26196 10520887 -1.5986368963449518 1.4811535756967342 0.54864 -2.7488114629787064 3.0629300369738885
26197 10520887 -1.6223434451589485 1.484702753661854 0.54864 -2.7488114629787064 3.0629300369738885
26198 10520887 -1.690854261044627 1.491108975985218 0.54864 -2.7488114629787064 3.0629300369738885
26199 10520887 -1.741059194046956 1.4937467652897995 0.54864 -2.7488114629787064 3.0629300369738885
26200 10520887 -1.7850561030554102 1.500429587833288 0.54864 -2.7488114629787064 3.0629300369738885
26201 10520887 -1.8456865699825364 1.5051353628222044 0.54864 -2.7488114629787064 3.0629300369738885
26202 10520887 -1.8766035405358819 1.5076853675065591 0.54864 -2.7488114629787064 3.0629300369738885
26203 10520887 -1.9075205110892282 1.5102353721909143 0.54864 -2.7488114629787064 3.0629300369738885
26204 10520887 -1.9789378785356269 1.521334256910429 0.54864 -2.7488114629787064 3.0629300369738885
26205 10520887 -2.019476078850168 1.5250173396259783 0.54864 -2.7488114629787064 3.0629300369738885
26206 10520887 -2.0832029055819734 1.5338345683565775 0.54864 -2.7488114629787064 3.0629300369738885
26207 10520887 -2.1140953540489784 1.5398535990602715 0.54864 -2.7488114629787064 3.0629300369738885
26208 10520887 -2.16174243185423 1.5435267728226132 0.54864 -2.7488114629787064 3.0629300369738885
26209 10520887 -2.2304289187676423 1.556188296746172 0.54864 -2.7488114629787064 3.0629300369738885
26210 10520887 -2.275565668954406 1.5593912773476932 0.54864 -2.7488114629787064 3.0629300369738885
26211 10520887 -2.3235503739662717 1.5593201140909452 0.54864 -2.7488114629787064 3.0629300369738885
26212 10520887 -2.3733123832659797 1.5592466577783668 0.54864 -2.7488114629787064 3.0629300369738885
26213 10520887 -2.4144861649780207 1.5552237654785768 0.5334000000000001 -2.7488114629787064 3.0629300369738885
26214 10520887 -2.4556599466900613 1.5512008731787863 0.5181600000000001 -2.7488114629787064 3.0629300369738885
26215 10520887 -2.5049907939410634 1.5354175801557146 0.5181600000000001 -2.7488114629787064 3.0629300369738885
26216 10520887 -2.554321641192065 1.5196342871326431 0.5181600000000001 -2.7488114629787064 3.0629300369738885
26217 10520887 -2.586637911686684 1.5033947745222678 0.5181600000000001 -2.7488114629787064 3.0629300369738885
26218 10520887 -2.6189541821813025 1.4871552619118928 0.5181600000000001 -2.7488114629787064 3.0629300369738885
26219 10520887 -2.662075231967181 1.4558152579611607 0.5181600000000001 -2.7488114629787064 3.0629300369738885
26220 10520887 -2.700375152881918 1.4202099808967958 0.5181600000000001 -2.7488114629787064 3.0629300369738885
26221 10520887 -2.7409440075978138 1.3858148106425348 0.5181600000000001 -2.7488114629787064 3.0629300369738885
26222 10520887 -2.7745188564071737 1.3429377055258078 0.5181600000000001 -2.7488114629787064 3.0629300369738885
26223 10520887 -2.806529430434184 1.3037551358342936 0.5181600000000001 -2.7488114629787064 3.0629300369738885
26224 10520887 -2.82944311357256 1.259258183098214 0.48768 -2.7488114629787064 3.0629300369738885
26225 10520887 -2.8542200454323154 1.2106972326487977 0.48768 -2.7488114629787064 3.0629300369738885
26226 10520887 -2.8882515932794792 1.1447172485941357 0.48768 -2.7488114629787064 3.0629300369738885
26227 10520887 -2.9072476697182927 1.0975358979448044 0.48768 -2.7488114629787064 3.0629300369738885
26228 10520887 -2.9167629959981625 1.0738924600024224 0.48768 -2.7488114629787064 3.0629300369738885
26229 10520887 -2.940495098788205 1.001386511339093 0.48768 -2.7488114629787064 3.0629300369738885
26230 10520887 -2.9562819543368195 0.9531547569183804 0.48768 -2.7488114629787064 3.0629300369738885
26231 10520887 -2.9683914690073503 0.910730174768186 0.4572000000000001 -2.7488114629787064 3.0629300369738885
26232 10520887 -2.979967164701732 0.8645086213447507 0.4572000000000001 -2.7488114629787064 3.0629300369738885
26233 10520887 -2.994080205547089 0.8159627133309452 0.4572000000000001 -2.7488114629787064 3.0629300369738885
26234 10520887 -3.0070219400369047 0.7601394725399571 0.4572000000000001 -2.7488114629787064 3.0629300369738885
26235 10520887 -3.014543337409637 0.7100202978435646 0.4572000000000001 -2.7488114629787064 3.0629300369738885
26236 10520887 -3.0343340189892443 0.6604115867714881 0.4572000000000001 -2.7488114629787064 3.0629300369738885
26237 10520887 -3.0394073211666286 0.6313414623552538 0.4572000000000001 -2.7488114629787064 3.0629300369738885
26238 10520887 -3.044480623344013 0.6022713379390195 0.4572000000000001 -2.7488114629787064 3.0629300369738885
26239 10520887 -3.057088772281128 0.5427167038197703 0.42672 -2.7488114629787064 3.0629300369738885
26240 10520887 -3.0612157352772145 0.5008634916882262 0.42672 -2.7488114629787064 3.0629300369738885
26241 10520887 -3.0653426982733016 0.4590102795566822 0.42672 -2.7488114629787064 3.0629300369738885
26242 10520887 -3.0657569037641346 0.3934197522899078 0.42672 -3.5990871737214585 -0.11978598563140695
26243 10520887 -3.0585387372670154 0.3625467663192063 0.42672 -3.5990871737214585 -0.11978598563140695
26244 10520887 -3.0513205707698967 0.3316737803485048 0.42672 -3.5990871737214585 -0.11978598563140695
26245 10520887 -3.0413528125442806 0.2986156214860214 0.42672 -3.5990871737214585 -0.11978598563140695
26246 10520887 -3.0273958316661065 0.2554884401224674 0.42672 -3.5990871737214585 -0.11978598563140695
26247 10520887 -3.0015834959936583 0.21899739292469345 0.42672 -3.5990871737214585 -0.11978598563140695
26248 10520887 -2.9772290096575684 0.18999438619366912 0.42672 -3.5990871737214585 -0.11978598563140695
26249 10520887 -2.9488446955231487 0.16434648004560454 0.39624 -3.5990871737214585 -0.11978598563140695
26250 10520887 -2.919856559994076 0.14434339439023403 0.39624 -3.5990871737214585 -0.11978598563140695
26251 10520887 -2.892576756287964 0.124549012730328 0.39624 -3.5990871737214585 -0.11978598563140695
26252 10520887 -2.859695882048449 0.10829663478219573 0.39624 -3.5990871737214585 -0.11978598563140695
26253 10520887 -2.8210942978042244 0.09052285502327248 0.39624 -3.5990871737214585 -0.11978598563140695
26254 10520887 -2.793131392780841 0.0755297449757236 0.39624 -3.5990871737214585 -0.11978598563140695
26255 10520887 -2.7396316577202184 0.05848963901796641 0.39624 -3.5990871737214585 -0.11978598563140695
26256 10520887 -2.7247866829457053 0.05363178530866728 0.39624 -3.5990871737214585 -0.11978598563140695
26257 10520887 -2.6646204362934234 0.039318214358623566 0.36576 -3.5990871737214585 -0.11978598563140695
26258 10520887 -2.6357328297180067 0.029865430238305537 0.36576 -3.5990871737214585 -0.11978598563140695
26259 10520887 -2.601228137695077 0.018574760114594552 0.36576 -3.5990871737214585 -0.11978598563140695
26260 10520887 -2.5692160293418578 0.01324098653249836 0.36576 -3.5990871737214585 -0.11978598563140695
26261 10520887 -2.5410208300430925 0.009477676321663379 0.36576 -3.5990871737214585 -0.11978598563140695
26262 10520887 -2.512825630744328 0.0057143661108284005 0.36576 -3.5990871737214585 -0.11978598563140695
26263 10520887 -2.4623499211531623 0.0004739304632014052 0.36576 -3.5990871737214585 -0.11978598563140695
26264 10520887 -2.4232703660179924 -0.002264247238862121 0.36576 -3.5990871737214585 -0.11978598563140695
26265 10520887 -2.3908043698901675 -0.0021372939168144145 0.36576 -3.5990871737214585 -0.11978598563140695
26266 10520887 -2.358338414632572 -0.0020101921666771105 0.36576 -3.5990871737214585 -0.11978598563140695
26267 10520887 -2.3195779637584764 -0.003007639975349391 0.36576 -3.5990871737214585 -0.11978598563140695
26268 10520887 -2.295702138101043 -0.0033413124249515873 0.36576 -3.5990871737214585 -0.11978598563140695
26269 10520887 -2.2718263124436096 -0.0036749848745537828 0.36576 -3.5990871737214585 -0.11978598563140695
26270 10520887 -2.2362066616799403 -0.0034107511412680147 0.36576 -3.5990871737214585 -0.11978598563140695
26271 10520887 -2.201131709585037 0.0017055062543609167 0.36576 -3.5990871737214585 -0.11978598563140695
26272 10520887 -2.1695321730812545 -0.003257851701870568 0.36576 -3.5990871737214585 -0.11978598563140695
26273 10520887 -2.141479896471824 -0.0016858830286237414 0.36576 -3.5990871737214585 -0.11978598563140695
26274 10520887 -2.102892383893087 -0.003209871196515862 0.36576 -3.5990871737214585 -0.11978598563140695
26275 10520887 -2.0667039384466124 -0.006636166779688063 0.36576 -3.5990871737214585 -0.11978598563140695
26276 10520887 -2.0367230381426618 -0.003241102127820833 0.36576 -3.5990871737214585 -0.11978598563140695
26277 10520887 -1.9954044856462585 -0.003204322312642588 0.36576 -3.5990871737214585 -0.11978598563140695
26278 10520887 -1.9625377994578024 -0.003206662048867687 0.36576 -3.5990871737214585 -0.11978598563140695
26279 10520887 -1.9263494907029528 -0.006632240474602785 0.36576 -3.5990871737214585 -0.11978598563140695
26280 10520887 -1.8976760394151675 -0.003159485397862177 0.36576 -3.5990871737214585 -0.11978598563140695
26281 10520887 -1.8586035846829252 -0.0015693640546266265 0.36576 -3.5990871737214585 -0.11978598563140695
26282 10520887 -1.8279307620066427 -0.004475527135626517 0.33528 -3.5990871737214585 -0.11978598563140695
26283 10520887 -1.799913431258729 -0.003007756915431453 0.33528 -3.5990871737214585 -0.11978598563140695
26284 10520887 -1.7626335807099351 -0.004452812034499792 0.33528 -3.5990871737214585 -0.11978598563140695
26285 10520887 -1.7321875584336273 -0.005064452652668444 0.33528 -3.5990871737214585 -0.11978598563140695
26286 10520887 -1.6927458824505226 -0.001257497211715447 0.33528 -3.5990871737214585 -0.11978598563140695
26287 10520887 -1.6658698366666342 -0.0049073807390069 0.33528 -3.5990871737214585 -0.11978598563140695
26288 10520887 -1.6408072520948749 -0.004867748713490522 0.33528 -3.5990871737214585 -0.11978598563140695
26289 10520887 -1.615744667523115 -0.004828116687974143 0.33528 -3.5990871737214585 -0.11978598563140695
26290 10520887 -1.580969476022416 -7.850359433728138e-05 0.33528 -3.5990871737214585 -0.11978598563140695
26291 10520887 -1.5475182913174157 8.024627964273168e-05 0.33528 -3.5990871737214585 -0.11978598563140695
26292 10520887 -1.5170594871702443 0.0008673237023538449 0.33528 -3.5990871737214585 -0.11978598563140695
26293 10520887 -1.4690900170000551 0.0014189026409649752 0.33528 -3.5990871737214585 -0.11978598563140695
26294 10520887 -1.4501521922493543 0.0006581596744776043 0.33528 -3.5990871737214585 -0.11978598563140695
26295 10520887 -1.4312143674986535 -0.0001025832920097669 0.33528 -3.5990871737214585 -0.11978598563140695
26296 10520887 -1.3816522814500405 -0.0006555279521834045 0.33528 -3.5990871737214585 -0.11978598563140695
26297 10520887 -1.3533593632357759 0.001658387398582789 0.33528 -3.5990871737214585 -0.11978598563140695
26298 10520887 -1.3167229343594615 -0.00039194805638867464 0.33528 -3.5990871737214585 -0.11978598563140695
26299 10520887 -1.286309249303099 0.0013454769105435136 0.33528 -3.5990871737214585 -0.11978598563140695
26300 10520887 -1.2530879706545914 0.001347000826893846 0.33528 -3.5990871737214585 -0.11978598563140695
26301 10520887 -1.2200496415774846 0.0018758417216379886 0.33528 -3.5990871737214585 -0.11978598563140695
26302 10520887 -1.1637318588477006 0.002970636327684989 0.33528 -3.5990871737214585 -0.11978598563140695
26303 10520887 -1.1471134895756383 0.0048969127499437215 0.33528 -3.5990871737214585 -0.11978598563140695
26304 10520887 -1.1084668395601047 0.006279471465535619 0.33528 -3.5990871737214585 -0.11978598563140695
26305 10520887 -1.0587932308507424 0.003355390211979697 0.33528 -3.5990871737214585 -0.11978598563140695
26306 10520887 -1.0170750257504626 0.003266664646675549 0.33528 -3.5990871737214585 -0.11978598563140695
