30058 11135534 4.8822862887042495 -1.632204935992304 0.8001 -3.5990871737214585 -0.11978598563140695
30059 11135534 4.8938789933364335 -1.6810714692841104 0.80772 -3.5990871737214585 -0.11978598563140695
30060 11135534 4.901620142198539 -1.7254115075374543 0.80772 -3.5990871737214585 -0.11978598563140695
30061 11135534 4.916186368398871 -1.8114566114746349 0.80772 -3.5990871737214585 -0.11978598563140695
30062 11135534 4.9217847964036 -1.8514768814771327 0.8153400000000001 -3.5990871737214585 -0.11978598563140695
30063 11135534 4.926007842001347 -1.8895885785765107 0.8153400000000001 -3.5990871737214585 -0.11978598563140695
30064 11135534 4.930230887599093 -1.9277002756758883 0.8153400000000001 -3.5990871737214585 -0.11978598563140695
30065 11135534 4.932010067159809 -1.973308110600684 0.8153400000000001 -3.5990871737214585 -0.11978598563140695
30066 11135534 4.933789246720523 -2.0189159455254795 0.8153400000000001 -3.5990871737214585 -0.11978598563140695
30067 11135534 4.928881596187657 -2.0720965368680884 0.8153400000000001 -3.5990871737214585 -0.11978598563140695
30068 11135534 4.928344323522554 -2.1200442848277166 0.80772 -3.5990871737214585 -0.11978598563140695
30069 11135534 4.921679484736602 -2.169537130315336 0.80772 -3.5990871737214585 -0.11978598563140695
30070 11135534 4.9150146459506505 -2.2190299758029552 0.80772 -3.5990871737214585 -0.11978598563140695
30071 11135534 4.9083498071647 -2.268522821290574 0.80772 -3.5990871737214585 -0.11978598563140695
30072 11135534 4.885104622023603 -2.388843093463015 0.80772 -3.5990871737214585 -0.11978598563140695
30073 11135534 4.867548645562905 -2.442688561193453 0.80772 -3.5990871737214585 -0.11978598563140695
30074 11135534 4.849889399988882 -2.4968507620791356 0.80772 -3.5990871737214585 -0.11978598563140695
30075 11135534 4.830612252357444 -2.5559751862952766 0.80772 -3.5990871737214585 -0.11978598563140695
30076 11135534 4.807804080019876 -2.608224993105446 0.80772 -3.5990871737214585 -0.11978598563140695
30077 11135534 4.782356209527881 -2.6712944205663898 0.80772 -3.5990871737214585 -0.11978598563140695
30078 11135534 4.755339310486911 -2.721471150120184 0.80772 -3.5990871737214585 -0.11978598563140695
30079 11135534 4.731202817011994 -2.7600890803197795 0.8115300000000001 -3.5990871737214585 -0.11978598563140695
30080 11135534 4.707066323537076 -2.7987070105193745 0.8153400000000001 -3.5990871737214585 -0.11978598563140695
30081 11135534 4.668843361134104 -2.8532893336639336 0.8153400000000001 -3.5990871737214585 -0.11978598563140695
30082 11135534 4.629382785675405 -2.8994086010508413 0.81915 -3.5990871737214585 -0.11978598563140695
30083 11135534 4.589922210216707 -2.945527868437748 0.82296 -3.5990871737214585 -0.11978598563140695
30084 11135534 4.556541295877013 -2.9825330376738592 0.82296 -3.5990871737214585 -0.11978598563140695
30085 11135534 4.510680442384478 -3.0278500323408775 0.82296 -3.5990871737214585 -0.11978598563140695
30086 11135534 4.440100460591268 -3.0890514298777663 0.82296 -3.5990871737214585 -0.11978598563140695
30087 11135534 4.400765740467948 -3.1279694287382327 0.82296 -3.5990871737214585 -0.11978598563140695
30088 11135534 4.373879345929572 -3.1423295094298083 0.8305800000000001 -3.5990871737214585 -0.11978598563140695
30089 11135534 4.2948909233988415 -3.2020731856328246 0.8305800000000001 -3.5990871737214585 -0.11978598563140695
30090 11135534 4.2597150717866965 -3.2285056006805917 0.8324850000000001 -3.5990871737214585 -0.11978598563140695
30091 11135534 4.224539220174554 -3.254938015728357 0.8343900000000001 -3.5990871737214585 -0.11978598563140695
30092 11135534 4.15330350545445 -3.3083318588928936 0.8382000000000001 -3.5990871737214585 -0.11978598563140695
30093 11135534 4.1199450188815465 -3.3335460951190115 0.8343900000000001 -3.5990871737214585 -0.11978598563140695
30094 11135534 4.086586532308646 -3.358760331345129 0.8305800000000001 -3.5990871737214585 -0.11978598563140695
30095 11135534 4.042869026564277 -3.3920431065163723 0.8305800000000001 -3.5990871737214585 -0.11978598563140695
30096 11135534 3.986773704409464 -3.4333200131759236 0.8305800000000001 -3.5990871737214585 -0.11978598563140695
30097 11135534 3.936551331897092 -3.4702045162337787 0.8382000000000001 -3.5990871737214585 -0.11978598563140695
30098 11135534 3.8862596798389064 -3.507299844881477 0.8382000000000001 -3.5990871737214585 -0.11978598563140695
30099 11135534 3.8309892910194394 -3.546041785814113 0.8382000000000001 -3.5990871737214585 -0.11978598563140695
30100 11135534 3.773423698451155 -3.588006326579712 0.8305800000000001 -3.5990871737214585 -0.11978598563140695
30101 11135534 3.6946923469553066 -3.6425739985025847 0.8382000000000001 -3.5990871737214585 -0.11978598563140695
30102 11135534 3.643641513732119 -3.680355235116517 0.8382000000000001 -3.5990871737214585 -0.11978598563140695
30103 11135534 3.600736006873741 -3.7100467725881487 0.8382000000000001 -3.5990871737214585 -0.11978598563140695
30104 11135534 3.573093169252227 -3.7321596009766087 0.8382000000000001 -3.5990871737214585 -0.11978598563140695
30105 11135534 3.545450331630713 -3.7542724293650687 0.8382000000000001 -3.5990871737214585 -0.11978598563140695
30106 11135534 3.4696191731824686 -3.804294755373564 0.8305800000000001 -3.5990871737214585 -0.11978598563140695
30107 11135534 3.4206554922370422 -3.8362146971968607 0.8382000000000001 -3.5990871737214585 -0.11978598563140695
30108 11135534 3.3654335753555427 -3.8698891876876544 0.8382000000000001 -3.5990871737214585 -0.11978598563140695
30109 11135534 3.310211658474043 -3.903563678178448 0.8382000000000001 -3.5990871737214585 -0.11978598563140695
30110 11135534 3.255637789618537 -3.934704192252284 0.8382000000000001 -3.5990871737214585 -0.11978598563140695
30111 11135534 3.2011668099948523 -3.965527588236105 0.8382000000000001 -3.5990871737214585 -0.11978598563140695
30112 11135534 3.115261673897457 -4.009925279073077 0.8458200000000001 -3.5990871737214585 -0.11978598563140695
30113 11135534 3.0573029302713977 -4.03890935180175 0.8458200000000001 -3.5990871737214585 -0.11978598563140695
30114 11135534 2.9907869186320277 -4.065802298557744 0.8458200000000001 -3.5990871737214585 -0.11978598563140695
30115 11135534 2.924165928433073 -4.097099321354535 0.8458200000000001 -3.5990871737214585 -0.11978598563140695
30116 11135534 2.867480364346437 -4.121358123500445 0.8458200000000001 -3.5990871737214585 -0.11978598563140695
30117 11135534 2.8196686243942453 -4.140743786728567 0.8477250000000001 -3.5990871737214585 -0.11978598563140695
30118 11135534 2.771856884442053 -4.160129449956688 0.8496300000000001 -3.5990871737214585 -0.11978598563140695
30119 11135534 2.71744858272316 -4.179581794016569 0.8477250000000001 -3.5990871737214585 -0.11978598563140695
30120 11135534 2.6630402810042657 -4.199034138076448 0.8458200000000001 -3.5990871737214585 -0.11978598563140695
30121 11135534 2.606203769207121 -4.22347587192751 0.8458200000000001 -3.5990871737214585 -0.11978598563140695
30122 11135534 2.5231932332874147 -4.252576549022425 0.8458200000000001 -3.5990871737214585 -0.11978598563140695
30123 11135534 2.4806206458035445 -4.267537580380416 0.8458200000000001 -3.5990871737214585 -0.11978598563140695
30124 11135534 2.4380480583196737 -4.282498611738403 0.8458200000000001 -3.5990871737214585 -0.11978598563140695
30125 11135534 2.361478151829245 -4.309143919863591 0.8458200000000001 -3.5990871737214585 -0.11978598563140695
30126 11135534 2.2998564925449427 -4.331905671576228 0.8458200000000001 -3.5990871737214585 -0.11978598563140695
30127 11135534 2.2439260290947214 -4.349749133059989 0.8382000000000001 -3.5990871737214585 -0.11978598563140695
30128 11135534 2.153954068676297 -4.38042983068598 0.8382000000000001 -3.5990871737214585 -0.11978598563140695
30129 11135534 2.0830169074466265 -4.4001501997151085 0.8382000000000001 -3.5990871737214585 -0.11978598563140695
30130 11135534 2.0216015505621643 -4.418188198844658 0.8382000000000001 -3.5990871737214585 -0.11978598563140695
30131 11135534 1.9621706997281851 -4.435588524076421 0.8305800000000001 -3.5990871737214585 -0.11978598563140695
30132 11135534 1.873357085679428 -4.45998627198817 0.8305800000000001 -3.5990871737214585 -0.11978598563140695
30133 11135534 1.8097632673716495 -4.471354377410349 0.8305800000000001 -3.5990871737214585 -0.11978598563140695
30134 11135534 1.7496771706370928 -4.489123559725122 0.8382000000000001 -3.5990871737214585 -0.11978598563140695
30135 11135534 1.684738552380433 -4.505425314930588 0.8382000000000001 -3.5990871737214585 -0.11978598563140695
30136 11135534 1.6503782045075268 -4.515557815449341 0.8382000000000001 -3.5990871737214585 -0.11978598563140695
30137 11135534 1.6160178566346206 -4.525690315968094 0.8382000000000001 -3.5990871737214585 -0.11978598563140695
30138 11135534 1.5544418982298147 -4.543526650402235 0.8382000000000001 -3.5990871737214585 -0.11978598563140695
30139 11135534 1.492865939825009 -4.561362984836374 0.8382000000000001 -3.5990871737214585 -0.11978598563140695
30140 11135534 1.4234984450020058 -4.575165871817801 0.8382000000000001 -3.5990871737214585 -0.11978598563140695
30141 11135534 1.3267437707170455 -4.593928931222597 0.8382000000000001 -3.5990871737214585 -0.11978598563140695
30142 11135534 1.289786836911281 -4.60370901533076 0.8382000000000001 -3.5652095705626183 0.5070087616291357
30143 11135534 1.2023600505644978 -4.61839001806716 0.8382000000000001 -3.5652095705626183 0.5070087616291357
30144 11135534 1.1696278941142988 -4.62067076459505 0.8382000000000001 -3.5652095705626183 0.5070087616291357
30145 11135534 1.0745358906245817 -4.637053431871734 0.8382000000000001 -3.5652095705626183 0.5070087616291357
30146 11135534 1.0113075725485956 -4.6429279092154285 0.8382000000000001 -3.5652095705626183 0.5070087616291357
30147 11135534 0.9679156295129284 -4.6479187733590335 0.8382000000000001 -3.5652095705626183 0.5070087616291357
30148 11135534 0.9245236864772616 -4.652909637502635 0.8382000000000001 -3.5652095705626183 0.5070087616291357
30149 11135534 0.8916633376835061 -4.658301523654527 0.8382000000000001 -3.5652095705626183 0.5070087616291357
30150 11135534 0.7969039375575879 -4.670934710074586 0.8382000000000001 -3.5652095705626183 0.5070087616291357
30151 11135534 0.7634957078116464 -4.66983899908338 0.8382000000000001 -3.5652095705626183 0.5070087616291357
30152 11135534 0.6785921772569394 -4.6794976087948585 0.8382000000000001 -3.5652095705626183 0.5070087616291357
30153 11135534 0.6073975219830414 -4.690711441030391 0.8382000000000001 -3.5652095705626183 0.5070087616291357
30154 11135534 0.5326357710216751 -4.699241178123397 0.8382000000000001 -3.5652095705626183 0.5070087616291357
30155 11135534 0.4526766200340602 -4.7073579814673385 0.8382000000000001 -3.5652095705626183 0.5070087616291357
30156 11135534 0.41792338735850176 -4.710377586188597 0.8382000000000001 -3.5652095705626183 0.5070087616291357
30157 11135534 0.3244021723239017 -4.7192042706021935 0.8382000000000001 -3.5652095705626183 0.5070087616291357
30158 11135534 0.3072028259179356 -4.7215310336547915 0.8382000000000001 -3.5652095705626183 0.5070087616291357
30159 11135534 0.2900034795119695 -4.723857796707388 0.8382000000000001 -3.5652095705626183 0.5070087616291357
30160 11135534 0.20068103991592368 -4.732068400195674 0.8382000000000001 -3.5652095705626183 0.5070087616291357
30161 11135534 0.1088112914201762 -4.739913342769537 0.8305800000000001 -3.5652095705626183 0.5070087616291357
30162 11135534 0.04055456634803445 -4.744839018420012 0.8305800000000001 -3.5652095705626183 0.5070087616291357
30163 11135534 -0.010916465519405949 -4.74870478858575 0.8305800000000001 -3.5652095705626183 0.5070087616291357
30164 11135534 -0.0839348198601162 -4.753242355658872 0.82296 -3.5652095705626183 0.5070087616291357
30165 11135534 -0.17069009925585246 -4.763105231728853 0.82296 -3.5652095705626183 0.5070087616291357
30166 11135534 -0.2389478783302628 -4.768028234265191 0.82296 -3.5652095705626183 0.5070087616291357
