30156 10801356 0.5122849083317015 0.005720522649987125 0.27432 -3.5652095705626183 0.5070087616291357
30157 10801356 0.5281444369978359 0.00696358534049682 0.27432 -3.5652095705626183 0.5070087616291357
30158 10801356 0.5614590468067405 0.007267438255324075 0.27432 -3.5652095705626183 0.5070087616291357
30159 10801356 0.5947736566156453 0.00757129117015133 0.27432 -3.5652095705626183 0.5070087616291357
30160 10801356 0.6280882664245501 0.007875144084978586 0.27432 -3.5652095705626183 0.5070087616291357
30161 10801356 0.6614028762334547 0.008178996999805841 0.27432 -3.5652095705626183 0.5070087616291357
30162 10801356 0.6947174860423594 0.008482849914633096 0.27432 -3.5652095705626183 0.5070087616291357
30163 10801356 0.728032095851264 0.00878670282946035 0.27432 -3.5652095705626183 0.5070087616291357
30164 10801356 0.7613467056601688 0.009090555744287606 0.27432 -3.5652095705626183 0.5070087616291357
30165 10801356 0.7946613154690736 0.00939440865911486 0.27432 -3.5652095705626183 0.5070087616291357
30166 10801356 0.8279759252779783 0.009698261573942116 0.27432 -3.5652095705626183 0.5070087616291357
30167 10801356 0.8440062737452334 0.009834696831350591 0.3048 -3.5652095705626183 0.5070087616291357
30168 10801356 0.8846011157867316 0.011221778818579248 0.3048 -3.5652095705626183 0.5070087616291357
30169 10801356 0.9251959578282298 0.012608860805807906 0.3048 -3.5652095705626183 0.5070087616291357
30170 10801356 0.965790799869728 0.013995942793036564 0.3048 -3.5652095705626183 0.5070087616291357
30171 10801356 1.0063856419112265 0.015383024780265224 0.3048 -3.5652095705626183 0.5070087616291357
30172 10801356 1.0469804839527244 0.01677010676749388 0.3048 -3.5652095705626183 0.5070087616291357
30173 10801356 1.085585870278773 0.018955918543222244 0.31496 -3.5652095705626183 0.5070087616291357
30174 10801356 1.124191256604822 0.021141730318950603 0.32511999999999996 -3.5652095705626183 0.5070087616291357
30175 10801356 1.1627966429308707 0.02332754209467897 0.33528 -3.5652095705626183 0.5070087616291357
30176 10801356 1.1921068632968386 0.026058099397201863 0.33528 -3.5652095705626183 0.5070087616291357
30177 10801356 1.2214170836628062 0.028788656699724764 0.33528 -3.5652095705626183 0.5070087616291357
30178 10801356 1.2507273040287743 0.031519214002247664 0.33528 -3.5652095705626183 0.5070087616291357
30179 10801356 1.28975728184622 0.02975084111286608 0.33528 -3.5652095705626183 0.5070087616291357
30180 10801356 1.3401901815871593 0.03488880675210988 0.33528 -3.5652095705626183 0.5070087616291357
30181 10801356 1.3708102608775268 0.04135875210869737 0.33528 -3.5652095705626183 0.5070087616291357
30182 10801356 1.403993560689258 0.041267144950632925 0.33528 -3.5652095705626183 0.5070087616291357
30183 10801356 1.4358277903424768 0.046289303725118185 0.33528 -3.5652095705626183 0.5070087616291357
30184 10801356 1.4791956679229952 0.04964704155509258 0.36576 -3.5652095705626183 0.5070087616291357
30185 10801356 1.5139304022018094 0.054306190710325615 0.36576 -3.5652095705626183 0.5070087616291357
30186 10801356 1.553686517090742 0.05802628550108796 0.36576 -3.5652095705626183 0.5070087616291357
30187 10801356 1.5752543397176677 0.057991043683390066 0.36576 -3.5652095705626183 0.5070087616291357
30188 10801356 1.5968221623445928 0.057955801865692165 0.36576 -3.5652095705626183 0.5070087616291357
30189 10801356 1.6521144871127909 0.06139164315319215 0.36576 -3.5652095705626183 0.5070087616291357
30190 10801356 1.6889446187730224 0.06268021179619768 0.36576 -3.5652095705626183 0.5070087616291357
30191 10801356 1.7233579446578329 0.06744521309656012 0.36576 -3.5652095705626183 0.5070087616291357
30192 10801356 1.7632396067666216 0.07100849862516798 0.36576 -3.5652095705626183 0.5070087616291357
30193 10801356 1.7851727614097486 0.06910214609067905 0.39624 -3.5652095705626183 0.5070087616291357
30194 10801356 1.8481720730645397 0.0757465282936843 0.39624 -3.5652095705626183 0.5070087616291357
30195 10801356 1.881538314381885 0.07594763106854749 0.39624 -3.5652095705626183 0.5070087616291357
30196 10801356 1.9159857100329192 0.08081912340501121 0.39624 -3.5652095705626183 0.5070087616291357
30197 10801356 1.9510523774449264 0.08595580187952376 0.39624 -3.5652095705626183 0.5070087616291357
30198 10801356 1.9905661938470458 0.08893939088971145 0.39624 -3.5652095705626183 0.5070087616291357
30199 10801356 2.035972699195179 0.09093340155119664 0.39624 -3.5652095705626183 0.5070087616291357
30200 10801356 2.0749822867506404 0.09454934685219847 0.39624 -3.5652095705626183 0.5070087616291357
30201 10801356 2.1053481793823305 0.1005208190841456 0.39624 -3.5652095705626183 0.5070087616291357
30202 10801356 2.1481860656846092 0.1025365014291458 0.39624 -3.5652095705626183 0.5070087616291357
30203 10801356 2.1903593217504533 0.10523672355773114 0.42672 -3.5652095705626183 0.5070087616291357
30204 10801356 2.231922413075562 0.11286772048525387 0.42672 -3.5652095705626183 0.5070087616291357
30205 10801356 2.2734855044006714 0.1204987174127766 0.42672 -3.5652095705626183 0.5070087616291357
30206 10801356 2.3123108658787785 0.1238254670662278 0.42672 -3.5652095705626183 0.5070087616291357
30207 10801356 2.3643375671052835 0.13358930886190282 0.42672 -3.5652095705626183 0.5070087616291357
30208 10801356 2.403162704704183 0.13691655212044093 0.42672 -3.5652095705626183 0.5070087616291357
30209 10801356 2.4276588847125686 0.14503933082314527 0.42672 -3.5652095705626183 0.5070087616291357
30210 10801356 2.476909476909583 0.15337388276521072 0.42672 -3.5652095705626183 0.5070087616291357
30211 10801356 2.5136151930247097 0.15973000655116962 0.4572000000000001 -3.5652095705626183 0.5070087616291357
30212 10801356 2.5544266094932064 0.16778308717560378 0.4572000000000001 -3.5652095705626183 0.5070087616291357
30213 10801356 2.613562051829372 0.1791992867728078 0.4572000000000001 -3.5652095705626183 0.5070087616291357
30214 10801356 2.653663341139921 0.18888648915129155 0.4572000000000001 -3.5652095705626183 0.5070087616291357
30215 10801356 2.6962622290858773 0.1958893760635377 0.4572000000000001 -3.5652095705626183 0.5070087616291357
30216 10801356 2.7121725417403484 0.19893077013909147 0.4572000000000001 -3.5652095705626183 0.5070087616291357
30217 10801356 2.7280828543948195 0.20197216421464526 0.4572000000000001 -3.5652095705626183 0.5070087616291357
30218 10801356 2.7673576676299483 0.2107615144790511 0.4572000000000001 -3.5652095705626183 0.5070087616291357
30219 10801356 2.8091882349852075 0.2181325976379508 0.48768 -3.5652095705626183 0.5070087616291357
30220 10801356 2.849712178800795 0.2263977026920668 0.48768 -3.5652095705626183 0.5070087616291357
30221 10801356 2.8869584465468288 0.23713479202398374 0.48768 -3.5652095705626183 0.5070087616291357
30222 10801356 2.940622052275637 0.24648447978923255 0.48768 -3.5652095705626183 0.5070087616291357
30223 10801356 2.9553461851017997 0.2507896407272188 0.48768 -3.5652095705626183 0.5070087616291357
30224 10801356 3.0131520851942843 0.2660301979198584 0.48768 -3.5652095705626183 0.5070087616291357
30225 10801356 3.0546042542989262 0.2746941222905721 0.48768 -3.5652095705626183 0.5070087616291357
30226 10801356 3.0916785059514256 0.2865395316110453 0.5181600000000001 -3.5652095705626183 0.5070087616291357
30227 10801356 3.132167010964288 0.2947006571137151 0.5181600000000001 -3.5652095705626183 0.5070087616291357
30228 10801356 3.1745614433646723 0.3076133838215064 0.5181600000000001 -3.5652095705626183 0.5070087616291357
30229 10801356 3.2270717808063965 0.3270369340991837 0.5181600000000001 -3.5652095705626183 0.5070087616291357
30230 10801356 3.242553574862804 0.33366518396516953 0.5181600000000001 -3.5652095705626183 0.5070087616291357
30231 10801356 3.297978638787097 0.35821213623096315 0.5181600000000001 -3.5652095705626183 0.5070087616291357
30232 10801356 3.3330512216372954 0.3797065791131491 0.5181600000000001 -3.5652095705626183 0.5070087616291357
30233 10801356 3.3576013051133518 0.3957576260147193 0.5334000000000001 -3.5652095705626183 0.5070087616291357
30234 10801356 3.382151388589409 0.4118086729162896 0.54864 -3.5652095705626183 0.5070087616291357
30235 10801356 3.4319511891334398 0.4449675625549637 0.54864 -3.5652095705626183 0.5070087616291357
30236 10801356 3.4533336142559468 0.4657323181836798 0.54864 -3.5652095705626183 0.5070087616291357
30237 10801356 3.4747160393784533 0.4864970738123958 0.54864 -3.5652095705626183 0.5070087616291357
30238 10801356 3.50331544398482 0.5174056281671714 0.54864 -3.5652095705626183 0.5070087616291357
30239 10801356 3.5319148485911858 0.5483141825219471 0.54864 -3.5652095705626183 0.5070087616291357
30240 10801356 3.5567184942877614 0.5780669454116251 0.54864 -3.5652095705626183 0.5070087616291357
30241 10801356 3.581522139984336 0.6078197083013032 0.54864 -3.5652095705626183 0.5070087616291357
30242 10801356 3.5910221540540754 0.6206059866186631 0.54864 -3.5652095705626183 0.5070087616291357
30243 10801356 3.630848096142508 0.6773463998299235 0.57912 -3.5652095705626183 0.5070087616291357
30244 10801356 3.6578908135672767 0.7139614503143118 0.57912 -3.5652095705626183 0.5070087616291357
30245 10801356 3.6873404370854432 0.7497910168807647 0.57912 -3.5652095705626183 0.5070087616291357
30246 10801356 3.708397334224125 0.7843879712408364 0.57912 -3.5652095705626183 0.5070087616291357
30247 10801356 3.7514949500065873 0.8304820998997695 0.57912 -3.5652095705626183 0.5070087616291357
30248 10801356 3.7788334037717073 0.8641972502206442 0.57912 -3.5652095705626183 0.5070087616291357
30249 10801356 3.7958098512448837 0.8808516323866249 0.57912 -3.5652095705626183 0.5070087616291357
30250 10801356 3.8270676994297967 0.9127036927353616 0.57912 -3.5652095705626183 0.5070087616291357
30251 10801356 3.8612269440502343 0.946646116912453 0.57912 -3.5652095705626183 0.5070087616291357
30252 10801356 3.889649410509346 0.9725315948189208 0.57912 -3.5652095705626183 0.5070087616291357
30253 10801356 3.941827719668324 1.0236061379699684 0.57912 -3.5652095705626183 0.5070087616291357
30254 10801356 3.9570810798469775 1.0349823213433882 0.57912 -3.5652095705626183 0.5070087616291357
30255 10801356 3.9960212470968712 1.0713365164397324 0.57912 -3.5652095705626183 0.5070087616291357
30256 10801356 4.021684219602165 1.0942095244074916 0.5867399999999999 -3.5652095705626183 0.5070087616291357
30257 10801356 4.047347192107462 1.117082532375251 0.59436 -3.5652095705626183 0.5070087616291357
30258 10801356 4.078770701993125 1.145639495071456 0.6019800000000001 -3.5652095705626183 0.5070087616291357
30259 10801356 4.110194211878791 1.1741964577676614 0.6096 -3.5652095705626183 0.5070087616291357
30260 10801356 4.1418283756012 1.20081579789884 0.6096 -3.5652095705626183 0.5070087616291357
30261 10801356 4.173462539323609 1.227435138030018 0.6096 -3.5652095705626183 0.5070087616291357
30262 10801356 4.200118797432758 1.2547152213934645 0.6096 -3.5652095705626183 0.5070087616291357
30263 10801356 4.230043012679212 1.2838493043674957 0.6096 -3.5652095705626183 0.5070087616291357
30264 10801356 4.260355966082206 1.3114548467532188 0.6096 -3.5652095705626183 0.5070087616291357
30265 10801356 4.29143658841596 1.338693146317538 0.6096 -3.5652095705626183 0.5070087616291357
30266 10801356 4.321749203532097 1.3662989223558193 0.6400800000000001 -3.5652095705626183 0.5070087616291357
30267 10801356 4.36137796468237 1.4088540273507084 0.6400800000000001 -3.5652095705626183 0.5070087616291357
30268 10801356 4.3942937014041785 1.4389981124072102 0.6400800000000001 -3.5652095705626183 0.5070087616291357
30269 10801356 4.427154812281431 1.4744166297633232 0.6400800000000001 -3.5652095705626183 0.5070087616291357
30270 10801356 4.463564776892042 1.5016685635868912 0.6400800000000001 -3.5652095705626183 0.5070087616291357
30271 10801356 4.489761777328298 1.5302670890990584 0.6400800000000001 -3.5652095705626183 0.5070087616291357
30272 10801356 4.521761137481536 1.563046673972608 0.6400800000000001 -3.5652095705626183 0.5070087616291357
30273 10801356 4.555433704368746 1.595514017359594 0.6400800000000001 -3.5652095705626183 0.5070087616291357
30274 10801356 4.588407143815561 1.6285599718885504 0.6400800000000001 -3.5652095705626183 0.5070087616291357
30275 10801356 4.6165624703566595 1.6550011982899926 0.6400800000000001 -3.5652095705626183 0.5070087616291357
30276 10801356 4.6521611493874655 1.6892933537627064 0.6400800000000001 -3.5652095705626183 0.5070087616291357
30277 10801356 4.676307134953602 1.721131186153443 0.67056 -3.5652095705626183 0.5070087616291357
30278 10801356 4.708202020407386 1.7535947802448504 0.67056 -3.5652095705626183 0.5070087616291357
30279 10801356 4.740428940461028 1.7857164846416407 0.67056 -3.5652095705626183 0.5070087616291357
30280 10801356 4.765662297985166 1.815447500090405 0.67056 -3.5652095705626183 0.5070087616291357
30281 10801356 4.798462193366979 1.847966433470124 0.67056 -3.5652095705626183 0.5070087616291357
30282 10801356 4.820196381609222 1.8724145545804658 0.67056 -3.5652095705626183 0.5070087616291357
30283 10801356 4.841930569851464 1.896862675690808 0.67056 -3.5652095705626183 0.5070087616291357
30284 10801356 4.872318981811703 1.9219917508561968 0.67056 -3.5652095705626183 0.5070087616291357
30285 10801356 4.900408255943202 1.956398133806768 0.67056 -3.5652095705626183 0.5070087616291357
30286 10801356 4.9312218519568685 1.9841920625772012 0.7010400000000001 -3.5652095705626183 0.5070087616291357
30287 10801356 4.972507056354191 2.0250400908108537 0.7010400000000001 -3.5652095705626183 0.5070087616291357
30288 10801356 5.001349176860702 2.053594133632051 0.7010400000000001 -3.5652095705626183 0.5070087616291357
30289 10801356 5.031623333104494 2.081097004171582 0.7010400000000001 -3.5652095705626183 0.5070087616291357
30290 10801356 5.0690969924730895 2.1116245271641616 0.7010400000000001 -3.5652095705626183 0.5070087616291357
30291 10801356 5.09925740197265 2.1415008402213758 0.7010400000000001 -3.5652095705626183 0.5070087616291357
30292 10801356 5.132192997030653 2.1744434209773083 0.7010400000000001 -3.5652095705626183 0.5070087616291357
30293 10801356 5.163922978706488 2.203691020277484 0.73152 -3.5652095705626183 0.5070087616291357
30294 10801356 5.204163124400411 2.2440628960401683 0.73152 -3.5652095705626183 0.5070087616291357
30295 10801356 5.236421461545008 2.276292141968961 0.73152 -3.5652095705626183 0.5070087616291357
30296 10801356 5.254082021928431 2.2950610992482368 0.73152 -3.5652095705626183 0.5070087616291357
30297 10801356 5.271742582311856 2.3138300565275123 0.73152 -3.5652095705626183 0.5070087616291357
30298 10801356 5.300937543979326 2.340751017433304 0.73152 -3.5652095705626183 0.5070087616291357
30299 10801356 5.2993734381549515 2.342422222098831 0.7315443450479233 -3.5652095705626183 0.5070087616291357
30300 10801356 5.297809332330576 2.3440934267643576 0.7315686900958466 -3.5652095705626183 0.5070087616291357
30301 10801356 5.2962452265062 2.3457646314298843 0.7315930351437699 -3.5652095705626183 0.5070087616291357
30302 10801356 5.294681120681824 2.3474358360954106 0.7316173801916932 -3.5652095705626183 0.5070087616291357
30303 10801356 5.293117014857449 2.3491070407609373 0.7316417252396166 -3.5652095705626183 0.5070087616291357
30304 10801356 5.291552909033074 2.3507782454264636 0.7316660702875399 -3.5652095705626183 0.5070087616291357
30305 10801356 5.289988803208699 2.352449450091991 0.7316904153354632 -3.5652095705626183 0.5070087616291357
30306 10801356 5.288424697384324 2.354120654757517 0.7317147603833866 -3.5652095705626183 0.5070087616291357
30307 10801356 5.2868605915599485 2.355791859423044 0.7317391054313098 -3.5652095705626183 0.5070087616291357
30308 10801356 5.2852964857355715 2.3574630640885705 0.7317634504792332 -3.5652095705626183 0.5070087616291357
30309 10801356 5.283732379911197 2.3591342687540973 0.7317877955271564 -3.5652095705626183 0.5070087616291357
30310 10801356 5.282168274086822 2.360805473419624 0.7318121405750798 -3.5652095705626183 0.5070087616291357
30311 10801356 5.280604168262447 2.3624766780851503 0.7318364856230032 -3.5652095705626183 0.5070087616291357
30312 10801356 5.279040062438073 2.364147882750677 0.7318608306709264 -3.5652095705626183 0.5070087616291357
30313 10801356 5.2774759566136975 2.365819087416204 0.7318851757188498 -3.5652095705626183 0.5070087616291357
30314 10801356 5.2759118507893215 2.3674902920817305 0.7319095207667731 -3.5652095705626183 0.5070087616291357
30315 10801356 5.274347744964945 2.3691614967472567 0.7319338658146964 -3.5652095705626183 0.5070087616291357
30316 10801356 5.27278363914057 2.3708327014127843 0.7319582108626198 -3.5652095705626183 0.5070087616291357
30317 10801356 5.271219533316196 2.37250390607831 0.7319825559105431 -3.5652095705626183 0.5070087616291357
30318 10801356 5.269655427491821 2.374175110743837 0.7320069009584664 -3.5652095705626183 0.5070087616291357
30319 10801356 5.268091321667446 2.375846315409364 0.7320312460063897 -3.5652095705626183 0.5070087616291357
30320 10801356 5.266527215843069 2.3775175200748904 0.7320555910543131 -3.5652095705626183 0.5070087616291357
30321 10801356 5.2649631100186935 2.379188724740417 0.7320799361022363 -3.5652095705626183 0.5070087616291357
30322 10801356 5.263399004194318 2.380859929405944 0.7321042811501597 -3.5652095705626183 0.5070087616291357
30323 10801356 5.261834898369943 2.38253113407147 0.732128626198083 -3.5652095705626183 0.5070087616291357
30324 10801356 5.260270792545568 2.384202338736997 0.7321529712460063 -3.5652095705626183 0.5070087616291357
30325 10801356 5.258706686721193 2.385873543402524 0.7321773162939297 -3.5652095705626183 0.5070087616291357
30326 10801356 5.257142580896816 2.3875447480680503 0.7322016613418529 -3.5652095705626183 0.5070087616291357
30327 10801356 5.255578475072442 2.389215952733577 0.7322260063897763 -3.5652095705626183 0.5070087616291357
30328 10801356 5.2540143692480665 2.3908871573991037 0.7322503514376997 -3.5652095705626183 0.5070087616291357
30329 10801356 5.252450263423691 2.3925583620646296 0.7322746964856229 -3.5652095705626183 0.5070087616291357
30330 10801356 5.250886157599316 2.3942295667301567 0.7322990415335463 -3.5652095705626183 0.5070087616291357
30331 10801356 5.249322051774942 2.3959007713956835 0.7323233865814696 -3.5652095705626183 0.5070087616291357
30332 10801356 5.247757945950567 2.3975719760612098 0.7323477316293929 -3.5652095705626183 0.5070087616291357
30333 10801356 5.24619384012619 2.3992431807267365 0.7323720766773163 -3.5652095705626183 0.5070087616291357
30334 10801356 5.244629734301816 2.400914385392263 0.7323964217252396 -3.5652095705626183 0.5070087616291357
30335 10801356 5.24306562847744 2.40258559005779 0.7324207667731629 -3.5652095705626183 0.5070087616291357
30336 10801356 5.2415015226530635 2.4042567947233167 0.7324451118210862 -3.5652095705626183 0.5070087616291357
30337 10801356 5.239937416828688 2.4059279993888434 0.7324694568690095 -3.5652095705626183 0.5070087616291357
30338 10801356 5.238373311004313 2.4075992040543697 0.7324938019169328 -3.5652095705626183 0.5070087616291357
30339 10801356 5.236809205179939 2.4092704087198964 0.7325181469648562 -3.5652095705626183 0.5070087616291357
30340 10801356 5.235245099355564 2.4109416133854236 0.7325424920127795 -3.5652095705626183 0.5070087616291357
30341 10801356 5.2336809935311885 2.4126128180509503 0.7325668370607028 -3.5652095705626183 0.5070087616291357
30342 10801356 5.2321168877068125 2.414284022716476 0.7325911821086262 -3.5652095705626183 0.5070087616291357
30343 10801356 5.230552781882436 2.415955227382003 0.7326155271565494 -3.5652095705626183 0.5070087616291357
30344 10801356 5.228988676058061 2.4176264320475296 0.7326398722044728 -3.5652095705626183 0.5070087616291357
30345 10801356 5.227424570233687 2.4192976367130563 0.7326642172523962 -3.5652095705626183 0.5070087616291357
30346 10801356 5.225860464409312 2.420968841378583 0.7326885623003194 -3.5652095705626183 0.5070087616291357
30347 10801356 5.224296358584937 2.4226400460441093 0.7327129073482428 -3.5652095705626183 0.5070087616291357
30348 10801356 5.2227322527605615 2.4243112507096356 0.7327372523961658 -3.5652095705626183 0.5070087616291357
30349 10801356 5.2211681469361855 2.4259824553751628 0.7327615974440894 -3.5652095705626183 0.5070087616291357
30350 10801356 5.219604041111809 2.427653660040689 0.7327859424920127 -3.5652095705626183 0.5070087616291357
30351 10801356 5.218039935287434 2.429324864706216 0.7328102875399358 -3.5652095705626183 0.5070087616291357
30352 10801356 5.216475829463059 2.4309960693717434 0.7328346325878594 -3.5652095705626183 0.5070087616291357
30353 10801356 5.214911723638684 2.432667274037269 0.7328589776357827 -3.5652095705626183 0.5070087616291357
30354 10801356 5.213347617814309 2.434338478702796 0.732883322683706 -3.5652095705626183 0.5070087616291357
30355 10801356 5.211783511989934 2.4360096833683227 0.7329076677316293 -3.5652095705626183 0.5070087616291357
30356 10801356 5.210219406165559 2.4376808880338494 0.7329320127795527 -3.5652095705626183 0.5070087616291357
30357 10801356 5.208655300341183 2.439352092699376 0.7329563578274759 -3.5652095705626183 0.5070087616291357
30358 10801356 5.207091194516806 2.4410232973649024 0.7329807028753993 -3.5652095705626183 0.5070087616291357
