31550 10801356 3.3426770518614446 4.433099258672658 0.762 -4.113242484253095 -0.1368982692930365
31551 10801356 3.2930310396667584 4.354452823416883 0.762 -4.113242484253095 -0.1368982692930365
31552 10801356 3.2649273924805886 4.3118786080717095 0.762 -4.113242484253095 -0.1368982692930365
31553 10801356 3.232073390050654 4.2629118835262245 0.762 -4.113242484253095 -0.1368982692930365
31554 10801356 3.2063662469792757 4.2222419851233575 0.762 -4.113242484253095 -0.1368982692930365
31555 10801356 3.1856639749327966 4.1909189174713335 0.762 -4.113242484253095 -0.1368982692930365
31556 10801356 3.1649617028863184 4.1595958498193095 0.762 -4.113242484253095 -0.1368982692930365
31557 10801356 3.1503264570167033 4.133534376701887 0.762 -4.113242484253095 -0.1368982692930365
31558 10801356 3.1118393062075875 4.065963540728544 0.73152 -4.113242484253095 -0.1368982692930365
31559 10801356 3.0804413081909288 4.018741109993498 0.73152 -4.113242484253095 -0.1368982692930365
31560 10801356 3.056268386163832 3.977336627210201 0.73152 -4.113242484253095 -0.1368982692930365
31561 10801356 3.0231266610804086 3.9285809474724247 0.73152 -4.113242484253095 -0.1368982692930365
31562 10801356 2.9988620137435937 3.8874401148247433 0.73152 -4.113242484253095 -0.1368982692930365
31563 10801356 2.9695649222438307 3.8450223394282896 0.73152 -4.113242484253095 -0.1368982692930365
31564 10801356 2.9457362313320066 3.804673750631528 0.73152 -4.113242484253095 -0.1368982692930365
31565 10801356 2.9054838113142853 3.738497482579786 0.7010400000000001 -4.113242484253095 -0.1368982692930365
31566 10801356 2.889412324957505 3.7219006184406287 0.7010400000000001 -4.113242484253095 -0.1368982692930365
31567 10801356 2.854376274552207 3.658109520154268 0.7010400000000001 -4.113242484253095 -0.1368982692930365
31568 10801356 2.8252993900008065 3.6193583335188872 0.7010400000000001 -4.113242484253095 -0.1368982692930365
31569 10801356 2.7995174594691146 3.5743907610361942 0.7010400000000001 -4.113242484253095 -0.1368982692930365
31570 10801356 2.7708412634200554 3.5355087674162284 0.7010400000000001 -4.113242484253095 -0.1368982692930365
31571 10801356 2.7470805685083253 3.4953717775393986 0.7010400000000001 -4.113242484253095 -0.1368982692930365
31572 10801356 2.7260217933234583 3.464866442958693 0.6858000000000001 -4.113242484253095 -0.1368982692930365
31573 10801356 2.7049630181385917 3.4343611083779884 0.67056 -4.113242484253095 -0.1368982692930365
31574 10801356 2.6810640879701757 3.3938020280444485 0.67056 -4.113242484253095 -0.1368982692930365
31575 10801356 2.6635437184855157 3.3727719721356 0.67056 -4.113242484253095 -0.1368982692930365
31576 10801356 2.6378734087233915 3.3254316028954864 0.67056 -4.113242484253095 -0.1368982692930365
31577 10801356 2.6122756223800163 3.2823900490282534 0.67056 -4.113242484253095 -0.1368982692930365
31578 10801356 2.588113131438539 3.242384423783777 0.67056 -4.113242484253095 -0.1368982692930365
31579 10801356 2.564282599122476 3.20203674122016 0.67056 -4.113242484253095 -0.1368982692930365
31580 10801356 2.5303767420585097 3.1485078310509818 0.6400800000000001 -4.113242484253095 -0.1368982692930365
31581 10801356 2.493975372169919 3.085980854010567 0.6400800000000001 -4.113242484253095 -0.1368982692930365
31582 10801356 2.474694771002043 3.05209111259579 0.6400800000000001 -4.113242484253095 -0.1368982692930365
31583 10801356 2.4554141698341665 3.018201371181013 0.6400800000000001 -4.113242484253095 -0.1368982692930365
31584 10801356 2.4309315485469174 2.9799359766632065 0.6400800000000001 -4.113242484253095 -0.1368982692930365
31585 10801356 2.4109929233380933 2.947429448985756 0.6400800000000001 -4.113242484253095 -0.1368982692930365
31586 10801356 2.3919396990830717 2.9054046007106256 0.6400800000000001 -4.113242484253095 -0.1368982692930365
31587 10801356 2.356114447836486 2.847362568907166 0.6096 -4.113242484253095 -0.1368982692930365
31588 10801356 2.3371644768953166 2.805654490250243 0.6096 -4.113242484253095 -0.1368982692930365
31589 10801356 2.31333275262259 2.765307382406659 0.6096 -4.113242484253095 -0.1368982692930365
31590 10801356 2.294313675853939 2.7233882458812624 0.6096 -4.113242484253095 -0.1368982692930365
31591 10801356 2.2732674433091926 2.6834163557339408 0.6096 -4.113242484253095 -0.1368982692930365
31592 10801356 2.2513935681583868 2.6409110380927805 0.6096 -4.113242484253095 -0.1368982692930365
31593 10801356 2.221062515638335 2.575233230633179 0.57912 -4.113242484253095 -0.1368982692930365
31594 10801356 2.2061537689675124 2.5540513288251105 0.57912 -4.113242484253095 -0.1368982692930365
31595 10801356 2.182074232136048 2.5064253049210943 0.57912 -4.113242484253095 -0.1368982692930365
31596 10801356 2.1636888341277505 2.4686217400696293 0.57912 -4.113242484253095 -0.1368982692930365
31597 10801356 2.149261537458442 2.434782357550656 0.57912 -4.113242484253095 -0.1368982692930365
31598 10801356 2.134834240789133 2.400942975031682 0.57912 -4.113242484253095 -0.1368982692930365
31599 10801356 2.11197616038362 2.360862072164314 0.57912 -4.113242484253095 -0.1368982692930365
31600 10801356 2.092680571203989 2.3180987438790317 0.57912 -4.113242484253095 -0.1368982692930365
31601 10801356 2.071043736583846 2.272244995288456 0.57912 -4.113242484253095 -0.1368982692930365
31602 10801356 2.0502885027523847 2.2252854990470716 0.57912 -4.113242484253095 -0.1368982692930365
31603 10801356 2.0244885014841616 2.1772869705804268 0.57912 -4.113242484253095 -0.1368982692930365
31604 10801356 2.005227117194881 2.1346293280148494 0.57912 -4.113242484253095 -0.1368982692930365
31605 10801356 1.9722812961667933 2.069104879822645 0.57912 -4.113242484253095 -0.1368982692930365
31606 10801356 1.951433530539603 2.0215915273207496 0.54864 -4.113242484253095 -0.1368982692930365
31607 10801356 1.9321374344721391 1.978828427245954 0.54864 -4.113242484253095 -0.1368982692930365
31608 10801356 1.9212101246474345 1.9627714188484813 0.54864 -4.113242484253095 -0.1368982692930365
31609 10801356 1.8842742959427656 1.883947319121463 0.54864 -4.113242484253095 -0.1368982692930365
31610 10801356 1.8604404847419789 1.8436011773770893 0.54864 -4.113242484253095 -0.1368982692930365
31611 10801356 1.834218086738068 1.7986613824603428 0.54864 -4.113242484253095 -0.1368982692930365
31612 10801356 1.8110301136927476 1.7630109557936424 0.54864 -4.113242484253095 -0.1368982692930365
31613 10801356 1.7738194224820747 1.7116138373551637 0.54864 -4.113242484253095 -0.1368982692930365
31614 10801356 1.7523026139000282 1.686515945823064 0.54864 -4.113242484253095 -0.1368982692930365
31615 10801356 1.7307858053179817 1.6614180542909642 0.54864 -4.113242484253095 -0.1368982692930365
31616 10801356 1.7096031632024924 1.6384307157476352 0.54864 -4.113242484253095 -0.1368982692930365
31617 10801356 1.6582466087330558 1.5888512052907258 0.54864 -4.113242484253095 -0.1368982692930365
31618 10801356 1.6159414916881332 1.55991362887145 0.54864 -4.113242484253095 -0.1368982692930365
31619 10801356 1.574403867497972 1.5306086312943503 0.54864 -4.113242484253095 -0.1368982692930365
31620 10801356 1.5270431833702784 1.5025052086309565 0.54864 -4.113242484253095 -0.1368982692930365
31621 10801356 1.4806837426091268 1.4790983906636928 0.54864 -4.113242484253095 -0.1368982692930365
31622 10801356 1.4297833612735835 1.4548388203598392 0.54864 -4.113242484253095 -0.1368982692930365
31623 10801356 1.3749431852592895 1.4353714952424104 0.54864 -4.113242484253095 -0.1368982692930365
31624 10801356 1.3263078706042741 1.4191343934494831 0.54864 -4.113242484253095 -0.1368982692930365
31625 10801356 1.2786477699248944 1.4039808256428292 0.54864 -4.113242484253095 -0.1368982692930365
31626 10801356 1.2060478489365802 1.3842421390288198 0.54864 -4.113242484253095 -0.1368982692930365
31627 10801356 1.1522471010174766 1.3744836150135875 0.54864 -4.113242484253095 -0.1368982692930365
31628 10801356 1.1057176924007992 1.3679572108251357 0.54864 -4.113242484253095 -0.1368982692930365
31629 10801356 1.0544089339726517 1.3631095952308192 0.54864 -4.113242484253095 -0.1368982692930365
31630 10801356 1.0170530344075317 1.3588434804724976 0.54864 -4.113242484253095 -0.1368982692930365
31631 10801356 0.9796971348424116 1.354577365714176 0.54864 -4.113242484253095 -0.1368982692930365
31632 10801356 0.9222111582251082 1.3525669727983358 0.54864 -4.113242484253095 -0.1368982692930365
31633 10801356 0.870327628265172 1.3527568741585712 0.54864 -4.113242484253095 -0.1368982692930365
31634 10801356 0.8184440983052357 1.3529467755188065 0.54864 -4.113242484253095 -0.1368982692930365
31635 10801356 0.7687558458813978 1.3530623656202725 0.54864 -4.113242484253095 -0.1368982692930365
31636 10801356 0.7138638960852035 1.3546452309254235 0.54864 -4.113242484253095 -0.1368982692930365
31637 10801356 0.6684387922429276 1.3531345660341276 0.54864 -4.113242484253095 -0.1368982692930365
31638 10801356 0.6190824063679041 1.352908993303238 0.54864 -4.113242484253095 -0.1368982692930365
31639 10801356 0.5622743111373183 1.3532498929418957 0.54864 -4.113242484253095 -0.1368982692930365
31640 10801356 0.5140200836520898 1.3547677178774598 0.54864 -4.113242484253095 -0.1368982692930365
31641 10801356 0.4598368567141523 1.3547187866199817 0.54864 -4.113242484253095 -0.1368982692930365
31642 10801356 0.41403422439491866 1.3545012968566048 0.54864 -3.5990871737214585 -0.11978598563140695
31643 10801356 0.3572843101740827 1.3561098292053448 0.54864 -3.5990871737214585 -0.11978598563140695
31644 10801356 0.3025703500718485 1.3530810158959408 0.54864 -3.5990871737214585 -0.11978598563140695
31645 10801356 0.2428293162453445 1.3561354199354063 0.54864 -3.5990871737214585 -0.11978598563140695
31646 10801356 0.22234279833996484 1.3575745738746483 0.54864 -3.5990871737214585 -0.11978598563140695
31647 10801356 0.14980577880779633 1.3597886908232493 0.54864 -3.5990871737214585 -0.11978598563140695
31648 10801356 0.12603514007769845 1.3563431945147049 0.54864 -3.5990871737214585 -0.11978598563140695
31649 10801356 0.07863162491562081 1.3607401464787088 0.54864 -3.5990871737214585 -0.11978598563140695
31650 10801356 0.006529921978930875 1.3629301496286337 0.54864 -3.5990871737214585 -0.11978598563140695
31651 10801356 -0.038163211151626575 1.3609506253777166 0.5181600000000001 -3.5990871737214585 -0.11978598563140695
31652 10801356 -0.06794775572749627 1.3627431446937317 0.5181600000000001 -3.5990871737214585 -0.11978598563140695
31653 10801356 -0.097732300303366 1.3645356640097464 0.5181600000000001 -3.5990871737214585 -0.11978598563140695
31654 10801356 -0.1437989694027102 1.3648751279114362 0.5181600000000001 -3.5990871737214585 -0.11978598563140695
31655 10801356 -0.18787297672859826 1.3631613788598091 0.5181600000000001 -3.5990871737214585 -0.11978598563140695
31656 10801356 -0.23029061820001595 1.3665143806050188 0.5181600000000001 -3.5990871737214585 -0.11978598563140695
31657 10801356 -0.27440783824716264 1.367385606267683 0.5181600000000001 -3.5990871737214585 -0.11978598563140695
31658 10801356 -0.3280664131730342 1.366235974864885 0.5181600000000001 -3.5990871737214585 -0.11978598563140695
31659 10801356 -0.3738573742555391 1.3674213422326469 0.5181600000000001 -3.5990871737214585 -0.11978598563140695
31660 10801356 -0.43390840349498827 1.3711665988868964 0.48768 -3.5990871737214585 -0.11978598563140695
31661 10801356 -0.4840923673805084 1.37086814115584 0.48768 -3.5990871737214585 -0.11978598563140695
31662 10801356 -0.527928116889133 1.3674426985054011 0.48768 -3.5990871737214585 -0.11978598563140695
31663 10801356 -0.5683450184311234 1.3660541232514207 0.48768 -3.5990871737214585 -0.11978598563140695
31664 10801356 -0.6124159573414636 1.357565250618602 0.48768 -3.5990871737214585 -0.11978598563140695
31665 10801356 -0.6578546183879315 1.3462524307845416 0.48768 -3.5990871737214585 -0.11978598563140695
31666 10801356 -0.6948303337247266 1.3363784861704828 0.48768 -3.5990871737214585 -0.11978598563140695
31667 10801356 -0.7258170748302659 1.3251304452893216 0.48768 -3.5990871737214585 -0.11978598563140695
31668 10801356 -0.7568038159358055 1.3138824044081598 0.48768 -3.5990871737214585 -0.11978598563140695
31669 10801356 -0.7975636931345205 1.2937963279405462 0.48768 -3.5990871737214585 -0.11978598563140695
31670 10801356 -0.8215633520261512 1.281782483475307 0.4572000000000001 -3.5990871737214585 -0.11978598563140695
31671 10801356 -0.8554798251703954 1.2606270289461905 0.4572000000000001 -3.5990871737214585 -0.11978598563140695
31672 10801356 -0.8829351960330025 1.2347882651094444 0.4572000000000001 -3.5990871737214585 -0.11978598563140695
31673 10801356 -0.9312748724417385 1.1945150450488902 0.4572000000000001 -3.5990871737214585 -0.11978598563140695
31674 10801356 -0.9555643031456832 1.1702114582550158 0.4572000000000001 -3.5990871737214585 -0.11978598563140695
31675 10801356 -0.9917580360834666 1.1236294881084603 0.4572000000000001 -3.5990871737214585 -0.11978598563140695
31676 10801356 -1.012673417727623 1.092263804672304 0.42672 -3.5990871737214585 -0.11978598563140695
31677 10801356 -1.0276442444061726 1.065496915256749 0.42672 -3.5990871737214585 -0.11978598563140695
31678 10801356 -1.0466799781256475 1.0235853273596038 0.42672 -3.5990871737214585 -0.11978598563140695
31679 10801356 -1.0641278908798115 0.9865289904681253 0.42672 -3.5990871737214585 -0.11978598563140695
31680 10801356 -1.0803891373585603 0.9544590996070628 0.42672 -3.5990871737214585 -0.11978598563140695
31681 10801356 -1.1023358468735514 0.9039188646245244 0.42672 -3.5990871737214585 -0.11978598563140695
31682 10801356 -1.1120854366018762 0.878452988652886 0.42672 -3.5990871737214585 -0.11978598563140695
31683 10801356 -1.1218350263302008 0.8529871126812474 0.42672 -3.5990871737214585 -0.11978598563140695
31684 10801356 -1.1324928470653497 0.8203990789711368 0.4114800000000001 -3.5990871737214585 -0.11978598563140695
31685 10801356 -1.1431506678004977 0.7878110452610263 0.39624 -3.5990871737214585 -0.11978598563140695
31686 10801356 -1.1584986416044234 0.7321917893278599 0.39624 -3.5990871737214585 -0.11978598563140695
31687 10801356 -1.1729967173907336 0.6878615134319427 0.39624 -3.5990871737214585 -0.11978598563140695
31688 10801356 -1.1780229184063735 0.6642099616496306 0.39624 -3.5990871737214585 -0.11978598563140695
31689 10801356 -1.1830491194220134 0.6405584098673187 0.39624 -3.5990871737214585 -0.11978598563140695
31690 10801356 -1.1905367681080885 0.6000109677675216 0.39624 -3.5990871737214585 -0.11978598563140695
31691 10801356 -1.1968376701431531 0.5644499420292027 0.39624 -3.5990871737214585 -0.11978598563140695
31692 10801356 -1.2030694861033624 0.5291000029590359 0.39624 -3.5990871737214585 -0.11978598563140695
31693 10801356 -1.2087405047839208 0.4927488023283621 0.39624 -3.5990871737214585 -0.11978598563140695
31694 10801356 -1.2155329742189025 0.4584000949844762 0.36576 -3.5990871737214585 -0.11978598563140695
31695 10801356 -1.218391630922125 0.4143525791126981 0.36576 -3.5990871737214585 -0.11978598563140695
31696 10801356 -1.2127768405128403 0.3799186968783874 0.36576 -3.5990871737214585 -0.11978598563140695
31697 10801356 -1.2127441788234414 0.3474272482190591 0.36576 -3.5990871737214585 -0.11978598563140695
31698 10801356 -1.1992164521970137 0.2926463910583741 0.36576 -3.5990871737214585 -0.11978598563140695
31699 10801356 -1.1895128948195774 0.2636520406790672 0.36576 -3.5990871737214585 -0.11978598563140695
31700 10801356 -1.1851001323763606 0.2513431056262481 0.36576 -3.5990871737214585 -0.11978598563140695
31701 10801356 -1.1806873699331435 0.23903417057342904 0.36576 -3.5990871737214585 -0.11978598563140695
31702 10801356 -1.1542435772472774 0.19767210227518425 0.36576 -3.5990871737214585 -0.11978598563140695
31703 10801356 -1.1312719017726185 0.16877882276894093 0.33528 -3.5990871737214585 -0.11978598563140695
31704 10801356 -1.1067122943771202 0.1447408796281022 0.33528 -3.5990871737214585 -0.11978598563140695
31705 10801356 -1.0817858302832948 0.12046627064442104 0.33528 -3.5990871737214585 -0.11978598563140695
31706 10801356 -1.0560739380721196 0.10130942229213133 0.33528 -3.5990871737214585 -0.11978598563140695
31707 10801356 -1.0114659866377218 0.08017984119077956 0.33528 -3.5990871737214585 -0.11978598563140695
31708 10801356 -1.0001215815810016 0.07249786501653419 0.33528 -3.5990871737214585 -0.11978598563140695
31709 10801356 -0.9476253984741316 0.04995773154472191 0.3048 -3.5990871737214585 -0.11978598563140695
31710 10801356 -0.9194729633646328 0.039350341815695605 0.3048 -3.5990871737214585 -0.11978598563140695
31711 10801356 -0.8894619492253206 0.029537391160634224 0.3048 -3.5990871737214585 -0.11978598563140695
31712 10801356 -0.8529555641430775 0.02437721241422705 0.3048 -3.5990871737214585 -0.11978598563140695
31713 10801356 -0.8072686047607951 0.014696648992129384 0.3048 -3.5990871737214585 -0.11978598563140695
31714 10801356 -0.7768279099189273 0.010001277654397372 0.3048 -3.5990871737214585 -0.11978598563140695
31715 10801356 -0.7503303782764374 0.006828942576257407 0.3048 -3.5990871737214585 -0.11978598563140695
31716 10801356 -0.7145661223867457 0.004832977242737818 0.3048 -3.5990871737214585 -0.11978598563140695
31717 10801356 -0.6817010607157876 0.004836566033941697 0.3048 -3.5990871737214585 -0.11978598563140695
31718 10801356 -0.6543236018537029 0.004356202952950694 0.28956000000000004 -3.5990871737214585 -0.11978598563140695
31719 10801356 -0.6269461429916181 0.0038758398719596905 0.27432 -3.5990871737214585 -0.11978598563140695
31720 10801356 -0.5980588630554482 0.005297102183858786 0.27432 -3.5990871737214585 -0.11978598563140695
31721 10801356 -0.5647815019099927 0.004932722732833046 0.27432 -3.5990871737214585 -0.11978598563140695
31722 10801356 -0.5316646672543632 0.0046209665298373725 0.27432 -3.5990871737214585 -0.11978598563140695
31723 10801356 -0.4851069457011571 0.005756937806400214 0.27432 -3.5990871737214585 -0.11978598563140695
31724 10801356 -0.458076685136241 0.008019466737407693 0.27432 -3.5990871737214585 -0.11978598563140695
31725 10801356 -0.4199728423710636 0.006662030126245415 0.27432 -3.5990871737214585 -0.11978598563140695
31726 10801356 -0.4031392748760265 0.006533326684102309 0.27432 -3.5990871737214585 -0.11978598563140695
31727 10801356 -0.3699078942317795 0.00630164554596449 0.27432 -3.5990871737214585 -0.11978598563140695
31728 10801356 -0.320438445719784 0.00683724376206471 0.27432 -3.5990871737214585 -0.11978598563140695
31729 10801356 -0.2765917325542224 0.003486382347371503 0.27432 -3.5990871737214585 -0.11978598563140695
31730 10801356 -0.24275463742556136 0.0013047700695514028 0.27432 -3.5990871737214585 -0.11978598563140695
31731 10801356 -0.21036037446912806 0.001230586194901323 0.27432 -3.5990871737214585 -0.11978598563140695
31732 10801356 -0.19391089922033533 0.001286324723417387 0.28956000000000004 -3.5990871737214585 -0.11978598563140695
31733 10801356 -0.17746142397154266 0.0013420632519334508 0.3048 -3.5990871737214585 -0.11978598563140695
31734 10801356 -0.13912685204968955 0.0017799121462867273 0.3048 -3.5990871737214585 -0.11978598563140695
31735 10801356 -0.06690967750261423 -9.458727971220492e-05 0.3048 -3.5990871737214585 -0.11978598563140695
31736 10801356 -0.0428371338336794 -0.002530143252896973 0.3048 -3.5990871737214585 -0.11978598563140695
31737 10801356 -0.018764590164744573 -0.004965699226081741 0.3048 -3.5990871737214585 -0.11978598563140695
31738 10801356 0.04063122565773991 -0.008022739550710617 0.3048 -3.5990871737214585 -0.11978598563140695
31739 10801356 0.07397685929783793 -0.008173013146687086 0.3048 -3.5990871737214585 -0.11978598563140695
31740 10801356 0.1102426911193194 -0.01243197450702596 0.33528 -3.5990871737214585 -0.11978598563140695
31741 10801356 0.13036747206167615 -0.011999532749158284 0.33528 -3.5990871737214585 -0.11978598563140695
31742 10801356 0.1504922530040329 -0.011567090991290607 0.33528 -3.5990871737214585 -0.11978598563140695
31743 10801356 0.20796343686384025 -0.012358149350255143 0.33528 -3.5990871737214585 -0.11978598563140695
31744 10801356 0.24887356027605625 -0.016264995661928572 0.33528 -3.5990871737214585 -0.11978598563140695
31745 10801356 0.2870568481298751 -0.017644855451567798 0.33528 -3.5990871737214585 -0.11978598563140695
31746 10801356 0.325468834069653 -0.0196834080635023 0.33528 -3.5990871737214585 -0.11978598563140695
31747 10801356 0.3626208555889565 -0.020141723908533082 0.33528 -3.5990871737214585 -0.11978598563140695
31748 10801356 0.3987125516362237 -0.026562111499706054 0.33528 -3.5990871737214585 -0.11978598563140695
31749 10801356 0.4303817470669524 -0.028849977805383637 0.35052 -3.5990871737214585 -0.11978598563140695
31750 10801356 0.4620509424976812 -0.031137844111061214 0.36576 -3.5990871737214585 -0.11978598563140695
31751 10801356 0.4996948297067957 -0.032807671981338965 0.36576 -3.5990871737214585 -0.11978598563140695
31752 10801356 0.5421878197207564 -0.03594502533752378 0.36576 -3.5990871737214585 -0.11978598563140695
31753 10801356 0.5847152652568292 -0.03897656638597721 0.36576 -3.5990871737214585 -0.11978598563140695
31754 10801356 0.6199354855222117 -0.045344728451223865 0.36576 -3.5990871737214585 -0.11978598563140695
31755 10801356 0.641583164107935 -0.04704417679324571 0.36576 -3.5990871737214585 -0.11978598563140695
31756 10801356 0.6885007519671006 -0.051860095973176666 0.36576 -3.5990871737214585 -0.11978598563140695
31757 10801356 0.7469783747242587 -0.054728285831386905 0.36576 -3.5990871737214585 -0.11978598563140695
31758 10801356 0.7862602157431088 -0.058177807017008136 0.37592 -3.5990871737214585 -0.11978598563140695
31759 10801356 0.825542056761959 -0.06162732820262936 0.38608 -3.5990871737214585 -0.11978598563140695
31760 10801356 0.8648238977808091 -0.06507684938825059 0.39624 -3.5990871737214585 -0.11978598563140695
31761 10801356 0.9016834501048168 -0.07186240033605172 0.39624 -3.5990871737214585 -0.11978598563140695
31762 10801356 0.9669802604731812 -0.0785923890499132 0.39624 -3.5990871737214585 -0.11978598563140695
31763 10801356 0.9833661505652812 -0.07845494106442241 0.39624 -3.5990871737214585 -0.11978598563140695
31764 10801356 1.0464027531146955 -0.08666548874204669 0.42672 -3.5990871737214585 -0.11978598563140695
31765 10801356 1.0733809151953844 -0.08998828332090464 0.42672 -3.5990871737214585 -0.11978598563140695
31766 10801356 1.1296782276700716 -0.0943608778596384 0.42672 -3.5990871737214585 -0.11978598563140695
31767 10801356 1.1665787819443765 -0.09286387527400622 0.42672 -3.5990871737214585 -0.11978598563140695
31768 10801356 1.1773680301477525 -0.09381832268374064 0.42672 -3.5990871737214585 -0.11978598563140695
31769 10801356 1.1881572783511285 -0.09477277009347508 0.42672 -3.5990871737214585 -0.11978598563140695
31770 10801356 1.2472053212688368 -0.10051037197083336 0.42672 -3.5990871737214585 -0.11978598563140695
31771 10801356 1.3061617877143927 -0.10598393449536694 0.42672 -3.5990871737214585 -0.11978598563140695
31772 10801356 1.336191060461715 -0.10784905974659112 0.44196 -3.5990871737214585 -0.11978598563140695
31773 10801356 1.3662203332090381 -0.1097141849978153 0.4572000000000001 -3.5990871737214585 -0.11978598563140695
31774 10801356 1.4262537147642145 -0.11623950134471707 0.4572000000000001 -3.5990871737214585 -0.11978598563140695
31775 10801356 1.4689779281306032 -0.1159423455788682 0.4572000000000001 -3.5990871737214585 -0.11978598563140695
31776 10801356 1.5079167844644117 -0.11744595583933724 0.4572000000000001 -3.5990871737214585 -0.11978598563140695
31777 10801356 1.550821470400652 -0.12094563441002798 0.4572000000000001 -3.5990871737214585 -0.11978598563140695
31778 10801356 1.5797277502315221 -0.12162523319107528 0.4572000000000001 -3.5990871737214585 -0.11978598563140695
31779 10801356 1.6086340300623918 -0.12230483197212255 0.4572000000000001 -3.5990871737214585 -0.11978598563140695
31780 10801356 1.6571801789310767 -0.1256604798806139 0.48768 -3.5990871737214585 -0.11978598563140695
31781 10801356 1.7105457946179623 -0.12404782480928525 0.48768 -3.5990871737214585 -0.11978598563140695
31782 10801356 1.7498778885684767 -0.12053845548421285 0.48768 -3.5990871737214585 -0.11978598563140695
31783 10801356 1.7677383766305301 -0.118194001503792 0.48768 -3.5990871737214585 -0.11978598563140695
31784 10801356 1.785598864692583 -0.11584954752337115 0.48768 -3.5990871737214585 -0.11978598563140695
31785 10801356 1.8251750599361345 -0.10751302930039217 0.48768 -3.5990871737214585 -0.11978598563140695
31786 10801356 1.8646755822402272 -0.09260961506709348 0.48768 -3.5990871737214585 -0.11978598563140695
31787 10801356 1.9030976872648449 -0.07828843374029346 0.5181600000000001 -3.5990871737214585 -0.11978598563140695
31788 10801356 1.9424408669383229 -0.058426837285384815 0.5181600000000001 -3.5990871737214585 -0.11978598563140695
31789 10801356 1.9849994094269083 -0.03143764801653967 0.5181600000000001 -3.5990871737214585 -0.11978598563140695
