32475 10532852 3.1000134051823838 4.003937711778665 0.7010400000000001 -3.5990871737214585 -0.11978598563140695
32476 10532852 3.0755012291222035 3.95470003100587 0.7010400000000001 -3.5990871737214585 -0.11978598563140695
32477 10532852 3.0527713059861425 3.912279093437513 0.6985000000000001 -3.5990871737214585 -0.11978598563140695
32478 10532852 3.0300413828500807 3.869858155869156 0.69596 -3.5990871737214585 -0.11978598563140695
32479 10532852 3.00731145971402 3.8274372183007994 0.69342 -3.5990871737214585 -0.11978598563140695
32480 10532852 2.981274548620508 3.7825917005587706 0.69088 -3.5990871737214585 -0.11978598563140695
32481 10532852 2.9552376375269964 3.7377461828167413 0.6883400000000001 -3.5990871737214585 -0.11978598563140695
32482 10532852 2.9292007264334847 3.692900665074714 0.6858000000000001 -3.5990871737214585 -0.11978598563140695
32483 10532852 2.891884175812353 3.6289197172762697 0.6858000000000001 -3.5990871737214585 -0.11978598563140695
32484 10532852 2.86140075303873 3.580697841503121 0.6781800000000001 -3.5990871737214585 -0.11978598563140695
32485 10532852 2.8460442897678657 3.5565075716591883 0.6781800000000001 -3.5990871737214585 -0.11978598563140695
32486 10532852 2.8165116026350883 3.5082089008357897 0.6731000000000001 -3.5990871737214585 -0.11978598563140695
32487 10532852 2.7869789155023112 3.4599102300123916 0.6680200000000001 -3.5990871737214585 -0.11978598563140695
32488 10532852 2.7574462283695342 3.4116115591889935 0.6629400000000001 -3.5990871737214585 -0.11978598563140695
32489 10532852 2.7350156151982503 3.378604450364226 0.661035 -3.5990871737214585 -0.11978598563140695
32490 10532852 2.712585002026967 3.345597341539458 0.65913 -3.5990871737214585 -0.11978598563140695
32491 10532852 2.6520066543767147 3.2504874086668405 0.6477 -3.5990871737214585 -0.11978598563140695
32492 10532852 2.620256294004989 3.203555803403587 0.6477 -3.5990871737214585 -0.11978598563140695
32493 10532852 2.588505933633264 3.1566241981403333 0.6477 -3.5990871737214585 -0.11978598563140695
32494 10532852 2.5676575452046526 3.1272184833598486 0.6426200000000001 -3.5990871737214585 -0.11978598563140695
32495 10532852 2.5468091567760416 3.097812768579364 0.63754 -3.5990871737214585 -0.11978598563140695
32496 10532852 2.5259607683474306 3.06840705379888 0.63246 -3.5990871737214585 -0.11978598563140695
32497 10532852 2.481875940964001 3.0013802822158024 0.63246 -3.5990871737214585 -0.11978598563140695
32498 10532852 2.4529092950900857 2.9602569939325423 0.63246 -3.5990871737214585 -0.11978598563140695
32499 10532852 2.4281508300380468 2.92114708593888 0.6248400000000001 -3.5990871737214585 -0.11978598563140695
32500 10532852 2.3682513153248763 2.832883935677005 0.61722 -3.5990871737214585 -0.11978598563140695
32501 10532852 2.3488423408515606 2.803358692642564 0.61341 -3.5990871737214585 -0.11978598563140695
32502 10532852 2.329433366378245 2.7738334496081225 0.6096 -3.5990871737214585 -0.11978598563140695
32503 10532852 2.3149732089920563 2.7540236814148367 0.6096 -3.5990871737214585 -0.11978598563140695
32504 10532852 2.2768410608215675 2.702148208543567 0.6045200000000001 -3.5990871737214585 -0.11978598563140695
32505 10532852 2.238708912651079 2.650272735672297 0.59944 -3.5990871737214585 -0.11978598563140695
32506 10532852 2.2005767644805907 2.598397262801027 0.59436 -3.5990871737214585 -0.11978598563140695
32507 10532852 2.1642025394164186 2.5560724931280245 0.59436 -3.5990871737214585 -0.11978598563140695
32508 10532852 2.123976501529018 2.5008702208638205 0.5867399999999999 -3.5990871737214585 -0.11978598563140695
32509 10532852 2.0889316335055343 2.4588122854615744 0.5867399999999999 -3.5990871737214585 -0.11978598563140695
32510 10532852 2.045133398686211 2.4089827804290684 0.57912 -3.5990871737214585 -0.11978598563140695
32511 10532852 2.0116742274982187 2.3717809451358245 0.5715 -3.5990871737214585 -0.11978598563140695
32512 10532852 1.9758953706266629 2.3301966417655984 0.5715 -3.5990871737214585 -0.11978598563140695
32513 10532852 1.940780498764752 2.2879281943656804 0.56388 -3.5990871737214585 -0.11978598563140695
32514 10532852 1.9339228131397848 2.2784859134436535 0.56388 -3.5990871737214585 -0.11978598563140695
32515 10532852 1.927065127514818 2.269043632521626 0.56388 -3.5990871737214585 -0.11978598563140695
32516 10532852 1.857374283613644 2.1793658363511788 0.5562600000000001 -3.5990871737214585 -0.11978598563140695
32517 10532852 1.8250012891364145 2.13734092615437 0.55245 -3.5990871737214585 -0.11978598563140695
32518 10532852 1.7926282946591847 2.095316015957561 0.54864 -3.5990871737214585 -0.11978598563140695
32519 10532852 1.764066042959458 2.062239296073201 0.54864 -3.5990871737214585 -0.11978598563140695
32520 10532852 1.728397895809354 2.018282753120614 0.54864 -3.5990871737214585 -0.11978598563140695
32521 10532852 1.6827342473110958 1.9627548887056356 0.5562600000000001 -3.5990871737214585 -0.11978598563140695
32522 10532852 1.6565689933708871 1.9315822277633607 0.54864 -3.5990871737214585 -0.11978598563140695
32523 10532852 1.6272562839085536 1.893493706397375 0.54864 -3.5990871737214585 -0.11978598563140695
32524 10532852 1.612284205247276 1.87402689656468 0.54864 -3.5990871737214585 -0.11978598563140695
32525 10532852 1.597312126585998 1.8545600867319856 0.54864 -3.5990871737214585 -0.11978598563140695
32526 10532852 1.5495450270620652 1.7942288965764492 0.54864 -3.5990871737214585 -0.11978598563140695
32527 10532852 1.5196183235688359 1.762416101940862 0.54864 -3.5990871737214585 -0.11978598563140695
32528 10532852 1.486079241861468 1.7168297763966704 0.54864 -3.5990871737214585 -0.11978598563140695
32529 10532852 1.458814642584863 1.6755021480383607 0.54864 -3.5990871737214585 -0.11978598563140695
32530 10532852 1.4318385301061076 1.6364168278401443 0.54864 -3.5990871737214585 -0.11978598563140695
32531 10532852 1.404236167924799 1.6022092192711643 0.54864 -3.5990871737214585 -0.11978598563140695
32532 10532852 1.3721088445643272 1.5593161295658633 0.54864 -3.5990871737214585 -0.11978598563140695
32533 10532852 1.3465253922519542 1.5141681950570958 0.54864 -3.5990871737214585 -0.11978598563140695
32534 10532852 1.3080156092329098 1.4626124366910602 0.54864 -3.5990871737214585 -0.11978598563140695
32535 10532852 1.2785134061795855 1.4201468637409196 0.54102 -3.5990871737214585 -0.11978598563140695
32536 10532852 1.251740157199785 1.3909257691008374 0.54102 -3.5990871737214585 -0.11978598563140695
32537 10532852 1.2266837764744003 1.3556820907933005 0.54102 -3.5990871737214585 -0.11978598563140695
32538 10532852 1.2016273957490156 1.3204384124857629 0.54102 -3.5990871737214585 -0.11978598563140695
32539 10532852 1.172015674025844 1.2875594181295231 0.5372100000000001 -3.5990871737214585 -0.11978598563140695
32540 10532852 1.1424039523026723 1.2546804237732836 0.5334 -3.5990871737214585 -0.11978598563140695
32541 10532852 1.1009247415349777 1.2174136261246202 0.5334 -3.5990871737214585 -0.11978598563140695
32542 10532852 1.0514491781418729 1.1746986675185058 0.5334 -3.5990871737214585 -0.11978598563140695
32543 10532852 1.0115685275597082 1.1436858527831846 0.52959 -3.5990871737214585 -0.11978598563140695
32544 10532852 0.9716878769775429 1.112673038047863 0.52578 -3.5990871737214585 -0.11978598563140695
32545 10532852 0.9315946383705668 1.0878049337597082 0.52578 -3.5990871737214585 -0.11978598563140695
32546 10532852 0.8725919012147361 1.0594193056836976 0.52578 -3.5990871737214585 -0.11978598563140695
32547 10532852 0.8321007250090727 1.03877057895872 0.5181600000000001 -3.5990871737214585 -0.11978598563140695
32548 10532852 0.7811063455158725 1.017231612163232 0.5181600000000001 -3.5990871737214585 -0.11978598563140695
32549 10532852 0.7344039650854597 1.003461516299681 0.5162550000000001 -3.5990871737214585 -0.11978598563140695
32550 10532852 0.6877015846550469 0.9896914204361296 0.5143500000000001 -3.5990871737214585 -0.11978598563140695
32551 10532852 0.6374473446179295 0.9819017760695534 0.5124449999999999 -3.5990871737214585 -0.11978598563140695
32552 10532852 0.5871931045808121 0.9741121317029772 0.51054 -3.5990871737214585 -0.11978598563140695
32553 10532852 0.5405239823425732 0.9719274970290231 0.51054 -3.5990871737214585 -0.11978598563140695
32554 10532852 0.4938548601043341 0.9697428623550691 0.51054 -3.5990871737214585 -0.11978598563140695
32555 10532852 0.43911389060852296 0.9764179946067384 0.50292 -3.5990871737214585 -0.11978598563140695
32556 10532852 0.3818632203337544 0.9843811349371799 0.50292 -3.5990871737214585 -0.11978598563140695
32557 10532852 0.3305666008604048 0.9958897210186936 0.50292 -3.5990871737214585 -0.11978598563140695
32558 10532852 0.2759917368125111 1.0082365464287777 0.50292 -3.5990871737214585 -0.11978598563140695
32559 10532852 0.2321447610824735 1.016726765217382 0.50292 -3.5990871737214585 -0.11978598563140695
32560 10532852 0.1804471123976451 1.0283675688738536 0.50292 -3.5990871737214585 -0.11978598563140695
32561 10532852 0.10486370165549608 1.0481670451357823 0.50292 -3.5990871737214585 -0.11978598563140695
32562 10532852 0.07876010931759657 1.0514424419260615 0.50292 -3.5990871737214585 -0.11978598563140695
32563 10532852 0.012202664272360721 1.062450879232948 0.51054 -3.5990871737214585 -0.11978598563140695
32564 10532852 -0.015589300105925684 1.0684400066918638 0.51054 -3.5990871737214585 -0.11978598563140695
32565 10532852 -0.04338126448421209 1.0744291341507797 0.51054 -3.5990871737214585 -0.11978598563140695
32566 10532852 -0.10330537674665564 1.0858989710737943 0.51054 -3.5990871737214585 -0.11978598563140695
32567 10532852 -0.16739455340647713 1.0944081172404634 0.51054 -3.5990871737214585 -0.11978598563140695
32568 10532852 -0.2166979154623625 1.1038671780522404 0.51054 -3.5990871737214585 -0.11978598563140695
32569 10532852 -0.2401504226885064 1.1095484210272557 0.51054 -3.5990871737214585 -0.11978598563140695
32570 10532852 -0.2636029299146503 1.1152296640022707 0.51054 -3.5990871737214585 -0.11978598563140695
32571 10532852 -0.3109048267210526 1.1199458498035713 0.51054 -3.5990871737214585 -0.11978598563140695
32572 10532852 -0.3747705898919416 1.1283254233909843 0.51054 -3.5990871737214585 -0.11978598563140695
32573 10532852 -0.4116941634420381 1.1349066015765314 0.51054 -3.5990871737214585 -0.11978598563140695
32574 10532852 -0.4560025101436242 1.1406311621559428 0.51054 -3.5990871737214585 -0.11978598563140695
32575 10532852 -0.49194267990451895 1.1447881897054593 0.51054 -3.5990871737214585 -0.11978598563140695
32576 10532852 -0.5385544334182829 1.151616915050403 0.51054 -3.5990871737214585 -0.11978598563140695
32577 10532852 -0.5794550126882154 1.1596162064541726 0.51054 -3.5990871737214585 -0.11978598563140695
32578 10532852 -0.6394818934090016 1.1661587181578883 0.51054 -3.5990871737214585 -0.11978598563140695
32579 10532852 -0.6737808792655613 1.1692251201433757 0.5124449999999999 -3.5990871737214585 -0.11978598563140695
32580 10532852 -0.7080798651221208 1.1722915221288628 0.5143500000000001 -3.5990871737214585 -0.11978598563140695
32581 10532852 -0.7725797218545141 1.1828097765109928 0.5181600000000001 -3.5990871737214585 -0.11978598563140695
32582 10532852 -0.7942380820626407 1.1831158777319162 0.5143500000000001 -3.5990871737214585 -0.11978598563140695
32583 10532852 -0.8158964422707673 1.1834219789528395 0.51054 -3.5990871737214585 -0.11978598563140695
32584 10532852 -0.8567279886778205 1.1916339766274708 0.51054 -3.5990871737214585 -0.11978598563140695
32585 10532852 -0.8907101078122919 1.1936337775721297 0.51054 -3.5990871737214585 -0.11978598563140695
32586 10532852 -0.9348031224749318 1.1973046348663563 0.51054 -3.5990871737214585 -0.11978598563140695
32587 10532852 -0.9872512883136372 1.2039419310328163 0.51054 -3.5990871737214585 -0.11978598563140695
32588 10532852 -1.026267496423498 1.2054856460553325 0.51054 -3.5990871737214585 -0.11978598563140695
32589 10532852 -1.063942217899747 1.2070581733694383 0.51054 -3.5990871737214585 -0.11978598563140695
32590 10532852 -1.1041453093296372 1.2036159062417109 0.50292 -3.5990871737214585 -0.11978598563140695
32591 10532852 -1.1460221366362984 1.2004875818578036 0.4953 -3.5990871737214585 -0.11978598563140695
32592 10532852 -1.1980541222758139 1.1907496649344258 0.4953 -3.5990871737214585 -0.11978598563140695
32593 10532852 -1.2388706565377259 1.1827182955537219 0.4953 -3.5990871737214585 -0.11978598563140695
32594 10532852 -1.2637857246639703 1.1733417269917057 0.49149 -3.5990871737214585 -0.11978598563140695
32595 10532852 -1.2887007927902148 1.1639651584296895 0.48768 -3.5990871737214585 -0.11978598563140695
32596 10532852 -1.3245429540963185 1.1450768793176107 0.48768 -3.5990871737214585 -0.11978598563140695
32597 10532852 -1.3603851154024222 1.1261886002055317 0.48768 -3.5990871737214585 -0.11978598563140695
32598 10532852 -1.3838062880909785 1.1102479911764158 0.48768 -3.5990871737214585 -0.11978598563140695
32599 10532852 -1.4186865983291148 1.0809971292586515 0.48768 -3.5990871737214585 -0.11978598563140695
32600 10532852 -1.4505436110141563 1.0487711468952474 0.48006000000000004 -3.5990871737214585 -0.11978598563140695
32601 10532852 -1.4748005812841811 1.024574785750061 0.48006000000000004 -3.5990871737214585 -0.11978598563140695
32602 10532852 -1.5006171570618143 0.9907235558451476 0.47244 -3.5990871737214585 -0.11978598563140695
32603 10532852 -1.5246240159266051 0.9553456622077048 0.47244 -3.5990871737214585 -0.11978598563140695
32604 10532852 -1.5378325100350134 0.9271848039238048 0.47244 -3.5990871737214585 -0.11978598563140695
32605 10532852 -1.5563826905068117 0.8908398804581876 0.47244 -3.5990871737214585 -0.11978598563140695
32606 10532852 -1.5722793572905454 0.8585342468877967 0.47244 -3.5990871737214585 -0.11978598563140695
32607 10532852 -1.5817479461351027 0.8295881857182219 0.47244 -3.5990871737214585 -0.11978598563140695
32608 10532852 -1.5912165349796599 0.8006421245486472 0.47244 -3.5990871737214585 -0.11978598563140695
32609 10532852 -1.5999255643575632 0.7740180833889609 0.47244 -3.5990871737214585 -0.11978598563140695
32610 10532852 -1.6086345937354658 0.7473940422292747 0.47244 -3.5990871737214585 -0.11978598563140695
32611 10532852 -1.6125573251268983 0.7174809638939753 0.4648200000000001 -3.5990871737214585 -0.11978598563140695
32612 10532852 -1.6167571829408618 0.6859059448185016 0.4648200000000001 -3.5990871737214585 -0.11978598563140695
32613 10532852 -1.624637095111768 0.6452528094659986 0.4648200000000001 -3.5990871737214585 -0.11978598563140695
32614 10532852 -1.629099934293625 0.6142311855966331 0.4648200000000001 -3.5990871737214585 -0.11978598563140695
32615 10532852 -1.6318825662749803 0.5785705696366182 0.4572000000000001 -3.5990871737214585 -0.11978598563140695
32616 10532852 -1.6360314217594385 0.5316729000591764 0.44958 -3.5990871737214585 -0.11978598563140695
32617 10532852 -1.6355416978328232 0.4994986551035361 0.44958 -3.5990871737214585 -0.11978598563140695
32618 10532852 -1.636960967405827 0.4625742451827599 0.44958 -3.5990871737214585 -0.11978598563140695
32619 10532852 -1.6320276597895402 0.4450703812510571 0.44958 -3.5990871737214585 -0.11978598563140695
32620 10532852 -1.631606740549714 0.4126850132327221 0.44958 -3.5990871737214585 -0.11978598563140695
32621 10532852 -1.6272789886152097 0.3870836728766672 0.44577 -3.5990871737214585 -0.11978598563140695
32622 10532852 -1.6229512366807048 0.3614823325206121 0.44196 -3.5990871737214585 -0.11978598563140695
32623 10532852 -1.6180711453742391 0.3275216138094771 0.44196 -3.5990871737214585 -0.11978598563140695
32624 10532852 -1.6041238585540152 0.2805469793336736 0.44196 -3.5990871737214585 -0.11978598563140695
32625 10532852 -1.5879228951017954 0.24860856491192185 0.44196 -3.5990871737214585 -0.11978598563140695
32626 10532852 -1.575768325802012 0.21787690610510133 0.44196 -3.5990871737214585 -0.11978598563140695
32627 10532852 -1.5596015187007557 0.18583299405847006 0.4343400000000001 -3.5990871737214585 -0.11978598563140695
32628 10532852 -1.5426320990837887 0.1535266600970054 0.44196 -3.5990871737214585 -0.11978598563140695
32629 10532852 -1.5258427090675066 0.1342483682013714 0.4343400000000001 -3.5990871737214585 -0.11978598563140695
32630 10532852 -1.5026085090881705 0.10480041884008924 0.4343400000000001 -3.5990871737214585 -0.11978598563140695
32631 10532852 -1.483834301447997 0.08615835215715814 0.4343400000000001 -3.5990871737214585 -0.11978598563140695
32632 10532852 -1.461724850555727 0.07092385220325599 0.4305300000000001 -3.5990871737214585 -0.11978598563140695
32633 10532852 -1.4396153996634566 0.05568935224935387 0.42672 -3.5990871737214585 -0.11978598563140695
32634 10532852 -1.4130667073642222 0.03637428701375597 0.42672 -3.5990871737214585 -0.11978598563140695
32635 10532852 -1.3837778715125082 0.026795421839823724 0.42672 -3.5990871737214585 -0.11978598563140695
32636 10532852 -1.3544889958079176 0.017216678523092804 0.4191 -3.5990871737214585 -0.11978598563140695
32637 10532852 -1.3236167249480921 0.008405450922226637 0.4191 -3.5990871737214585 -0.11978598563140695
32638 10532852 -1.2711903115878862 0.005748087799682139 0.4191 -3.5990871737214585 -0.11978598563140695
32639 10532852 -1.2530879706545914 0.001347000826893846 0.4191 -3.5990871737214585 -0.11978598563140695
32640 10532852 -1.2032845999469175 0.0015341429593856706 0.4191 -3.5990871737214585 -0.11978598563140695
32641 10532852 -1.1750954759166017 0.0035321199282123132 0.4191 -3.5990871737214585 -0.11978598563140695
32642 10532852 -1.1429201509781741 0.0014225910026524902 0.4191 -3.5990871737214585 -0.11978598563140695
32643 10532852 -1.1085963154988852 0.0031672348701999586 0.41148 -3.5990871737214585 -0.11978598563140695
32644 10532852 -1.0905025911690518 0.0014566270459730188 0.40767 -3.5990871737214585 -0.11978598563140695
32645 10532852 -1.0724088668392184 -0.0002539807782539205 0.40386 -3.5990871737214585 -0.11978598563140695
32646 10532852 -1.0403457779311651 1.0345806768480292e-05 0.40386 -3.5990871737214585 -0.11978598563140695
32647 10532852 -1.007445778554824 0.00011797689450640525 0.40386 -3.5990871737214585 -0.11978598563140695
32648 10532852 -0.9750505800834369 4.030346818170716e-05 0.40386 -3.5990871737214585 -0.11978598563140695
32649 10532852 -0.9441739938942064 -0.004681430569965866 0.40386 -3.5990871737214585 -0.11978598563140695
32650 10532852 -0.8934393441965967 -0.0016422592432740188 0.38861999999999997 -3.5990871737214585 -0.11978598563140695
32651 10532852 -0.8792457055103287 -0.004413849051540436 0.381 -3.5990871737214585 -0.11978598563140695
32652 10532852 -0.8288304816501211 0.0003658650850445755 0.381 -3.5990871737214585 -0.11978598563140695
32653 10532852 -0.7959652607687355 0.00036892542529878836 0.37338000000000005 -3.5990871737214585 -0.11978598563140695
32654 10532852 -0.7634555663712943 0.000371531824233412 0.36576 -3.5990871737214585 -0.11978598563140695
32655 10532852 -0.7310718893222496 0.0005323099545394838 0.36576 -3.5990871737214585 -0.11978598563140695
32656 10532852 -0.7066409371602612 0.0005477857194589321 0.36195 -3.5990871737214585 -0.11978598563140695
32657 10532852 -0.6822099849982728 0.0005632614843783801 0.3581400000000001 -3.5990871737214585 -0.11978598563140695
32658 10532852 -0.6478265486735018 0.005211266831267518 0.35052000000000005 -3.5990871737214585 -0.11978598563140695
32659 10532852 -0.6157294997283753 0.0055830616001854285 0.35052000000000005 -3.5990871737214585 -0.11978598563140695
32660 10532852 -0.5764795764732928 0.0033828253497126537 0.35052000000000005 -3.5990871737214585 -0.11978598563140695
32661 10532852 -0.5316646672543632 0.0046209665298373725 0.34290000000000004 -3.5990871737214585 -0.11978598563140695
32662 10532852 -0.509878375284831 0.0033402047755391184 0.34290000000000004 -3.5990871737214585 -0.11978598563140695
32663 10532852 -0.4649255620444786 0.005000975410472536 0.33528 -3.5990871737214585 -0.11978598563140695
32664 10532852 -0.426374740652925 0.003380555543785385 0.33528 -3.5990871737214585 -0.11978598563140695
32665 10532852 -0.3990019180172706 0.004246140407589444 0.32766 -3.5990871737214585 -0.11978598563140695
32666 10532852 -0.3665384653569259 0.004382348679019849 0.32766 -3.5990871737214585 -0.11978598563140695
32667 10532852 -0.3300909766845865 0.003800576319747978 0.32766 -3.5990871737214585 -0.11978598563140695
32668 10532852 -0.2936434880122472 0.0032188039604761076 0.32766 -3.5990871737214585 -0.11978598563140695
32669 10532852 -0.2602397103094667 0.0035154020959640986 0.32004000000000005 -3.5990871737214585 -0.11978598563140695
32670 10532852 -0.21998962014670287 0.004378183674889319 0.31242000000000003 -3.5990871737214585 -0.11978598563140695
32671 10532852 -0.20080505756200173 0.004649769905931106 0.31242000000000003 -3.5990871737214585 -0.11978598563140695
32672 10532852 -0.1816204949773006 0.004921356136972893 0.31242000000000003 -3.5990871737214585 -0.11978598563140695
32673 10532852 -0.14861288098983594 0.004822253626610207 0.30861000000000005 -3.5990871737214585 -0.11978598563140695
32674 10532852 -0.11560526700237128 0.00472315111624752 0.3048 -3.5990871737214585 -0.11978598563140695
32675 10532852 -0.0821559840407422 0.0048888041323969225 0.3048 -3.5990871737214585 -0.11978598563140695
32676 10532852 -0.038860027478402566 0.0014856769353121244 0.29718 -3.5990871737214585 -0.11978598563140695
32677 10532852 -0.005456574033492312 0.0017834739010048613 0.29718 -3.5990871737214585 -0.11978598563140695
32678 10532852 0.017377153273195778 0.0050687547642936925 0.29718 -3.5990871737214585 -0.11978598563140695
32679 10532852 0.0729114090010542 0.005143391589208984 0.28956 -3.5990871737214585 -0.11978598563140695
32680 10532852 0.0952773799559104 0.004960060336463318 0.28956 -3.5990871737214585 -0.11978598563140695
32681 10532852 0.1176433509107666 0.00477672908371765 0.28956 -3.5990871737214585 -0.11978598563140695
32682 10532852 0.1469316233814061 0.0037623249245941843 0.28956 -3.5990871737214585 -0.11978598563140695
32683 10532852 0.17621989585204562 0.0027479207654707155 0.28956 -3.5990871737214585 -0.11978598563140695
32684 10532852 0.20302583922628425 0.005144398833064556 0.28956 -3.5990871737214585 -0.11978598563140695
32685 10532852 0.22450952715474132 0.004572263350185779 0.28956 -3.5990871737214585 -0.11978598563140695
32686 10532852 0.24599321508319846 0.0040001278673070005 0.28956 -3.5990871737214585 -0.11978598563140695
32687 10532852 0.26747690301165555 0.003427992384428225 0.28956 -3.5990871737214585 -0.11978598563140695
32688 10532852 0.2889605909401126 0.0028558569015494474 0.28956 -3.5990871737214585 -0.11978598563140695
32689 10532852 0.3104442788685697 0.00228372141867067 0.28956 -3.5990871737214585 -0.11978598563140695
32690 10532852 0.34349106674512364 0.0017649375876657434 0.28956 -3.5990871737214585 -0.11978598563140695
32691 10532852 0.372021662356671 0.0031894811501802234 0.28956 -3.5990871737214585 -0.11978598563140695
32692 10532852 0.3852782670742678 0.004348264939347646 0.28956 -3.5990871737214585 -0.11978598563140695
32693 10532852 0.3985348717918647 0.005507048728515068 0.28956 -3.5990871737214585 -0.11978598563140695
32694 10532852 0.4146682094654258 0.005141786363839304 0.290322 -3.5990871737214585 -0.11978598563140695
32695 10532852 0.43080154713898705 0.00477652399916354 0.291084 -3.5990871737214585 -0.11978598563140695
32696 10532852 0.44693488481254817 0.004411261634487776 0.291846 -3.5990871737214585 -0.11978598563140695
32697 10532852 0.4630682224861093 0.004045999269812012 0.292608 -3.5990871737214585 -0.11978598563140695
32698 10532852 0.4792015601596704 0.0036807369051362476 0.29336999999999996 -3.5990871737214585 -0.11978598563140695
32699 10532852 0.4953348978332316 0.0033154745404604838 0.294132 -3.5990871737214585 -0.11978598563140695
32700 10532852 0.5114682355067928 0.0029502121757847195 0.294894 -3.5990871737214585 -0.11978598563140695
32701 10532852 0.5276015731803538 0.002584949811108955 0.295656 -3.5990871737214585 -0.11978598563140695
32702 10532852 0.543734910853915 0.002219687446433191 0.29641799999999996 -3.5990871737214585 -0.11978598563140695
32703 10532852 0.5598682485274762 0.001854425081757427 0.29718 -3.5990871737214585 -0.11978598563140695
32704 10532852 0.5970397586927112 0.002364572921567211 0.29972 -3.5990871737214585 -0.11978598563140695
32705 10532852 0.6342112688579462 0.002874720761376996 0.30226000000000003 -3.5990871737214585 -0.11978598563140695
32706 10532852 0.6713827790231812 0.00338486860118678 0.3048 -3.5990871737214585 -0.11978598563140695
32707 10532852 0.6993970083111981 0.004862487920299058 0.29718 -3.5990871737214585 -0.11978598563140695
32708 10532852 0.7159666266255409 0.005289766763848097 0.29718 -3.5990871737214585 -0.11978598563140695
32709 10532852 0.7517794390901922 0.0051785537321461786 0.300228 -3.5990871737214585 -0.11978598563140695
32710 10532852 0.7875922515548435 0.005067340700444258 0.30327600000000005 -3.5990871737214585 -0.11978598563140695
32711 10532852 0.8234050640194948 0.004956127668742339 0.306324 -3.5990871737214585 -0.11978598563140695
32712 10532852 0.8592178764841459 0.004844914637040418 0.30937200000000004 -3.5990871737214585 -0.11978598563140695
32713 10532852 0.8950306889487973 0.004733701605338499 0.31242000000000003 -3.5990871737214585 -0.11978598563140695
32714 10532852 0.9308435014134484 0.004622488573636579 0.31546799999999997 -3.5990871737214585 -0.11978598563140695
