44568 10520887 -0.41707636219733424 4.823771047972032 0.6096 -4.6273977947847325 -0.1540105529546658
44569 10520887 -0.383158695938244 4.79671323819374 0.6096 -4.6273977947847325 -0.1540105529546658
44570 10520887 -0.3492410296791538 4.769655428415449 0.6096 -4.6273977947847325 -0.1540105529546658
44571 10520887 -0.3153233634200636 4.7425976186371575 0.6096 -4.6273977947847325 -0.1540105529546658
44572 10520887 -0.2814056971609734 4.715539808858866 0.6096 -4.6273977947847325 -0.1540105529546658
44573 10520887 -0.2474880309018832 4.688481999080574 0.6096 -4.6273977947847325 -0.1540105529546658
44574 10520887 -0.21357036464279303 4.6614241893022825 0.6096 -4.6273977947847325 -0.1540105529546658
44575 10520887 -0.1796526983837028 4.634366379523992 0.6096 -4.6273977947847325 -0.1540105529546658
44576 10520887 -0.14573503212461258 4.6073085697457 0.6096 -4.6273977947847325 -0.1540105529546658
44577 10520887 -0.11181736586552238 4.5802507599674085 0.6096 -4.6273977947847325 -0.1540105529546658
44578 10520887 -0.07789969960643217 4.553192950189117 0.6096 -4.6273977947847325 -0.1540105529546658
44579 10520887 -0.04398203334734197 4.526135140410826 0.6096 -4.6273977947847325 -0.1540105529546658
44580 10520887 -0.010064367088251758 4.499077330632535 0.6096 -4.6273977947847325 -0.1540105529546658
44581 10520887 0.02385329917083845 4.472019520854243 0.6096 -4.6273977947847325 -0.1540105529546658
44582 10520887 0.05777096542992865 4.444961711075951 0.6096 -4.6273977947847325 -0.1540105529546658
44583 10520887 0.09168863168901886 4.41790390129766 0.6096 -4.6273977947847325 -0.1540105529546658
44584 10520887 0.12560629794810907 4.390846091519368 0.6096 -4.6273977947847325 -0.1540105529546658
44585 10520887 0.15952396420719928 4.363788281741077 0.6096 -4.6273977947847325 -0.1540105529546658
44586 10520887 0.19344163046628948 4.3367304719627855 0.6096 -4.6273977947847325 -0.1540105529546658
44587 10520887 0.2273592967253797 4.309672662184494 0.6096 -4.6273977947847325 -0.1540105529546658
44588 10520887 0.2612769629844699 4.282614852406201 0.6096 -4.6273977947847325 -0.1540105529546658
44589 10520887 0.2951946292435601 4.255557042627912 0.6096 -4.6273977947847325 -0.1540105529546658
44590 10520887 0.3291122955026503 4.22849923284962 0.6096 -4.6273977947847325 -0.1540105529546658
44591 10520887 0.3630299617617405 4.201441423071328 0.6096 -4.6273977947847325 -0.1540105529546658
44592 10520887 0.3969476280208307 4.1743836132930365 0.6096 -4.6273977947847325 -0.1540105529546658
44593 10520887 0.4308652942799209 4.147325803514745 0.6096 -4.6273977947847325 -0.1540105529546658
44594 10520887 0.4647829605390112 4.120267993736453 0.6096 -4.6273977947847325 -0.1540105529546658
44595 10520887 0.4987006267981013 4.0932101839581625 0.6096 -4.6273977947847325 -0.1540105529546658
44596 10520887 0.5326182930571915 4.066152374179871 0.6096 -4.6273977947847325 -0.1540105529546658
44597 10520887 0.5665359593162818 4.039094564401579 0.6096 -4.6273977947847325 -0.1540105529546658
44598 10520887 0.6004536255753719 4.012036754623288 0.6096 -4.6273977947847325 -0.1540105529546658
44599 10520887 0.6343712918344622 3.984978944844997 0.6096 -4.6273977947847325 -0.1540105529546658
44600 10520887 0.6682889580935525 3.957921135066705 0.6096 -4.6273977947847325 -0.1540105529546658
44601 10520887 0.7022066243526426 3.9308633252884135 0.6096 -4.6273977947847325 -0.1540105529546658
44602 10520887 0.7212594614471692 3.895192165630297 0.6096 -4.6273977947847325 -0.1540105529546658
44603 10520887 0.7366359943702713 3.8540137091290414 0.6096 -4.6273977947847325 -0.1540105529546658
44604 10520887 0.7520125272933734 3.8128352526277873 0.6096 -4.6273977947847325 -0.1540105529546658
44605 10520887 0.7673890602164755 3.771656796126533 0.6096 -4.6273977947847325 -0.1540105529546658
44606 10520887 0.7827655931395776 3.730478339625277 0.6096 -4.6273977947847325 -0.1540105529546658
44607 10520887 0.7981421260626796 3.6892998831240233 0.6096 -4.6273977947847325 -0.1540105529546658
44608 10520887 0.8135186589857817 3.648121426622768 0.6096 -4.6273977947847325 -0.1540105529546658
44609 10520887 0.8288951919088838 3.606942970121513 0.6096 -4.6273977947847325 -0.1540105529546658
44610 10520887 0.8350190937910149 3.5601107433611077 0.6096 -4.6273977947847325 -0.1540105529546658
44611 10520887 0.841142995673146 3.5132785166007037 0.6096 -4.6273977947847325 -0.1540105529546658
44612 10520887 0.8472668975552771 3.4664462898403 0.6096 -4.6273977947847325 -0.1540105529546658
44613 10520887 0.8533907994374083 3.4196140630798952 0.6096 -4.6273977947847325 -0.1540105529546658
44614 10520887 0.8595147013195393 3.3727818363194912 0.6096 -4.6273977947847325 -0.1540105529546658
44615 10520887 0.8656386032016704 3.3259496095590872 0.6096 -4.6273977947847325 -0.1540105529546658
44616 10520887 0.8717625050838015 3.2791173827986824 0.6096 -4.6273977947847325 -0.1540105529546658
44617 10520887 0.8726712896067559 3.256096436468022 0.6096 -4.6273977947847325 -0.1540105529546658
44618 10520887 0.8735800741297102 3.2330754901373617 0.6096 -4.6273977947847325 -0.1540105529546658
44619 10520887 0.8887988436221643 3.146552061934734 0.6096 -4.6273977947847325 -0.1540105529546658
44620 10520887 0.9046487246202091 3.0809691631834992 0.6096 -4.6273977947847325 -0.1540105529546658
44621 10520887 0.911706899297174 3.0360185439883534 0.6096 -4.6273977947847325 -0.1540105529546658
44622 10520887 0.9187650739741388 2.991067924793207 0.6096 -4.6273977947847325 -0.1540105529546658
44623 10520887 0.9214169453322456 2.9788100651407636 0.6096 -4.6273977947847325 -0.1540105529546658
44624 10520887 0.9240688166903523 2.966552205488321 0.6096 -4.6273977947847325 -0.1540105529546658
44625 10520887 0.9392730842357191 2.8745432440449887 0.6096 -4.6273977947847325 -0.1540105529546658
44626 10520887 0.9531070911073408 2.8299485319570525 0.6096 -4.6273977947847325 -0.1540105529546658
44627 10520887 0.960144937843366 2.786290046247441 0.6096 -4.6273977947847325 -0.1540105529546658
44628 10520887 0.9708013381244454 2.7170312804162933 0.6096 -4.6273977947847325 -0.1540105529546658
44629 10520887 0.9819064985187412 2.6708753102763456 0.6096 -4.6273977947847325 -0.1540105529546658
44630 10520887 0.9908857645261768 2.630437952579085 0.6096 -4.6273977947847325 -0.1540105529546658
44631 10520887 0.9966218970792379 2.607241646512733 0.6096 -4.6273977947847325 -0.1540105529546658
44632 10520887 1.0023580296322991 2.5840453404463797 0.6096 -4.6273977947847325 -0.1540105529546658
44633 10520887 1.0061498772156758 2.537242196447587 0.6096 -4.6273977947847325 -0.1540105529546658
44634 10520887 1.0096753329755286 2.4651739946383677 0.6096 -4.6273977947847325 -0.1540105529546658
44635 10520887 1.0124161447862363 2.398853343819581 0.6096 -4.6273977947847325 -0.1540105529546658
44636 10520887 1.0145433448574408 2.371404051560227 0.6096 -4.6273977947847325 -0.1540105529546658
44637 10520887 1.0084911687563949 2.3039849508771053 0.6096 -4.6273977947847325 -0.1540105529546658
44638 10520887 1.005369936532014 2.2781341153531365 0.6096 -4.6273977947847325 -0.1540105529546658
44639 10520887 0.9947715907520209 2.229404004420803 0.6096 -4.6273977947847325 -0.1540105529546658
44640 10520887 0.984173244972028 2.180673893488469 0.6096 -4.6273977947847325 -0.1540105529546658
44641 10520887 0.9719527806524456 2.1432806795684254 0.59436 -4.6273977947847325 -0.1540105529546658
44642 10520887 0.9597323163328628 2.1058874656483817 0.57912 -4.6273977947847325 -0.1540105529546658
44643 10520887 0.9400983723755436 2.06346915182589 0.57912 -4.6273977947847325 -0.1540105529546658
44644 10520887 0.9185068235877422 2.0123442215599936 0.57912 -4.6273977947847325 -0.1540105529546658
44645 10520887 0.8731909304558414 1.944321608682164 0.57912 -4.6273977947847325 -0.1540105529546658
44646 10520887 0.8380777095315746 1.899368261145317 0.57912 -4.6273977947847325 -0.1540105529546658
44647 10520887 0.8137795746660418 1.8820740390449744 0.6096 -4.6273977947847325 -0.1540105529546658
44648 10520887 0.7591978736864693 1.823739247625597 0.57912 -4.6273977947847325 -0.1540105529546658
44649 10520887 0.7134729844606114 1.7952224918229156 0.57912 -4.6273977947847325 -0.1540105529546658
44650 10520887 0.6689815175094984 1.7623305405806733 0.57912 -4.6273977947847325 -0.1540105529546658
44651 10520887 0.610644643938003 1.7332629988775703 0.57912 -4.6273977947847325 -0.1540105529546658
44652 10520887 0.5265066702107104 1.6986091311048048 0.57912 -4.6273977947847325 -0.1540105529546658
44653 10520887 0.4639330511251535 1.6756004405511025 0.57912 -4.6273977947847325 -0.1540105529546658
44654 10520887 0.4334934303030661 1.6687263063200777 0.57912 -4.6273977947847325 -0.1540105529546658
44655 10520887 0.4030538094809785 1.661852172089053 0.57912 -4.6273977947847325 -0.1540105529546658
44656 10520887 0.35109804971780395 1.6523141978951918 0.57912 -4.6273977947847325 -0.1540105529546658
44657 10520887 0.28110878138639983 1.6432970992977076 0.57912 -4.6273977947847325 -0.1540105529546658
44658 10520887 0.18856992039150836 1.6359271435292033 0.57912 -4.6273977947847325 -0.1540105529546658
44659 10520887 0.123289968796081 1.6358868703405507 0.57912 -4.6273977947847325 -0.1540105529546658
44660 10520887 0.05176176354926598 1.6360204668861456 0.57912 -4.6273977947847325 -0.1540105529546658
44661 10520887 -0.0126186854787802 1.6411784565753196 0.57912 -4.6273977947847325 -0.1540105529546658
44662 10520887 -0.06806061435951949 1.6427136882907234 0.57912 -4.6273977947847325 -0.1540105529546658
44663 10520887 -0.12875444577363704 1.6433960377944437 0.57912 -4.6273977947847325 -0.1540105529546658
44664 10520887 -0.19237594296869556 1.6508778010833025 0.57912 -4.6273977947847325 -0.1540105529546658
44665 10520887 -0.22487603067159645 1.6533254960688044 0.57912 -4.6273977947847325 -0.1540105529546658
44666 10520887 -0.25737611837449736 1.655773191054306 0.57912 -4.6273977947847325 -0.1540105529546658
44667 10520887 -0.3190553774626259 1.6572466025533732 0.57912 -4.6273977947847325 -0.1540105529546658
44668 10520887 -0.3993935427710753 1.6641206016264622 0.57912 -4.6273977947847325 -0.1540105529546658
44669 10520887 -0.4804608411327645 1.6701239946828466 0.57912 -4.6273977947847325 -0.1540105529546658
44670 10520887 -0.5230957749858489 1.6753905214960596 0.57912 -4.6273977947847325 -0.1540105529546658
44671 10520887 -0.5657307088389334 1.6806570483092726 0.57912 -4.6273977947847325 -0.1540105529546658
44672 10520887 -0.6203264280112013 1.6809849314223413 0.57912 -4.6273977947847325 -0.1540105529546658
44673 10520887 -0.6737327636570711 1.6887523252399197 0.57912 -4.6273977947847325 -0.1540105529546658
44674 10520887 -0.7387680689818674 1.6935465906144318 0.57912 -4.6273977947847325 -0.1540105529546658
44675 10520887 -0.7934254378544505 1.7002051134434644 0.57912 -4.6273977947847325 -0.1540105529546658
44676 10520887 -0.8775600532174856 1.7063396832244024 0.57912 -4.6273977947847325 -0.1540105529546658
44677 10520887 -0.9317240149017828 1.7134220674669824 0.57912 -4.6273977947847325 -0.1540105529546658
44678 10520887 -0.980284462728257 1.7180879395196351 0.54864 -4.6273977947847325 -0.1540105529546658
44679 10520887 -1.0290155929538036 1.72386150900695 0.54864 -4.6273977947847325 -0.1540105529546658
44680 10520887 -1.0662153728308184 1.7275579844186697 0.54864 -4.6273977947847325 -0.1540105529546658
44681 10520887 -1.103415152707833 1.7312544598303894 0.54864 -4.6273977947847325 -0.1540105529546658
44682 10520887 -1.1615447180405645 1.7395188261612649 0.54864 -4.6273977947847325 -0.1540105529546658
44683 10520887 -1.2085170024925913 1.7398110306411907 0.54864 -4.6273977947847325 -0.1540105529546658
44684 10520887 -1.2558164172169073 1.7445336048644933 0.54864 -4.6273977947847325 -0.1540105529546658
44685 10520887 -1.3020455649376717 1.752528431535522 0.54864 -4.6273977947847325 -0.1540105529546658
44686 10520887 -1.3561132543747012 1.7542078499710458 0.54864 -4.6273977947847325 -0.1540105529546658
44687 10520887 -1.4088608877666662 1.7572084324518231 0.54864 -4.6273977947847325 -0.1540105529546658
44688 10520887 -1.4834386607831804 1.7599898955819857 0.54864 -4.6273977947847325 -0.1540105529546658
44689 10520887 -1.5358757069916609 1.7639413339924686 0.54864 -4.6273977947847325 -0.1540105529546658
44690 10520887 -1.574709322593156 1.76332587161998 0.54864 -4.6273977947847325 -0.1540105529546658
44691 10520887 -1.6027939558893731 1.7629913842187532 0.54864 -4.6273977947847325 -0.1540105529546658
44692 10520887 -1.6308785891855908 1.762656896817526 0.54864 -4.6273977947847325 -0.1540105529546658
44693 10520887 -1.6996804331343571 1.7593445178029972 0.54864 -4.6273977947847325 -0.1540105529546658
44694 10520887 -1.7633768053754373 1.7499222492604258 0.54864 -4.6273977947847325 -0.1540105529546658
44695 10520887 -1.7951142297567653 1.7445324901779036 0.54864 -4.6273977947847325 -0.1540105529546658
44696 10520887 -1.8268516541380933 1.7391427310953809 0.54864 -4.6273977947847325 -0.1540105529546658
44697 10520887 -1.865279369081332 1.7248420898583567 0.54864 -4.6273977947847325 -0.1540105529546658
44698 10520887 -1.8885655935058472 1.716103212614657 0.54864 -4.6273977947847325 -0.1540105529546658
44699 10520887 -1.947976832941384 1.6919600916499034 0.5181600000000001 -4.6273977947847325 -0.1540105529546658
44700 10520887 -1.9888490924312985 1.6674765092106694 0.5181600000000001 -4.6273977947847325 -0.1540105529546658
44701 10520887 -2.006456202598467 1.6530238082971402 0.5181600000000001 -4.6273977947847325 -0.1540105529546658
44702 10520887 -2.053074978294438 1.6096226080688023 0.5181600000000001 -4.6273977947847325 -0.1540105529546658
44703 10520887 -2.078083403468451 1.5820516130801303 0.5181600000000001 -4.6273977947847325 -0.1540105529546658
44704 10520887 -2.1000821827463083 1.5501073717503568 0.5181600000000001 -4.6273977947847325 -0.1540105529546658
44705 10520887 -2.1157054239243545 1.518647509626666 0.5181600000000001 -4.6273977947847325 -0.1540105529546658
44706 10520887 -2.123776084587649 1.502126016403594 0.5181600000000001 -4.6273977947847325 -0.1540105529546658
44707 10520887 -2.131846745250944 1.4856045231805215 0.5181600000000001 -4.6273977947847325 -0.1540105529546658
44708 10520887 -2.1414822272903318 1.4561580423649525 0.5181600000000001 -4.6273977947847325 -0.1540105529546658
44709 10520887 -2.1517713606293998 1.4002850845683903 0.48768 -4.6273977947847325 -0.1540105529546658
44710 10520887 -2.1599802916423965 1.3480546743300184 0.48768 -4.6273977947847325 -0.1540105529546658
44711 10520887 -2.1632199891239132 1.3300108273782472 0.48768 -4.6273977947847325 -0.1540105529546658
44712 10520887 -2.166459686605429 1.3119669804264757 0.48768 -4.6273977947847325 -0.1540105529546658
44713 10520887 -2.1669510790027893 1.2778926040566991 0.48768 -4.6273977947847325 -0.1540105529546658
44714 10520887 -2.1683748316328315 1.240968551108109 0.48768 -4.6273977947847325 -0.1540105529546658
44715 10520887 -2.174633390750837 1.1892684437074688 0.48768 -4.6273977947847325 -0.1540105529546658
44716 10520887 -2.172396003902349 1.1458885108060413 0.48768 -4.6273977947847325 -0.1540105529546658
44717 10520887 -2.1777886872767387 1.1253359740823945 0.48768 -4.6273977947847325 -0.1540105529546658
44718 10520887 -2.178568839960807 1.0713759639514435 0.48768 -4.6273977947847325 -0.1540105529546658
44719 10520887 -2.181464148481954 1.048954686819502 0.48768 -4.6273977947847325 -0.1540105529546658
44720 10520887 -2.184359457003101 1.02653340968756 0.48768 -4.6273977947847325 -0.1540105529546658
44721 10520887 -2.1897998343842406 1.0044775262315138 0.48768 -4.6273977947847325 -0.1540105529546658
44722 10520887 -2.1871847892172798 0.9690363029407892 0.48768 -4.6273977947847325 -0.1540105529546658
44723 10520887 -2.1951720912570867 0.9188367074534122 0.4572000000000001 -4.6273977947847325 -0.1540105529546658
44724 10520887 -2.199578116567242 0.8714379881496801 0.4572000000000001 -4.6273977947847325 -0.1540105529546658
44725 10520887 -2.2007516668627463 0.8502060285715964 0.4572000000000001 -4.6273977947847325 -0.1540105529546658
44726 10520887 -2.2019252171582497 0.8289740689935129 0.4572000000000001 -4.6273977947847325 -0.1540105529546658
44727 10520887 -2.2049825880422365 0.8142006459168405 0.4572000000000001 -4.6273977947847325 -0.1540105529546658
44728 10520887 -2.20485119254888 0.7820258623153336 0.4572000000000001 -4.6273977947847325 -0.1540105529546658
44729 10520887 -2.211087833225018 0.7466767688371952 0.4572000000000001 -4.6273977947847325 -0.1540105529546658
44730 10520887 -2.2168747154138853 0.6950562201169485 0.4572000000000001 -4.6273977947847325 -0.1540105529546658
44731 10520887 -2.223741729959082 0.6781408651773374 0.4572000000000001 -4.6273977947847325 -0.1540105529546658
44732 10520887 -2.225803977397625 0.6338311744300321 0.4572000000000001 -4.6273977947847325 -0.1540105529546658
44733 10520887 -2.231869830475092 0.5881440753438992 0.4572000000000001 -4.6273977947847325 -0.1540105529546658
44734 10520887 -2.235085574870051 0.5565971523304687 0.4572000000000001 -4.6273977947847325 -0.1540105529546658
44735 10520887 -2.241321868458105 0.5212479882149197 0.4572000000000001 -4.6273977947847325 -0.1540105529546658
44736 10520887 -2.2467618273680854 0.4899614505906719 0.4572000000000001 -4.6273977947847325 -0.1540105529546658
44737 10520887 -2.2506863613498824 0.4600485665704572 0.4572000000000001 -4.6273977947847325 -0.1540105529546658
44738 10520887 -2.2543670973183128 0.4325096122567189 0.4572000000000001 -4.6273977947847325 -0.1540105529546658
44739 10520887 -2.2576334046711235 0.4062371760513944 0.4572000000000001 -4.6273977947847325 -0.1540105529546658
44740 10520887 -2.2571934263284894 0.3817900040668402 0.4572000000000001 -4.6273977947847325 -0.1540105529546658
44741 10520887 -2.2567534479858544 0.357342832082286 0.4572000000000001 -4.6273977947847325 -0.1540105529546658
44742 10520887 -2.2616771843914383 0.3260042685428812 0.4572000000000001 -4.6273977947847325 -0.1540105529546658
44743 10520887 -2.26164832598431 0.29351267195714703 0.42672 -4.6273977947847325 -0.1540105529546658
44744 10520887 -2.258279634494708 0.25385256746352103 0.42672 -4.6273977947847325 -0.1540105529546658
44745 10520887 -2.2528165263179583 0.22005040789994046 0.42672 -4.6273977947847325 -0.1540105529546658
44746 10520887 -2.2494231841416434 0.18155073126859744 0.42672 -4.6273977947847325 -0.1540105529546658
44747 10520887 -2.246075659682665 0.15241343339648736 0.42672 -4.6273977947847325 -0.1540105529546658
44748 10520887 -2.2400181018339005 0.14038316302447115 0.42672 -4.6273977947847325 -0.1540105529546658
44749 10520887 -2.233960543985136 0.12835289265245495 0.42672 -4.6273977947847325 -0.1540105529546658
44750 10520887 -2.224153944207477 0.10130874286943678 0.42672 -4.6273977947847325 -0.1540105529546658
44751 10520887 -2.194490528034407 0.06490558533963177 0.42672 -4.6273977947847325 -0.1540105529546658
44752 10520887 -2.1747560069279626 0.05164323038716628 0.42672 -4.6273977947847325 -0.1540105529546658
44753 10520887 -2.1550214858215178 0.038380875434700784 0.42672 -4.6273977947847325 -0.1540105529546658
44754 10520887 -2.1309484798312583 0.030505289593793256 0.42672 -4.6273977947847325 -0.1540105529546658
44755 10520887 -2.104912159703382 0.024558002069648505 0.39624 -4.6273977947847325 -0.1540105529546658
44756 10520887 -2.0732325322427885 0.019568821569168587 0.39624 -4.6273977947847325 -0.1540105529546658
44757 10520887 -2.0286435304000854 0.021456497798980484 0.39624 -4.6273977947847325 -0.1540105529546658
44758 10520887 -2.0050048973573853 0.02447278890045709 0.39624 -4.6273977947847325 -0.1540105529546658
44759 10520887 -1.9759121606383083 0.023660296074532072 0.39624 -4.6273977947847325 -0.1540105529546658
44760 10520887 -1.946819423919231 0.02284780324860705 0.39624 -4.6273977947847325 -0.1540105529546658
44761 10520887 -1.9060880782884115 0.021090811075814758 0.39624 -4.6273977947847325 -0.1540105529546658
44762 10520887 -1.8925790786361298 0.021111692689881084 0.39624 -4.6273977947847325 -0.1540105529546658
44763 10520887 -1.8790700789838488 0.02113257430394741 0.39624 -4.6273977947847325 -0.1540105529546658
44764 10520887 -1.8473084411085885 0.017753294419767446 0.39624 -4.6273977947847325 -0.1540105529546658
44765 10520887 -1.8188684952404253 0.01779749435992037 0.36576 -4.6273977947847325 -0.1540105529546658
44766 10520887 -1.7838971495501876 0.013368569674532677 0.36576 -4.6273977947847325 -0.1540105529546658
44767 10520887 -1.7414706039752577 0.01000642223675971 0.36576 -4.6273977947847325 -0.1540105529546658
44768 10520887 -1.7161023980036505 0.011523116605456102 0.36576 -4.6273977947847325 -0.1540105529546658
44769 10520887 -1.682777048573037 0.011839268691608423 0.36576 -4.6273977947847325 -0.1540105529546658
44770 10520887 -1.655465312339763 0.008163737278057831 0.36576 -4.6273977947847325 -0.1540105529546658
44771 10520887 -1.6277113621929116 0.010185604524215769 0.36576 -4.6273977947847325 -0.1540105529546658
44772 10520887 -1.6013513780614728 0.006587894819698764 0.36576 -4.6273977947847325 -0.1540105529546658
44773 10520887 -1.58185737854252 0.005761756194120976 0.36576 -4.6273977947847325 -0.1540105529546658
44774 10520887 -1.5623633790235674 0.004935617568543188 0.36576 -4.6273977947847325 -0.1540105529546658
44775 10520887 -1.5363179752014438 0.0071661064684867826 0.36576 -4.6273977947847325 -0.1540105529546658
44776 10520887 -1.5032484308460825 0.004528916604586236 0.36576 -4.6273977947847325 -0.1540105529546658
44777 10520887 -1.4849283162842253 0.00513849132897376 0.36576 -4.6273977947847325 -0.1540105529546658
44778 10520887 -1.4666082017223685 0.005748066053361285 0.36576 -4.6273977947847325 -0.1540105529546658
44779 10520887 -1.4408436149953656 0.0030466840878078105 0.36576 -4.6273977947847325 -0.1540105529546658
44780 10520887 -1.4151135561177262 0.00023984797373174938 0.36576 -4.6273977947847325 -0.1540105529546658
44781 10520887 -1.386466906115584 0.0009190701964331973 0.36576 -4.6273977947847325 -0.1540105529546658
44782 10520887 -1.3629886083237348 0.004807548289988722 0.36576 -4.6273977947847325 -0.1540105529546658
44783 10520887 -1.3252045629259548 0.003550221068892995 0.36576 -4.6273977947847325 -0.1540105529546658
44784 10520887 -1.2975846243666285 0.009239018679107786 0.36576 -4.6273977947847325 -0.1540105529546658
44785 10520887 -1.2820965127123485 0.010424708078115769 0.35052 -4.6273977947847325 -0.1540105529546658
44786 10520887 -1.2666084010580685 0.011610397477123752 0.33528 -4.6273977947847325 -0.1540105529546658
44787 10520887 -1.2371492039201473 0.010972894724453923 0.33528 -4.6273977947847325 -0.1540105529546658
44788 10520887 -1.2118075386827158 0.009695799519033516 0.33528 -4.6273977947847325 -0.1540105529546658
44789 10520887 -1.1947551748255272 0.009961172939833202 0.33528 -4.6273977947847325 -0.1540105529546658
44790 10520887 -1.1567427302343631 0.008045791540466446 0.33528 -4.6273977947847325 -0.1540105529546658
44791 10520887 -1.1264070982582968 0.001397134697278174 0.33528 -4.6273977947847325 -0.1540105529546658
44792 10520887 -1.0964388742572102 0.00503349629442193 0.33528 -4.6273977947847325 -0.1540105529546658
44793 10520887 -1.0824306739377487 0.005768822246144029 0.33528 -4.6273977947847325 -0.1540105529546658
44794 10520887 -1.0684224736182877 0.006504148197866128 0.33528 -4.6273977947847325 -0.1540105529546658
44795 10520887 -1.0247499528556432 0.0056010741794161045 0.33528 -4.6273977947847325 -0.1540105529546658
44796 10520887 -0.9991064567840602 0.005248339924427331 0.33528 -4.6273977947847325 -0.1540105529546658
44797 10520887 -0.9734629607124772 0.0048956056694385575 0.33528 -4.6273977947847325 -0.1540105529546658
44798 10520887 -0.947237088967776 0.0049659640729744214 0.33528 -4.6273977947847325 -0.1540105529546658
44799 10520887 -0.9129480735528692 0.006606001969118064 0.33528 -4.6273977947847325 -0.1540105529546658
44800 10520887 -0.8854841002080984 0.006388569785861192 0.33528 -4.6273977947847325 -0.1540105529546658
44801 10520887 -0.8593057576647858 0.004955909168555622 0.33528 -4.6273977947847325 -0.1540105529546658
44802 10520887 -0.8272429531993097 0.005221197389820326 0.33528 -4.6273977947847325 -0.1540105529546658
44803 10520887 -0.7907970677857494 0.008025896786928416 0.33528 -4.6273977947847325 -0.1540105529546658
44804 10520887 -0.7567669925908487 0.003442210974345744 0.33528 -4.6273977947847325 -0.1540105529546658
44805 10520887 -0.7247043101564203 0.0037079623860537814 0.33528 -4.6273977947847325 -0.1540105529546658
44806 10520887 -0.6966538532664663 0.0052856307603694475 0.33528 -4.6273977947847325 -0.1540105529546658
44807 10520887 -0.6694058728734553 0.0071257611422009546 0.33528 -4.6273977947847325 -0.1540105529546658
