28463 10979952 3.376512952640243 4.423097094787464 0.9430231407942238 -5.360127564704305 -4.810420060212736
28464 10979952 3.376300226047199 4.4232052690847645 0.9428993501805054 -5.360127564704305 -4.810420060212736
28465 10979952 3.3760874994541545 4.4233134433820664 0.9427755595667868 -5.360127564704305 -4.810420060212736
28466 10979952 3.3758747728611103 4.423421617679367 0.9426517689530686 -5.360127564704305 -4.810420060212736
28467 10979952 3.375662046268066 4.423529791976666 0.94252797833935 -5.360127564704305 -4.810420060212736
28468 10979952 3.3754493196750217 4.423637966273966 0.9424041877256316 -5.360127564704305 -4.810420060212736
28469 10979952 3.375236593081977 4.423746140571266 0.9422803971119132 -5.360127564704305 -4.810420060212736
28470 10979952 3.375023866488933 4.423854314868566 0.9421566064981948 -5.360127564704305 -4.810420060212736
28471 10979952 3.3748111398958884 4.423962489165866 0.9420328158844764 -5.360127564704305 -4.810420060212736
28472 10979952 3.3745984133028446 4.424070663463167 0.9419090252707579 -5.360127564704305 -4.810420060212736
28473 10979952 3.3743856867098003 4.424178837760467 0.9417852346570396 -5.360127564704305 -4.810420060212736
28474 10979952 3.3741729601167565 4.424287012057766 0.9416614440433212 -5.360127564704305 -4.810420060212736
28475 10979952 3.373960233523712 4.424395186355066 0.9415376534296028 -5.360127564704305 -4.810420060212736
28476 10979952 3.3737475069306675 4.424503360652367 0.9414138628158844 -5.360127564704305 -4.810420060212736
28477 10979952 3.3735347803376228 4.424611534949666 0.9412900722021659 -5.360127564704305 -4.810420060212736
28478 10979952 3.3733220537445785 4.424719709246968 0.9411662815884476 -5.360127564704305 -4.810420060212736
28479 10979952 3.3731093271515347 4.4248278835442685 0.9410424909747293 -5.360127564704305 -4.810420060212736
28480 10979952 3.3728966005584904 4.424936057841569 0.9409187003610108 -5.360127564704305 -4.810420060212736
28481 10979952 3.3726838739654466 4.425044232138868 0.9407949097472924 -5.360127564704305 -4.810420060212736
28482 10979952 3.372471147372402 4.425152406436168 0.940671119133574 -5.360127564704305 -4.810420060212736
28483 10979952 3.3722584207793576 4.425260580733468 0.9405473285198556 -5.360127564704305 -4.810420060212736
28484 10979952 3.3720456941863133 4.425368755030768 0.9404235379061372 -5.360127564704305 -4.810420060212736
28485 10979952 3.3718329675932686 4.4254769293280685 0.9402997472924188 -5.360127564704305 -4.810420060212736
28486 10979952 3.3716202410002247 4.4255851036253695 0.9401759566787004 -5.360127564704305 -4.810420060212736
28487 10979952 3.3714075144071813 4.425693277922669 0.940052166064982 -5.360127564704305 -4.810420060212736
28488 10979952 3.3711947878141366 4.425801452219969 0.9399283754512636 -5.360127564704305 -4.810420060212736
28489 10979952 3.3709820612210923 4.425909626517268 0.939804584837545 -5.360127564704305 -4.810420060212736
28490 10979952 3.3707693346280485 4.426017800814568 0.9396807942238268 -5.360127564704305 -4.810420060212736
28491 10979952 3.3705566080350042 4.426125975111869 0.9395570036101084 -5.360127564704305 -4.810420060212736
28492 10979952 3.3703438814419595 4.4262341494091695 0.9394332129963898 -5.360127564704305 -4.810420060212736
28493 10979952 3.3701311548489152 4.42634232370647 0.9393094223826716 -5.360127564704305 -4.810420060212736
28494 10979952 3.369918428255871 4.42645049800377 0.9391856317689531 -5.360127564704305 -4.810420060212736
28495 10979952 3.3697057016628267 4.42655867230107 0.9390618411552346 -5.360127564704305 -4.810420060212736
28496 10979952 3.3694929750697824 4.42666684659837 0.938938050541516 -5.360127564704305 -4.810420060212736
28497 10979952 3.369280248476738 4.42677502089567 0.9388142599277978 -5.360127564704305 -4.810420060212736
28498 10979952 3.369067521883694 4.4268831951929695 0.9386904693140794 -5.360127564704305 -4.810420060212736
28499 10979952 3.3688547952906496 4.426991369490271 0.9385666787003608 -5.360127564704305 -4.810420060212736
28500 10979952 3.3686420686976053 4.4270995437875715 0.9384428880866426 -5.360127564704305 -4.810420060212736
28501 10979952 3.3684293421045615 4.427207718084871 0.938319097472924 -5.360127564704305 -4.810420060212736
28502 10979952 3.3682166155115167 4.427315892382171 0.9381953068592056 -5.360127564704305 -4.810420060212736
28503 10979952 3.3680038889184725 4.427424066679472 0.9380715162454872 -5.360127564704305 -4.810420060212736
28504 10979952 3.367791162325428 4.427532240976772 0.9379477256317688 -5.360127564704305 -4.810420060212736
28505 10979952 3.367578435732384 4.427640415274071 0.9378239350180504 -5.360127564704305 -4.810420060212736
28506 10979952 3.36736570913934 4.427748589571372 0.937700144404332 -5.360127564704305 -4.810420060212736
28507 10979952 3.367152982546296 4.427856763868672 0.9375763537906135 -5.360127564704305 -4.810420060212736
28508 10979952 3.3669402559532515 4.427964938165972 0.9374525631768952 -5.360127564704305 -4.810420060212736
