25891 10979952 0.27879832687496153 0.0049150887686709435 0.18288 -2.5168630959519693 -0.5306722116665519
25892 10979952 0.3068385155897668 0.0050199257929219405 0.19304000000000002 -2.5168630959519693 -0.5306722116665519
25893 10979952 0.3348787043045721 0.005124762817172936 0.2032 -2.5168630959519693 -0.5306722116665519
25894 10979952 0.3629188930193774 0.005229599841423932 0.21336 -2.5168630959519693 -0.5306722116665519
25895 10979952 0.3792127727516424 0.004811663623573381 0.21336 -2.5168630959519693 -0.5306722116665519
25896 10979952 0.3955066524839073 0.0043937274057228295 0.21336 -2.5168630959519693 -0.5306722116665519
25897 10979952 0.4560925575701973 -0.0004509346654473501 0.21336 -2.5168630959519693 -0.5306722116665519
25898 10979952 0.4891758493498657 0.0015892029921486669 0.21336 -2.5168630959519693 -0.5306722116665519
25899 10979952 0.5021028906878795 -0.0002984886795878647 0.21336 -2.5168630959519693 -0.5306722116665519
25900 10979952 0.5150299320258934 -0.002186180351324396 0.21336 -2.5168630959519693 -0.5306722116665519
25901 10979952 0.5748913373130908 -0.009246516127573157 0.21336 -2.5168630959519693 -0.5306722116665519
25902 10979952 0.5915817824804983 -0.00845005748147161 0.21336 -2.5168630959519693 -0.5306722116665519
25903 10979952 0.6082722276479057 -0.007653598835370062 0.21336 -2.5168630959519693 -0.5306722116665519
25904 10979952 0.6667859505648697 -0.0017138203210219569 0.24384 -2.5168630959519693 -0.5306722116665519
25905 10979952 0.7258499713995472 0.004280141359818815 0.24384 -2.5168630959519693 -0.5306722116665519
25906 10979952 0.7648384828227583 0.006728465247858112 0.24384 -2.5168630959519693 -0.5306722116665519
25907 10979952 0.7826416025306204 0.008213206558244042 0.24384 -2.5168630959519693 -0.5306722116665519
25908 10979952 0.8004447222384824 0.009697947868629972 0.24384 -2.5168630959519693 -0.5306722116665519
25909 10979952 0.8419905157945953 -0.0009557072094458358 0.24384 -2.5168630959519693 -0.5306722116665519
25910 10979952 0.8814433864436421 -0.0005275490968779707 0.254 -2.5168630959519693 -0.5306722116665519
25911 10979952 0.9208962570926889 -9.939098431010574e-05 0.26416 -2.5168630959519693 -0.5306722116665519
25912 10979952 0.9603491277417356 0.00032876712825775917 0.27432 -2.5168630959519693 -0.5306722116665519
25913 10979952 1.0005501417953062 -0.00030488005724402245 0.27432 -2.5168630959519693 -0.5306722116665519
25914 10979952 1.0258794878607926 0.006548894037849314 0.27432 -2.5168630959519693 -0.5306722116665519
25915 10979952 1.051208833926279 0.01340266813294265 0.27432 -2.570776552658184 -0.08556141830814801
25916 10979952 1.0855478609184934 0.009777875954016135 0.27432 -2.570776552658184 -0.08556141830814801
25917 10979952 1.1221031733491804 0.010219133609992742 0.27432 -2.570776552658184 -0.08556141830814801
25918 10979952 1.1586584857798672 0.010660391265969349 0.27432 -2.570776552658184 -0.08556141830814801
25919 10979952 1.196956525724962 0.010999892316793323 0.3048 -2.570776552658184 -0.08556141830814801
25920 10979952 1.2319804289423244 0.010832098607744143 0.3048 -2.570776552658184 -0.08556141830814801
25921 10979952 1.2670043321596869 0.010664304898694963 0.3048 -2.570776552658184 -0.08556141830814801
25922 10979952 1.3210040281758793 0.00932153834239402 0.3048 -2.570776552658184 -0.08556141830814801
25923 10979952 1.3461801467340124 0.007960990680095578 0.32004 -2.570776552658184 -0.08556141830814801
25924 10979952 1.3713562652921458 0.006600443017797136 0.33528 -2.570776552658184 -0.08556141830814801
25925 10979952 1.427478515168103 0.0071352206217783 0.33528 -2.570776552658184 -0.08556141830814801
25926 10979952 1.4714801814067415 0.003189045568552273 0.33528 -2.570776552658184 -0.08556141830814801
25927 10979952 1.51548184764538 -0.0007571294846737547 0.33528 -2.570776552658184 -0.08556141830814801
25928 10979952 1.5490964617697838 -0.006596456937440126 0.33528 -2.570776552658184 -0.08556141830814801
25929 10979952 1.5671456286357477 -0.0048982668892164965 0.35052 -2.570776552658184 -0.08556141830814801
25930 10979952 1.5851947955017116 -0.003200076840992869 0.36576 -2.570776552658184 -0.08556141830814801
25931 10979952 1.6192469266794434 -0.006611879423485567 0.36576 -2.570776552658184 -0.08556141830814801
25932 10979952 1.6913093287163081 -0.01028850947058274 0.36576 -2.570776552658184 -0.08556141830814801
25933 10979952 1.7220463885571422 -0.015420848509811182 0.36576 -2.570776552658184 -0.08556141830814801
25934 10979952 1.7400228496108283 -0.018838695334316192 0.36576 -2.570776552658184 -0.08556141830814801
25935 10979952 1.7579993106645144 -0.0222565421588212 0.36576 -2.570776552658184 -0.08556141830814801
25936 10979952 1.7912816056576375 -0.027752554313334597 0.36576 -2.570776552658184 -0.08556141830814801
25937 10979952 1.8228116138617203 -0.03045651747562217 0.39624 -2.570776552658184 -0.08556141830814801
25938 10979952 1.8571501493142892 -0.03407756307535362 0.39624 -2.570776552658184 -0.08556141830814801
25939 10979952 1.8890736376508648 -0.039654978797172995 0.39624 -2.570776552658184 -0.08556141830814801
25940 10979952 1.920997125987441 -0.04523239451899239 0.39624 -2.570776552658184 -0.08556141830814801
25941 10979952 1.9733155939310658 -0.047364868547487886 0.39624 -2.570776552658184 -0.08556141830814801
25942 10979952 1.999070114944885 -0.05320525870306543 0.4114800000000001 -2.570776552658184 -0.08556141830814801
25943 10979952 2.024824635958704 -0.059045648858642975 0.42672 -2.570776552658184 -0.08556141830814801
25944 10979952 2.0908597008728043 -0.07301624186975025 0.42672 -2.570776552658184 -0.08556141830814801
25945 10979952 2.1238772655533014 -0.08000122895686311 0.42672 -2.570776552658184 -0.08556141830814801
25946 10979952 2.1568948302337985 -0.08698621604397598 0.42672 -2.570776552658184 -0.08556141830814801
25947 10979952 2.1892464590651595 -0.09533058325253926 0.42672 -2.570776552658184 -0.08556141830814801
25948 10979952 2.220121452831706 -0.10003849428797187 0.42672 -2.570776552658184 -0.08556141830814801
25949 10979952 2.252219431275547 -0.11051930854175797 0.42672 -2.570776552658184 -0.08556141830814801
25950 10979952 2.2687572080753293 -0.1135828428139457 0.44196 -2.570776552658184 -0.08556141830814801
25951 10979952 2.285294984875112 -0.11664637708613344 0.4572000000000001 -2.570776552658184 -0.08556141830814801
25952 10979952 2.31685937086191 -0.11924256858627612 0.4572000000000001 -2.570776552658184 -0.08556141830814801
25953 10979952 2.3679566937397745 -0.12103188383496805 0.4572000000000001 -2.570776552658184 -0.08556141830814801
25954 10979952 2.400709817948377 -0.11604289801219947 0.4572000000000001 -2.570776552658184 -0.08556141830814801
25955 10979952 2.43346294215698 -0.11105391218943088 0.4572000000000001 -2.570776552658184 -0.08556141830814801
25956 10979952 2.4719316785481533 -0.0927735627277132 0.4572000000000001 -2.570776552658184 -0.08556141830814801
25957 10979952 2.510400414939326 -0.07449321326599548 0.4572000000000001 -2.570776552658184 -0.08556141830814801
25958 10979952 2.5412564271540634 -0.054778583943406095 0.48768 -2.570776552658184 -0.08556141830814801
25959 10979952 2.5594213862145496 -0.03812424818738532 0.48768 -2.570776552658184 -0.08556141830814801
25960 10979952 2.5775863452750363 -0.021469912431364528 0.48768 -2.570776552658184 -0.08556141830814801
25961 10979952 2.595751304335522 -0.00481557667534374 0.48768 -2.570776552658184 -0.08556141830814801
25962 10979952 2.618161825721076 0.0230301410268747 0.48768 -2.570776552658184 -0.08556141830814801
25963 10979952 2.665520582428876 0.08513587071773984 0.48768 -2.570776552658184 -0.08556141830814801
25964 10979952 2.6830294023499146 0.12217510096250915 0.48768 -2.570776552658184 -0.08556141830814801
25965 10979952 2.691869684839705 0.1405498663832471 0.50292 -2.570776552658184 -0.08556141830814801
25966 10979952 2.7007099673294963 0.15892463180398506 0.5181600000000001 -2.570776552658184 -0.08556141830814801
25967 10979952 2.7140821683171765 0.1998843589088559 0.5181600000000001 -2.570776552658184 -0.08556141830814801
25968 10979952 2.7348640308810106 0.2809467941991957 0.5181600000000001 -2.570776552658184 -0.08556141830814801
25969 10979952 2.7398016949591777 0.31021368562180346 0.5181600000000001 -2.570776552658184 -0.08556141830814801
25970 10979952 2.744739359037345 0.3394805770444113 0.5181600000000001 -2.570776552658184 -0.08556141830814801
25971 10979952 2.7496770231155123 0.3687474684670191 0.5181600000000001 -2.570776552658184 -0.08556141830814801
25972 10979952 2.7509100784414904 0.41331989185826706 0.5181600000000001 -2.570776552658184 -0.08556141830814801
25973 10979952 2.7572123690544514 0.4774982708184067 0.5181600000000001 -2.570776552658184 -0.08556141830814801
25974 10979952 2.7573485238461988 0.5155366047473499 0.52832 -2.570776552658184 -0.08556141830814801
25975 10979952 2.7574846786379457 0.5535749386762929 0.5384800000000001 -2.570776552658184 -0.08556141830814801
25976 10979952 2.7576208334296934 0.5916132726052362 0.54864 -2.570776552658184 -0.08556141830814801
25977 10979952 2.7620199536669663 0.6377221548983482 0.54864 -2.570776552658184 -0.08556141830814801
25978 10979952 2.7641155161172444 0.684933592864922 0.54864 -2.570776552658184 -0.08556141830814801
25979 10979952 2.7671600964592185 0.7785626965037201 0.54864 -2.570776552658184 -0.08556141830814801
25980 10979952 2.768050173020532 0.8141938790911274 0.54864 -2.570776552658184 -0.08556141830814801
25981 10979952 2.7689402495818465 0.8498250616785346 0.54864 -2.570776552658184 -0.08556141830814801
25982 10979952 2.770928671027153 0.9233558650413716 0.54864 -2.570776552658184 -0.08556141830814801
25983 10979952 2.771873532485132 0.9466448124283472 0.54864 -2.570776552658184 -0.08556141830814801
25984 10979952 2.77281839394311 0.9699337598153224 0.54864 -2.570776552658184 -0.08556141830814801
25985 10979952 2.7740659335334663 1.0648508570656638 0.57912 -2.570776552658184 -0.08556141830814801
25986 10979952 2.774974294239477 1.100943481782711 0.57912 -2.570776552658184 -0.08556141830814801
25987 10979952 2.775882654945489 1.137036106499758 0.57912 -2.570776552658184 -0.08556141830814801
25988 10979952 2.7755599312394064 1.1985885093446682 0.57912 -2.570776552658184 -0.08556141830814801
25989 10979952 2.775237207533324 1.2601409121895784 0.57912 -2.570776552658184 -0.08556141830814801
25990 10979952 2.77604538439542 1.3074810358520652 0.57912 -2.570776552658184 -0.08556141830814801
25991 10979952 2.776853561257516 1.354821159514552 0.57912 -2.570776552658184 -0.08556141830814801
25992 10979952 2.7785504445003246 1.4021631998945094 0.57912 -2.570776552658184 -0.08556141830814801
25993 10979952 2.778898407625333 1.4335909506694131 0.58928 -2.570776552658184 -0.08556141830814801
25994 10979952 2.7792463707503416 1.4650187014443172 0.59944 -2.570776552658184 -0.08556141830814801
25995 10979952 2.7795943338753504 1.4964464522192211 0.6096 -2.570776552658184 -0.08556141830814801
25996 10979952 2.7809470953371265 1.5427327572533065 0.6096 -2.570776552658184 -0.08556141830814801
25997 10979952 2.7822998567989035 1.5890190622873916 0.6096 -2.570776552658184 -0.08556141830814801
25998 10979952 2.784157389522333 1.6354910469633828 0.6096 -2.570776552658184 -0.08556141830814801
25999 10979952 2.7863354345125284 1.7038790264625656 0.6096 -2.570776552658184 -0.08556141830814801
26000 10979952 2.787073494651366 1.7776437205970517 0.6096 -2.570776552658184 -0.08556141830814801
26001 10979952 2.7885964256403004 1.8128934969415629 0.6248400000000001 -2.570776552658184 -0.08556141830814801
26002 10979952 2.7901193566292357 1.848143273286074 0.6400800000000001 -2.570776552658184 -0.08556141830814801
26003 10979952 2.7923061457245106 1.8818912723487728 0.6400800000000001 -2.570776552658184 -0.08556141830814801
26004 10979952 2.794492934819786 1.9156392714114716 0.6400800000000001 -2.570776552658184 -0.08556141830814801
26005 10979952 2.7956670800604893 2.010581566448132 0.6400800000000001 -2.570776552658184 -0.08556141830814801
26006 10979952 2.7976983794049035 2.0575811549262 0.6400800000000001 -2.570776552658184 -0.08556141830814801
26007 10979952 2.799949227523736 2.10661185329748 0.6400800000000001 -2.570776552658184 -0.08556141830814801
26008 10979952 2.8007989592074933 2.1302826756879387 0.6400800000000001 -2.570776552658184 -0.08556141830814801
26009 10979952 2.8016486908912506 2.1539534980783994 0.6400800000000001 -2.570776552658184 -0.08556141830814801
26010 10979952 2.806367367558442 2.2499582187677376 0.6400800000000001 -2.570776552658184 -0.08556141830814801
26011 10979952 2.8073982397894817 2.2847847723971078 0.6553200000000001 -2.570776552658184 -0.08556141830814801
26012 10979952 2.8084291120205216 2.319611326026477 0.67056 -2.570776552658184 -0.08556141830814801
26013 10979952 2.8088595095228035 2.3558606230381383 0.67056 -2.570776552658184 -0.08556141830814801
26014 10979952 2.809289907025086 2.3921099200497986 0.67056 -2.570776552658184 -0.08556141830814801
26015 10979952 2.8124494889867235 2.4436477735633533 0.67056 -2.570776552658184 -0.08556141830814801
26016 10979952 2.8168611964140537 2.540337177149289 0.67056 -2.570776552658184 -0.08556141830814801
26017 10979952 2.8190441675717537 2.5883389408754263 0.67056 -2.570776552658184 -0.08556141830814801
26018 10979952 2.821227138729453 2.636340704601563 0.67056 -2.570776552658184 -0.08556141830814801
26019 10979952 2.823399764807145 2.6853972838086277 0.67056 -2.570776552658184 -0.08556141830814801
26020 10979952 2.826260680204592 2.7349300457804873 0.67056 -2.570776552658184 -0.08556141830814801
26021 10979952 2.827858097140392 2.770740009280136 0.6858000000000001 -2.570776552658184 -0.08556141830814801
26022 10979952 2.829455514076192 2.8065499727797856 0.7010400000000001 -2.570776552658184 -0.08556141830814801
26023 10979952 2.8325936203415303 2.8681417976177013 0.7010400000000001 -2.570776552658184 -0.08556141830814801
26024 10979952 2.8357317266068685 2.9297336224556183 0.7010400000000001 -2.570776552658184 -0.08556141830814801
26025 10979952 2.840965278810978 2.9783748332937483 0.7010400000000001 -2.570776552658184 -0.08556141830814801
26026 10979952 2.8433339457803464 3.02748440021654 0.7010400000000001 -2.570776552658184 -0.08556141830814801
26027 10979952 2.8448348072872154 3.0634720433816858 0.7010400000000001 -2.570776552658184 -0.08556141830814801
26028 10979952 2.846335668794085 3.099459686546832 0.7010400000000001 -2.570776552658184 -0.08556141830814801
26029 10979952 2.850405052280417 3.1730723244372947 0.7010400000000001 -2.570776552658184 -0.08556141830814801
26030 10979952 2.8528790109171744 3.1974980378347992 0.71628 -2.570776552658184 -0.08556141830814801
26031 10979952 2.8553529695539317 3.221923751232304 0.73152 -2.570776552658184 -0.08556141830814801
26032 10979952 2.860390408017131 3.320512456653706 0.73152 -2.570776552658184 -0.08556141830814801
26033 10979952 2.862494936831548 3.3677224894663267 0.73152 -2.570776552658184 -0.08556141830814801
26034 10979952 2.8654181837425314 3.4041218931644863 0.73152 -2.570776552658184 -0.08556141830814801
26035 10979952 2.8683414306535147 3.4405212968626464 0.73152 -2.570776552658184 -0.08556141830814801
26036 10979952 2.8716171812395195 3.4896853409986948 0.73152 -2.570776552658184 -0.08556141830814801
26037 10979952 2.8748929318255243 3.5388493851347445 0.73152 -2.570776552658184 -0.08556141830814801
26038 10979952 2.87700779727125 3.5744030478104585 0.7467600000000001 -2.570776552658184 -0.08556141830814801
26039 10979952 2.8791226627169757 3.609956710486173 0.762 -2.570776552658184 -0.08556141830814801
26040 10979952 2.8835420692947933 3.706644868989344 0.762 -2.570776552658184 -0.08556141830814801
26041 10979952 2.8857462515356014 3.7296985217977854 0.762 -2.570776552658184 -0.08556141830814801
26042 10979952 2.887950433776409 3.7527521746062273 0.762 -2.570776552658184 -0.08556141830814801
26043 10979952 2.8911190603287973 3.846694774056646 0.762 -2.570776552658184 -0.08556141830814801
26044 10979952 2.89424654009742 3.8827647923841035 0.76962 -2.570776552658184 -0.08556141830814801
26045 10979952 2.8973740198660427 3.918834810711562 0.7772399999999999 -2.570776552658184 -0.08556141830814801
26046 10979952 2.8989021554617525 3.954083755021512 0.7848600000000001 -2.570776552658184 -0.08556141830814801
26047 10979952 2.9004302910574618 3.9893326993314617 0.7924800000000001 -2.570776552658184 -0.08556141830814801
26048 10979952 2.900873016093879 4.0341652726788535 0.7924800000000001 -2.570776552658184 -0.08556141830814801
26049 10979952 2.9065962789816098 4.125054122216803 0.7924800000000001 -2.570776552658184 -0.08556141830814801
26050 10979952 2.9058382721523985 4.147731926564118 0.7924800000000001 -2.570776552658184 -0.08556141830814801
26051 10979952 2.9050802653231877 4.170409730911432 0.7924800000000001 -2.570776552658184 -0.08556141830814801
26052 10979952 2.9058788714682366 4.2152429982420045 0.82296 -2.570776552658184 -0.08556141830814801
26053 10979952 2.9072622417841645 4.260235762732386 0.82296 -2.570776552658184 -0.08556141830814801
26054 10979952 2.908507839485156 4.304806257112216 0.82296 -2.570776552658184 -0.08556141830814801
26055 10979952 2.9103699412128714 4.394736931827148 0.82296 -2.570776552658184 -0.08556141830814801
26056 10979952 2.9109929630401856 4.417022145625129 0.82296 -2.570776552658184 -0.08556141830814801
26057 10979952 2.9116159848675003 4.4393073594231085 0.82296 -2.570776552658184 -0.08556141830814801
26058 10979952 2.9121035948107816 4.481555407917889 0.8534400000000001 -2.570776552658184 -0.08556141830814801
26059 10979952 2.910733597003558 4.569738257644546 0.8534400000000001 -2.570776552658184 -0.08556141830814801
26060 10979952 2.9072032543919932 4.61598582092175 0.8534400000000001 -2.570776552658184 -0.08556141830814801
26061 10979952 2.907338706484153 4.63732053485692 0.8534400000000001 -2.570776552658184 -0.08556141830814801
26062 10979952 2.907474158576313 4.658655248792089 0.8534400000000001 -2.570776552658184 -0.08556141830814801
26063 10979952 2.9035068279566736 4.659109707439626 0.8534 -2.570776552658184 -0.08556141830814801
26064 10979952 2.8995394973370328 4.659564166087162 0.8533600000000001 -2.570776552658184 -0.08556141830814801
26065 10979952 2.8955721667173924 4.6600186247347 0.8533200000000001 -2.570776552658184 -0.08556141830814801
26066 10979952 2.891604836097752 4.660473083382238 0.8532799999999999 -2.570776552658184 -0.08556141830814801
26067 10979952 2.887637505478112 4.660927542029774 0.8532400000000001 -2.570776552658184 -0.08556141830814801
26068 10979952 2.883670174858471 4.6613820006773095 0.8532000000000001 -2.570776552658184 -0.08556141830814801
26069 10979952 2.879702844238831 4.661836459324848 0.8531600000000001 -2.570776552658184 -0.08556141830814801
26070 10979952 2.8757355136191904 4.662290917972385 0.8531200000000001 -2.570776552658184 -0.08556141830814801
26071 10979952 2.8717681829995496 4.662745376619922 0.8530800000000001 -2.570776552658184 -0.08556141830814801
26072 10979952 2.8678008523799097 4.663199835267458 0.8530400000000001 -2.570776552658184 -0.08556141830814801
26073 10979952 2.8638335217602693 4.6636542939149965 0.8530000000000001 -2.570776552658184 -0.08556141830814801
26074 10979952 2.859866191140629 4.664108752562533 0.85296 -2.570776552658184 -0.08556141830814801
26075 10979952 2.8558988605209885 4.664563211210068 0.8529200000000001 -2.570776552658184 -0.08556141830814801
26076 10979952 2.8519315299013486 4.665017669857607 0.8528800000000001 -2.570776552658184 -0.08556141830814801
26077 10979952 2.847964199281708 4.665472128505144 0.8528399999999999 -2.570776552658184 -0.08556141830814801
26078 10979952 2.843996868662068 4.665926587152681 0.8528000000000001 -2.570776552658184 -0.08556141830814801
26079 10979952 2.8400295380424265 4.666381045800216 0.8527600000000001 -2.570776552658184 -0.08556141830814801
26080 10979952 2.8360622074227866 4.6668355044477545 0.85272 -2.570776552658184 -0.08556141830814801
26081 10979952 2.8320948768031466 4.667289963095292 0.8526800000000001 -2.570776552658184 -0.08556141830814801
26082 10979952 2.8281275461835063 4.667744421742829 0.8526400000000001 -2.570776552658184 -0.08556141830814801
26083 10979952 2.824160215563865 4.668198880390365 0.8526000000000001 -2.570776552658184 -0.08556141830814801
26084 10979952 2.820192884944225 4.6686533390379035 0.8525600000000001 -2.570776552658184 -0.08556141830814801
26085 10979952 2.8162255543245847 4.66910779768544 0.8525200000000001 -2.570776552658184 -0.08556141830814801
26086 10979952 2.8122582237049443 4.669562256332977 0.8524800000000001 -2.570776552658184 -0.08556141830814801
26087 10979952 2.808290893085304 4.6700167149805125 0.8524400000000001 -2.570776552658184 -0.08556141830814801
26088 10979952 2.8043235624656635 4.670471173628051 0.8524 -2.570776552658184 -0.08556141830814801
26089 10979952 2.800356231846023 4.670925632275588 0.8523600000000001 -2.570776552658184 -0.08556141830814801
26090 10979952 2.7963889012263827 4.671380090923124 0.8523200000000001 -2.570776552658184 -0.08556141830814801
26091 10979952 2.7924215706067423 4.6718345495706615 0.8522799999999999 -2.570776552658184 -0.08556141830814801
26092 10979952 2.788454239987102 4.672289008218199 0.8522400000000001 -2.570776552658184 -0.08556141830814801
26093 10979952 2.7844869093674616 4.672743466865736 0.8522000000000001 -2.570776552658184 -0.08556141830814801
26094 10979952 2.7805195787478207 4.673197925513271 0.8521600000000001 -2.570776552658184 -0.08556141830814801
26095 10979952 2.7765522481281812 4.6736523841608095 0.8521200000000001 -2.570776552658184 -0.08556141830814801
26096 10979952 2.7725849175085404 4.674106842808347 0.8520800000000001 -2.570776552658184 -0.08556141830814801
26097 10979952 2.7686175868888996 4.674561301455883 0.8520400000000001 -2.570776552658184 -0.08556141830814801
26098 10979952 2.76465025626926 4.67501576010342 0.8520000000000001 -2.570776552658184 -0.08556141830814801
26099 10979952 2.7606829256496197 4.675470218750958 0.85196 -2.570776552658184 -0.08556141830814801
26100 10979952 2.756715595029979 4.675924677398495 0.8519200000000001 -2.570776552658184 -0.08556141830814801
26101 10979952 2.752748264410339 4.676379136046031 0.8518800000000001 -2.570776552658184 -0.08556141830814801
26102 10979952 2.7487809337906985 4.676833594693568 0.8518399999999999 -2.570776552658184 -0.08556141830814801
26103 10979952 2.744813603171058 4.6772880533411065 0.8518000000000001 -2.570776552658184 -0.08556141830814801
26104 10979952 2.7408462725514178 4.677742511988644 0.8517600000000001 -2.570776552658184 -0.08556141830814801
26105 10979952 2.7368789419317774 4.678196970636179 0.85172 -2.570776552658184 -0.08556141830814801
26106 10979952 2.7329116113121366 4.6786514292837165 0.8516800000000001 -2.570776552658184 -0.08556141830814801
26107 10979952 2.7289442806924966 4.679105887931254 0.8516400000000001 -2.570776552658184 -0.08556141830814801
26108 10979952 2.724976950072856 4.679560346578791 0.8516000000000001 -2.570776552658184 -0.08556141830814801
26109 10979952 2.7210096194532154 4.680014805226327 0.8515600000000001 -2.570776552658184 -0.08556141830814801
26110 10979952 2.7170422888335755 4.6804692638738645 0.85152 -2.570776552658184 -0.08556141830814801
26111 10979952 2.713074958213935 4.680923722521403 0.8514800000000001 -2.570776552658184 -0.08556141830814801
26112 10979952 2.7091076275942947 4.681378181168938 0.8514400000000001 -2.570776552658184 -0.08556141830814801
26113 10979952 2.7051402969746543 4.6818326398164745 0.8514 -2.570776552658184 -0.08556141830814801
26114 10979952 2.7011729663550144 4.682287098464013 0.8513600000000001 -2.570776552658184 -0.08556141830814801
26115 10979952 2.697205635735373 4.68274155711155 0.8513200000000001 -2.570776552658184 -0.08556141830814801
26116 10979952 2.693238305115733 4.683196015759086 0.8512799999999999 -2.570776552658184 -0.08556141830814801
26117 10979952 2.6892709744960928 4.683650474406623 0.8512400000000001 -2.570776552658184 -0.08556141830814801
26118 10979952 2.6853036438764524 4.684104933054161 0.8512000000000001 -2.570776552658184 -0.08556141830814801
26119 10979952 2.681336313256812 4.684559391701698 0.85116 -2.570776552658184 -0.08556141830814801
26120 10979952 2.677368982637172 4.685013850349233 0.8511200000000001 -2.570776552658184 -0.08556141830814801
26121 10979952 2.6734016520175308 4.685468308996772 0.8510800000000001 -2.570776552658184 -0.08556141830814801
26122 10979952 2.669434321397891 4.685922767644309 0.8510400000000001 -2.570776552658184 -0.08556141830814801
