33735 10532852 0.5174909205278933 0.0026301955791463213 0.20574 -2.7488114629787064 3.0629300369738885
33736 10532852 0.5172898645439616 0.0026327532499161943 0.20574 -2.7488114629787064 3.0629300369738885
33737 10532852 0.5170888085600301 0.0026353109206860657 0.20574 -2.7488114629787064 3.0629300369738885
33738 10532852 0.5168877525760986 0.002637868591455938 0.20574 -2.7488114629787064 3.0629300369738885
33739 10532852 0.516686696592167 0.00264042626222581 0.20574 -2.7488114629787064 3.0629300369738885
33740 10532852 0.5164856406082355 0.0026429839329956822 0.20574 -2.7488114629787064 3.0629300369738885
33741 10532852 0.5162845846243039 0.002645541603765554 0.20574 -2.7488114629787064 3.0629300369738885
33742 10532852 0.5160835286403724 0.0026480992745354253 0.20574 -2.7488114629787064 3.0629300369738885
33743 10532852 0.5158824726564409 0.002650656945305298 0.20574 -2.7488114629787064 3.0629300369738885
33744 10532852 0.5156814166725093 0.0026532146160751697 0.20574 -2.7488114629787064 3.0629300369738885
33745 10532852 0.5154803606885778 0.0026557722868450423 0.20574 -2.7488114629787064 3.0629300369738885
33746 10532852 0.5152793047046463 0.0026583299576149137 0.20574 -2.7488114629787064 3.0629300369738885
33747 10532852 0.5150782487207147 0.002660887628384786 0.20574 -2.7488114629787064 3.0629300369738885
33748 10532852 0.5148771927367832 0.0026634452991546576 0.20574 -2.7488114629787064 3.0629300369738885
33749 10532852 0.5146761367528516 0.0026660029699245302 0.20574 -2.7488114629787064 3.0629300369738885
33750 10532852 0.5144750807689201 0.0026685606406944016 0.20574 -2.7488114629787064 3.0629300369738885
33751 10532852 0.5142740247849886 0.0026711183114642733 0.20574 -2.7488114629787064 3.0629300369738885
33752 10532852 0.514072968801057 0.002673675982234145 0.20574 -2.7488114629787064 3.0629300369738885
33753 10532852 0.5138719128171255 0.0026762336530040177 0.20574 -2.7488114629787064 3.0629300369738885
33754 10532852 0.513670856833194 0.002678791323773889 0.20574 -2.7488114629787064 3.0629300369738885
33755 10532852 0.5134698008492624 0.002681348994543761 0.20574 -2.7488114629787064 3.0629300369738885
33756 10532852 0.5132687448653309 0.002683906665313633 0.20574 -2.7488114629787064 3.0629300369738885
33757 10532852 0.5130676888813993 0.0026864643360835056 0.20574 -2.7488114629787064 3.0629300369738885
33758 10532852 0.5128666328974678 0.002689022006853377 0.20574 -2.7488114629787064 3.0629300369738885
33759 10532852 0.5126655769135363 0.0026915796776232487 0.20574 -2.7488114629787064 3.0629300369738885
33760 10532852 0.5124645209296047 0.0026941373483931213 0.20574 -2.7488114629787064 3.0629300369738885
33761 10532852 0.5122634649456732 0.002696695019162993 0.20574 -2.7488114629787064 3.0629300369738885
33762 10532852 0.5120624089617417 0.002699252689932865 0.20574 -2.7488114629787064 3.0629300369738885
33763 10532852 0.5118613529778101 0.002701810360702737 0.20574 -2.7488114629787064 3.0629300369738885
33764 10532852 0.5116602969938786 0.002704368031472609 0.20574 -2.7488114629787064 3.0629300369738885
33765 10532852 0.511459241009947 0.002706925702242481 0.20574 -2.7488114629787064 3.0629300369738885
33766 10532852 0.5112581850260155 0.0027094833730123536 0.20574 -2.7488114629787064 3.0629300369738885
33767 10532852 0.511057129042084 0.002712041043782225 0.20574 -2.7488114629787064 3.0629300369738885
33768 10532852 0.5108560730581524 0.0027145987145520967 0.20574 -2.7488114629787064 3.0629300369738885
33769 10532852 0.5106550170742209 0.0027171563853219693 0.20574 -2.7488114629787064 3.0629300369738885
33770 10532852 0.5104539610902894 0.002719714056091841 0.20574 -2.7488114629787064 3.0629300369738885
33771 10532852 0.5102529051063578 0.002722271726861713 0.20574 -2.7488114629787064 3.0629300369738885
33772 10532852 0.5100518491224263 0.002724829397631585 0.20574 -2.7488114629787064 3.0629300369738885
33773 10532852 0.5098507931384947 0.002727387068401457 0.20574 -2.7488114629787064 3.0629300369738885
