35085 10670385 4.861289558321438 -2.8377766132093107 0.9906 -3.6437884419960884 2.8564550393058386
35086 10670385 4.850535087541036 -2.817918040898213 0.9906 -3.6437884419960884 2.8564550393058386
35087 10670385 4.827491559190212 -2.7660202023131624 0.9906 -3.6437884419960884 2.8564550393058386
35088 10670385 4.807281902020235 -2.7114251323367906 0.9906 -3.6437884419960884 2.8564550393058386
35089 10670385 4.7870722448502585 -2.6568300623604197 0.9906 -3.6437884419960884 2.8564550393058386
35090 10670385 4.766872025826826 -2.58600214501014 0.9906 -3.6437884419960884 2.8564550393058386
35091 10670385 4.748221594979455 -2.510423165619849 0.9906 -3.6437884419960884 2.8564550393058386
35092 10670385 4.7363882921782885 -2.4718157512010928 0.99441 -3.6437884419960884 2.8564550393058386
35093 10670385 4.724554989377122 -2.433208336782336 0.9982200000000001 -3.6437884419960884 2.8564550393058386
35094 10670385 4.7110229810490845 -2.375299907870707 0.9982200000000001 -3.6437884419960884 2.8564550393058386
35095 10670385 4.6979616193153655 -2.317311197498608 0.9982200000000001 -3.6437884419960884 2.8564550393058386
35096 10670385 4.690490698255704 -2.2884774180036813 1.00584 -3.6437884419960884 2.8564550393058386
35097 10670385 4.673398827647153 -2.205813381996017 1.00584 -3.6437884419960884 2.8564550393058386
35098 10670385 4.658146790019582 -2.1548190197331007 1.00584 -3.6437884419960884 2.8564550393058386
35099 10670385 4.642277360065144 -2.0975493588193577 1.01346 -3.6437884419960884 2.8564550393058386
35100 10670385 4.6376973224928335 -2.068022729599023 1.01346 -3.6437884419960884 2.8564550393058386
35101 10670385 4.606990278606332 -1.961762026032672 1.02108 -3.6437884419960884 2.8564550393058386
35102 10670385 4.593927905096813 -1.9201246983204807 1.02108 -3.6437884419960884 2.8564550393058386
35103 10670385 4.5743262329646965 -1.8468029882645212 1.02108 -3.6437884419960884 2.8564550393058386
35104 10670385 4.563170078676821 -1.7979610958813772 1.02108 -3.6437884419960884 2.8564550393058386
35105 10670385 4.548128051342023 -1.7446980888412371 1.0287 -3.6437884419960884 2.8564550393058386
35106 10670385 4.5356201838634185 -1.6931958449366362 1.0287 -3.6437884419960884 2.8564550393058386
35107 10670385 4.524894226771641 -1.6477352536291434 1.0287 -3.6437884419960884 2.8564550393058386
35108 10670385 4.514168269679867 -1.6022746623216508 1.0287 -3.6437884419960884 2.8564550393058386
35109 10670385 4.500132188256507 -1.5259195980500169 1.03632 -3.6437884419960884 2.8564550393058386
35110 10670385 4.484943022188773 -1.4728415666401091 1.03632 -3.6437884419960884 2.8564550393058386
35111 10670385 4.4787229604180325 -1.433376417781958 1.03632 -3.6437884419960884 2.8564550393058386
35112 10670385 4.472502898647291 -1.3939112689238071 1.03632 -3.6437884419960884 2.8564550393058386
35113 10670385 4.460156359862097 -1.3473667913971934 1.03632 -3.6437884419960884 2.8564550393058386
35114 10670385 4.4461170076063175 -1.2885893957847958 1.03632 -3.6437884419960884 2.8564550393058386
35115 10670385 4.4351835043264005 -1.2360811830209717 1.03632 -3.6437884419960884 2.8564550393058386
35116 10670385 4.415859097298385 -1.1428736546764813 1.0439399999999999 -3.6437884419960884 2.8564550393058386
35117 10670385 4.4051215112526885 -1.0903122472251652 1.05156 -3.6437884419960884 2.8564550393058386
35118 10670385 4.3941893256524756 -1.0378040704548501 1.05156 -3.6437884419960884 2.8564550393058386
35119 10670385 4.378820411261522 -0.9841990393428558 1.05156 -3.6437884419960884 2.8564550393058386
35120 10670385 4.366459906410607 -0.9200111722203737 1.05918 -3.6437884419960884 2.8564550393058386
35121 10670385 4.356663199893538 -0.8697419562558031 1.05918 -3.6437884419960884 2.8564550393058386
35122 10670385 4.341894481949739 -0.8088565724427688 1.0668 -3.6437884419960884 2.8564550393058386
35123 10670385 4.332854572246221 -0.7603525201213176 1.0668 -3.6437884419960884 2.8564550393058386
35124 10670385 4.320194761942862 -0.7038926697444721 1.0668 -3.6437884419960884 2.8564550393058386
35125 10670385 4.308646229693295 -0.6508322251916244 1.05918 -3.6437884419960884 2.8564550393058386
35126 10670385 4.293578082446044 -0.5976748157235804 1.05918 -3.6437884419960884 2.8564550393058386
35127 10670385 4.284954758848921 -0.5574244703754052 1.05918 -3.6437884419960884 2.8564550393058386
35128 10670385 4.276331435251802 -0.5171741250272301 1.05918 -3.6437884419960884 2.8564550393058386
35129 10670385 4.26756015343809 -0.4610477602516616 1.05156 -3.6437884419960884 2.8564550393058386
35130 10670385 4.257034456440222 -0.406217914992064 1.05156 -3.6437884419960884 2.8564550393058386
35131 10670385 4.236832996905286 -0.3225333159824487 1.05156 -3.6437884419960884 2.8564550393058386
35132 10670385 4.223814902181842 -0.25357375040688196 1.05156 -3.6437884419960884 2.8564550393058386
35133 10670385 4.209371373468277 -0.1944282663910514 1.05156 -3.6437884419960884 2.8564550393058386
35134 10670385 4.19850985393494 -0.15151972144533252 1.05156 -3.6437884419960884 2.8564550393058386
35135 10670385 4.187648334401603 -0.10861117649961363 1.05156 -3.6437884419960884 2.8564550393058386
35136 10670385 4.181620510083579 -0.07674115184962829 1.05156 -3.6437884419960884 2.8564550393058386
35137 10670385 4.1586860819788605 0.0393751332639096 1.05156 -3.6437884419960884 2.8564550393058386
35138 10670385 4.1482697164808515 0.07548060056645653 1.05156 -3.6437884419960884 2.8564550393058386
35139 10670385 4.1378766852561295 0.13410385714901776 1.0528300000000002 -3.6437884419960884 2.8564550393058386
35140 10670385 4.127483654031408 0.19272711373157894 1.0541 -3.6437884419960884 2.8564550393058386
35141 10670385 4.1170906228066855 0.2513503703141402 1.0553700000000001 -3.6437884419960884 2.8564550393058386
35142 10670385 4.106697591581963 0.3099736268967014 1.05664 -3.6437884419960884 2.8564550393058386
35143 10670385 4.0963045603572406 0.36859688347926256 1.05791 -3.6437884419960884 2.8564550393058386
35144 10670385 4.0859115291325185 0.4272201400618239 1.05918 -3.6437884419960884 2.8564550393058386
35145 10670385 4.079918444318194 0.4782365785196547 1.05918 -3.6437884419960884 2.8564550393058386
35146 10670385 4.0614955977892215 0.5687029172594128 1.0668 -3.6437884419960884 2.8564550393058386
35147 10670385 4.05498874197537 0.6222234592549994 1.0668 -3.6437884419960884 2.8564550393058386
35148 10670385 4.040689690979828 0.6817910837002378 1.0668 -3.6437884419960884 2.8564550393058386
35149 10670385 4.028511298646341 0.7614595084815837 1.0668 -3.6437884419960884 2.8564550393058386
35150 10670385 4.012215234507961 0.8149039703391171 1.0668 -3.6437884419960884 2.8564550393058386
35151 10670385 4.002052711052788 0.8680992768287115 1.0668 -3.6437884419960884 2.8564550393058386
35152 10670385 3.988307698361458 0.9103151757700016 1.0668 -3.6437884419960884 2.8564550393058386
35153 10670385 3.9744120886666185 0.9697518633249153 1.0744200000000002 -3.6437884419960884 2.8564550393058386
35154 10670385 3.944494444918536 1.0562613702156924 1.0744200000000002 -3.6437884419960884 2.8564550393058386
35155 10670385 3.925739461123543 1.1157656980728128 1.0744200000000002 -3.6437884419960884 2.8564550393058386
35156 10670385 3.9073403807567777 1.175270882924708 1.0744200000000002 -3.6437884419960884 2.8564550393058386
35157 10670385 3.8912976311665375 1.2251293881155885 1.0744200000000002 -3.6437884419960884 2.8564550393058386
35158 10670385 3.8753856478144537 1.272258696099427 1.07061 -3.6437884419960884 2.8564550393058386
35159 10670385 3.8594736644623713 1.3193880040832664 1.0668 -3.6437884419960884 2.8564550393058386
35160 10670385 3.8327106718592505 1.4019492958025763 1.0668 -3.6437884419960884 2.8564550393058386
35161 10670385 3.811881667987175 1.4578095043413781 1.0668 -3.6437884419960884 2.8564550393058386
35162 10670385 3.793119489980665 1.518368836644639 1.0668 -3.6437884419960884 2.8564550393058386
35163 10670385 3.7773170851052686 1.5632436756513153 1.0668 -3.6437884419960884 2.8564550393058386
35164 10670385 3.761514680229873 1.6081185146579915 1.0668 -3.6437884419960884 2.8564550393058386
35165 10670385 3.742730205352164 1.6675174710895626 1.0668 -3.6437884419960884 2.8564550393058386
35166 10670385 3.7276128867993985 1.7245515050251683 1.0668 -3.6437884419960884 2.8564550393058386
35167 10670385 3.70510898943511 1.7915897378028942 1.0668 -3.6437884419960884 2.8564550393058386
35168 10670385 3.677070017212317 1.877022853319653 1.0668 -3.6437884419960884 2.8564550393058386
35169 10670385 3.6673963173726647 1.9126554327955616 1.0668 -3.6437884419960884 2.8564550393058386
35170 10670385 3.6477558165125985 1.9735029505706028 1.0668 -3.6437884419960884 2.8564550393058386
35171 10670385 3.6271125135324014 2.042154291516734 1.0668 -3.6437884419960884 2.8564550393058386
35172 10670385 3.6114562904984338 2.0900492261263315 1.0668 -3.6437884419960884 2.8564550393058386
35173 10670385 3.595800067464466 2.1379441607359286 1.0668 -3.6437884419960884 2.8564550393058386
35174 10670385 3.563507661085372 2.2402456957644588 1.0668 -3.6437884419960884 2.8564550393058386
35175 10670385 3.539022648466875 2.302558988726508 1.0668 -3.6437884419960884 2.8564550393058386
35176 10670385 3.525142884717427 2.3436541262998807 1.0668 -3.6437884419960884 2.8564550393058386
35177 10670385 3.5112631209679783 2.3847492638732533 1.0668 -3.6437884419960884 2.8564550393058386
35178 10670385 3.4919798267612414 2.4419188977727906 1.0668 -3.6437884419960884 2.8564550393058386
35179 10670385 3.472696532554504 2.4990885316723275 1.0668 -3.6437884419960884 2.8564550393058386
35180 10670385 3.4491416189335213 2.560164647473504 1.0668 -3.6437884419960884 2.8564550393058386
35181 10670385 3.417399561832464 2.6614128488601634 1.0668 -3.6437884419960884 2.8564550393058386
35182 10670385 3.4051105297028164 2.6890225030360444 1.0668 -3.6437884419960884 2.8564550393058386
35183 10670385 3.377564553010832 2.774299006064169 1.0668 -3.6437884419960884 2.8564550393058386
35184 10670385 3.3568367526134133 2.8415791058141266 1.0668 -3.6437884419960884 2.8564550393058386
35185 10670385 3.332830972315388 2.9080606198980097 1.0668 -3.6437884419960884 2.8564550393058386
35186 10670385 3.308528252371824 2.974989823109485 1.0668 -3.6437884419960884 2.8564550393058386
35187 10670385 3.285012457180965 3.0361718045824357 1.0668 -3.6437884419960884 2.8564550393058386
35188 10670385 3.27168849419819 3.0714798220519164 1.0668 -3.6437884419960884 2.8564550393058386
35189 10670385 3.258364531215415 3.106787839521398 1.0668 -3.6437884419960884 2.8564550393058386
35190 10670385 3.2380171770875936 3.1586414732622083 1.0668 -3.6437884419960884 2.8564550393058386
35191 10670385 3.1999416618195973 3.240466213882545 1.0668 -3.6437884419960884 2.8564550393058386
35192 10670385 3.176359624101164 3.3014372934916447 1.0668 -3.6437884419960884 2.8564550393058386
35193 10670385 3.1529160878710867 3.362830677589404 1.0668 -3.6437884419960884 2.8564550393058386
35194 10670385 3.121241548382826 3.4479401659984887 1.0668 -3.6437884419960884 2.8564550393058386
35195 10670385 3.098031660767401 3.512762492450444 1.0744200000000002 -3.6437884419960884 2.8564550393058386
35196 10670385 3.071939247632716 3.5701152443554265 1.0744200000000002 -3.6437884419960884 2.8564550393058386
35197 10670385 3.0530819221952163 3.6305960531504535 1.0744200000000002 -3.6437884419960884 2.8564550393058386
35198 10670385 3.0360070058206623 3.684303345813289 1.0744200000000002 -3.6437884419960884 2.8564550393058386
35199 10670385 3.0108580814126626 3.7567692649376254 1.0744200000000002 -3.6437884419960884 2.8564550393058386
35200 10670385 2.9975475489788908 3.7991715594227284 1.0744200000000002 -3.6437884419960884 2.8564550393058386
35201 10670385 2.984237016545119 3.841573853907832 1.0744200000000002 -3.6437884419960884 2.8564550393058386
35202 10670385 2.9650320100574605 3.897992767660456 1.0744200000000002 -3.6437884419960884 2.8564550393058386
35203 10670385 2.9458270035698018 3.9544116814130814 1.0744200000000002 -3.6437884419960884 2.8564550393058386
35204 10670385 2.9356201466436573 3.9840306926893687 1.0744200000000002 -3.6437884419960884 2.8564550393058386
35205 10670385 2.9071468649533783 4.06424265486637 1.0744200000000002 -3.6437884419960884 2.8564550393058386
35206 10670385 2.8853543523002827 4.118440741121959 1.08204 -3.6437884419960884 2.8564550393058386
35207 10670385 2.8517185170371957 4.215176362764342 1.08204 -3.6437884419960884 2.8564550393058386
35208 10670385 2.828547043477971 4.276017126001299 1.08204 -3.6437884419960884 2.8564550393058386
35209 10670385 2.805514100838544 4.33728017973568 1.08204 -3.6437884419960884 2.8564550393058386
35210 10670385 2.7844689208763524 4.403268113558314 1.08204 -3.6437884419960884 2.8564550393058386
35211 10670385 2.7680988479917668 4.456397050732403 1.08204 -3.6437884419960884 2.8564550393058386
35212 10670385 2.747292940422736 4.508171366773668 1.08204 -3.6437884419960884 2.8564550393058386
35213 10670385 2.7211918807719626 4.5817696718951435 1.08204 -3.6437884419960884 2.8564550393058386
35214 10670385 2.699508724876173 4.660467314496876 1.08204 -3.6437884419960884 2.8564550393058386
35215 10670385 2.6811937095762417 4.714699690124159 1.0744200000000002 -5.37900766650551 1.7574830494986116
