43091 11289096 0.4990356772103462 0.17980805007816014 0.21336 -4.084449320177002 2.180321846082737
43092 11289096 0.4990113926501564 0.17830336236991248 0.21336 -4.084449320177002 2.180321846082737
43093 11289096 0.4989871080899665 0.17679867466166485 0.21336 -4.084449320177002 2.180321846082737
43094 11289096 0.4989628235297767 0.1752939869534172 0.21336 -4.084449320177002 2.180321846082737
43095 11289096 0.4989385389695868 0.17378929924516956 0.21336 -4.084449320177002 2.180321846082737
43096 11289096 0.498914254409397 0.17228461153692193 0.21336 -4.084449320177002 2.180321846082737
43097 11289096 0.4988899698492071 0.17077992382867427 0.21336 -4.084449320177002 2.180321846082737
43098 11289096 0.4988656852890173 0.16927523612042664 0.21336 -4.084449320177002 2.180321846082737
43099 11289096 0.4988414007288274 0.16777054841217898 0.21336 -4.084449320177002 2.180321846082737
43100 11289096 0.4988171161686376 0.16626586070393135 0.21336 -4.084449320177002 2.180321846082737
43101 11289096 0.4987928316084477 0.16476117299568369 0.21336 -4.084449320177002 2.180321846082737
43102 11289096 0.4987685470482578 0.16325648528743605 0.21336 -4.084449320177002 2.180321846082737
43103 11289096 0.498744262488068 0.1617517975791884 0.21336 -4.084449320177002 2.180321846082737
43104 11289096 0.4987199779278781 0.16024710987094076 0.21336 -4.084449320177002 2.180321846082737
43105 11289096 0.4986956933676882 0.15874242216269313 0.21336 -4.084449320177002 2.180321846082737
43106 11289096 0.4986714088074984 0.15723773445444547 0.21336 -4.084449320177002 2.180321846082737
43107 11289096 0.4986471242473086 0.15573304674619784 0.21336 -4.084449320177002 2.180321846082737
43108 11289096 0.4986228396871187 0.15422835903795018 0.21336 -4.084449320177002 2.180321846082737
43109 11289096 0.4985985551269289 0.15272367132970255 0.21336 -4.084449320177002 2.180321846082737
43110 11289096 0.4987721488433536 0.14868415132624296 0.21336 -4.084449320177002 2.180321846082737
43111 11289096 0.4989457425597784 0.1446446313227834 0.21336 -4.084449320177002 2.180321846082737
43112 11289096 0.4991193362762032 0.14060511131932382 0.21336 -4.084449320177002 2.180321846082737
43113 11289096 0.4992929299926279 0.13656559131586427 0.21336 -4.084449320177002 2.180321846082737
43114 11289096 0.4994665237090527 0.13252607131240468 0.21336 -4.084449320177002 2.180321846082737
43115 11289096 0.4996401174254774 0.1284865513089451 0.21336 -4.084449320177002 2.180321846082737
43116 11289096 0.4998137111419022 0.12444703130548555 0.21336 -4.084449320177002 2.180321846082737
43117 11289096 0.4999873048583269 0.12040751130202595 0.21336 -4.084449320177002 2.180321846082737
43118 11289096 0.5001608985747517 0.1163679912985664 0.21336 -4.084449320177002 2.180321846082737
43119 11289096 0.5003344922911764 0.1123284712951068 0.21336 -4.084449320177002 2.180321846082737
43120 11289096 0.5005080860076012 0.10828895129164724 0.21336 -4.084449320177002 2.180321846082737
43121 11289096 0.4962635491368317 0.10617114562093437 0.21336 -4.084449320177002 2.180321846082737
43122 11289096 0.4920190122660622 0.1040533399502215 0.21336 -4.084449320177002 2.180321846082737
43123 11289096 0.4877744753952927 0.10193553427950862 0.21336 -4.084449320177002 2.180321846082737
43124 11289096 0.4835299385245232 0.09981772860879574 0.21336 -4.084449320177002 2.180321846082737
43125 11289096 0.4792854016537536 0.09769992293808287 0.21336 -4.084449320177002 2.180321846082737
43126 11289096 0.4750408647829841 0.09558211726737 0.21336 -4.084449320177002 2.180321846082737
43127 11289096 0.4707963279122146 0.09346431159665712 0.21336 -4.084449320177002 2.180321846082737
43128 11289096 0.466551791041445 0.09134650592594423 0.21336 -4.084449320177002 2.180321846082737
43129 11289096 0.4623072541706755 0.08922870025523136 0.21336 -4.084449320177002 2.180321846082737
43130 11289096 0.458062717299906 0.08711089458451847 0.21336 -4.084449320177002 2.180321846082737
43131 11289096 0.4538181804291365 0.08499308891380561 0.21336 -4.084449320177002 2.180321846082737
43132 11289096 0.449573643558367 0.08287528324309272 0.21336 -4.084449320177002 2.180321846082737
43133 11289096 0.4453291066875975 0.08075747757237986 0.21336 -4.084449320177002 2.180321846082737
43134 11289096 0.4410845698168279 0.07863967190166699 0.21336 -4.084449320177002 2.180321846082737
43135 11289096 0.4382633481468047 0.07815967195238434 0.21336 -4.084449320177002 2.180321846082737
43136 11289096 0.4286342076972163 0.08130638220756578 0.21336 -4.084449320177002 2.180321846082737
43137 11289096 0.4212079947579444 0.08131169847847416 0.21336 -4.084449320177002 2.180321846082737
43138 11289096 0.4137817818186724 0.08131701474938254 0.21336 -4.084449320177002 2.180321846082737
43139 11289096 0.4063555688794004 0.08132233102029092 0.21336 -4.084449320177002 2.180321846082737
43140 11289096 0.3989293559401284 0.0813276472911993 0.21336 -4.084449320177002 2.180321846082737
43141 11289096 0.3915031430008564 0.08133296356210767 0.21336 -4.084449320177002 2.180321846082737
43142 11289096 0.3840769300615845 0.08133827983301606 0.21336 -4.084449320177002 2.180321846082737
43143 11289096 0.3766507171223125 0.08134359610392443 0.21336 -4.084449320177002 2.180321846082737
43144 11289096 0.3692245041830405 0.08134891237483281 0.21336 -4.084449320177002 2.180321846082737
43145 11289096 0.3617982912437685 0.0813542286457412 0.21336 -4.084449320177002 2.180321846082737
43146 11289096 0.3543720783044965 0.08135954491664958 0.21336 -4.084449320177002 2.180321846082737
43147 11289096 0.3469458653652245 0.08136486118755795 0.21336 -4.084449320177002 2.180321846082737
43148 11289096 0.3359713818868022 0.08039501955210973 0.21336 -4.084449320177002 2.180321846082737
43149 11289096 0.32542809268219103 0.08074464973056897 0.21336 -4.084449320177002 2.180321846082737
43150 11289096 0.3148848034775797 0.08109427990902822 0.21336 -4.084449320177002 2.180321846082737
43151 11289096 0.3031423709787001 0.08049228405038009 0.21336 -4.084449320177002 2.180321846082737
43152 11289096 0.29499659718172605 0.0803651263008729 0.21336 -4.084449320177002 2.180321846082737
43153 11289096 0.286850823384752 0.08023796855136572 0.21336 -4.084449320177002 2.180321846082737
43154 11289096 0.2787050495877779 0.08011081080185854 0.21336 -4.084449320177002 2.180321846082737
43155 11289096 0.27055927579080385 0.07998365305235136 0.21336 -4.084449320177002 2.180321846082737
43156 11289096 0.2624135019938298 0.07985649530284418 0.21336 -4.084449320177002 2.180321846082737
43157 11289096 0.2542677281968557 0.079729337553337 0.21336 -4.084449320177002 2.180321846082737
43158 11289096 0.2461219543998817 0.07960217980382983 0.21336 -4.084449320177002 2.180321846082737
43159 11289096 0.2379761806029076 0.07947502205432264 0.21336 -4.084449320177002 2.180321846082737
43160 11289096 0.2268291495971666 0.07797757176487136 0.21336 -4.084449320177002 2.180321846082737
43161 11289096 0.21782732996268545 0.07821308122180826 0.21336 -4.084449320177002 2.180321846082737
43162 11289096 0.20882551032820426 0.07844859067874514 0.21336 -4.084449320177002 2.180321846082737
43163 11289096 0.19982369069372308 0.07868410013568204 0.21336 -4.084449320177002 2.180321846082737
43164 11289096 0.1908218710592419 0.07891960959261894 0.21336 -4.084449320177002 2.180321846082737
43165 11289096 0.1818200514247607 0.07915511904955583 0.21336 -4.084449320177002 2.180321846082737
43166 11289096 0.17281823179027955 0.07939062850649273 0.21336 -4.084449320177002 2.180321846082737
43167 11289096 0.16381641215579834 0.07962613796342963 0.21336 -4.084449320177002 2.180321846082737
43168 11289096 0.15481459252131718 0.07986164742036651 0.21336 -4.084449320177002 2.180321846082737
43169 11289096 0.14581277288683606 0.08009715687730341 0.21336 -4.084449320177002 2.180321846082737
43170 11289096 0.13681095325235484 0.08033266633424031 0.21336 -4.084449320177002 2.180321846082737
43171 11289096 0.12780913361787366 0.0805681757911772 0.21336 -4.084449320177002 2.180321846082737
43172 11289096 0.1188073139833925 0.0808036852481141 0.21336 -4.084449320177002 2.180321846082737
43173 11289096 0.10980549434891132 0.081039194705051 0.21336 -4.084449320177002 2.180321846082737
43174 11289096 0.10080367471443014 0.08127470416198787 0.21336 -4.084449320177002 2.180321846082737
43175 11289096 0.09180185507994898 0.08151021361892477 0.21336 -4.084449320177002 2.180321846082737
43176 11289096 0.0828000354454678 0.08174572307586167 0.21336 -4.084449320177002 2.180321846082737
43177 11289096 0.07379821581098661 0.08198123253279857 0.21336 -4.084449320177002 2.180321846082737
43178 11289096 0.06479639617650547 0.08221674198973547 0.21336 -4.084449320177002 2.180321846082737
43179 11289096 0.06603430802835908 0.08121485552293216 0.21336 -4.084449320177002 2.180321846082737
43180 11289096 0.06727221988021273 0.08021296905612885 0.21336 -4.084449320177002 2.180321846082737
43181 11289096 0.06851013173206635 0.07921108258932555 0.21336 -4.084449320177002 2.180321846082737
43182 11289096 0.06974804358391998 0.07820919612252224 0.21336 -4.084449320177002 2.180321846082737
43183 11289096 0.0709859554357736 0.07720730965571893 0.21336 -4.084449320177002 2.180321846082737
43184 11289096 0.07222386728762724 0.07620542318891561 0.21336 -4.084449320177002 2.180321846082737
43185 11289096 0.07346177913948088 0.0752035367221123 0.21336 -4.084449320177002 2.180321846082737
43186 11289096 0.0746996909913345 0.07420165025530899 0.21336 -4.084449320177002 2.180321846082737
43187 11289096 0.07593760284318812 0.07319976378850568 0.21336 -4.084449320177002 2.180321846082737
43188 11289096 0.07717551469504176 0.07219787732170238 0.21336 -4.084449320177002 2.180321846082737
43189 11289096 0.0784134265468954 0.07119599085489907 0.21336 -4.084449320177002 2.180321846082737
43190 11289096 0.07965133839874902 0.07019410438809576 0.21336 -4.084449320177002 2.180321846082737
43191 11289096 0.08088925025060265 0.06919221792129245 0.21336 -4.084449320177002 2.180321846082737
43192 11289096 0.08212716210245627 0.06819033145448912 0.21336 -4.084449320177002 2.180321846082737
43193 11289096 0.08336507395430992 0.06718844498768584 0.21336 -4.084449320177002 2.180321846082737
43194 11289096 0.08460298580616354 0.06618655852088252 0.21336 -4.084449320177002 2.180321846082737
43195 11289096 0.08584089765801718 0.06518467205407921 0.21336 -4.084449320177002 2.180321846082737
43196 11289096 0.0870788095098708 0.0641827855872759 0.21336 -4.084449320177002 2.180321846082737
43197 11289096 0.08831672136172444 0.06318089912047259 0.21336 -4.084449320177002 2.180321846082737
43198 11289096 0.08955463321357808 0.06217901265366928 0.21336 -4.084449320177002 2.180321846082737
43199 11289096 0.09079254506543168 0.06117712618686597 0.21336 -4.084449320177002 2.180321846082737
43200 11289096 0.09203045691728533 0.060175239720062675 0.21336 -4.084449320177002 2.180321846082737
43201 11289096 0.09326836876913897 0.05917335325325936 0.21336 -4.084449320177002 2.180321846082737
43202 11289096 0.0945062806209926 0.05817146678645605 0.21336 -4.084449320177002 2.180321846082737
43203 11289096 0.0957441924728462 0.057169580319652726 0.21336 -4.084449320177002 2.180321846082737
43204 11289096 0.09698210432469984 0.056167693852849435 0.21336 -4.084449320177002 2.180321846082737
43205 11289096 0.09822001617655347 0.055165807386046116 0.21336 -4.084449320177002 2.180321846082737
43206 11289096 0.09945792802840712 0.05416392091924281 0.21336 -4.084449320177002 2.180321846082737
43207 11289096 0.10069583988026072 0.0531620344524395 0.21336 -4.084449320177002 2.180321846082737
43208 11289096 0.10193375173211436 0.05216014798563619 0.21336 -4.084449320177002 2.180321846082737
43209 11289096 0.103171663583968 0.05115826151883288 0.21336 -4.084449320177002 2.180321846082737
43210 11289096 0.10440957543582163 0.05015637505202957 0.21336 -4.084449320177002 2.180321846082737
43211 11289096 0.10564748728767526 0.04915448858522626 0.21336 -4.084449320177002 2.180321846082737
43212 11289096 0.1068853991395289 0.04815260211842296 0.21336 -4.084449320177002 2.180321846082737
43213 11289096 0.10812331099138253 0.047150715651619636 0.21336 -4.084449320177002 2.180321846082737
43214 11289096 0.10936122284323617 0.04614882918481633 0.21336 -4.084449320177002 2.180321846082737
43215 11289096 0.11059913469508978 0.04514694271801303 0.21336 -4.084449320177002 2.180321846082737
43216 11289096 0.11183704654694343 0.04414505625120972 0.21336 -4.084449320177002 2.180321846082737
43217 11289096 0.11307495839879705 0.0431431697844064 0.21336 -4.084449320177002 2.180321846082737
43218 11289096 0.11431287025065068 0.0421412833176031 0.21336 -4.084449320177002 2.180321846082737
43219 11289096 0.1155507821025043 0.04113939685079978 0.21336 -4.084449320177002 2.180321846082737
43220 11289096 0.11678869395435795 0.04013751038399648 0.21336 -4.084449320177002 2.180321846082737
43221 11289096 0.11802660580621158 0.03913562391719317 0.21336 -4.084449320177002 2.180321846082737
43222 11289096 0.1192645176580652 0.038133737450389865 0.21336 -4.084449320177002 2.180321846082737
43223 11289096 0.12050242950991882 0.03713185098358655 0.21336 -4.084449320177002 2.180321846082737
43224 11289096 0.12174034136177245 0.036129964516783235 0.21336 -4.084449320177002 2.180321846082737
43225 11289096 0.1229782532136261 0.03512807804997993 0.21336 -4.084449320177002 2.180321846082737
43226 11289096 0.12421616506547972 0.03412619158317662 0.21336 -4.084449320177002 2.180321846082737
43227 11289096 0.12545407691733335 0.03312430511637332 0.21336 -4.084449320177002 2.180321846082737
43228 11289096 0.12669198876918694 0.03212241864957 0.21336 -4.084449320177002 2.180321846082737
43229 11289096 0.12792990062104062 0.031120532182766694 0.21336 -4.084449320177002 2.180321846082737
43230 11289096 0.12916781247289424 0.030118645715963382 0.21336 -4.084449320177002 2.180321846082737
43231 11289096 0.13040572432474787 0.029116759249160074 0.21336 -4.084449320177002 2.180321846082737
43232 11289096 0.13164363617660152 0.02811487278235677 0.21336 -4.084449320177002 2.180321846082737
43233 11289096 0.13288154802845514 0.027112986315553457 0.21336 -4.084449320177002 2.180321846082737
43234 11289096 0.13411945988030874 0.026111099848750145 0.21336 -4.084449320177002 2.180321846082737
43235 11289096 0.1353573717321624 0.02510921338194684 0.21336 -4.084449320177002 2.180321846082737
43236 11289096 0.136595283584016 0.024107326915143532 0.21336 -4.084449320177002 2.180321846082737
43237 11289096 0.13783319543586967 0.023105440448340217 0.21336 -4.084449320177002 2.180321846082737
43238 11289096 0.1390711072877233 0.022103553981536912 0.21336 -4.084449320177002 2.180321846082737
