44116 11090736 -3.9563112298299217 -1.1818254637247896 1.4935200000000002 -2.5168630959519693 -0.5306722116665519
44117 11090736 -3.911426906973816 -1.1940060448644865 1.4935200000000002 -2.5168630959519693 -0.5306722116665519
44118 11090736 -3.8665425841177097 -1.2061866260041834 1.4935200000000002 -2.5168630959519693 -0.5306722116665519
44119 11090736 -3.7993282040651963 -1.2247997128385522 1.524 -2.5168630959519693 -0.5306722116665519
44120 11090736 -3.7656173130959503 -1.233789353397646 1.524 -2.5168630959519693 -0.5306722116665519
44121 11090736 -3.7319064221267033 -1.2427789939567395 1.524 -2.5168630959519693 -0.5306722116665519
44122 11090736 -3.687429212817164 -1.2551170587444036 1.524 -2.5168630959519693 -0.5306722116665519
44123 11090736 -3.6433674978057904 -1.2695389048561347 1.524 -2.5168630959519693 -0.5306722116665519
44124 11090736 -3.5993056925546423 -1.2839604752669271 1.524 -2.5168630959519693 -0.5306722116665519
44125 11090736 -3.557097849731232 -1.2950875003303963 1.524 -2.5168630959519693 -0.5306722116665519
44126 11090736 -3.512955625947864 -1.3095347985057677 1.524 -2.5168630959519693 -0.5306722116665519
44127 11090736 -3.424670906695296 -1.3384285647322405 1.524 -2.5168630959519693 -0.5306722116665519
44128 11090736 -3.3797216770472565 -1.3544826018860054 1.524 -2.5168630959519693 -0.5306722116665519
44129 11090736 -3.3347724473992173 -1.3705366390397702 1.524 -2.5168630959519693 -0.5306722116665519
44130 11090736 -3.28887819665485 -1.38777578214214 1.524 -2.5168630959519693 -0.5306722116665519
44131 11090736 -3.2455643006756505 -1.4047543996649543 1.524 -2.5168630959519693 -0.5306722116665519
44132 11090736 -3.201421344175699 -1.4191996066064003 1.524 -2.5168630959519693 -0.5306722116665519
44133 11090736 -3.1572783876757478 -1.433644813547847 1.524 -2.5168630959519693 -0.5306722116665519
44134 11090736 -3.1355867362220313 -1.4420281752733404 1.524 -2.5168630959519693 -0.5306722116665519
44135 11090736 -3.1138950847683144 -1.4504115369988335 1.524 -2.5168630959519693 -0.5306722116665519
44136 11090736 -3.0679657072977453 -1.4675436981665406 1.524 -2.5168630959519693 -0.5306722116665519
44137 11090736 -2.9787561374494915 -1.5017580793037568 1.524 -2.5168630959519693 -0.5306722116665519
44138 11090736 -2.9580889456786768 -1.5085203484103271 1.524 -2.5168630959519693 -0.5306722116665519
44139 11090736 -2.9374217539078615 -1.5152826175168972 1.524 -2.5168630959519693 -0.5306722116665519
44140 11090736 -2.8916645619782853 -1.5329413450624816 1.524 -2.5168630959519693 -0.5306722116665519
44141 11090736 -2.8503299954041137 -1.5464653720751125 1.524 -2.5168630959519693 -0.5306722116665519
44142 11090736 -2.804607098242664 -1.5642290776703194 1.524 -2.5168630959519693 -0.5306722116665519
44143 11090736 -2.7374980265250928 -1.5872365869133542 1.524 -2.5168630959519693 -0.5306722116665519
44144 11090736 -2.7035336302508246 -1.6015614530190976 1.524 -2.5168630959519693 -0.5306722116665519
44145 11090736 -2.6695692339765564 -1.6158863191248412 1.524 -2.5168630959519693 -0.5306722116665519
44146 11090736 -2.627832868967915 -1.6295403298921818 1.524 -2.5168630959519693 -0.5306722116665519
44147 11090736 -2.582730842111979 -1.6492024007780006 1.524 -2.5168630959519693 -0.5306722116665519
44148 11090736 -2.491076201134764 -1.6840927684867997 1.524 -2.5168630959519693 -0.5306722116665519
44149 11090736 -2.461327114180369 -1.695459944652851 1.524 -2.5168630959519693 -0.5306722116665519
44150 11090736 -2.4315780272259744 -1.7068271208189032 1.524 -2.5168630959519693 -0.5306722116665519
44151 11090736 -2.4018289402715802 -1.718194296984955 1.524 -2.5168630959519693 -0.5306722116665519
44152 11090736 -2.358443600937965 -1.7349563673150648 1.524 -2.5168630959519693 -0.5306722116665519
44153 11090736 -2.2699896299252234 -1.7714837856811714 1.524 -2.5168630959519693 -0.5306722116665519
44154 11090736 -2.2249209572070345 -1.7912491127763115 1.524 -2.5168630959519693 -0.5306722116665519
44155 11090736 -2.179748558910383 -1.8106975107387664 1.524 -2.5168630959519693 -0.5306722116665519
44156 11090736 -2.1460158159670897 -1.825732095938048 1.524 -2.5168630959519693 -0.5306722116665519
44157 11090736 -2.1122830730237965 -1.8407666811373296 1.524 -2.5168630959519693 -0.5306722116665519
44158 11090736 -2.078084151381318 -1.854376085941076 1.524 -2.5168630959519693 -0.5306722116665519
44159 11090736 -2.043885229738841 -1.8679854907448217 1.524 -2.5168630959519693 -0.5306722116665519
44160 11090736 -2.001258245658608 -1.887067410343277 1.524 -2.5168630959519693 -0.5306722116665519
44161 11090736 -1.954574583341181 -1.9100461202681525 1.524 -2.5168630959519693 -0.5306722116665519
44162 11090736 -1.8896539136671968 -1.9397478593884163 1.524 -2.5168630959519693 -0.5306722116665519
44163 11090736 -1.8570087949980767 -1.9534904803746664 1.524 -2.5168630959519693 -0.5306722116665519
44164 11090736 -1.8243636763289568 -1.967233101360916 1.524 -2.5168630959519693 -0.5306722116665519
44165 11090736 -1.7825410112662 -1.988503974899012 1.524 -2.5168630959519693 -0.5306722116665519
44166 11090736 -1.7375396083494998 -2.008477284008105 1.524 -2.5168630959519693 -0.5306722116665519
44167 11090736 -1.6533404013280408 -2.048511373017809 1.524 -2.5168630959519693 -0.5306722116665519
44168 11090736 -1.6169564532881024 -2.0644973676965948 1.524 -2.5168630959519693 -0.5306722116665519
44169 11090736 -1.5805725052481638 -2.0804833623753813 1.524 -2.5168630959519693 -0.5306722116665519
44170 11090736 -1.5441885572082257 -2.0964693570541675 1.524 -2.5168630959519693 -0.5306722116665519
44171 11090736 -1.5113580573228167 -2.112227669955826 1.524 -2.5168630959519693 -0.5306722116665519
44172 11090736 -1.4785275574374075 -2.127985982857484 1.524 -2.5168630959519693 -0.5306722116665519
44173 11090736 -1.4240026198818707 -2.152121948291606 1.524 -2.5168630959519693 -0.5306722116665519
44174 11090736 -1.3694776823263335 -2.176257913725728 1.524 -2.5168630959519693 -0.5306722116665519
44175 11090736 -1.3328743636802252 -2.1915739712532365 1.524 -2.5168630959519693 -0.5306722116665519
44176 11090736 -1.296271045034116 -2.2068900287807454 1.524 -2.5168630959519693 -0.5306722116665519
44177 11090736 -1.2596677263880072 -2.2222060863082542 1.524 -2.5168630959519693 -0.5306722116665519
44178 11090736 -1.2145954001166002 -2.241964954096276 1.524 -2.5168630959519693 -0.5306722116665519
44179 11090736 -1.1694193953479315 -2.261406877414719 1.524 -2.5168630959519693 -0.5306722116665519
44180 11090736 -1.1027383609301633 -2.289806151107576 1.524 -2.5168630959519693 -0.5306722116665519
44181 11090736 -1.0693459348926269 -2.3038471769416704 1.524 -2.5168630959519693 -0.5306722116665519
44182 11090736 -1.0359535088550904 -2.317888202775765 1.524 -2.5168630959519693 -0.5306722116665519
44183 11090736 -0.9909149048228258 -2.3377511930596793 1.524 -2.5168630959519693 -0.5306722116665519
44184 11090736 -0.8992501275741254 -2.3726208518008205 1.524 -2.5168630959519693 -0.5306722116665519
44185 11090736 -0.8763855875023417 -2.381496373356761 1.524 -2.5168630959519693 -0.5306722116665519
44186 11090736 -0.8535210474305581 -2.3903718949127017 1.524 -2.5168630959519693 -0.5306722116665519
44187 11090736 -0.8079987644504059 -2.4087558175708024 1.524 -2.5168630959519693 -0.5306722116665519
44188 11090736 -0.7624764814702536 -2.4271397402289034 1.524 -2.5168630959519693 -0.5306722116665519
44189 11090736 -0.706702327053639 -2.4492240435974324 1.524 -2.5168630959519693 -0.5306722116665519
44190 11090736 -0.6509281726370243 -2.4713083469659622 1.524 -2.5168630959519693 -0.5306722116665519
44191 11090736 -0.6180932690601781 -2.4846097387290222 1.524 -2.5168630959519693 -0.5306722116665519
44192 11090736 -0.5852583654833319 -2.4979111304920822 1.524 -2.5168630959519693 -0.5306722116665519
44193 11090736 -0.5393903565804103 -2.515237914610492 1.524 -2.5168630959519693 -0.5306722116665519
44194 11090736 -0.4967927884065266 -2.534416291647692 1.524 -2.5168630959519693 -0.5306722116665519
44195 11090736 -0.4058607573515056 -2.571258851387658 1.524 -2.5168630959519693 -0.5306722116665519
44196 11090736 -0.3584005690116516 -2.592142107541473 1.524 -2.5168630959519693 -0.5306722116665519
44197 11090736 -0.3100546771624091 -2.6100432341695194 1.524 -2.5168630959519693 -0.5306722116665519
44198 11090736 -0.2762824908651497 -2.624963314965 1.524 -2.5168630959519693 -0.5306722116665519
44199 11090736 -0.2425103045678904 -2.63988339576048 1.524 -2.5168630959519693 -0.5306722116665519
44200 11090736 -0.17410334090409862 -2.667084055019148 1.524 -2.5168630959519693 -0.5306722116665519
44201 11090736 -0.151243341317634 -2.675838551509834 1.524 -2.5168630959519693 -0.5306722116665519
44202 11090736 -0.1283833417311694 -2.68459304800052 1.524 -2.5168630959519693 -0.5306722116665519
44203 11090736 -0.08081870051484162 -2.7051577630907744 1.524 -2.5168630959519693 -0.5306722116665519
44204 11090736 -0.010502782040804959 -2.7346741983725837 1.524 -2.5168630959519693 -0.5306722116665519
44205 11090736 0.023537432313502443 -2.748774804265364 1.524 -2.5168630959519693 -0.5306722116665519
44206 11090736 0.05757764666780985 -2.762875410158144 1.524 -2.5168630959519693 -0.5306722116665519
44207 11090736 0.10499370793291453 -2.78362376100501 1.524 -2.5168630959519693 -0.5306722116665519
44208 11090736 0.150105132449755 -2.8032683428086966 1.524 -2.5168630959519693 -0.5306722116665519
44209 11090736 0.1960098709887752 -2.8204847806215905 1.524 -2.5168630959519693 -0.5306722116665519
44210 11090736 0.2634994667929456 -2.85035976010475 1.524 -2.5168630959519693 -0.5306722116665519
44211 11090736 0.29627628012116536 -2.863637223399353 1.524 -2.5168630959519693 -0.5306722116665519
44212 11090736 0.3290530934493852 -2.876914686693957 1.524 -2.5168630959519693 -0.5306722116665519
44213 11090736 0.37413079716192543 -2.8966633943554387 1.524 -2.5168630959519693 -0.5306722116665519
44214 11090736 0.419312106063966 -2.9160951336522998 1.524 -2.5168630959519693 -0.5306722116665519
44215 11090736 0.4640109273942548 -2.9370042856357017 1.524 -1.3744057314893532 1.5314650184869445
44216 11090736 0.5087097487245436 -2.9579134376191036 1.524 -1.3744057314893532 1.5314650184869445
44217 11090736 0.5525667802099776 -2.9773203223995464 1.524 -1.3744057314893532 1.5314650184869445
44218 11090736 0.5964238116954117 -2.996727207179988 1.524 -1.3744057314893532 1.5314650184869445
44219 11090736 0.6383356234282491 -3.0180099442261263 1.524 -1.3744057314893532 1.5314650184869445
44220 11090736 0.6834489441844099 -3.0376511133413087 1.524 -1.3744057314893532 1.5314650184869445
44221 11090736 0.7253611008200103 -3.0589333336078965 1.524 -1.3744057314893532 1.5314650184869445
44222 11090736 0.7704402731192757 -3.078679507850119 1.524 -1.3744057314893532 1.5314650184869445
44223 11090736 0.8156230320697794 -3.098108707696699 1.524 -1.3744057314893532 1.5314650184869445
44224 11090736 0.9050237476266526 -3.139921988941672 1.524 -1.3744057314893532 1.5314650184869445
44225 11090736 0.9475917627843428 -3.1591972014776992 1.524 -1.3744057314893532 1.5314650184869445
44226 11090736 0.9918123431897774 -3.1774929435326147 1.524 -1.3744057314893532 1.5314650184869445
44227 11090736 1.0360329235952122 -3.1957886855875297 1.524 -1.3744057314893532 1.5314650184869445
44228 11090736 1.0805271960846523 -3.2173274512566934 1.524 -1.3744057314893532 1.5314650184869445
44229 11090736 1.123923115826733 -3.2340680776926773 1.524 -1.3744057314893532 1.5314650184869445
44230 11090736 1.1460842446287245 -3.2451010929045694 1.524 -1.3744057314893532 1.5314650184869445
44231 11090736 1.168245373430716 -3.2561341081164614 1.524 -1.3744057314893532 1.5314650184869445
44232 11090736 1.2149762556253827 -3.27898627102516 1.524 -1.3744057314893532 1.5314650184869445
44233 11090736 1.2592989032209654 -3.301051729794778 1.524 -1.3744057314893532 1.5314650184869445
44234 11090736 1.3043800329361217 -3.3207944906467994 1.524 -1.3744057314893532 1.5314650184869445
44235 11090736 1.3471562700693065 -3.3394339042713104 1.524 -1.3744057314893532 1.5314650184869445
44236 11090736 1.406675636178042 -3.3671992322478412 1.524 -1.3744057314893532 1.5314650184869445
44237 11090736 1.4661950022867771 -3.3949645602243708 1.524 -1.3744057314893532 1.5314650184869445
44238 11090736 1.5257143683955126 -3.4227298882009016 1.524 -1.3744057314893532 1.5314650184869445
44239 11090736 1.5554819724013316 -3.4367702148301653 1.524 -1.3744057314893532 1.5314650184869445
44240 11090736 1.5852495764071517 -3.450810541459429 1.524 -1.3744057314893532 1.5314650184869445
44241 11090736 1.6150171804129712 -3.4648508680886936 1.524 -1.3744057314893532 1.5314650184869445
44242 11090736 1.6822906415198684 -3.495398449469611 1.524 -1.3744057314893532 1.5314650184869445
44243 11090736 1.715893077554013 -3.510777520888632 1.524 -1.3744057314893532 1.5314650184869445
44244 11090736 1.7494955135881582 -3.526156592307652 1.524 -1.3744057314893532 1.5314650184869445
44245 11090736 1.7946129196675955 -3.5457906525519127 1.524 -1.3744057314893532 1.5314650184869445
44246 11090736 1.8602696059776058 -3.577210236990976 1.524 -1.3744057314893532 1.5314650184869445
44247 11090736 1.8938045182868164 -3.590755618481169 1.524 -1.3744057314893532 1.5314650184869445
44248 11090736 1.9273394305960263 -3.6043009999713633 1.524 -1.3744057314893532 1.5314650184869445
44249 11090736 1.972491926260049 -3.623828354344431 1.524 -1.3744057314893532 1.5314650184869445
44250 11090736 2.017254525166498 -3.6434617377014655 1.524 -1.3744057314893532 1.5314650184869445
44251 11090736 2.106733378983102 -3.685048651786102 1.524 -1.3744057314893532 1.5314650184869445
44252 11090736 2.1517832397974983 -3.704891420022208 1.524 -1.3744057314893532 1.5314650184869445
44253 11090736 2.196833100611895 -3.7247341882583145 1.524 -1.3744057314893532 1.5314650184869445
44254 11090736 2.219392605613571 -3.734549787257042 1.524 -1.3744057314893532 1.5314650184869445
44255 11090736 2.2419521106152462 -3.7443653862557698 1.524 -1.3744057314893532 1.5314650184869445
44256 11090736 2.2970780234264763 -3.768721863280637 1.524 -1.3744057314893532 1.5314650184869445
44257 11090736 2.3522039362377063 -3.793078340305504 1.524 -1.3744057314893532 1.5314650184869445
44258 11090736 2.385320168995641 -3.810017930551594 1.524 -1.3744057314893532 1.5314650184869445
44259 11090736 2.418436401753576 -3.8269575207976847 1.524 -1.3744057314893532 1.5314650184869445
44260 11090736 2.4634528832591602 -3.846904012271186 1.524 -1.3744057314893532 1.5314650184869445
44261 11090736 2.5037556069305698 -3.864961566826296 1.524 -1.3744057314893532 1.5314650184869445
44262 11090736 2.593203743463431 -3.9066478810258216 1.524 -1.3744057314893532 1.5314650184869445
44263 11090736 2.6157639793071104 -3.916462212117248 1.524 -1.3744057314893532 1.5314650184869445
44264 11090736 2.638324215150789 -3.926276543208676 1.524 -1.3744057314893532 1.5314650184869445
44265 11090736 2.6826870267507923 -3.9482274897198857 1.524 -1.3744057314893532 1.5314650184869445
44266 11090736 2.7269811368606747 -3.9703893009439706 1.524 -1.3744057314893532 1.5314650184869445
44267 11090736 2.7696934413460457 -3.989231229064886 1.524 -1.3744057314893532 1.5314650184869445
44268 11090736 2.8352925564523144 -4.0209715536546575 1.524 -1.3744057314893532 1.5314650184869445
44269 11090736 2.901064248288545 -4.052183469675925 1.524 -1.3744057314893532 1.5314650184869445
44270 11090736 2.935524360016778 -4.0690910633477815 1.524 -1.3744057314893532 1.5314650184869445
44271 11090736 2.9699844717450112 -4.085998657019637 1.524 -1.3744057314893532 1.5314650184869445
44272 11090736 3.0032404249294924 -4.102513055455323 1.524 -1.3744057314893532 1.5314650184869445
44273 11090736 3.036496378113973 -4.11902745389101 1.524 -1.3744057314893532 1.5314650184869445
44274 11090736 3.083200711721145 -4.14197281727237 1.524 -1.3744057314893532 1.5314650184869445
44275 11090736 3.1283919399914533 -4.161387197705084 1.524 -1.3744057314893532 1.5314650184869445
44276 11090736 3.172687919686936 -4.183546212380913 1.524 -1.3744057314893532 1.5314650184869445
44277 11090736 3.2170529678115045 -4.2054938007634775 1.524 -1.3744057314893532 1.5314650184869445
44278 11090736 3.2613837684229594 -4.2275466848401715 1.524 -1.3744057314893532 1.5314650184869445
