10747 10561439 0.5339725089537208 0.08296021900979852 0.36576 -1.0283106210632738 -0.034224567323259125
10748 10561439 0.529636130985445 0.08327905669451276 0.36576 -1.0283106210632738 -0.034224567323259125
10749 10561439 0.5252997530171692 0.083597894379227 0.36576 -1.0283106210632738 -0.034224567323259125
10750 10561439 0.5174537411850572 0.08296071581319463 0.36576 -1.0283106210632738 -0.034224567323259125
10751 10561439 0.5096077293529451 0.08232353724716225 0.36576 -1.0283106210632738 -0.034224567323259125
10752 10561439 0.501761717520833 0.08168635868112986 0.36576 -1.0283106210632738 -0.034224567323259125
10753 10561439 0.4939157056887208 0.08104918011509749 0.36576 -1.0283106210632738 -0.034224567323259125
10754 10561439 0.4860696938566088 0.08041200154906511 0.36576 -1.0283106210632738 -0.034224567323259125
10755 10561439 0.4777184953926869 0.0807655303729785 0.36576 -1.0283106210632738 -0.034224567323259125
10756 10561439 0.46936729692876505 0.08111905919689187 0.36576 -1.0283106210632738 -0.034224567323259125
10757 10561439 0.4610160984648432 0.08147258802080526 0.36576 -1.0283106210632738 -0.034224567323259125
10758 10561439 0.4524999226706466 0.08114014169110283 0.36576 -1.0283106210632738 -0.034224567323259125
10759 10561439 0.44398374687645004 0.08080769536140041 0.36576 -1.0283106210632738 -0.034224567323259125
10760 10561439 0.4354675710822534 0.08047524903169798 0.36576 -1.0283106210632738 -0.034224567323259125
10761 10561439 0.4293556560609619 0.08025282220645788 0.36576 -1.0283106210632738 -0.034224567323259125
10762 10561439 0.4232437410396703 0.08003039538121774 0.36576 -1.0283106210632738 -0.034224567323259125
10763 10561439 0.4171318260183787 0.07980796855597762 0.36576 -1.0283106210632738 -0.034224567323259125
10764 10561439 0.3958053143591783 0.08140321823100233 0.36576 -1.0283106210632738 -0.034224567323259125
10765 10561439 0.3909638079203914 0.07854590132223258 0.36576 -1.0283106210632738 -0.034224567323259125
10766 10561439 0.3797748190117387 0.08126779918453397 0.36576 -1.0283106210632738 -0.034224567323259125
10767 10561439 0.3689123249969434 0.08154645019904706 0.36576 -1.0283106210632738 -0.034224567323259125
10768 10561439 0.35804983098214804 0.08182510121356018 0.36576 -1.0283106210632738 -0.034224567323259125
10769 10561439 0.3471873369673527 0.08210375222807326 0.36576 -1.0283106210632738 -0.034224567323259125
10770 10561439 0.3366613020354199 0.08250614367592536 0.36576 -1.0283106210632738 -0.034224567323259125
10771 10561439 0.32613526710348706 0.08290853512377748 0.36576 -1.0283106210632738 -0.034224567323259125
10772 10561439 0.3226368431220337 0.08171525475199598 0.36576 -1.0283106210632738 -0.034224567323259125
10773 10561439 0.3191384191405804 0.08052197438021448 0.36576 -1.0283106210632738 -0.034224567323259125
10774 10561439 0.3079569412222373 0.07891884144739814 0.36576 -1.0283106210632738 -0.034224567323259125
10775 10561439 0.29789246931479485 0.07937490653746118 0.36576 -1.0283106210632738 -0.034224567323259125
10776 10561439 0.28782799740735243 0.07983097162752423 0.36576 -1.0283106210632738 -0.034224567323259125
10777 10561439 0.2777635254999101 0.08028703671758729 0.36576 -1.0283106210632738 -0.034224567323259125
10778 10561439 0.26769905359246765 0.08074310180765032 0.36576 -1.0283106210632738 -0.034224567323259125
10779 10561439 0.25846287174733185 0.08101614110253627 0.36576 -1.0283106210632738 -0.034224567323259125
10780 10561439 0.2492266899021961 0.08128918039742222 0.36576 -1.0283106210632738 -0.034224567323259125
10781 10561439 0.2399905080570603 0.08156221969230816 0.36576 -1.0283106210632738 -0.034224567323259125
10782 10561439 0.2307543262119245 0.0818352589871941 0.36576 -1.0283106210632738 -0.034224567323259125
10783 10561439 0.2224267465958198 0.08135575739033574 0.359664 -1.0283106210632738 -0.034224567323259125
10784 10561439 0.21409916697971512 0.08087625579347739 0.353568 -1.0283106210632738 -0.034224567323259125
10785 10561439 0.20577158736361045 0.08039675419661903 0.347472 -1.0283106210632738 -0.034224567323259125
10786 10561439 0.19744400774750576 0.07991725259976068 0.341376 -1.0283106210632738 -0.034224567323259125
10787 10561439 0.18911642813140106 0.07943775100290232 0.33528 -1.0283106210632738 -0.034224567323259125
10788 10561439 0.1730513022243514 0.0791972434188905 0.36576 -1.0283106210632738 -0.034224567323259125
10789 10561439 0.1654833717644576 0.07933407454857082 0.3614057142857143 -1.0283106210632738 -0.034224567323259125
10790 10561439 0.1579154413045638 0.07947090567825113 0.3570514285714286 -1.0283106210632738 -0.034224567323259125
10791 10561439 0.15034751084467002 0.07960773680793144 0.3526971428571429 -1.0283106210632738 -0.034224567323259125
10792 10561439 0.14277958038477626 0.07974456793761177 0.3483428571428571 -1.0283106210632738 -0.034224567323259125
10793 10561439 0.13521164992488244 0.07988139906729208 0.3439885714285714 -1.0283106210632738 -0.034224567323259125
10794 10561439 0.12764371946498865 0.08001823019697239 0.3396342857142857 -1.0283106210632738 -0.034224567323259125
10795 10561439 0.12007578900509484 0.0801550613266527 0.33528 -1.0283106210632738 -0.034224567323259125
10796 10561439 0.11151300134425314 0.08052624812638506 0.33528 -1.0283106210632738 -0.034224567323259125
10797 10561439 0.10295021368341142 0.08089743492611741 0.33528 -1.0283106210632738 -0.034224567323259125
10798 10561439 0.09438742602256968 0.08126862172584977 0.33528 -1.0283106210632738 -0.034224567323259125
10799 10561439 0.08582463836172799 0.08163980852558211 0.33528 -1.0283106210632738 -0.034224567323259125
10800 10561439 0.07726185070088626 0.08201099532531447 0.33528 -1.0283106210632738 -0.034224567323259125
10801 10561439 0.06869906304004454 0.08238218212504682 0.33528 -1.0283106210632738 -0.034224567323259125
10802 10561439 0.060136275379202825 0.08275336892477918 0.33528 -1.0283106210632738 -0.034224567323259125
10803 10561439 0.051573487718361115 0.08312455572451152 0.33528 -1.0283106210632738 -0.034224567323259125
10804 10561439 0.04301070005751939 0.08349574252424387 0.33528 -1.0283106210632738 -0.034224567323259125
10805 10561439 0.041819777367027126 0.08288294450524851 0.33528 -1.0283106210632738 -0.034224567323259125
10806 10561439 0.04062885467653487 0.08227014648625314 0.33528 -1.0283106210632738 -0.034224567323259125
10807 10561439 0.039437931986042604 0.08165734846725776 0.33528 -1.0283106210632738 -0.034224567323259125
10808 10561439 0.03824700929555035 0.08104455044826239 0.33528 -1.0283106210632738 -0.034224567323259125
10809 10561439 0.03705608660505808 0.08043175242926702 0.33528 -1.0283106210632738 -0.034224567323259125
10810 10561439 0.03586516391456582 0.07981895441027165 0.33528 -1.0283106210632738 -0.034224567323259125
10811 10561439 0.03467424122407356 0.07920615639127628 0.33528 -1.0283106210632738 -0.034224567323259125
10812 10561439 0.033483318533581295 0.0785933583722809 0.33528 -1.0283106210632738 -0.034224567323259125
10813 10561439 0.03229239584308903 0.07798056035328553 0.33528 -1.0283106210632738 -0.034224567323259125
10814 10561439 0.031101473152596777 0.07736776233429016 0.33528 -1.0283106210632738 -0.034224567323259125
10815 10561439 0.029910550462104512 0.07675496431529479 0.33528 -1.0283106210632738 -0.034224567323259125
10816 10561439 0.02871962777161225 0.07614216629629941 0.33528 -1.0283106210632738 -0.034224567323259125
10817 10561439 0.027528705081119983 0.07552936827730404 0.33528 -1.0283106210632738 -0.034224567323259125
10818 10561439 0.026337782390627718 0.07491657025830868 0.33528 -1.0283106210632738 -0.034224567323259125
10819 10561439 0.02514685970013546 0.0743037722393133 0.33528 -1.0283106210632738 -0.034224567323259125
10820 10561439 0.0239559370096432 0.07369097422031792 0.33528 -1.0283106210632738 -0.034224567323259125
10821 10561439 0.022765014319150942 0.07307817620132255 0.33528 -1.0283106210632738 -0.034224567323259125
10822 10561439 0.02157409162865868 0.07246537818232718 0.33528 -1.0283106210632738 -0.034224567323259125
10823 10561439 0.020383168938166413 0.0718525801633318 0.33528 -1.0283106210632738 -0.034224567323259125
10824 10561439 0.01919224624767415 0.07123978214433642 0.33528 -1.0283106210632738 -0.034224567323259125
10825 10561439 0.01800132355718189 0.07062698412534106 0.33528 -1.0283106210632738 -0.034224567323259125
10826 10561439 0.016810400866689626 0.07001418610634569 0.33528 -1.0283106210632738 -0.034224567323259125
10827 10561439 0.015619478176197363 0.06940138808735033 0.33528 -1.0283106210632738 -0.034224567323259125
10828 10561439 0.014428555485705104 0.06878859006835494 0.33528 -1.0283106210632738 -0.034224567323259125
10829 10561439 0.013237632795212844 0.06817579204935957 0.33528 -1.0283106210632738 -0.034224567323259125
10830 10561439 0.012046710104720582 0.0675629940303642 0.33528 -1.0283106210632738 -0.034224567323259125
10831 10561439 0.010846503618724126 0.06466732786155018 0.33528 -1.0283106210632738 -0.034224567323259125
10832 10561439 0.009646297132727672 0.06177166169273614 0.33528 -1.0283106210632738 -0.034224567323259125
10833 10561439 0.008446090646731217 0.058875995523922114 0.33528 -1.0283106210632738 -0.034224567323259125
10834 10561439 0.0072458841607347625 0.055980329355108084 0.33528 -1.0283106210632738 -0.034224567323259125
10835 10561439 0.006045677674738308 0.05308466318629405 0.33528 -1.0283106210632738 -0.034224567323259125
10836 10561439 0.004845471188741853 0.050188997017480017 0.33528 -1.0283106210632738 -0.034224567323259125
10837 10561439 0.0036452647027453993 0.047293330848665986 0.33528 -1.0283106210632738 -0.034224567323259125
10838 10561439 0.0039616466568440645 0.04384563995767195 0.33528 -1.0283106210632738 -0.034224567323259125
10839 10561439 0.004278028610942729 0.040397949066677895 0.33528 -1.0283106210632738 -0.034224567323259125
10840 10561439 0.004594410565041396 0.036950258175683835 0.33528 -1.0283106210632738 -0.034224567323259125
10841 10561439 0.0049107925191400606 0.0335025672846898 0.33528 -1.0283106210632738 -0.034224567323259125
10842 10561439 0.005227174473238727 0.03005487639369575 0.33528 -1.0283106210632738 -0.034224567323259125
10843 10561439 0.005543556427337393 0.026607185502701698 0.33528 -1.0283106210632738 -0.034224567323259125
10844 10561439 0.0058599383814360575 0.02315949461170765 0.33528 -1.0283106210632738 -0.034224567323259125
10845 10561439 0.006176320335534724 0.0197118037207136 0.33528 -1.0283106210632738 -0.034224567323259125
10846 10561439 0.0161262652154141 0.01863283606838516 0.33528 -1.0283106210632738 -0.034224567323259125
10847 10561439 0.02607621009529348 0.017553868416056717 0.33528 -1.0283106210632738 -0.034224567323259125
10848 10561439 0.03602615497517285 0.016474900763728272 0.33528 -1.0283106210632738 -0.034224567323259125
10849 10561439 0.04597609985505223 0.01539593311139983 0.33528 -1.0283106210632738 -0.034224567323259125
10850 10561439 0.05592604473493161 0.014316965459071391 0.33528 -1.0283106210632738 -0.034224567323259125
10851 10561439 0.06587598961481098 0.013237997806742945 0.33528 -1.0283106210632738 -0.034224567323259125
10852 10561439 0.07582593449469036 0.012159030154414505 0.33528 -1.0283106210632738 -0.034224567323259125
10853 10561439 0.08577587937456974 0.011080062502086062 0.33528 -1.0283106210632738 -0.034224567323259125
10854 10561439 0.09572582425444913 0.01000109484975762 0.33528 -1.0283106210632738 -0.034224567323259125
10855 10561439 0.1056757691343285 0.008922127197429177 0.33528 -1.0283106210632738 -0.034224567323259125
10856 10561439 0.11562571401420785 0.007843159545100734 0.33528 -1.0283106210632738 -0.034224567323259125
10857 10561439 0.12557565889408726 0.006764191892772293 0.33528 -1.0283106210632738 -0.034224567323259125
10858 10561439 0.1355256037739666 0.005685224240443852 0.33528 -1.0283106210632738 -0.034224567323259125
10859 10561439 0.14547554865384602 0.0046062565881154075 0.33528 -1.0283106210632738 -0.034224567323259125
10860 10561439 0.15542549353372534 0.003527288935786965 0.33528 -1.0283106210632738 -0.034224567323259125
10861 10561439 0.18392780007189008 0.005135692699887104 0.33528 -1.0283106210632738 -0.034224567323259125
10862 10561439 0.2124301066100548 0.0067440964639872425 0.33528 -1.0283106210632738 -0.034224567323259125
10863 10561439 0.23851676172726036 0.006396757381677311 0.33528 -1.0283106210632738 -0.034224567323259125
10864 10561439 0.2646034168444659 0.006049418299367379 0.33528 -1.0283106210632738 -0.034224567323259125
10865 10561439 0.2906900719616714 0.005702079217057447 0.33528 -1.0283106210632738 -0.034224567323259125
10866 10561439 0.3167767270788769 0.0053547401347475146 0.33528 -1.0283106210632738 -0.034224567323259125
10867 10561439 0.3586119175223864 0.006092127784855382 0.34544 -1.0283106210632738 -0.034224567323259125
10868 10561439 0.40044710796589583 0.00682951543496325 0.3556 -1.0283106210632738 -0.034224567323259125
10869 10561439 0.4422822984094053 0.0075669030850711175 0.36576 -1.0283106210632738 -0.034224567323259125
10870 10561439 0.4732088061343582 0.00844251331615449 0.36576 -1.0283106210632738 -0.034224567323259125
10871 10561439 0.4900418142411595 0.008315928195383154 0.36576 -1.0283106210632738 -0.034224567323259125
10872 10561439 0.5309750178149224 0.009465799326895064 0.36576 -1.0283106210632738 -0.034224567323259125
10873 10561439 0.5719082213886854 0.010615670458406971 0.36576 -1.0283106210632738 -0.034224567323259125
10874 10561439 0.6128414249624483 0.011765541589918882 0.36576 -1.0283106210632738 -0.034224567323259125
10875 10561439 0.6398807882637105 0.012977396515112323 0.381 -1.0283106210632738 -0.034224567323259125
10876 10561439 0.6669201515649728 0.014189251440305762 0.39624 -1.0283106210632738 -0.034224567323259125
10877 10561439 0.7090917157872664 0.011157773207011529 0.39624 -1.0283106210632738 -0.034224567323259125
10878 10561439 0.741153947663538 0.013065265406086823 0.39624 -1.0283106210632738 -0.034224567323259125
10879 10561439 0.7739245945323464 0.012112879718462435 0.39624 -1.0283106210632738 -0.034224567323259125
10880 10561439 0.8066952414011548 0.011160494030838049 0.39624 -1.0283106210632738 -0.034224567323259125
10881 10561439 0.8485719663380145 0.012256759669360963 0.39624 -1.0283106210632738 -0.034224567323259125
10882 10561439 0.8904486912748742 0.013353025307883877 0.39624 -1.0283106210632738 -0.034224567323259125
10883 10561439 0.9254370965799692 0.012319809162249723 0.4030133333333334 -1.0283106210632738 -0.034224567323259125
10884 10561439 0.9604255018850644 0.011286593016615576 0.4097866666666667 -1.0283106210632738 -0.034224567323259125
10885 10561439 0.9954139071901592 0.010253376870981427 0.41656 -1.0283106210632738 -0.034224567323259125
10886 10561439 1.0304023124952544 0.009220160725347277 0.4233333333333334 -1.0283106210632738 -0.034224567323259125
10887 10561439 1.0653907178003494 0.008186944579713125 0.4301066666666667 -1.0283106210632738 -0.034224567323259125
10888 10561439 1.1003791231054445 0.007153728434078975 0.4368800000000001 -1.0283106210632738 -0.034224567323259125
10889 10561439 1.1353675284105391 0.006120512288444825 0.4436533333333334 -1.0283106210632738 -0.034224567323259125
10890 10561439 1.1703559337156344 0.005087296142810675 0.4504266666666667 -1.0283106210632738 -0.034224567323259125
10891 10561439 1.2053443390207297 0.004054079997176524 0.4572000000000001 -1.0283106210632738 -0.034224567323259125
10892 10561439 1.245290997113424 0.0012852267306958307 0.4572000000000001 -1.0283106210632738 -0.034224567323259125
10893 10561439 1.2852376552061189 -0.0014836265357848627 0.4572000000000001 -1.0283106210632738 -0.034224567323259125
10894 10561439 1.3227092740620463 -0.002041769710322633 0.4572000000000001 -1.0283106210632738 -0.034224567323259125
10895 10561439 1.3561369140943895 -0.005192268070609725 0.4572000000000001 -1.0283106210632738 -0.034224567323259125
10896 10561439 1.389564554126733 -0.00834276643089682 0.4572000000000001 -1.0283106210632738 -0.034224567323259125
10897 10561439 1.4478343123106705 -0.011021041278038627 0.48768 -1.0283106210632738 -0.034224567323259125
10898 10561439 1.4822213760837593 -0.011505441674653158 0.48768 -1.0283106210632738 -0.034224567323259125
10899 10561439 1.5009109970016008 -0.012061000658037113 0.48768 -1.0283106210632738 -0.034224567323259125
10900 10561439 1.5196006179194428 -0.012616559641421068 0.48768 -1.0283106210632738 -0.034224567323259125
10901 10561439 1.5797270506867849 -0.016133894667120733 0.48768 -1.0283106210632738 -0.034224567323259125
10902 10561439 1.6156267018595636 -0.01769585508086147 0.48768 -1.0283106210632738 -0.034224567323259125
10903 10561439 1.6559867272202609 -0.019195763308999608 0.5181600000000001 -1.0283106210632738 -0.034224567323259125
10904 10561439 1.7069758204836547 -0.020779117311770876 0.5181600000000001 -1.0283106210632738 -0.034224567323259125
10905 10561439 1.7426090078873149 -0.025874939235659974 0.5181600000000001 -1.0283106210632738 -0.034224567323259125
10906 10561439 1.7594757693977887 -0.025892949169222385 0.5181600000000001 -1.0283106210632738 -0.034224567323259125
10907 10561439 1.8025062785973405 -0.02873153248766685 0.5181600000000001 -1.0283106210632738 -0.034224567323259125
10908 10561439 1.8552599507944327 -0.03170793053061097 0.5181600000000001 -1.0283106210632738 -0.034224567323259125
10909 10561439 1.885699205483835 -0.036391836546425284 0.5181600000000001 -1.0283106210632738 -0.034224567323259125
10910 10561439 1.9152967684518345 -0.039574031477526916 0.5334000000000001 -1.0283106210632738 -0.034224567323259125
10911 10561439 1.9448943314198333 -0.04275622640862856 0.54864 -1.0283106210632738 -0.034224567323259125
10912 10561439 2.006772535376836 -0.04906183452288978 0.54864 -1.0283106210632738 -0.034224567323259125
10913 10561439 2.032820351855444 -0.053596022239475946 0.54864 -1.0283106210632738 -0.034224567323259125
10914 10561439 2.0588681683340515 -0.058130209956062114 0.54864 -1.0283106210632738 -0.034224567323259125
10915 10561439 2.090946763117981 -0.06323174799399747 0.54864 -1.0283106210632738 -0.034224567323259125
10916 10561439 2.146783377404584 -0.06791370435839543 0.54864 -1.0283106210632738 -0.034224567323259125
10917 10561439 2.180694042743724 -0.07665040500622675 0.54864 -1.0283106210632738 -0.034224567323259125
10918 10561439 2.2289746420054595 -0.08108399925126725 0.57912 -1.0283106210632738 -0.034224567323259125
10919 10561439 2.2704661231890797 -0.08727235141065022 0.57912 -1.0283106210632738 -0.034224567323259125
10920 10561439 2.30591473063148 -0.09388189195175456 0.57912 -1.0283106210632738 -0.034224567323259125
10921 10561439 2.341363338073879 -0.10049143249285887 0.57912 -1.0283106210632738 -0.034224567323259125
10922 10561439 2.3768119455162786 -0.1071009730339632 0.57912 -1.0283106210632738 -0.034224567323259125
10923 10561439 2.4122605529586787 -0.11371051357506752 0.57912 -1.0283106210632738 -0.034224567323259125
10924 10561439 2.439169004483999 -0.1172392299047548 0.57912 -1.0283106210632738 -0.034224567323259125
10925 10561439 2.475776857104134 -0.12206552049473272 0.6096 -1.0283106210632738 -0.034224567323259125
10926 10561439 2.5141629826420395 -0.1252526547470794 0.6096 -1.0283106210632738 -0.034224567323259125
10927 10561439 2.549509516506608 -0.13013404222882166 0.6096 -1.0283106210632738 -0.034224567323259125
10928 10561439 2.6021520146847426 -0.12664377494943374 0.6096 -1.0283106210632738 -0.034224567323259125
10929 10561439 2.6384104805841506 -0.1216593128443709 0.6096 -1.0283106210632738 -0.034224567323259125
10930 10561439 2.6647786343307915 -0.10888997996948073 0.6400800000000001 -1.0283106210632738 -0.034224567323259125
10931 10561439 2.6947577150023805 -0.09729941062456164 0.6400800000000001 -1.0283106210632738 -0.034224567323259125
10932 10561439 2.737462984939893 -0.06848571609569651 0.6400800000000001 -1.0283106210632738 -0.034224567323259125
10933 10561439 2.757672077983586 -0.05826137609484847 0.6400800000000001 -1.0283106210632738 -0.034224567323259125
10934 10561439 2.790601505176781 -0.021583452613427617 0.6400800000000001 -1.0283106210632738 -0.034224567323259125
10935 10561439 2.808409158137112 -0.0007624407581710847 0.6400800000000001 -1.0283106210632738 -0.034224567323259125
10936 10561439 2.8262711090714734 0.033825283950570245 0.6400800000000001 -1.0283106210632738 -0.034224567323259125
10937 10561439 2.8448844023681987 0.07833083280872252 0.6400800000000001 -1.0283106210632738 -0.034224567323259125
10938 10561439 2.8529762955309628 0.10617852668745392 0.6400800000000001 -1.0283106210632738 -0.034224567323259125
10939 10561439 2.8610681886937277 0.13402622056618532 0.6400800000000001 -1.0283106210632738 -0.034224567323259125
10940 10561439 2.866084536955403 0.1895122445268677 0.67056 -1.0283106210632738 -0.034224567323259125
10941 10561439 2.864837163023088 0.21153064660240087 0.67056 -1.0283106210632738 -0.034224567323259125
10942 10561439 2.8635897890907724 0.233549048677934 0.67056 -1.0283106210632738 -0.034224567323259125
10943 10561439 2.85909637994154 0.2714629547570849 0.67056 -1.0283106210632738 -0.034224567323259125
10944 10561439 2.8563704913485837 0.3120707697401791 0.67056 -1.0283106210632738 -0.034224567323259125
10945 10561439 2.8527497631824903 0.3515689375453719 0.67056 -1.0283106210632738 -0.034224567323259125
10946 10561439 2.849668769445219 0.3921759343053486 0.67056 -1.0283106210632738 -0.034224567323259125
10947 10561439 2.843059548635066 0.4372057051376844 0.67056 -1.0283106210632738 -0.034224567323259125
10948 10561439 2.84074895967364 0.4807153563694789 0.67056 -1.0283106210632738 -0.034224567323259125
10949 10561439 2.8403610378166606 0.5186910003352253 0.67056 -1.0283106210632738 -0.034224567323259125
10950 10561439 2.843262431009771 0.5547750777247049 0.67056 -1.0283106210632738 -0.034224567323259125
10951 10561439 2.8431735990288733 0.5939381156271791 0.67056 -1.0283106210632738 -0.034224567323259125
10952 10561439 2.845776298910081 0.6288347381762075 0.67056 -1.0283106210632738 -0.034224567323259125
10953 10561439 2.8454430630539638 0.6449476154439828 0.67056 -1.0283106210632738 -0.034224567323259125
10954 10561439 2.845109827197846 0.6610604927117579 0.67056 -1.0283106210632738 -0.034224567323259125
10955 10561439 2.8499403411627577 0.6840152676215244 0.67056 -1.0283106210632738 -0.034224567323259125
10956 10561439 2.8495650768367424 0.7399768977674066 0.67056 -1.0283106210632738 -0.034224567323259125
10957 10561439 2.854067559053856 0.7864024426597795 0.7010400000000001 -1.0283106210632738 -0.034224567323259125
10958 10561439 2.858796238528297 0.8280814205320958 0.7010400000000001 -1.0283106210632738 -0.034224567323259125
10959 10561439 2.8628560840387376 0.8639042143512673 0.7010400000000001 -1.0283106210632738 -0.034224567323259125
10960 10561439 2.8660120894743466 0.8855366150842349 0.7010400000000001 -1.0283106210632738 -0.034224567323259125
10961 10561439 2.870400713805524 0.9492885295414252 0.7010400000000001 -1.0283106210632738 -0.034224567323259125
10962 10561439 2.866680503685944 0.9909223602206456 0.7010400000000001 -1.0283106210632738 -0.034224567323259125
10963 10561439 2.856134005256981 1.041560437664751 0.7010400000000001 -1.0283106210632738 -0.034224567323259125
10964 10561439 2.8394476067968477 1.0822293728162813 0.7010400000000001 -1.0283106210632738 -0.034224567323259125
10965 10561439 2.8227612083367126 1.1228983079678114 0.7010400000000001 -1.0283106210632738 -0.034224567323259125
10966 10561439 2.791341181205119 1.1599086186653909 0.7010400000000001 -1.0283106210632738 -0.034224567323259125
10967 10561439 2.779352757415832 1.180294449781855 0.7010400000000001 -1.0283106210632738 -0.034224567323259125
10968 10561439 2.7534649810234644 1.2097745930167594 0.7010400000000001 -1.0283106210632738 -0.034224567323259125
10969 10561439 2.719100427345412 1.2323266836905264 0.7010400000000001 -1.0283106210632738 -0.034224567323259125
10970 10561439 2.676896145891848 1.2569715901862162 0.7010400000000001 -1.0283106210632738 -0.034224567323259125
10971 10561439 2.645722942843384 1.2693118123755616 0.7010400000000001 -1.0283106210632738 -0.034224567323259125
10972 10561439 2.61454973979492 1.2816520345649067 0.7010400000000001 -1.0283106210632738 -0.034224567323259125
10973 10561439 2.569625301782234 1.2937517268145466 0.7010400000000001 -1.0283106210632738 -0.034224567323259125
10974 10561439 2.5247008637695485 1.3058514190641866 0.7010400000000001 -1.0283106210632738 -0.034224567323259125
10975 10561439 2.4784126799986925 1.3109203857015428 0.7010400000000001 -1.0283106210632738 -0.034224567323259125
10976 10561439 2.445625470087889 1.3111134481439897 0.7010400000000001 -1.0283106210632738 -0.034224567323259125
10977 10561439 2.4028660311725263 1.3133950363156293 0.7010400000000001 -1.0283106210632738 -0.034224567323259125
10978 10561439 2.3589501364019516 1.3175732180615431 0.7010400000000001 -1.0283106210632738 -0.034224567323259125
10979 10561439 2.313153840003461 1.3214311910536336 0.7010400000000001 -1.0283106210632738 -0.034224567323259125
10980 10561439 2.2558464751759786 1.3240254768398747 0.7010400000000001 -1.0283106210632738 -0.034224567323259125
10981 10561439 2.212228179069609 1.3277568725150202 0.7010400000000001 -1.0283106210632738 -0.034224567323259125
10982 10561439 2.1676193380622517 1.3257372638197409 0.7010400000000001 -1.0283106210632738 -0.034224567323259125
10983 10561439 2.1259953847482134 1.329051448406393 0.7010400000000001 -1.0283106210632738 -0.034224567323259125
10984 10561439 2.0641140322061577 1.3323233295366108 0.7010400000000001 -1.0283106210632738 -0.034224567323259125
10985 10561439 2.030752862535356 1.3321215219872464 0.7010400000000001 -1.0283106210632738 -0.034224567323259125
10986 10561439 1.9862942212534864 1.3319230635627164 0.7010400000000001 -1.0283106210632738 -0.034224567323259125
