10329 10637506 -3.1767794332489516 3.020890678865406 0.6096 -1.0283106210632738 -0.034224567323259125
10330 10637506 -3.1363634533668097 3.0163041073273757 0.6096 -1.0283106210632738 -0.034224567323259125
10331 10637506 -3.095947473484668 3.0117175357893435 0.6096 -1.0283106210632738 -0.034224567323259125
10332 10637506 -3.056010261359305 3.0089239752284027 0.6096 -1.0283106210632738 -0.034224567323259125
10333 10637506 -3.005825964338615 3.0048788844204064 0.6096 -1.0283106210632738 -0.034224567323259125
10334 10637506 -2.9735321820391736 3.0042377911170197 0.6096 -1.0283106210632738 -0.034224567323259125
10335 10637506 -2.9323043295651545 3.002132515323229 0.6096 -1.0283106210632738 -0.034224567323259125
10336 10637506 -2.8910764770911355 3.000027239529438 0.6096 -1.0283106210632738 -0.034224567323259125
10337 10637506 -2.83284424852834 2.996152838514873 0.6096 -1.0283106210632738 -0.034224567323259125
10338 10637506 -2.794214088963588 2.993438145237357 0.6096 -1.0283106210632738 -0.034224567323259125
10339 10637506 -2.7555839293988367 2.9907234519598425 0.6096 -1.0283106210632738 -0.034224567323259125
10340 10637506 -2.720964301104005 2.9893220013903234 0.6096 -1.0283106210632738 -0.034224567323259125
10341 10637506 -2.6798168326404967 2.9834467190330494 0.6096 -1.0283106210632738 -0.034224567323259125
10342 10637506 -2.6227730689911377 2.9745879848955665 0.6096 -1.0283106210632738 -0.034224567323259125
10343 10637506 -2.6013244014380628 2.9702541552287633 0.6096 -1.0283106210632738 -0.034224567323259125
10344 10637506 -2.5798757338849883 2.9659203255619593 0.6096 -1.0283106210632738 -0.034224567323259125
10345 10637506 -2.5219457507074683 2.9516309826603835 0.6096 -1.0283106210632738 -0.034224567323259125
10346 10637506 -2.480316670376313 2.9380040972029358 0.6096 -1.0283106210632738 -0.034224567323259125
10347 10637506 -2.4403099965072874 2.920234635873675 0.6096 -1.0283106210632738 -0.034224567323259125
10348 10637506 -2.375980667165273 2.8915829100927564 0.6096 -1.0283106210632738 -0.034224567323259125
10349 10637506 -2.3461493267946443 2.87691099228662 0.6096 -1.0283106210632738 -0.034224567323259125
10350 10637506 -2.3139039780276343 2.858761615997925 0.6096 -1.0283106210632738 -0.034224567323259125
10351 10637506 -2.2828175481799238 2.8377493439029435 0.6096 -1.0283106210632738 -0.034224567323259125
10352 10637506 -2.2517311183322137 2.8167370718079625 0.6096 -1.0283106210632738 -0.034224567323259125
10353 10637506 -2.2054695641660342 2.7830757019639885 0.6096 -1.0283106210632738 -0.034224567323259125
10354 10637506 -2.175441952406364 2.7608623045089487 0.57912 -1.0283106210632738 -0.034224567323259125
10355 10637506 -2.1420790425378646 2.729845671734444 0.6096 -1.0283106210632738 -0.034224567323259125
10356 10637506 -2.1074146081211658 2.694664400727499 0.59436 -1.0283106210632738 -0.034224567323259125
10357 10637506 -2.072750173704467 2.6594831297205546 0.57912 -1.0283106210632738 -0.034224567323259125
10358 10637506 -2.0450670972056324 2.624133339330223 0.57912 -1.0283106210632738 -0.034224567323259125
10359 10637506 -2.0173840207067983 2.588783548939892 0.57912 -1.0283106210632738 -0.034224567323259125
10360 10637506 -1.997961475289894 2.5569552330383103 0.57912 -1.0283106210632738 -0.034224567323259125
10361 10637506 -1.9729093401296944 2.508679168631772 0.57912 -1.0283106210632738 -0.034224567323259125
10362 10637506 -1.9594367212035475 2.4765781394296296 0.57912 -1.0283106210632738 -0.034224567323259125
10363 10637506 -1.943945016517352 2.434702648331172 0.57912 -1.0283106210632738 -0.034224567323259125
10364 10637506 -1.928453311831156 2.3928271572327127 0.57912 -1.0283106210632738 -0.034224567323259125
10365 10637506 -1.9203348834831468 2.3494503340868147 0.57912 -1.0283106210632738 -0.034224567323259125
10366 10637506 -1.9122164551351375 2.3060735109409167 0.57912 -1.0283106210632738 -0.034224567323259125
10367 10637506 -1.9059294599006869 2.2411541383502604 0.57912 -1.0283106210632738 -0.034224567323259125
10368 10637506 -1.9039921743245691 2.1982227044785723 0.57912 -1.0283106210632738 -0.034224567323259125
10369 10637506 -1.904957472785528 2.170846568128776 0.57912 -1.0283106210632738 -0.034224567323259125
10370 10637506 -1.9031711481543032 2.117682332999631 0.57912 -1.0283106210632738 -0.034224567323259125
10371 10637506 -1.904251571349709 2.072583655496564 0.57912 -1.0283106210632738 -0.034224567323259125
10372 10637506 -1.9031770354830635 2.0270135616884475 0.57912 -1.0283106210632738 -0.034224567323259125
10373 10637506 -1.901874231090663 1.9891973278128188 0.57912 -1.0283106210632738 -0.034224567323259125
10374 10637506 -1.900453961153021 1.9186265253549641 0.57912 -1.0283106210632738 -0.034224567323259125
10375 10637506 -1.9015222672702683 1.8909336727904664 0.57912 -1.0283106210632738 -0.034224567323259125
10376 10637506 -1.901116310154992 1.8507820191673787 0.57912 -1.0283106210632738 -0.034224567323259125
10377 10637506 -1.9007103530397151 1.8106303655442912 0.57912 -1.0283106210632738 -0.034224567323259125
10378 10637506 -1.8996587544664767 1.7554868427257906 0.57912 -1.0283106210632738 -0.034224567323259125
10379 10637506 -1.8993081990398004 1.7077001739599902 0.57912 -1.0283106210632738 -0.034224567323259125
10380 10637506 -1.8978656638661937 1.6618931094860507 0.57912 -1.0283106210632738 -0.034224567323259125
10381 10637506 -1.8995894350166649 1.6145515333255305 0.57912 -1.0283106210632738 -0.034224567323259125
10382 10637506 -1.897811941641508 1.5792676356153197 0.57912 -1.0283106210632738 -0.034224567323259125
10383 10637506 -1.8979543771106449 1.5041843753824666 0.57912 -1.0283106210632738 -0.034224567323259125
10384 10637506 -1.8990346979550787 1.484324067732094 0.54864 -1.0283106210632738 -0.034224567323259125
10385 10637506 -1.8986072111164825 1.4240103104580253 0.54864 -1.0283106210632738 -0.034224567323259125
10386 10637506 -1.8981797242778855 1.3636965531839564 0.54864 -1.0283106210632738 -0.034224567323259125
10387 10637506 -1.896427940778252 1.3256170073099742 0.54864 -1.0283106210632738 -0.034224567323259125
10388 10637506 -1.8969769841888915 1.2995071302219066 0.54864 -1.0283106210632738 -0.034224567323259125
10389 10637506 -1.8975260275995312 1.2733972531338391 0.54864 -1.0283106210632738 -0.034224567323259125
10390 10637506 -1.897062579792817 1.2293422175903332 0.5562600000000001 -1.0283106210632738 -0.034224567323259125
10391 10637506 -1.896599131986103 1.1852871820468276 0.5638799999999999 -1.0283106210632738 -0.034224567323259125
10392 10637506 -1.8961356841793893 1.1412321465033215 0.5715 -1.0283106210632738 -0.034224567323259125
10393 10637506 -1.8956722363726752 1.097177110959816 0.57912 -1.0283106210632738 -0.034224567323259125
10394 10637506 -1.8965602503937768 1.0195341308498744 0.57912 -1.0283106210632738 -0.034224567323259125
10395 10637506 -1.8969015100332252 0.9848269387267644 0.54864 -1.0283106210632738 -0.034224567323259125
10396 10637506 -1.8967104773126304 0.9446877440973058 0.54864 -1.0283106210632738 -0.034224567323259125
10397 10637506 -1.900051461556454 0.8856073588725022 0.54864 -1.0283106210632738 -0.034224567323259125
10398 10637506 -1.8994053906973407 0.8702065910364596 0.54864 -1.0283106210632738 -0.034224567323259125
10399 10637506 -1.8993296419093624 0.8199399736065814 0.54864 -1.0283106210632738 -0.034224567323259125
10400 10637506 -1.9017768148640082 0.7880249848516842 0.54864 -1.0283106210632738 -0.034224567323259125
10401 10637506 -1.9015851653022773 0.7478857021166012 0.54864 -1.0283106210632738 -0.034224567323259125
10402 10637506 -1.903729975452361 0.6911014757816861 0.54864 -1.0283106210632738 -0.034224567323259125
10403 10637506 -1.9056129860313369 0.6514072905633985 0.54864 -1.0283106210632738 -0.034224567323259125
10404 10637506 -1.9084249151990529 0.6020855238160638 0.54864 -1.0283106210632738 -0.034224567323259125
10405 10637506 -1.90984565360792 0.5651611742308047 0.54864 -1.0283106210632738 -0.034224567323259125
10406 10637506 -1.9108362948806636 0.5329450445822974 0.54864 -1.0283106210632738 -0.034224567323259125
10407 10637506 -1.9118269361534064 0.5007289149337901 0.54864 -1.0283106210632738 -0.034224567323259125
10408 10637506 -1.910739990795384 0.470111537136156 0.54864 -1.0283106210632738 -0.034224567323259125
10409 10637506 -1.9102561833495475 0.4145707178429251 0.54864 -1.0283106210632738 -0.034224567323259125
10410 10637506 -1.9094320951294927 0.38450673953799697 0.54864 -1.0283106210632738 -0.034224567323259125
10411 10637506 -1.9051089858622603 0.35563493564157866 0.54864 -1.0283106210632738 -0.034224567323259125
10412 10637506 -1.8956109993331336 0.30999785681045744 0.54864 -1.0283106210632738 -0.034224567323259125
10413 10637506 -1.886218391696056 0.28168770834859 0.5181600000000001 -1.0283106210632738 -0.034224567323259125
10414 10637506 -1.8693636385953565 0.24088828067082246 0.5181600000000001 -1.0283106210632738 -0.034224567323259125
10415 10637506 -1.8435356209091611 0.19493367690826865 0.5181600000000001 -1.0283106210632738 -0.034224567323259125
10416 10637506 -1.8303791584435187 0.17812808303072603 0.5181600000000001 -1.0283106210632738 -0.034224567323259125
10417 10637506 -1.7968013746735572 0.13957014334020532 0.5181600000000001 -1.0283106210632738 -0.034224567323259125
10418 10637506 -1.7765002321975782 0.12288130663840376 0.5181600000000001 -1.0283106210632738 -0.034224567323259125
10419 10637506 -1.756199089721599 0.10619246993660222 0.5181600000000001 -1.0283106210632738 -0.034224567323259125
10420 10637506 -1.7173038890698498 0.08388904807002925 0.5181600000000001 -1.0283106210632738 -0.034224567323259125
10421 10637506 -1.6855137421646662 0.06566247841494853 0.48768 -1.0283106210632738 -0.034224567323259125
10422 10637506 -1.6446616093172437 0.049612963624540346 0.48768 -1.0283106210632738 -0.034224567323259125
10423 10637506 -1.6152925852546391 0.040006888992563966 0.48768 -1.0283106210632738 -0.034224567323259125
10424 10637506 -1.5775866399871468 0.030361442323833168 0.48768 -1.0283106210632738 -0.034224567323259125
10425 10637506 -1.5411702449787097 0.026278864858544 0.48768 -1.0283106210632738 -0.034224567323259125
10426 10637506 -1.507133170178378 0.0223905478942972 0.48768 -1.0283106210632738 -0.034224567323259125
10427 10637506 -1.4730960953780463 0.01850223093005041 0.48768 -1.0283106210632738 -0.034224567323259125
10428 10637506 -1.4140513795363392 0.017067596454340608 0.4572000000000001 -1.0283106210632738 -0.034224567323259125
10429 10637506 -1.3863319834419068 0.016677276148241268 0.4572000000000001 -1.0283106210632738 -0.034224567323259125
10430 10637506 -1.3586125873474748 0.01628695584214193 0.4572000000000001 -1.0283106210632738 -0.034224567323259125
10431 10637506 -1.3240810617907746 0.016356275970316303 0.4572000000000001 -1.0283106210632738 -0.034224567323259125
10432 10637506 -1.2895495362340743 0.016425596098490675 0.4572000000000001 -1.0283106210632738 -0.034224567323259125
10433 10637506 -1.2329358004398292 0.015436848301959988 0.4572000000000001 -1.0283106210632738 -0.034224567323259125
10434 10637506 -1.224622321788819 0.015054880536239353 0.4572000000000001 -1.0283106210632738 -0.034224567323259125
10435 10637506 -1.1763912054611532 0.014237454112225184 0.42672 -1.0283106210632738 -0.034224567323259125
10436 10637506 -1.1497881255012754 0.013015403843334744 0.42672 -1.0283106210632738 -0.034224567323259125
10437 10637506 -1.094902869022851 0.015163300574597331 0.42672 -1.0283106210632738 -0.034224567323259125
10438 10637506 -1.0729652039467683 0.015700799219624726 0.42672 -1.0283106210632738 -0.034224567323259125
10439 10637506 -1.038266220236886 0.014518994533065571 0.42672 -1.0283106210632738 -0.034224567323259125
10440 10637506 -0.9976956754671888 0.0136372775367318 0.42672 -1.0283106210632738 -0.034224567323259125
10441 10637506 -0.9727295426802568 0.015287818145382354 0.39624 -1.0283106210632738 -0.034224567323259125
10442 10637506 -0.931732002540982 0.01707087181173625 0.39624 -1.0283106210632738 -0.034224567323259125
10443 10637506 -0.9129153425854032 0.015942116560563185 0.39624 -2.013490476761576 -0.4245377693332415
10444 10637506 -0.8719981541921187 0.01775175261954384 0.39624 -2.013490476761576 -0.4245377693332415
10445 10637506 -0.8257849728999838 0.017829983965899104 0.39624 -2.013490476761576 -0.4245377693332415
10446 10637506 -0.8098528082457689 0.016301032967090758 0.39624 -2.013490476761576 -0.4245377693332415
10447 10637506 -0.793920643591554 0.014772081968282419 0.39624 -2.013490476761576 -0.4245377693332415
10448 10637506 -0.7350153485985691 0.01292089598167237 0.39624 -2.013490476761576 -0.4245377693332415
10449 10637506 -0.705016613918003 0.013394192722932545 0.39624 -2.013490476761576 -0.4245377693332415
10450 10637506 -0.6737373601452668 0.010177591556280093 0.36576 -2.013490476761576 -0.4245377693332415
10451 10637506 -0.6513988405294238 0.010585216502414757 0.36576 -2.013490476761576 -0.4245377693332415
10452 10637506 -0.6219161678192291 0.011110722766763255 0.36576 -2.013490476761576 -0.4245377693332415
10453 10637506 -0.5845126934177409 0.008696272650580733 0.36576 -2.013490476761576 -0.4245377693332415
10454 10637506 -0.56782581190715 0.010835004141873857 0.36576 -2.013490476761576 -0.4245377693332415
10455 10637506 -0.5302843677754416 0.008843047633802642 0.36576 -2.013490476761576 -0.4245377693332415
10456 10637506 -0.5081272796508425 0.011413395319980507 0.36576 -2.013490476761576 -0.4245377693332415
10457 10637506 -0.4675574802804456 0.010534710096683358 0.36576 -2.013490476761576 -0.4245377693332415
10458 10637506 -0.4431328114188589 0.01026093617208787 0.36576 -2.013490476761576 -0.4245377693332415
10459 10637506 -0.4157367168404103 0.011469345601461095 0.36576 -2.013490476761576 -0.4245377693332415
10460 10637506 -0.3823544697843071 0.01305760730014563 0.36576 -2.013490476761576 -0.4245377693332415
10461 10637506 -0.3536312344535053 0.011262068177549295 0.36576 -2.013490476761576 -0.4245377693332415
10462 10637506 -0.32820403455229363 0.010252058831732995 0.36576 -2.013490476761576 -0.4245377693332415
10463 10637506 -0.302776834651082 0.009242049485916698 0.36576 -2.013490476761576 -0.4245377693332415
10464 10637506 -0.2675740007997089 0.008249520039716155 0.33528 -2.013490476761576 -0.4245377693332415
10465 10637506 -0.24261991928129525 0.010139961458582895 0.33528 -2.013490476761576 -0.4245377693332415
10466 10637506 -0.22376914112874505 0.009118589354812995 0.33528 -2.013490476761576 -0.4245377693332415
10467 10637506 -0.1903438076502718 0.008123356749184213 0.33528 -2.013490476761576 -0.4245377693332415
10468 10637506 -0.1569184741717986 0.007128124143555431 0.33528 -2.013490476761576 -0.4245377693332415
10469 10637506 -0.13991099135871646 0.009162941065132685 0.33528 -2.013490476761576 -0.4245377693332415
10470 10637506 -0.10038721875918476 0.006174643199098635 0.33528 -2.013490476761576 -0.4245377693332415
10471 10637506 -0.07487396520326163 0.005429427745011123 0.33528 -2.013490476761576 -0.4245377693332415
10472 10637506 -0.04936071164733846 0.004684212290923612 0.33528 -2.013490476761576 -0.4245377693332415
10473 10637506 -0.02744721226589653 0.0048820500089585 0.33528 -2.013490476761576 -0.4245377693332415
10474 10637506 0.004969243738774554 0.004334249708650401 0.33528 -2.013490476761576 -0.4245377693332415
10475 10637506 0.03738569974344563 0.0037864494083423017 0.33528 -2.013490476761576 -0.4245377693332415
10476 10637506 0.058087194179984085 0.003718679017300303 0.33528 -2.013490476761576 -0.4245377693332415
10477 10637506 0.07878868861652255 0.003650908626258304 0.33528 -2.013490476761576 -0.4245377693332415
10478 10637506 0.099490183053061 0.003583138235216305 0.33528 -2.013490476761576 -0.4245377693332415
10479 10637506 0.12280592938884445 0.0033621107072009378 0.33528 -2.013490476761576 -0.4245377693332415
10480 10637506 0.1461216757246279 0.003141083179185572 0.33528 -2.013490476761576 -0.4245377693332415
10481 10637506 0.16943742206041135 0.002920055651170206 0.33528 -2.013490476761576 -0.4245377693332415
10482 10637506 0.1891717739185093 0.0028376753425296344 0.33528 -2.013490476761576 -0.4245377693332415
10483 10637506 0.20890612577660733 0.002755295033889063 0.33528 -2.013490476761576 -0.4245377693332415
10484 10637506 0.22459827037260308 0.002533688095600555 0.33528 -2.013490476761576 -0.4245377693332415
10485 10637506 0.2402904149685988 0.002312081157312046 0.33528 -2.013490476761576 -0.4245377693332415
10486 10637506 0.26426750956489564 0.002303646748765153 0.33528 -2.013490476761576 -0.4245377693332415
10487 10637506 0.2809596801852133 0.002357333001226829 0.33528 -2.013490476761576 -0.4245377693332415
10488 10637506 0.2976518508055309 0.0024110192536885037 0.33528 -2.013490476761576 -0.4245377693332415
10489 10637506 0.3143440214258485 0.0024647055061501797 0.33528 -2.013490476761576 -0.4245377693332415
10490 10637506 0.3310361920461662 0.002518391758611855 0.33528 -2.013490476761576 -0.4245377693332415
10491 10637506 0.34772836266648377 0.002572078011073529 0.33528 -2.013490476761576 -0.4245377693332415
10492 10637506 0.3644205332868014 0.002625764263535205 0.33528 -2.013490476761576 -0.4245377693332415
10493 10637506 0.38111270390711904 0.00267945051599688 0.33528 -2.013490476761576 -0.4245377693332415
10494 10637506 0.3978048745274367 0.002733136768458555 0.33528 -2.013490476761576 -0.4245377693332415
10495 10637506 0.4144970451477543 0.0027868230209202303 0.33528 -2.013490476761576 -0.4245377693332415
10496 10637506 0.431189215768072 0.002840509273381905 0.33528 -2.013490476761576 -0.4245377693332415
10497 10637506 0.4478813863883896 0.0028941955258435805 0.33528 -2.013490476761576 -0.4245377693332415
10498 10637506 0.4645735570087072 0.002947881778305256 0.33528 -2.013490476761576 -0.4245377693332415
10499 10637506 0.4812657276290249 0.0030015680307669307 0.33528 -2.013490476761576 -0.4245377693332415
10500 10637506 0.4979578982493425 0.0030552542832286067 0.33528 -2.013490476761576 -0.4245377693332415
10501 10637506 0.51465006886966 0.003108940535690281 0.33528 -2.013490476761576 -0.4245377693332415
10502 10637506 0.5313422394899777 0.0031626267881519564 0.33528 -2.013490476761576 -0.4245377693332415
10503 10637506 0.5480344101102954 0.0032163130406136315 0.33528 -2.013490476761576 -0.4245377693332415
10504 10637506 0.564726580730613 0.003269999293075307 0.33528 -2.013490476761576 -0.4245377693332415
10505 10637506 0.5814187513509306 0.003323685545536982 0.33528 -2.013490476761576 -0.4245377693332415
10506 10637506 0.5981109219712483 0.003377371797998657 0.33528 -2.013490476761576 -0.4245377693332415
10507 10637506 0.6170597659424397 0.0036111616613818467 0.33528 -2.013490476761576 -0.4245377693332415
10508 10637506 0.6360086099136311 0.0038449515247650358 0.33528 -2.013490476761576 -0.4245377693332415
10509 10637506 0.6820467578499115 0.00340521431971004 0.33528 -2.013490476761576 -0.4245377693332415
10510 10637506 0.7064359297137925 0.003029839964142841 0.33528 -2.013490476761576 -0.4245377693332415
10511 10637506 0.7307047054290992 0.0026939197822119514 0.33528 -2.013490476761576 -0.4245377693332415
10512 10637506 0.7549734811444058 0.0023579996002810605 0.33528 -2.013490476761576 -0.4245377693332415
10513 10637506 0.8112143501475954 -0.0008304676645036617 0.33528 -2.013490476761576 -0.4245377693332415
10514 10637506 0.838184560527672 0.00017097572851229592 0.33528 -2.013490476761576 -0.4245377693332415
10515 10637506 0.8671685760652509 -0.00047841682864974833 0.33528 -2.013490476761576 -0.4245377693332415
10516 10637506 0.8961525916028299 -0.0011278093858117927 0.33528 -2.013490476761576 -0.4245377693332415
10517 10637506 0.9320624381022532 -0.0016448065792178735 0.33528 -2.013490476761576 -0.4245377693332415
10518 10637506 0.9679722846016766 -0.0021618037726239547 0.33528 -2.013490476761576 -0.4245377693332415
10519 10637506 1.0252945055162772 -0.0006784636843576858 0.36576 -2.013490476761576 -0.4245377693332415
10520 10637506 1.0579113679918035 -6.0651030818349716e-05 0.36576 -2.013490476761576 -0.4245377693332415
10521 10637506 1.0905282304673296 0.0005571616227209863 0.36576 -2.013490476761576 -0.4245377693332415
10522 10637506 1.1147565636795305 0.00023562119686990068 0.36576 -2.013490476761576 -0.4245377693332415
10523 10637506 1.1664361744394312 0.0007595656321853633 0.36576 -2.013490476761576 -0.4245377693332415
10524 10637506 1.2067171317974654 0.00010087226756952394 0.36576 -2.013490476761576 -0.4245377693332415
10525 10637506 1.2310083560083167 -0.00029922325547071527 0.36576 -2.013490476761576 -0.4245377693332415
10526 10637506 1.2552995802191682 -0.0006993187785109545 0.36576 -2.013490476761576 -0.4245377693332415
10527 10637506 1.3107904872407747 -0.0014194343556933053 0.36576 -2.013490476761576 -0.4245377693332415
10528 10637506 1.3684253169093503 -0.002372203397500661 0.36576 -2.013490476761576 -0.4245377693332415
10529 10637506 1.4000699976850817 -0.0054074109921496425 0.36576 -2.013490476761576 -0.4245377693332415
10530 10637506 1.4317146784608132 -0.008442618586798624 0.36576 -2.013490476761576 -0.4245377693332415
10531 10637506 1.4734713187575081 -0.013144930705036424 0.381 -2.013490476761576 -0.4245377693332415
10532 10637506 1.5152279590542028 -0.017847242823274226 0.39624 -2.013490476761576 -0.4245377693332415
10533 10637506 1.5439590489057862 -0.02232509933577645 0.39624 -2.013490476761576 -0.4245377693332415
10534 10637506 1.5879270821224436 -0.029092635908078732 0.39624 -2.013490476761576 -0.4245377693332415
10535 10637506 1.6238707008220086 -0.03323900150814252 0.39624 -2.013490476761576 -0.4245377693332415
10536 10637506 1.6550091110934018 -0.038502675908726115 0.42672 -2.013490476761576 -0.4245377693332415
10537 10637506 1.70441238020336 -0.04494189056909945 0.42672 -2.013490476761576 -0.4245377693332415
10538 10637506 1.7252569398756563 -0.04637594643361068 0.42672 -2.013490476761576 -0.4245377693332415
10539 10637506 1.7698799949524728 -0.05113666783905183 0.42672 -2.013490476761576 -0.4245377693332415
10540 10637506 1.801610714818069 -0.05390617060506205 0.42672 -2.013490476761576 -0.4245377693332415
10541 10637506 1.8333414346836652 -0.05667567337107226 0.42672 -2.013490476761576 -0.4245377693332415
10542 10637506 1.8713794059085764 -0.061340338506112986 0.432816 -2.013490476761576 -0.4245377693332415
10543 10637506 1.9094173771334872 -0.06600500364115372 0.43891199999999997 -2.013490476761576 -0.4245377693332415
10544 10637506 1.9474553483583985 -0.07066966877619442 0.445008 -2.013490476761576 -0.4245377693332415
10545 10637506 1.985493319583309 -0.07533433391123516 0.451104 -2.013490476761576 -0.4245377693332415
10546 10637506 2.0235312908082204 -0.07999899904627589 0.4572000000000001 -2.013490476761576 -0.4245377693332415
10547 10637506 2.0615692620331307 -0.08466366418131661 0.463296 -2.013490476761576 -0.4245377693332415
10548 10637506 2.099607233258042 -0.08932832931635734 0.469392 -2.013490476761576 -0.4245377693332415
10549 10637506 2.1376452044829533 -0.09399299445139804 0.475488 -2.013490476761576 -0.4245377693332415
10550 10637506 2.175683175707864 -0.0986576595864388 0.481584 -2.013490476761576 -0.4245377693332415
10551 10637506 2.213721146932775 -0.10332232472147952 0.48768 -2.013490476761576 -0.4245377693332415
10552 10637506 2.239365761405604 -0.10795765482195477 0.48768 -2.013490476761576 -0.4245377693332415
10553 10637506 2.265010375878433 -0.11259298492243007 0.48768 -2.013490476761576 -0.4245377693332415
10554 10637506 2.290654990351262 -0.11722831502290534 0.48768 -2.013490476761576 -0.4245377693332415
10555 10637506 2.3325864828866383 -0.12580855815145647 0.48768 -2.013490476761576 -0.4245377693332415
10556 10637506 2.3745179754220143 -0.1343888012800076 0.48768 -2.013490476761576 -0.4245377693332415
10557 10637506 2.4073202665219453 -0.14203225486582874 0.48768 -2.013490476761576 -0.4245377693332415
10558 10637506 2.4401225576218764 -0.14967570845164993 0.48768 -2.013490476761576 -0.4245377693332415
10559 10637506 2.4830344393592005 -0.15831241426231138 0.5181600000000001 -2.013490476761576 -0.4245377693332415
10560 10637506 2.5286170800057683 -0.16828807768422274 0.5181600000000001 -2.013490476761576 -0.4245377693332415
10561 10637506 2.561460659164124 -0.1790102957744346 0.5225142857142858 -2.013490476761576 -0.4245377693332415
10562 10637506 2.59430423832248 -0.18973251386464648 0.5268685714285715 -2.013490476761576 -0.4245377693332415
10563 10637506 2.627147817480836 -0.2004547319548584 0.5312228571428572 -2.013490476761576 -0.4245377693332415
10564 10637506 2.659991396639192 -0.2111769500450702 0.5355771428571429 -2.013490476761576 -0.4245377693332415
10565 10637506 2.692834975797548 -0.2218991681352821 0.5399314285714286 -2.013490476761576 -0.4245377693332415
10566 10637506 2.725678554955904 -0.23262138622549394 0.5442857142857143 -2.013490476761576 -0.4245377693332415
10567 10637506 2.7585221341142594 -0.2433436043157058 0.54864 -2.013490476761576 -0.4245377693332415
10568 10637506 2.8136486427285488 -0.2662454431364 0.54864 -2.013490476761576 -0.4245377693332415
