8447 10532852 0.40978536970025703 0.007321440558589244 0.3581400000000001 -0.6347677865124085 -0.8097307648880198
8448 10532852 0.4422822984094053 0.0075669030850711175 0.36576 -0.6347677865124085 -0.8097307648880198
8449 10532852 0.4618548677017605 0.006311352026956485 0.36576 -0.6347677865124085 -0.8097307648880198
8450 10532852 0.5060378821461307 0.008346043868712016 0.36576 -0.6347677865124085 -0.8097307648880198
8451 10532852 0.5497994306037146 0.0071892256142474876 0.36957 -0.6347677865124085 -0.8097307648880198
8452 10532852 0.5935609790612987 0.006032407359782957 0.37338000000000005 -0.6347677865124085 -0.8097307648880198
8453 10532852 0.619258051101415 0.006397701186468492 0.37719 -0.6347677865124085 -0.8097307648880198
8454 10532852 0.6449551231415314 0.006762995013154027 0.381 -0.6347677865124085 -0.8097307648880198
8455 10532852 0.6812196682877394 0.00834864839776333 0.381 -0.6347677865124085 -0.8097307648880198
8456 10532852 0.7174842134339474 0.009934301782372632 0.381 -0.6347677865124085 -0.8097307648880198
8457 10532852 0.7514582205041592 0.008179666183343814 0.38861999999999997 -0.6347677865124085 -0.8097307648880198
8458 10532852 0.8226313179405712 0.008290189440335965 0.38861999999999997 -0.6347677865124085 -0.8097307648880198
8459 10532852 0.8613840823008826 0.007709295941814826 0.393192 -0.6347677865124085 -0.8097307648880198
8460 10532852 0.9001368466611941 0.007128402443293687 0.397764 -0.6347677865124085 -0.8097307648880198
8461 10532852 0.9388896110215056 0.00654750894477255 0.402336 -0.6347677865124085 -0.8097307648880198
8462 10532852 0.9776423753818168 0.005966615446251411 0.4069080000000001 -0.6347677865124085 -0.8097307648880198
8463 10532852 1.0163951397421285 0.005385721947730272 0.4114800000000001 -0.6347677865124085 -0.8097307648880198
8464 10532852 1.05514790410244 0.004804828449209134 0.416052 -0.6347677865124085 -0.8097307648880198
8465 10532852 1.0939006684627508 0.004223934950687996 0.4206240000000001 -0.6347677865124085 -0.8097307648880198
8466 10532852 1.1326534328230626 0.003643041452166857 0.4251960000000001 -0.6347677865124085 -0.8097307648880198
8467 10532852 1.171406197183374 0.0030621479536457183 0.429768 -0.6347677865124085 -0.8097307648880198
8468 10532852 1.2101589615436854 0.002481254455124579 0.4343400000000001 -0.6347677865124085 -0.8097307648880198
8469 10532852 1.236978179164593 0.0016642362615529244 0.4343400000000001 -0.6347677865124085 -0.8097307648880198
8470 10532852 1.2637973967855007 0.0008472180679812702 0.4343400000000001 -0.6347677865124085 -0.8097307648880198
8471 10532852 1.3037598270015756 0.0035641670639848244 0.44196 -0.6347677865124085 -0.8097307648880198
8472 10532852 1.3455526366266264 0.00101043500154388 0.44958 -0.6347677865124085 -0.8097307648880198
8473 10532852 1.3844147059175398 0.004437701370248347 0.44958 -0.6347677865124085 -0.8097307648880198
8474 10532852 1.4216905598971907 0.0030093836677361767 0.4572000000000001 -0.6347677865124085 -0.8097307648880198
8475 10532852 1.4609192163759983 0.006200450276442157 0.4572000000000001 -0.6347677865124085 -0.8097307648880198
8476 10532852 1.498561705734479 0.004535921179120175 0.4648200000000001 -0.6347677865124085 -0.8097307648880198
8477 10532852 1.5373087511973302 0.007884671478791017 0.47244 -0.6347677865124085 -0.8097307648880198
8478 10532852 1.5772944659793746 0.01176360927391805 0.47244 -0.6347677865124085 -0.8097307648880198
8479 10532852 1.6289993534191418 0.01672160579380361 0.48006000000000004 -0.6347677865124085 -0.8097307648880198
8480 10532852 1.6707370784051332 0.017809126976952392 0.48768 -0.6347677865124085 -0.8097307648880198
8481 10532852 1.6949024444667569 0.01838615983981963 0.48768 -0.6347677865124085 -0.8097307648880198
8482 10532852 1.7190678105283812 0.018963192702686867 0.48768 -0.6347677865124085 -0.8097307648880198
8483 10532852 1.7691412243621238 0.020015669574966168 0.48768 -0.6347677865124085 -0.8097307648880198
8484 10532852 1.8140801447792685 0.024380861532646708 0.4953 -0.6347677865124085 -0.8097307648880198
8485 10532852 1.846540746358154 0.02452726130945984 0.4953 -0.6347677865124085 -0.8097307648880198
8486 10532852 1.87900134793704 0.02467366108627297 0.4953 -0.6347677865124085 -0.8097307648880198
8487 10532852 1.9147655286109264 0.026778748592519 0.4953 -0.6347677865124085 -0.8097307648880198
8488 10532852 1.9537833881784783 0.02525136339082412 0.50292 -0.6347677865124085 -0.8097307648880198
8489 10532852 2.00948753857114 0.028321634267785195 0.51054 -0.6347677865124085 -0.8097307648880198
8490 10532852 2.0532396314086943 0.02524872538039777 0.51054 -0.6347677865124085 -0.8097307648880198
8491 10532852 2.0927879951795028 0.02833845655129072 0.51054 -0.6347677865124085 -0.8097307648880198
8492 10532852 2.1393490705414457 0.02516650878796331 0.51054 -0.6347677865124085 -0.8097307648880198
8493 10532852 2.1834253780456123 0.026894933863037124 0.5181600000000001 -0.6347677865124085 -0.8097307648880198
8494 10532852 2.2249067064647408 0.02339630737806284 0.5181600000000001 -0.6347677865124085 -0.8097307648880198
8495 10532852 2.269155211349668 0.025653086262198616 0.5181600000000001 -0.6347677865124085 -0.8097307648880198
8496 10532852 2.318030706884069 0.02032468278042524 0.5181600000000001 -0.6347677865124085 -0.8097307648880198
8497 10532852 2.362037767869412 0.021843087295382674 0.52578 -0.6347677865124085 -0.8097307648880198
8498 10532852 2.389778935888093 0.02113790152986661 0.52578 -0.6347677865124085 -0.8097307648880198
8499 10532852 2.417520103906773 0.020432715764350545 0.52578 -0.6347677865124085 -0.8097307648880198
8500 10532852 2.4726576728655463 0.017967123849358918 0.5334 -0.6347677865124085 -0.8097307648880198
8501 10532852 2.521548005361569 0.018125689407185758 0.5334 -0.6347677865124085 -0.8097307648880198
8502 10532852 2.5640037487960865 0.014894890607817872 0.5334 -0.6347677865124085 -0.8097307648880198
8503 10532852 2.630124197227124 0.010713808418824328 0.54102 -0.6347677865124085 -0.8097307648880198
8504 10532852 2.6751054882182546 0.012500009502719815 0.54864 -0.6347677865124085 -0.8097307648880198
8505 10532852 2.7137999088948397 0.008628929447100392 0.5562600000000001 -0.6347677865124085 -0.8097307648880198
8506 10532852 2.76179380769172 0.006044421495581514 0.56388 -0.6347677865124085 -0.8097307648880198
8507 10532852 2.780126371270594 0.004265115634324025 0.56388 -0.6347677865124085 -0.8097307648880198
8508 10532852 2.7984589348494686 0.002485809773066533 0.56388 -0.6347677865124085 -0.8097307648880198
8509 10532852 2.8637627554248004 -0.005281580881562414 0.5715 -0.6347677865124085 -0.8097307648880198
8510 10532852 2.881303186117515 -0.008671139183723892 0.57912 -0.6347677865124085 -0.8097307648880198
8511 10532852 2.955093117386424 -0.013834326225082877 0.5867399999999999 -0.6347677865124085 -0.8097307648880198
8512 10532852 3.003303407017293 -0.01847378399678215 0.59436 -0.6347677865124085 -0.8097307648880198
8513 10532852 3.039245732696367 -0.02261296185132114 0.6019800000000001 -0.6347677865124085 -0.8097307648880198
8514 10532852 3.0794216674555863 -0.021942614259195664 0.6019800000000001 -0.6347677865124085 -0.8097307648880198
8515 10532852 3.1065911379226048 -0.018954100050908945 0.6057899999999999 -0.6347677865124085 -0.8097307648880198
8516 10532852 3.133760608389624 -0.015965585842622226 0.6096 -0.6347677865124085 -0.8097307648880198
8517 10532852 3.1677382116135293 -0.007080429164458084 0.61722 -0.6347677865124085 -0.8097307648880198
8518 10532852 3.210120039943649 0.0019821541773503426 0.6248400000000001 -0.6347677865124085 -0.8097307648880198
8519 10532852 3.247207495545611 0.016043774941261274 0.6248400000000001 -0.6347677865124085 -0.8097307648880198
8520 10532852 3.2801112682339384 0.03252235144906232 0.63246 -0.6347677865124085 -0.8097307648880198
8521 10532852 3.3101520286030985 0.05519212423080097 0.6400800000000001 -0.6347677865124085 -0.8097307648880198
8522 10532852 3.350790199125908 0.08421565269901518 0.6400800000000001 -0.6347677865124085 -0.8097307648880198
8523 10532852 3.3814295050133527 0.11171326407743272 0.6477 0.0 0.0
8524 10532852 3.4045629721050368 0.13634557779700207 0.65151 0.0 0.0
8525 10532852 3.4276964391967213 0.1609778915165714 0.65532 0.0 0.0
8526 10532852 3.448214382762212 0.18847892864711946 0.65913 0.0 0.0
8527 10532852 3.4687323263277023 0.21597996577766745 0.6629400000000001 0.0 0.0
8528 10532852 3.4893423659976905 0.2444439034416555 0.6629400000000001 0.0 0.0
8529 10532852 3.5099524056676783 0.2729078411056436 0.6629400000000001 0.0 0.0
8530 10532852 3.5326270462760196 0.3083785376806274 0.6629400000000001 0.0 0.0
8531 10532852 3.5484666666239937 0.3405896601075613 0.67056 0.0 0.0
8532 10532852 3.56247023611882 0.3698955750677797 0.67056 0.0 0.0
8533 10532852 3.5866131006304447 0.427549086689548 0.6781800000000001 0.0 0.0
8534 10532852 3.602624843915091 0.4602881241437457 0.6781800000000001 0.0 0.0
8535 10532852 3.613753347779098 0.4943872203656186 0.6858000000000001 0.0 0.0
8536 10532852 3.6217810304901117 0.5189850216250657 0.6858000000000001 0.0 0.0
8537 10532852 3.6282675576745187 0.5551831392506298 0.6858000000000001 0.0 0.0
8538 10532852 3.6479849791246517 0.6128791835781816 0.69342 0.0 0.0
8539 10532852 3.655815286691188 0.6531945099664892 0.69342 0.0 0.0
8540 10532852 3.6636111952904016 0.6934042549069309 0.69342 0.0 0.0
8541 10532852 3.6699162386775854 0.7127235522848722 0.69723 0.0 0.0
8542 10532852 3.676221282064772 0.7320428496628134 0.7010400000000001 0.0 0.0
8543 10532852 3.683584005928711 0.7763656646597105 0.7010400000000001 0.0 0.0
8544 10532852 3.689967450271316 0.8122470125035444 0.7086600000000001 0.0 0.0
8545 10532852 3.699208247294978 0.8528029238686282 0.7086600000000001 0.0 0.0
8546 10532852 3.708406977677121 0.9095513661099196 0.7162800000000001 0.0 0.0
8547 10532852 3.71583131569852 0.9703833579986316 0.7239000000000001 0.0 0.0
8548 10532852 3.7197467165183418 0.9905409693433214 0.7277100000000001 0.0 0.0
8549 10532852 3.723662117338165 1.0106985806880109 0.73152 0.0 0.0
8550 10532852 3.7305665919633233 1.0547037549125855 0.73152 0.0 0.0
8551 10532852 3.733205617727312 1.0970638670016488 0.7391399999999999 0.0 0.0
8552 10532852 3.7387625902763317 1.1494522488670518 0.7467600000000001 0.0 0.0
8553 10532852 3.742089978559407 1.192288626241737 0.7467600000000001 0.0 0.0
8554 10532852 3.7445462736754034 1.2351756930740707 0.75438 0.0 0.0
8555 10532852 3.751909986339149 1.2794983091950176 0.762 0.0 0.0
8556 10532852 3.754154761591861 1.3135765098443832 0.762 0.0 0.0
8557 10532852 3.760738482814524 1.3568687526855043 0.76962 0.0 0.0
8558 10532852 3.764477330569588 1.3968841695870784 0.7772399999999999 0.0 0.0
8559 10532852 3.771152258729918 1.4390953309883705 0.7772399999999999 0.0 0.0
8560 10532852 3.778914963895154 1.4791992465472648 0.78486 0.0 0.0
8561 10532852 3.782038315817725 1.4969286714471437 0.78486 0.0 0.0
8562 10532852 3.785161667740295 1.5146580963470224 0.78486 0.0 0.0
8563 10532852 3.792958934595747 1.5548675591303671 0.7924800000000001 0.0 0.0
8564 10532852 3.7969182897745553 1.5985491446750697 0.7924800000000001 0.0 0.0
8565 10532852 3.802913180116 1.6343238340997859 0.8001 0.0 0.0
8566 10532852 3.809585933492275 1.6724472221314488 0.8001 0.0 0.0
8567 10532852 3.8125920942466967 1.7129354935293957 0.80772 0.0 0.0
8568 10532852 3.8198286427234334 1.754145713718658 0.80772 0.0 0.0
8569 10532852 3.821400177784776 1.791597793712184 0.8153400000000001 0.0 0.0
8570 10532852 3.824384536692192 1.8333781945807404 0.8153400000000001 0.0 0.0
8571 10532852 3.825382878915464 1.870433315679866 0.82296 0.0 0.0
8572 10532852 3.8279663453027615 1.9123445998915718 0.8305800000000001 0.0 0.0
8573 10532852 3.832628728130977 1.9429471301364876 0.8305800000000001 0.0 0.0
8574 10532852 3.833720475925136 1.999596852970612 0.8382000000000001 0.0 0.0
8575 10532852 3.831855548217812 2.0395724823740182 0.8382000000000001 0.0 0.0
8576 10532852 3.834645702903382 2.0812995679248028 0.8458200000000001 0.0 0.0
8577 10532852 3.83094621128677 2.1200050014157283 0.8458200000000001 0.0 0.0
8578 10532852 3.832346439701476 2.1569290852663543 0.8534400000000001 0.0 0.0
8579 10532852 3.8349530892610506 2.2149535676249514 0.8534400000000001 0.0 0.0
8580 10532852 3.8378071294317024 2.248716386620662 0.86106 0.0 0.0
8581 10532852 3.8385088872860287 2.2862189614696486 0.86106 0.0 0.0
8582 10532852 3.8434865427950458 2.324311735665023 0.8686800000000001 0.0 0.0
8583 10532852 3.8453000299861655 2.3529822835548035 0.8705850000000002 0.0 0.0
8584 10532852 3.847113517177285 2.381652831444584 0.8724900000000001 0.0 0.0
8585 10532852 3.8553401005173 2.443567033968204 0.8763000000000001 0.0 0.0
8586 10532852 3.857304067470277 2.4740575583342834 0.8801100000000001 0.0 0.0
8587 10532852 3.859268034423254 2.504548082700361 0.88392 0.0 0.0
8588 10532852 3.864816382395449 2.5385412819251103 0.88392 0.0 0.0
8589 10532852 3.8703647303676436 2.5725344811498587 0.88392 0.0 0.0
8590 10532852 3.8781295713227903 2.612637958476556 0.8915400000000001 0.0 0.0
8591 10532852 3.8828611090622 2.6584042382319693 0.8915400000000001 0.0 0.0
8592 10532852 3.8884226963994837 2.7107917766010265 0.8991600000000001 0.0 0.0
8593 10532852 3.896142015947113 2.751026957546522 0.8991600000000001 0.0 0.0
8594 10532852 3.898842500661521 2.7930172270531988 0.90678 0.0 0.0
8595 10532852 3.910467239515225 2.8449442733574606 0.9144 0.0 0.0
8596 10532852 3.912765118853584 2.8846128374181528 0.9144 0.0 0.0
8597 10532852 3.9208310991224335 2.928356219216783 0.9144 0.0 0.0
8598 10532852 3.9248516486690135 2.948830171002415 0.91821 0.0 0.0
8599 10532852 3.9288721982155934 2.9693041227880475 0.92202 0.0 0.0
8600 10532852 3.9319974065841365 3.011506270280662 0.92964 0.0 0.0
8601 10532852 3.9415549112426835 3.0570991426680343 0.93726 0.0 0.0
8602 10532852 3.944542478588892 3.098878979620032 0.93726 0.0 0.0
8603 10532852 3.950140149940226 3.136419111279904 0.94488 0.0 0.0
8604 10532852 3.955364854808521 3.180973217418234 0.94488 0.0 0.0
8605 10532852 3.962113596430109 3.2250298389709338 0.9525 0.0 0.0
8606 10532852 3.9698120792225247 3.2823272546421607 0.9601200000000001 0.0 0.0
8607 10532852 3.971352806127247 3.3196731401484905 0.9601200000000001 0.0 0.0
8608 10532852 3.9737457301846257 3.3623480908458943 0.9677399999999999 0.0 0.0
8609 10532852 3.981890968184266 3.403612541741122 0.9677399999999999 0.0 0.0
8610 10532852 3.98264232545407 3.4575706192224125 0.97536 0.0 0.0
8611 10532852 3.9878177130910264 3.4965336861902183 0.97536 0.0 0.0
8612 10532852 3.995109760305098 3.5457866544492616 0.98298 0.0 0.0
8613 10532852 3.999791563245995 3.5835090585715927 0.9906 0.0 0.0
8614 10532852 4.002780424609411 3.6252886630940866 0.9906 0.0 0.0
8615 10532852 4.0066528203190375 3.653462622671078 0.99441 0.0 0.0
8616 10532852 4.010525216028664 3.6816365822480694 0.9982200000000001 0.0 0.0
8617 10532852 4.011477730815082 3.6981474102692253 0.9982200000000001 0.0 0.0
8618 10532852 4.021970373566491 3.765630567402912 1.00584 0.0 0.0
8619 10532852 4.029944006873079 3.8063670333947637 1.00584 0.0 0.0
8620 10532852 4.0345654466780205 3.839553304637629 1.00584 0.0 0.0
8621 10532852 4.037977807735124 3.879909740437415 1.01346 0.0 0.0
8622 10532852 4.0485485985093606 3.9150088310968516 1.01346 0.0 0.0
8623 10532852 4.048020740745674 3.9148625386785283 1.013387223204811 0.0 0.0
8624 10532852 4.047492882981987 3.9147162462602036 1.0133144464096215 0.0 0.0
8625 10532852 4.0469650252183 3.91456995384188 1.0132416696144322 0.0 0.0
8626 10532852 4.046437167454614 3.914423661423556 1.0131688928192428 0.0 0.0
8627 10532852 4.045909309690926 3.914277369005232 1.0130961160240537 0.0 0.0
8628 10532852 4.04538145192724 3.914131076586908 1.0130233392288646 0.0 0.0
8629 10532852 4.044853594163552 3.913984784168584 1.0129505624336752 0.0 0.0
8630 10532852 4.044325736399865 3.91383849175026 1.012877785638486 0.0 0.0
8631 10532852 4.043797878636179 3.913692199331936 1.0128050088432967 0.0 0.0
8632 10532852 4.043270020872492 3.9135459069136114 1.0127322320481076 0.0 0.0
8633 10532852 4.042742163108805 3.913399614495288 1.0126594552529182 0.0 0.0
8634 10532852 4.042214305345118 3.9132533220769634 1.012586678457729 0.0 0.0
8635 10532852 4.041686447581431 3.9131070296586388 1.0125139016625395 0.0 0.0
8636 10532852 4.041158589817744 3.912960737240316 1.0124411248673506 0.0 0.0
8637 10532852 4.0406307320540575 3.9128144448219913 1.0123683480721613 0.0 0.0
8638 10532852 4.040102874290371 3.912668152403667 1.012295571276972 0.0 0.0
8639 10532852 4.039575016526683 3.9125218599853433 1.0122227944817828 0.0 0.0
8640 10532852 4.039047158762997 3.912375567567018 1.0121500176865936 0.0 0.0
8641 10532852 4.03851930099931 3.9122292751486953 1.0120772408914045 0.0 0.0
8642 10532852 4.037991443235623 3.912082982730371 1.0120044640962151 0.0 0.0
8643 10532852 4.037463585471936 3.911936690312047 1.0119316873010258 0.0 0.0
8644 10532852 4.036935727708249 3.911790397893723 1.0118589105058369 0.0 0.0
8645 10532852 4.036407869944561 3.911644105475399 1.0117861337106473 0.0 0.0
8646 10532852 4.035880012180876 3.9114978130570752 1.0117133569154582 0.0 0.0
8647 10532852 4.035352154417189 3.9113515206387515 1.0116405801202688 0.0 0.0
8648 10532852 4.034824296653501 3.911205228220427 1.0115678033250797 0.0 0.0
8649 10532852 4.0342964388898155 3.911058935802103 1.0114950265298903 0.0 0.0
8650 10532852 4.033768581126128 3.910912643383779 1.0114222497347012 0.0 0.0
8651 10532852 4.033240723362441 3.910766350965455 1.0113494729395118 0.0 0.0
8652 10532852 4.0327128655987545 3.9106200585471305 1.0112766961443227 0.0 0.0
8653 10532852 4.032185007835067 3.910473766128807 1.0112039193491331 0.0 0.0
8654 10532852 4.03165715007138 3.9103274737104825 1.0111311425539442 0.0 0.0
8655 10532852 4.031129292307694 3.9101811812921583 1.0110583657587549 0.0 0.0
8656 10532852 4.030601434544007 3.9100348888738345 1.0109855889635655 0.0 0.0
8657 10532852 4.030073576780318 3.9098885964555103 1.0109128121683764 0.0 0.0
8658 10532852 4.029545719016633 3.9097423040371857 1.0108400353731872 0.0 0.0
8659 10532852 4.029017861252946 3.9095960116188624 1.010767258577998 0.0 0.0
8660 10532852 4.028490003489259 3.9094497192005377 1.0106944817828087 0.0 0.0
8661 10532852 4.0279621457255725 3.909303426782214 1.0106217049876194 0.0 0.0
8662 10532852 4.027434287961885 3.90915713436389 1.0105489281924305 0.0 0.0
8663 10532852 4.026906430198198 3.9090108419455665 1.010476151397241 0.0 0.0
8664 10532852 4.026378572434512 3.9088645495272414 1.0104033746020518 0.0 0.0
8665 10532852 4.025850714670825 3.9087182571089176 1.0103305978068624 0.0 0.0
8666 10532852 4.025322856907138 3.9085719646905934 1.0102578210116733 0.0 0.0
8667 10532852 4.0247949991434515 3.9084256722722697 1.010185044216484 0.0 0.0
8668 10532852 4.024267141379763 3.9082793798539464 1.0101122674212948 0.0 0.0
8669 10532852 4.023739283616076 3.9081330874356217 1.0100394906261054 0.0 0.0
8670 10532852 4.023211425852391 3.9079867950172975 1.0099667138309163 0.0 0.0
8671 10532852 4.022683568088703 3.9078405025989738 1.0098939370357272 0.0 0.0
8672 10532852 4.022155710325016 3.9076942101806496 1.0098211602405378 0.0 0.0
8673 10532852 4.0216278525613305 3.907547917762326 1.0097483834453485 0.0 0.0
8674 10532852 4.021099994797643 3.9074016253440016 1.009675606650159 0.0 0.0
8675 10532852 4.020572137033956 3.907255332925677 1.00960282985497 0.0 0.0
8676 10532852 4.020044279270269 3.9071090405073536 1.0095300530597806 0.0 0.0
8677 10532852 4.019516421506582 3.906962748089029 1.0094572762645917 0.0 0.0
8678 10532852 4.018988563742895 3.906816455670705 1.009384499469402 0.0 0.0
8679 10532852 4.018460705979209 3.9066701632523815 1.009311722674213 0.0 0.0
8680 10532852 4.017932848215522 3.906523870834057 1.0092389458790236 0.0 0.0
8681 10532852 4.017404990451834 3.906377578415733 1.0091661690838345 0.0 0.0
8682 10532852 4.016877132688148 3.906231285997409 1.0090933922886451 0.0 0.0
