10987 10561439 1.959462651570497 1.3326846853766814 0.7010400000000001 -1.0283106210632738 -0.034224567323259125
10988 10561439 1.9326310818875077 1.3334463071906464 0.7010400000000001 -1.0283106210632738 -0.034224567323259125
10989 10561439 1.891515951196995 1.3285347386039803 0.7010400000000001 -1.0283106210632738 -0.034224567323259125
10990 10561439 1.844524903180941 1.3300988665796605 0.7010400000000001 -1.0283106210632738 -0.034224567323259125
10991 10561439 1.7807893522150264 1.330824486170597 0.7010400000000001 -1.0283106210632738 -0.034224567323259125
10992 10561439 1.7425651715091133 1.3319788806802793 0.7010400000000001 -1.0283106210632738 -0.034224567323259125
10993 10561439 1.7043409908032 1.3331332751899616 0.7010400000000001 -1.0283106210632738 -0.034224567323259125
10994 10561439 1.6432590183943625 1.333694110941107 0.7010400000000001 -1.0283106210632738 -0.034224567323259125
10995 10561439 1.6117362485600637 1.3388516279098397 0.7010400000000001 -1.0283106210632738 -0.034224567323259125
10996 10561439 1.5574531467924353 1.3401127273658793 0.7010400000000001 -1.0283106210632738 -0.034224567323259125
10997 10561439 1.512846684860771 1.3421849678459103 0.7010400000000001 -1.0283106210632738 -0.034224567323259125
10998 10561439 1.4691894962464842 1.3417276477239932 0.7010400000000001 -1.0283106210632738 -0.034224567323259125
10999 10561439 1.4263599186063654 1.3438040137058138 0.7010400000000001 -1.0283106210632738 -0.034224567323259125
11000 10561439 1.3657166752011294 1.3484294812860302 0.7010400000000001 -1.0283106210632738 -0.034224567323259125
11001 10561439 1.3423396609081617 1.3475388753911712 0.7010400000000001 -1.0283106210632738 -0.034224567323259125
11002 10561439 1.3189626466151938 1.3466482694963124 0.7010400000000001 -1.0283106210632738 -0.034224567323259125
11003 10561439 1.2557226885460784 1.3514805157755712 0.7010400000000001 -1.0283106210632738 -0.034224567323259125
11004 10561439 1.2224553818219517 1.351572856792275 0.7010400000000001 -1.0283106210632738 -0.034224567323259125
11005 10561439 1.1891880750978243 1.3516651978089789 0.7010400000000001 -1.0283106210632738 -0.034224567323259125
11006 10561439 1.147986722879802 1.3543794040278458 0.7010400000000001 -1.0283106210632738 -0.034224567323259125
11007 10561439 1.108125967835056 1.3563053090769317 0.7010400000000001 -1.0283106210632738 -0.034224567323259125
11008 10561439 1.0618198673794612 1.3558980407428352 0.7010400000000001 -1.0283106210632738 -0.034224567323259125
11009 10561439 1.003100020117798 1.3582623485628282 0.7010400000000001 -1.0283106210632738 -0.034224567323259125
11010 10561439 0.9492104009896298 1.3645396480152563 0.7010400000000001 -1.0283106210632738 -0.034224567323259125
11011 10561439 0.9071569271806276 1.3635614543071393 0.7010400000000001 -1.0283106210632738 -0.034224567323259125
11012 10561439 0.8777751905691535 1.3660363986538433 0.7010400000000001 -1.0283106210632738 -0.034224567323259125
11013 10561439 0.8371432333210699 1.3650613659903306 0.7010400000000001 -1.0283106210632738 -0.034224567323259125
11014 10561439 0.7669344260168933 1.3665088506473757 0.7010400000000001 -1.0283106210632738 -0.034224567323259125
11015 10561439 0.742813928863038 1.3679659513264646 0.7010400000000001 -1.0283106210632738 -0.034224567323259125
11016 10561439 0.7186934317091827 1.3694230520055537 0.7010400000000001 -1.0283106210632738 -0.034224567323259125
11017 10561439 0.6760330566406758 1.3695790877298872 0.7010400000000001 -1.0283106210632738 -0.034224567323259125
11018 10561439 0.6101862823804305 1.3710628301058378 0.7010400000000001 -1.0283106210632738 -0.034224567323259125
11019 10561439 0.5425165964040279 1.3726755538870898 0.7010400000000001 -1.0283106210632738 -0.034224567323259125
11020 10561439 0.5125653355024908 1.3734104187544904 0.7010400000000001 -1.0283106210632738 -0.034224567323259125
11021 10561439 0.4826140746009536 1.3741452836218908 0.7010400000000001 -1.0283106210632738 -0.034224567323259125
11022 10561439 0.43332727052114817 1.374949696827216 0.7010400000000001 -1.0283106210632738 -0.034224567323259125
11023 10561439 0.3870649130314474 1.3735976416281954 0.7010400000000001 -1.0283106210632738 -0.034224567323259125
11024 10561439 0.34080255554174665 1.3722455864291752 0.7010400000000001 -1.0283106210632738 -0.034224567323259125
11025 10561439 0.3031302849144938 1.3738108690706006 0.7010400000000001 -1.0283106210632738 -0.034224567323259125
11026 10561439 0.2382497761092341 1.3736383559851453 0.7010400000000001 -1.0283106210632738 -0.034224567323259125
11027 10561439 0.19260646766043776 1.3725522981811942 0.7010400000000001 -1.0283106210632738 -0.034224567323259125
11028 10561439 0.1594267868807444 1.3726497272129463 0.7010400000000001 -1.0283106210632738 -0.034224567323259125
11029 10561439 0.12536325214944152 1.3718095793431466 0.7010400000000001 -1.0283106210632738 -0.034224567323259125
11030 10561439 0.09129971741813864 1.3709694314733467 0.7010400000000001 -1.0283106210632738 -0.034224567323259125
11031 10561439 0.05050210920423523 1.3718052140553936 0.7010400000000001 -1.0283106210632738 -0.034224567323259125
11032 10561439 0.00970450099033182 1.3726409966374402 0.7010400000000001 -1.0283106210632738 -0.034224567323259125
11033 10561439 -0.03329084489249279 1.3715084374356037 0.7010400000000001 -1.0283106210632738 -0.034224567323259125
11034 10561439 -0.0729822354124734 1.3723336470611014 0.7010400000000001 -1.0283106210632738 -0.034224567323259125
11035 10561439 -0.11468199479437492 1.3713621452663938 0.7010400000000001 -1.0283106210632738 -0.034224567323259125
11036 10561439 -0.15317620363011142 1.3660715103049788 0.7010400000000001 -1.0283106210632738 -0.034224567323259125
11037 10561439 -0.1910992546714707 1.3695905429529756 0.7010400000000001 -1.0283106210632738 -0.034224567323259125
11038 10561439 -0.23672625830525185 1.3631272664521958 0.7010400000000001 -1.0283106210632738 -0.034224567323259125
11039 10561439 -0.2759262833170122 1.3627413438219491 0.7010400000000001 -1.0283106210632738 -0.034224567323259125
11040 10561439 -0.3295848899669596 1.3615917229318644 0.7010400000000001 -1.0283106210632738 -0.034224567323259125
11041 10561439 -0.3658175137523236 1.3594181871934203 0.7010400000000001 -1.0283106210632738 -0.034224567323259125
11042 10561439 -0.4009028045174141 1.3580380234062104 0.7010400000000001 -1.0283106210632738 -0.034224567323259125
11043 10561439 -0.4337623671640412 1.358033295853834 0.7010400000000001 -0.9780013939100928 0.31954237263611124
11044 10561439 -0.4727989599289776 1.3554335532265702 0.7010400000000001 -0.9780013939100928 0.31954237263611124
11045 10561439 -0.511835552693914 1.352833810599306 0.7010400000000001 -0.9780013939100928 0.31954237263611124
11046 10561439 -0.5312547632783462 1.350479366392055 0.7010400000000001 -0.9780013939100928 0.31954237263611124
11047 10561439 -0.5506739738627784 1.3481249221848042 0.7010400000000001 -0.9780013939100928 0.31954237263611124
11048 10561439 -0.6016932631210301 1.3496191855472073 0.67056 -0.9780013939100928 0.31954237263611124
11049 10561439 -0.6384226234554513 1.3445715657374289 0.67056 -0.9780013939100928 0.31954237263611124
11050 10561439 -0.6765943429256871 1.3416314751205425 0.67056 -0.9780013939100928 0.31954237263611124
11051 10561439 -0.7100737455482535 1.3413632377550728 0.67056 -0.9780013939100928 0.31954237263611124
11052 10561439 -0.7424523858561782 1.341202523707067 0.67056 -0.9780013939100928 0.31954237263611124
11053 10561439 -0.7950840938250079 1.3366824681752656 0.67056 -0.9780013939100928 0.31954237263611124
11054 10561439 -0.831800818815597 1.3330336158702103 0.67056 -0.9780013939100928 0.31954237263611124
11055 10561439 -0.8677451560997693 1.3331047989227924 0.67056 -0.9780013939100928 0.31954237263611124
11056 10561439 -0.9034414386658458 1.3295898993771091 0.67056 -0.9780013939100928 0.31954237263611124
11057 10561439 -0.9540464693119196 1.3231228471470653 0.67056 -0.9780013939100928 0.31954237263611124
11058 10561439 -0.987976959824984 1.3198486796443023 0.67056 -0.9780013939100928 0.31954237263611124
11059 10561439 -1.0270747685837285 1.3197835434184613 0.67056 -0.9780013939100928 0.31954237263611124
11060 10561439 -1.0592282155272008 1.3165126712316293 0.67056 -0.9780013939100928 0.31954237263611124
11061 10561439 -1.1032696516072702 1.3149101406229071 0.67056 -0.9780013939100928 0.31954237263611124
11062 10561439 -1.140133399406927 1.3135306846588588 0.6400800000000001 -0.9780013939100928 0.31954237263611124
11063 10561439 -1.158339191111682 1.3101382227823553 0.6400800000000001 -0.9780013939100928 0.31954237263611124
11064 10561439 -1.1765449828164372 1.3067457609058517 0.6400800000000001 -0.9780013939100928 0.31954237263611124
11065 10561439 -1.209902146814548 1.3038691817762424 0.6400800000000001 -0.9780013939100928 0.31954237263611124
11066 10561439 -1.2594135984393728 1.3018366991867325 0.6400800000000001 -0.9780013939100928 0.31954237263611124
11067 10561439 -1.2998665607955329 1.3003467283360908 0.6400800000000001 -0.9780013939100928 0.31954237263611124
11068 10561439 -1.3310212752465016 1.298502831122752 0.6400800000000001 -0.9780013939100928 0.31954237263611124
11069 10561439 -1.3763305245124122 1.2919418667515246 0.6400800000000001 -0.9780013939100928 0.31954237263611124
11070 10561439 -1.4124454281185868 1.2939407376765255 0.6400800000000001 -0.9780013939100928 0.31954237263611124
11071 10561439 -1.448099101110682 1.2886616619709157 0.6400800000000001 -0.9780013939100928 0.31954237263611124
11072 10561439 -1.47566511315939 1.2869296455708663 0.6400800000000001 -0.9780013939100928 0.31954237263611124
11073 10561439 -1.5156960132266584 1.2840174499603825 0.6400800000000001 -0.9780013939100928 0.31954237263611124
11074 10561439 -1.5487927660308072 1.2789539359230722 0.6400800000000001 -0.9780013939100928 0.31954237263611124
11075 10561439 -1.5926179622706218 1.2769328140024412 0.6400800000000001 -0.9780013939100928 0.31954237263611124
11076 10561439 -1.6204152448923428 1.2738164877728932 0.63246 -0.9780013939100928 0.31954237263611124
11077 10561439 -1.6482125275140636 1.2707001615433455 0.6248400000000001 -0.9780013939100928 0.31954237263611124
11078 10561439 -1.7062771100295635 1.2607190943846878 0.6096 -0.9780013939100928 0.31954237263611124
11079 10561439 -1.7241621847241393 1.2576318612405943 0.6096 -0.9780013939100928 0.31954237263611124
11080 10561439 -1.7420472594187149 1.2545446280965011 0.6096 -0.9780013939100928 0.31954237263611124
11081 10561439 -1.7927260309740254 1.246237312132246 0.6096 -0.9780013939100928 0.31954237263611124
11082 10561439 -1.8294368305313955 1.2399035819682438 0.6096 -0.9780013939100928 0.31954237263611124
11083 10561439 -1.862343433145306 1.2316243338147423 0.6096 -0.9780013939100928 0.31954237263611124
11084 10561439 -1.895685814765135 1.22337093680294 0.6096 -0.9780013939100928 0.31954237263611124
11085 10561439 -1.9335842351678432 1.2120514517383134 0.6096 -0.9780013939100928 0.31954237263611124
11086 10561439 -1.980252278073476 1.2024329796414681 0.6096 -0.9780013939100928 0.31954237263611124
11087 10561439 -2.016740353585914 1.1913534422661536 0.6096 -0.9780013939100928 0.31954237263611124
11088 10561439 -2.053340199051632 1.1826474712839599 0.6096 -0.9780013939100928 0.31954237263611124
11089 10561439 -2.0873139897262387 1.1720600912494208 0.6096 -0.9780013939100928 0.31954237263611124
11090 10561439 -2.121287780400846 1.1614727112148815 0.6096 -0.9780013939100928 0.31954237263611124
11091 10561439 -2.1468418921515977 1.1536806110104614 0.6096 -0.9780013939100928 0.31954237263611124
11092 10561439 -2.172396003902349 1.1458885108060413 0.6096 -0.9780013939100928 0.31954237263611124
11093 10561439 -2.2209087017544737 1.1292800456779175 0.59436 -0.9780013939100928 0.31954237263611124
11094 10561439 -2.2458532359018912 1.12090899485775 0.5867399999999999 -0.9780013939100928 0.31954237263611124
11095 10561439 -2.2707977700493087 1.1125379440375829 0.57912 -0.9780013939100928 0.31954237263611124
11096 10561439 -2.3072098723727272 1.0989809314240706 0.57912 -0.9780013939100928 0.31954237263611124
11097 10561439 -2.350346175844804 1.0730189150433167 0.57912 -0.9780013939100928 0.31954237263611124
11098 10561439 -2.381548904406122 1.053667936140145 0.57912 -0.9780013939100928 0.31954237263611124
11099 10561439 -2.416991364344483 1.0278758754044972 0.57912 -0.9780013939100928 0.31954237263611124
11100 10561439 -2.445578675759747 1.0007753684800529 0.57912 -0.9780013939100928 0.31954237263611124
11101 10561439 -2.4637982977934336 0.9795712900548113 0.57912 -0.9780013939100928 0.31954237263611124
11102 10561439 -2.48201791982712 0.9583672116295692 0.57912 -0.9780013939100928 0.31954237263611124
11103 10561439 -2.502347383302526 0.9328877048846632 0.57912 -0.9780013939100928 0.31954237263611124
11104 10561439 -2.5167396575580616 0.9054652829991948 0.57912 -0.9780013939100928 0.31954237263611124
11105 10561439 -2.535902435950745 0.8778513396312685 0.57912 -0.9780013939100928 0.31954237263611124
11106 10561439 -2.547169947037021 0.8461347040323962 0.57912 -0.9780013939100928 0.31954237263611124
11107 10561439 -2.563097463560836 0.8110355816950632 0.57912 -0.9780013939100928 0.31954237263611124
11108 10561439 -2.5693782179275657 0.7782712587755101 0.57912 -0.9780013939100928 0.31954237263611124
11109 10561439 -2.580802501205267 0.7406468579255748 0.57912 -0.9780013939100928 0.31954237263611124
11110 10561439 -2.5832547136926305 0.6978663173817855 0.57912 -0.9780013939100928 0.31954237263611124
11111 10561439 -2.5856882329827666 0.6605713698414971 0.57912 -0.9780013939100928 0.31954237263611124
11112 10561439 -2.5841123940177866 0.6110978675517953 0.57912 -0.9780013939100928 0.31954237263611124
11113 10561439 -2.5756818623817868 0.5771416038174245 0.57912 -0.9780013939100928 0.31954237263611124
11114 10561439 -2.572007093794816 0.5544397376500432 0.5638799999999999 -0.9780013939100928 0.31954237263611124
11115 10561439 -2.5683323252078445 0.5317378714826619 0.54864 -0.9780013939100928 0.31954237263611124
11116 10561439 -2.56306294603951 0.4780763412936996 0.54864 -0.9780013939100928 0.31954237263611124
11117 10561439 -2.55095379268984 0.4192555884482885 0.54864 -0.9780013939100928 0.31954237263611124
11118 10561439 -2.5496989123900917 0.4005588939383637 0.54864 -0.9780013939100928 0.31954237263611124
11119 10561439 -2.5484440320903428 0.3818621994284389 0.54864 -0.9780013939100928 0.31954237263611124
11120 10561439 -2.539391074577537 0.3405750849718692 0.54864 -0.9780013939100928 0.31954237263611124
11121 10561439 -2.533642873571446 0.3065621368707797 0.54864 -0.9780013939100928 0.31954237263611124
11122 10561439 -2.524797691690234 0.26843948304934817 0.54864 -0.9780013939100928 0.31954237263611124
11123 10561439 -2.5149450808508726 0.2401818481553977 0.54864 -0.9780013939100928 0.31954237263611124
11124 10561439 -2.505092470011511 0.21192421326144714 0.54864 -0.9780013939100928 0.31954237263611124
11125 10561439 -2.4852902263600822 0.17307912090432984 0.54864 -0.9780013939100928 0.31954237263611124
11126 10561439 -2.465627912865706 0.1506379679894638 0.54864 -0.9780013939100928 0.31954237263611124
11127 10561439 -2.444009164004337 0.12440200383522056 0.54864 -0.9780013939100928 0.31954237263611124
11128 10561439 -2.408619023267204 0.09681496626710792 0.54864 -0.9780013939100928 0.31954237263611124
11129 10561439 -2.376994058217904 0.07536748742130138 0.54864 -0.9780013939100928 0.31954237263611124
11130 10561439 -2.342640889998337 0.06225811274717361 0.54864 -0.9780013939100928 0.31954237263611124
11131 10561439 -2.3120774648464457 0.054127799078652485 0.5181600000000001 -0.9780013939100928 0.31954237263611124
11132 10561439 -2.2553040596694416 0.04139506549646252 0.5181600000000001 -0.9780013939100928 0.31954237263611124
11133 10561439 -2.2319381348264717 0.036788349735397546 0.5181600000000001 -0.9780013939100928 0.31954237263611124
11134 10561439 -2.208373265902839 0.03550506752900304 0.5181600000000001 -0.9780013939100928 0.31954237263611124
11135 10561439 -2.1848083969792067 0.03422178532260853 0.5181600000000001 -0.9780013939100928 0.31954237263611124
11136 10561439 -2.151760715380049 0.03205623855107617 0.5181600000000001 -0.9780013939100928 0.31954237263611124
11137 10561439 -2.0970607109397705 0.0260204546955419 0.5181600000000001 -0.9780013939100928 0.31954237263611124
11138 10561439 -2.0434885730247707 0.026312883612580527 0.5181600000000001 -0.9780013939100928 0.31954237263611124
11139 10561439 -2.025899245167374 0.024414502082807068 0.5181600000000001 -0.9780013939100928 0.31954237263611124
11140 10561439 -2.008309917309977 0.02251612055303362 0.5181600000000001 -0.9780013939100928 0.31954237263611124
11141 10561439 -1.97379560344452 0.019404215024386023 0.5181600000000001 -0.9780013939100928 0.31954237263611124
11142 10561439 -1.9303247371192165 0.01651725461537709 0.5181600000000001 -0.9780013939100928 0.31954237263611124
11143 10561439 -1.8976570254417988 0.013191891236581129 0.5181600000000001 -0.9780013939100928 0.31954237263611124
11144 10561439 -1.865411983315824 0.01129017322498535 0.48768 -0.9780013939100928 0.31954237263611124
11145 10561439 -1.8051413047476528 0.008166303692429627 0.5181600000000001 -0.9780013939100928 0.31954237263611124
11146 10561439 -1.7871079247769346 0.0035527538459065593 0.48768 -0.9780013939100928 0.31954237263611124
11147 10561439 -1.7556578949796549 0.008454562365169921 0.48768 -0.9780013939100928 0.31954237263611124
11148 10561439 -1.722212123714694 0.0037070782655030665 0.48768 -0.9780013939100928 0.31954237263611124
11149 10561439 -1.6860912652337952 0.0017067699775973055 0.48768 -0.9780013939100928 0.31954237263611124
11150 10561439 -1.6520203994645268 0.0021297342706018962 0.48768 -0.9780013939100928 0.31954237263611124
11151 10561439 -1.6016490304967683 0.007035765422771928 0.48768 -0.9780013939100928 0.31954237263611124
11152 10561439 -1.5846141243579277 0.006838665843444752 0.48768 -0.9780013939100928 0.31954237263611124
11153 10561439 -1.5675792182190864 0.006641566264117577 0.48768 -0.9780013939100928 0.31954237263611124
11154 10561439 -1.5188702325322732 0.007009384303598404 0.48768 -0.9780013939100928 0.31954237263611124
11155 10561439 -1.4870874881711498 0.007363619243609205 0.48768 -0.9780013939100928 0.31954237263611124
11156 10561439 -1.4553047438100268 0.007717854183620004 0.48768 -0.9780013939100928 0.31954237263611124
11157 10561439 -1.4309162872184815 0.007598892720874413 0.47243999999999997 -0.9780013939100928 0.31954237263611124
11158 10561439 -1.4065278306269364 0.007479931258128819 0.4572000000000001 -0.9780013939100928 0.31954237263611124
11159 10561439 -1.3688818165106489 0.005800178682210472 0.4572000000000001 -0.9780013939100928 0.31954237263611124
11160 10561439 -1.3411972643151973 0.0076120676489842285 0.4572000000000001 -0.9780013939100928 0.31954237263611124
11161 10561439 -1.299172446317263 0.004383783511458157 0.4572000000000001 -0.9780013939100928 0.31954237263611124
11162 10561439 -1.268334274063195 0.006332961166781476 0.4572000000000001 -0.9780013939100928 0.31954237263611124
11163 10561439 -1.2338766408045383 0.0044113596196176654 0.4572000000000001 -0.9780013939100928 0.31954237263611124
11164 10561439 -1.1965975275161929 0.002969278848041296 0.4572000000000001 -0.9780013939100928 0.31954237263611124
11165 10561439 -1.1646637916537392 0.00012080797247468467 0.4572000000000001 -0.9780013939100928 0.31954237263611124
11166 10561439 -1.1422988676305164 0.003322478293476844 0.4572000000000001 -0.9780013939100928 0.31954237263611124
11167 10561439 -1.09816463069387 -0.0002439785486111623 0.4572000000000001 -0.9780013939100928 0.31954237263611124
11168 10561439 -1.0660410795074082 0.002921369465656104 0.4572000000000001 -0.9780013939100928 0.31954237263611124
11169 10561439 -1.0203106748786648 0.0015206424121218811 0.42672 -0.9780013939100928 0.31954237263611124
11170 10561439 -0.9914832974741532 3.916879262441664e-05 0.42672 -0.9780013939100928 0.31954237263611124
11171 10561439 -0.9474700450041011 0.001537075805420146 0.42672 -0.9780013939100928 0.31954237263611124
11172 10561439 -0.9313479768461752 0.0005883784443528607 0.42672 -0.9780013939100928 0.31954237263611124
11173 10561439 -0.9152259086882496 -0.00036031891671442495 0.42672 -0.9780013939100928 0.31954237263611124
11174 10561439 -0.8840603327460894 -0.0028395944988817427 0.42672 -0.9780013939100928 0.31954237263611124
11175 10561439 -0.84910528874487 -0.00024869344689285033 0.42672 -0.9780013939100928 0.31954237263611124
11176 10561439 -0.8108059072847618 -0.0015551525610093266 0.42672 -0.9780013939100928 0.31954237263611124
11177 10561439 -0.7650085435248224 -0.004378262915496839 0.42672 -0.9780013939100928 0.31954237263611124
11178 10561439 -0.744169568030473 -0.001494419282835474 0.42672 -0.9780013939100928 0.31954237263611124
11179 10561439 -0.6998287476500389 -0.00442508760813895 0.39624 -0.9780013939100928 0.31954237263611124
11180 10561439 -0.6609628361512356 -0.001008993256735674 0.39624 -0.9780013939100928 0.31954237263611124
11181 10561439 -0.6278346352161541 -0.0015585354503604154 0.39624 -0.9780013939100928 0.31954237263611124
11182 10561439 -0.5956685698091497 -0.0009755460081881939 0.39624 -0.9780013939100928 0.31954237263611124
11183 10561439 -0.5684552042411875 0.0007594201855810334 0.39624 -0.9780013939100928 0.31954237263611124
11184 10561439 -0.5307756841482303 -0.0008103303538668782 0.39624 -0.9780013939100928 0.31954237263611124
11185 10561439 -0.509485649746794 0.0004662615173319784 0.39624 -0.9780013939100928 0.31954237263611124
11186 10561439 -0.4881956153453577 0.001742853388530835 0.39624 -0.9780013939100928 0.31954237263611124
11187 10561439 -0.4542651934294977 0.0009317903658632444 0.39624 -0.9780013939100928 0.31954237263611124
11188 10561439 -0.4215601176704342 0.0018066140066949343 0.39624 -0.9780013939100928 0.31954237263611124
11189 10561439 -0.3925197935225305 0.007501407298407231 0.39624 -0.9780013939100928 0.31954237263611124
11190 10561439 -0.3598774326325598 0.003022684848222684 0.39624 -0.9780013939100928 0.31954237263611124
11191 10561439 -0.3289282223149179 0.0026025646999743024 0.39624 -0.9780013939100928 0.31954237263611124
11192 10561439 -0.29853835372135995 0.004818888942079463 0.36576 -0.9780013939100928 0.31954237263611124
11193 10561439 -0.24825536161166786 0.004855344086036911 0.36576 -0.9780013939100928 0.31954237263611124
11194 10561439 -0.2202055013128763 0.006434892191573532 0.36576 -0.9780013939100928 0.31954237263611124
11195 10561439 -0.19238675269911695 0.006220775208872126 0.36576 -0.9780013939100928 0.31954237263611124
11196 10561439 -0.15997245039120167 0.0032194554772607964 0.36576 -0.9780013939100928 0.31954237263611124
11197 10561439 -0.13107492999756454 0.003996563927923996 0.36576 -0.9780013939100928 0.31954237263611124
11198 10561439 -0.1021774096039274 0.004773672378587196 0.36576 -0.9780013939100928 0.31954237263611124
11199 10561439 -0.07972503688646304 0.004853666673426682 0.36576 -0.9780013939100928 0.31954237263611124
11200 10561439 -0.05727266416899868 0.004933660968266168 0.36576 -0.9780013939100928 0.31954237263611124
11201 10561439 -0.01419074015098887 0.005631302725294801 0.35052 -0.9780013939100928 0.31954237263611124
11202 10561439 0.01141364139226414 0.005930219678144187 0.348615 -0.9780013939100928 0.31954237263611124
11203 10561439 0.03701802293551715 0.006229136630993573 0.34671 -0.9780013939100928 0.31954237263611124
11204 10561439 0.06262240447877017 0.006528053583842959 0.34480500000000003 -0.9780013939100928 0.31954237263611124
11205 10561439 0.08822678602202316 0.006826970536692345 0.3429 -0.9780013939100928 0.31954237263611124
11206 10561439 0.11383116756527616 0.007125887489541731 0.340995 -0.9780013939100928 0.31954237263611124
11207 10561439 0.13943554910852918 0.007424804442391117 0.33909 -0.9780013939100928 0.31954237263611124
11208 10561439 0.1650399306517822 0.007723721395240503 0.337185 -0.9780013939100928 0.31954237263611124
11209 10561439 0.1906443121950352 0.008022638348089889 0.33528 -0.9780013939100928 0.31954237263611124
11210 10561439 0.21650227455472945 0.008334024389201666 0.33528 -0.9780013939100928 0.31954237263611124
11211 10561439 0.24236023691442365 0.008645410430313444 0.33528 -0.9780013939100928 0.31954237263611124
11212 10561439 0.2596395725338897 0.008330851733603931 0.3396342857142857 -0.9780013939100928 0.31954237263611124
11213 10561439 0.2769189081533558 0.00801629303689442 0.3439885714285714 -0.9780013939100928 0.31954237263611124
11214 10561439 0.29419824377282183 0.007701734340184908 0.3483428571428571 -0.9780013939100928 0.31954237263611124
11215 10561439 0.3114775793922879 0.0073871756434753955 0.3526971428571429 -0.9780013939100928 0.31954237263611124
11216 10561439 0.328756915011754 0.007072616946765885 0.3570514285714286 -0.9780013939100928 0.31954237263611124
11217 10561439 0.34603625063121995 0.006758058250056372 0.3614057142857143 -0.9780013939100928 0.31954237263611124
11218 10561439 0.3633155862506861 0.00644349955334686 0.36576 -0.9780013939100928 0.31954237263611124
11219 10561439 0.38015209638467456 0.0063272883445083345 0.36576 -0.9780013939100928 0.31954237263611124
11220 10561439 0.3969886065186631 0.006211077135669807 0.36576 -0.9780013939100928 0.31954237263611124
11221 10561439 0.4138251166526515 0.0060948659268312815 0.36576 -0.9780013939100928 0.31954237263611124
11222 10561439 0.4306616267866401 0.005978654717992754 0.36576 -0.9780013939100928 0.31954237263611124
11223 10561439 0.44749813692062856 0.0058624435091542285 0.36576 -0.9780013939100928 0.31954237263611124
11224 10561439 0.4588956447954332 0.005409153558110579 0.36576 -0.9780013939100928 0.31954237263611124
11225 10561439 0.4702931526702378 0.004955863607066932 0.36576 -0.9780013939100928 0.31954237263611124
11226 10561439 0.4816906605450424 0.004502573656023285 0.36576 -0.9780013939100928 0.31954237263611124
