9388 10645813 0.18226931522102705 0.0034579075881573523 0.33528 -0.9545904110677726 -0.3838635193626254
9389 10645813 0.21084144175394195 0.004147946659690585 0.33528 -0.9545904110677726 -0.3838635193626254
9390 10645813 0.23941356828685684 0.004837985731223815 0.33528 -0.9545904110677726 -0.3838635193626254
9391 10645813 0.2679856948197717 0.005528024802757048 0.33528 -0.9545904110677726 -0.3838635193626254
9392 10645813 0.31055270958895714 0.004994125730691662 0.33528 -0.9545904110677726 -0.3838635193626254
9393 10645813 0.3531197243581425 0.004460226658626276 0.33528 -0.9545904110677726 -0.3838635193626254
9394 10645813 0.3956867391273279 0.0039263275865608896 0.33528 -0.9545904110677726 -0.3838635193626254
9395 10645813 0.4382537538965133 0.003392428514495505 0.33528 -0.9545904110677726 -0.3838635193626254
9396 10645813 0.4713697150955825 0.0034942111342157467 0.33528 -0.9545904110677726 -0.3838635193626254
9397 10645813 0.5044856762946516 0.003595993753935989 0.33528 -0.9545904110677726 -0.3838635193626254
9398 10645813 0.5550536255757383 0.003427695391066771 0.33528 -0.9545904110677726 -0.3838635193626254
9399 10645813 0.577243985461471 0.006106978111589431 0.33528 -0.9545904110677726 -0.3838635193626254
9400 10645813 0.6713827790231812 0.00338486860118678 0.33528 -0.9545904110677726 -0.3838635193626254
9401 10645813 0.7243312604896023 0.005068617858060356 0.33528 -0.9545904110677726 -0.3838635193626254
9402 10645813 0.7772797419560233 0.006752367114933933 0.33528 -0.9545904110677726 -0.3838635193626254
9403 10645813 0.8180655465401317 0.005868383544539993 0.33528 -0.9545904110677726 -0.3838635193626254
9404 10645813 0.8588513511242402 0.004984399974146056 0.33528 -0.9545904110677726 -0.3838635193626254
9405 10645813 0.9238741680247302 0.005119810113543168 0.34544 -0.9545904110677726 -0.3838635193626254
9406 10645813 0.9888969849252204 0.0052552202529402795 0.3556 -0.9545904110677726 -0.3838635193626254
9407 10645813 1.0539198018257103 0.005390630392337392 0.36576 -0.9545904110677726 -0.3838635193626254
9408 10645813 1.135606682101863 0.00534030977281455 0.36576 -0.9545904110677726 -0.3838635193626254
9409 10645813 1.1941977956793102 0.002555111558996168 0.36576 -0.9545904110677726 -0.3838635193626254
9410 10645813 1.2483441918510525 0.0051943674205642 0.36576 -0.9545904110677726 -0.3838635193626254
9411 10645813 1.3006388852455224 0.004613073366725617 0.36576 -0.9545904110677726 -0.3838635193626254
9412 10645813 1.3529335786399928 0.004031779312887035 0.36576 -0.9545904110677726 -0.3838635193626254
9413 10645813 1.3979372057457584 0.005599066218877562 0.36576 -0.9545904110677726 -0.3838635193626254
9414 10645813 1.4429408328515243 0.0071663531248680875 0.36576 -0.9545904110677726 -0.3838635193626254
9415 10645813 1.536009792842605 0.003636088346780753 0.36576 -0.9545904110677726 -0.3838635193626254
9416 10645813 1.58217332679569 0.0042706585528220755 0.381 -0.9545904110677726 -0.3838635193626254
9417 10645813 1.628336860748775 0.0049052287588634 0.39624 -0.9545904110677726 -0.3838635193626254
9418 10645813 1.7253997574795703 0.007082057960872384 0.39624 -0.9545904110677726 -0.3838635193626254
9419 10645813 1.803645964647015 0.008746589555491234 0.39624 -0.9545904110677726 -0.3838635193626254
9420 10645813 1.8421594078776309 0.007032939776288272 0.39624 -0.9545904110677726 -0.3838635193626254
9421 10645813 1.9168038093877475 0.00718800688738408 0.39624 -0.9545904110677726 -0.3838635193626254
9422 10645813 1.9865644313397712 0.008705023487072694 0.39624 -0.9545904110677726 -0.3838635193626254
9423 10645813 2.059559492771319 0.011970129700707571 0.42672 -0.9545904110677726 -0.3838635193626254
9424 10645813 2.1270253721234287 0.011901334101505984 0.42672 -0.9545904110677726 -0.3838635193626254
9425 10645813 2.22723834048758 0.012588430520409949 0.42672 -0.9545904110677726 -0.3838635193626254
9426 10645813 2.2895138936013573 0.018654998901894898 0.4572000000000001 -0.9545904110677726 -0.3838635193626254
9427 10645813 2.3276599307520174 0.01718055708683561 0.4572000000000001 -0.9545904110677726 -0.3838635193626254
9428 10645813 2.4369686943284745 0.024245922171459072 0.4572000000000001 -0.9545904110677726 -0.3838635193626254
9429 10645813 2.5022895645099794 0.02441342349582068 0.4572000000000001 -0.9545904110677726 -0.3838635193626254
9430 10645813 2.581958619590518 0.03181249483436463 0.4572000000000001 -0.9545904110677726 -0.3838635193626254
9431 10645813 2.619400287531487 0.03226339690339716 0.47243999999999997 -0.9545904110677726 -0.3838635193626254
9432 10645813 2.656841955472455 0.032714298972429695 0.48768 -0.9545904110677726 -0.3838635193626254
9433 10645813 2.728922098055499 0.03772560757166829 0.48768 -0.9545904110677726 -0.3838635193626254
9434 10645813 2.801002240638544 0.042736916170906886 0.48768 -0.9545904110677726 -0.3838635193626254
9435 10645813 2.873082383221588 0.04774822477014548 0.48768 -0.9545904110677726 -0.3838635193626254
9436 10645813 2.9495499141202703 0.053509202575263454 0.5181600000000001 -0.9545904110677726 -0.3838635193626254
9437 10645813 3.0123856620629086 0.0610338374772664 0.5181600000000001 -0.9545904110677726 -0.3838635193626254
9438 10645813 3.0844712665074887 0.06425468526354325 0.5181600000000001 -0.9545904110677726 -0.3838635193626254
9439 10645813 3.1784691252961643 0.07095420591687604 0.54864 -0.9545904110677726 -0.3838635193626254
9440 10645813 3.250198706317674 0.0741759288131014 0.54864 -0.9545904110677726 -0.3838635193626254
9441 10645813 3.321515494135147 0.07776665124834856 0.54864 -0.9545904110677726 -0.3838635193626254
9442 10645813 3.4012008605625743 0.07979490340933801 0.54864 -0.9545904110677726 -0.3838635193626254
9443 10645813 3.4702797847026137 0.0806131993565933 0.54864 -0.9545904110677726 -0.3838635193626254
9444 10645813 3.539358708842653 0.0814314953038486 0.54864 -0.9545904110677726 -0.3838635193626254
9445 10645813 3.60388010189576 0.07644997229380457 0.554736 -0.9545904110677726 -0.3838635193626254
9446 10645813 3.6684014949488657 0.07146844928376052 0.560832 -0.9545904110677726 -0.3838635193626254
9447 10645813 3.732922888001972 0.06648692627371648 0.566928 -0.9545904110677726 -0.3838635193626254
9448 10645813 3.7974442810550784 0.06150540326367244 0.573024 -0.9545904110677726 -0.3838635193626254
9449 10645813 3.8619656741081854 0.0565238802536284 0.57912 -0.9545904110677726 -0.3838635193626254
9450 10645813 3.941529373307208 0.04345305858866135 0.58928 -0.9545904110677726 -0.3838635193626254
9451 10645813 4.021093072506232 0.030382236923694305 0.59944 -0.9545904110677726 -0.3838635193626254
9452 10645813 4.100656771705253 0.01731141525872726 0.6096 -0.9545904110677726 -0.3838635193626254
9453 10645813 4.180220470904277 0.0042405935937602154 0.6197600000000001 -0.9545904110677726 -0.3838635193626254
9454 10645813 4.259784170103299 -0.008830228071206828 0.62992 -0.9545904110677726 -0.3838635193626254
9455 10645813 4.3393478693023235 -0.02190104973617388 0.6400800000000001 -0.9545904110677726 -0.3838635193626254
9456 10645813 4.415771907515276 -0.04005709065975213 0.6400800000000001 -0.9545904110677726 -0.3838635193626254
9457 10645813 4.492195945728229 -0.058213131583330385 0.6400800000000001 -0.9545904110677726 -0.3838635193626254
9458 10645813 4.553738877210022 -0.07571851981536443 0.6553200000000001 -0.9545904110677726 -0.3838635193626254
9459 10645813 4.615281808691815 -0.09322390804739847 0.67056 -0.9545904110677726 -0.3838635193626254
9460 10645813 4.65622033023697 -0.10108746225978762 0.67056 -0.9545904110677726 -0.3838635193626254
9461 10645813 4.748246160759338 -0.13110130983578305 0.676656 -0.9545904110677726 -0.3838635193626254
9462 10645813 4.840271991281707 -0.16111515741177848 0.682752 -0.9545904110677726 -0.3838635193626254
9463 10645813 4.932297821804076 -0.1911290049877739 0.6888480000000001 -0.9545904110677726 -0.3838635193626254
9464 10645813 5.024323652326443 -0.22114285256376934 0.6949440000000001 -0.9545904110677726 -0.3838635193626254
9465 10645813 5.116349482848812 -0.2511567001397648 0.7010400000000001 -0.9545904110677726 -0.3838635193626254
9466 10645813 5.153731192588554 -0.26883698214876905 0.7010400000000001 -0.9545904110677726 -0.3838635193626254
9467 10645813 5.2685745689654695 -0.31142619399356464 0.7010400000000001 -0.9545904110677726 -0.3838635193626254
9468 10645813 5.310113295980806 -0.32765759047130005 0.7010400000000001 -0.9545904110677726 -0.3838635193626254
9469 10645813 5.351652022996143 -0.3438889869490355 0.7010400000000001 -0.9545904110677726 -0.3838635193626254
9470 10645813 5.385640976116532 -0.36081194683025497 0.73152 -0.9545904110677726 -0.3838635193626254
9471 10645813 5.53610186210366 -0.42622286330700254 0.73152 -0.9545904110677726 -0.3838635193626254
9472 10645813 5.641693771063548 -0.4767681504042511 0.73152 -0.9545904110677726 -0.3838635193626254
9473 10645813 5.6850499887009915 -0.496276109199454 0.73152 -0.9545904110677726 -0.3838635193626254
9474 10645813 5.741405810690424 -0.5249271552155736 0.7467600000000001 -0.9545904110677726 -0.3838635193626254
9475 10645813 5.797761632679857 -0.5535782012316933 0.762 -0.9545904110677726 -0.3838635193626254
