11864 10520887 -1.0419592593430635 0.003225171859010584 0.39624 -1.6194615297760395 1.269535573024817
11865 10520887 -1.0035457514331048 0.0011794156008906045 0.39624 -1.6194615297760395 1.269535573024817
11866 10520887 -0.9698347359970416 -0.001665206229907762 0.39624 -1.6194615297760395 1.269535573024817
11867 10520887 -0.9388287345736264 -0.003274679286326437 0.39624 -1.6194615297760395 1.269535573024817
11868 10520887 -0.9152259086882496 -0.00036031891671442495 0.36576 -1.6194615297760395 1.269535573024817
11869 10520887 -0.8677786497057147 -0.004658206610170051 0.36576 -1.6194615297760395 1.269535573024817
11870 10520887 -0.8304180100869141 -0.004489467181014145 0.36576 -1.6194615297760395 1.269535573024817
11871 10520887 -0.8051888430951697 -0.0033917241039301 0.36576 -1.6194615297760395 1.269535573024817
11872 10520887 -0.7699836582906707 -0.0027516138860610717 0.36576 -1.6194615297760395 1.269535573024817
11873 10520887 -0.7375084943708707 -0.0028544392550922393 0.36576 -1.6194615297760395 1.269535573024817
11874 10520887 -0.7160068423507231 -0.0022901756341738573 0.36576 -1.6194615297760395 1.269535573024817
11875 10520887 -0.6945051903305755 -0.0017259120132554762 0.36576 -1.6194615297760395 1.269535573024817
11876 10520887 -0.6526093749659855 -0.0014034025602394087 0.36576 -1.6194615297760395 1.269535573024817
11877 10520887 -0.6291140841755479 0.000437056829953722 0.36576 -1.6194615297760395 1.269535573024817
11878 10520887 -0.6056187933851105 0.0022775162201468524 0.36576 -1.6194615297760395 1.269535573024817
11879 10520887 -0.5654548200098767 0.002465680930203107 0.36576 -1.6194615297760395 1.269535573024817
11880 10520887 -0.5260476079935228 0.002784617712349141 0.36576 -1.6194615297760395 1.269535573024817
11881 10520887 -0.5031699661687158 0.003483786906756936 0.36576 -1.6194615297760395 1.269535573024817
11882 10520887 -0.4802923243439088 0.004182956101164731 0.36576 -1.6194615297760395 1.269535573024817
11883 10520887 -0.45449387995623497 0.0015907157829790075 0.36576 -1.6194615297760395 1.269535573024817
11884 10520887 -0.4167454936121465 0.00023267576263161224 0.36576 -1.6194615297760395 1.269535573024817
11885 10520887 -0.3956943102853665 -0.002209436116136526 0.33528 -1.6194615297760395 1.269535573024817
11886 10520887 -0.3633110813140907 -0.0020469802864076236 0.33528 -1.6194615297760395 1.269535573024817
11887 10520887 -0.3284620033857477 -0.0014053078258117466 0.33528 -1.6194615297760395 1.269535573024817
11888 10520887 -0.3032333883896729 -0.0003057831904701158 0.33528 -1.6194615297760395 1.269535573024817
11889 10520887 -0.2655196897685645 -0.0017685711400648731 0.33528 -1.6194615297760395 1.269535573024817
11890 10520887 -0.23862611658655355 0.001707707942804143 0.33528 -1.6194615297760395 1.269535573024817
11891 10520887 -0.20046554880710965 -1.7669071995379815e-05 0.33528 -1.6194615297760395 1.269535573024817
11892 10520887 -0.16621055495469414 0.003155546215776378 0.33528 -1.6194615297760395 1.269535573024817
11893 10520887 -0.13373614844480053 0.00305548238855588 0.33528 -1.6194615297760395 1.269535573024817
11894 10520887 -0.11071040122776744 0.003123193332176616 0.33528 -1.6194615297760395 1.269535573024817
11895 10520887 -0.0821559840407422 0.0048888041323969225 0.33528 -1.6194615297760395 1.269535573024817
11896 10520887 -0.060723930230136336 0.005243949989812993 0.33528 -1.6194615297760395 1.269535573024817
11897 10520887 -0.03929187641953047 0.005599095847229063 0.33528 -1.6194615297760395 1.269535573024817
11898 10520887 -0.013364671949426254 0.006120745974908887 0.33528 -1.6194615297760395 1.269535573024817
11899 10520887 0.012562532520677959 0.00664239610258871 0.33528 -1.6194615297760395 1.269535573024817
11900 10520887 0.045780622647475566 0.005014872927686209 0.33528 -1.6194615297760395 1.269535573024817
11901 10520887 0.0675275393769593 0.0049753765406329595 0.33528 -1.6194615297760395 1.269535573024817
11902 10520887 0.08927445610644302 0.004935880153579708 0.33528 -1.6194615297760395 1.269535573024817
11903 10520887 0.11202629323839164 0.006612564293971862 0.33528 -1.6194615297760395 1.269535573024817
11904 10520887 0.13629369227578852 0.0042307034042497055 0.32004 -1.6194615297760395 1.269535573024817
11905 10520887 0.1605610913131854 0.0018488425145275489 0.3048 -1.6194615297760395 1.269535573024817
11906 10520887 0.18266538483802086 0.0019070924814915309 0.3048 -1.6194615297760395 1.269535573024817
11907 10520887 0.2047696783628563 0.001965342448455513 0.3048 -1.6194615297760395 1.269535573024817
11908 10520887 0.22687397188769176 0.002023592415419495 0.3048 -1.6194615297760395 1.269535573024817
11909 10520887 0.24370714589737785 0.0018964234192665184 0.3048 -1.6194615297760395 1.269535573024817
11910 10520887 0.2616187209027009 0.0023514934981570253 0.3048 -1.6194615297760395 1.269535573024817
11911 10520887 0.27220336869842354 0.0032150107970813913 0.3048 -1.6194615297760395 1.269535573024817
11912 10520887 0.2950944885434814 0.006949628384379847 0.3048 -1.6194615297760395 1.269535573024817
11913 10520887 0.3216603405906858 0.0039924185564816075 0.33528 -1.6194615297760395 1.269535573024817
11914 10520887 0.3356849173810839 0.004783317002005086 0.33528 -1.6194615297760395 1.269535573024817
11915 10520887 0.349709494171482 0.005574215447528563 0.33528 -1.6194615297760395 1.269535573024817
11916 10520887 0.36833081519818506 0.004804558923638985 0.33528 -1.6194615297760395 1.269535573024817
11917 10520887 0.3869521362248881 0.004034902399749407 0.33528 -1.6194615297760395 1.269535573024817
11918 10520887 0.4113902430116261 0.006796983637783416 0.33528 -1.6194615297760395 1.269535573024817
11919 10520887 0.4382537538965133 0.003392428514495505 0.33528 -1.6194615297760395 1.269535573024817
11920 10520887 0.4657617409018317 0.002639718680930027 0.33528 -1.6194615297760395 1.269535573024817
11921 10520887 0.49326972790715 0.0018870088473645489 0.33528 -1.6194615297760395 1.269535573024817
11922 10520887 0.5101027363739695 0.001760471696977489 0.33528 -1.6194615297760395 1.269535573024817
11923 10520887 0.5434802137576203 0.00225666921055422 0.338328 -1.6194615297760395 1.269535573024817
11924 10520887 0.5768576911412713 0.0027528667241309506 0.341376 -1.6194615297760395 1.269535573024817
11925 10520887 0.6102351685249221 0.0032490642377076807 0.34442399999999995 -1.6194615297760395 1.269535573024817
11926 10520887 0.6436126459085729 0.0037452617512844116 0.347472 -1.6194615297760395 1.269535573024817
11927 10520887 0.6769901232922237 0.004241459264861143 0.35052 -1.6194615297760395 1.269535573024817
11928 10520887 0.7103676006758747 0.004737656778437873 0.353568 -1.6194615297760395 1.269535573024817
11929 10520887 0.7437450780595255 0.005233854292014604 0.356616 -1.6194615297760395 1.269535573024817
11930 10520887 0.7771225554431764 0.005730051805591335 0.359664 -1.6194615297760395 1.269535573024817
11931 10520887 0.8105000328268273 0.006226249319168066 0.362712 -1.6194615297760395 1.269535573024817
11932 10520887 0.8438775102104781 0.006722446832744797 0.36576 -1.6194615297760395 1.269535573024817
11933 10520887 0.8791489517596344 0.007309764069130012 0.37084 -1.6194615297760395 1.269535573024817
11934 10520887 0.9144203933087908 0.00789708130551523 0.37592 -1.6194615297760395 1.269535573024817
11935 10520887 0.9496918348579472 0.008484398541900445 0.381 -1.6194615297760395 1.269535573024817
11936 10520887 0.9849632764071032 0.00907171577828566 0.38608 -1.6194615297760395 1.269535573024817
11937 10520887 1.0202347179562596 0.009659033014670877 0.39116 -1.6194615297760395 1.269535573024817
11938 10520887 1.0555061595054158 0.010246350251056094 0.39624 -1.6194615297760395 1.269535573024817
11939 10520887 1.0896818117066471 0.0101993436888798 0.39624 -1.6194615297760395 1.269535573024817
11940 10520887 1.123857463907878 0.010152337126703506 0.39624 -1.6194615297760395 1.269535573024817
11941 10520887 1.158033116109109 0.010105330564527212 0.39624 -1.6194615297760395 1.269535573024817
11942 10520887 1.194356854792635 0.01029165534258313 0.39624 -1.6194615297760395 1.269535573024817
11943 10520887 1.2306805934761609 0.010477980120639049 0.39624 -1.9560027878201856 0.6390847452722225
11944 10520887 1.2670043321596869 0.010664304898694963 0.39624 -1.9560027878201856 0.6390847452722225
11945 10520887 1.2998669049341598 0.010677066876773722 0.42672 -1.9560027878201856 0.6390847452722225
11946 10520887 1.3423241916496769 0.007438947043811567 0.42672 -1.9560027878201856 0.6390847452722225
11947 10520887 1.3877163916005701 0.008655484949147044 0.42672 -1.9560027878201856 0.6390847452722225
11948 10520887 1.4331085915514628 0.00987202285448252 0.42672 -1.9560027878201856 0.6390847452722225
11949 10520887 1.4785007915023556 0.011088560759817996 0.42672 -1.9560027878201856 0.6390847452722225
11950 10520887 1.5113630993328422 0.011102301863453012 0.42672 -1.9560027878201856 0.6390847452722225
11951 10520887 1.5440999835637272 0.01209173524487442 0.4572000000000001 -1.9560027878201856 0.6390847452722225
11952 10520887 1.5875004190826398 0.013103024935677138 0.4572000000000001 -1.9560027878201856 0.6390847452722225
11953 10520887 1.6273788731206351 0.011760206501248038 0.4572000000000001 -1.9560027878201856 0.6390847452722225
11954 10520887 1.6643364868085038 0.014525792445373912 0.4572000000000001 -1.9560027878201856 0.6390847452722225
11955 10520887 1.7153693016564615 0.010358047374887769 0.4572000000000001 -1.9560027878201856 0.6390847452722225
11956 10520887 1.7353667163457798 0.01095301279274985 0.47243999999999997 -1.9560027878201856 0.6390847452722225
11957 10520887 1.755364131035098 0.011547978210611931 0.48768 -1.9560027878201856 0.6390847452722225
11958 10520887 1.7925592479887995 0.01014781674494128 0.48768 -1.9560027878201856 0.6390847452722225
11959 10520887 1.8417879138125173 0.008614544732161708 0.48768 -1.9560027878201856 0.6390847452722225
11960 10520887 1.887107746599291 0.008708589874999811 0.48768 -1.9560027878201856 0.6390847452722225
11961 10520887 1.9075288318001449 0.008698347896320166 0.48768 -1.9560027878201856 0.6390847452722225
11962 10520887 1.9279499170009984 0.00868810591764052 0.48768 -1.9560027878201856 0.6390847452722225
11963 10520887 1.9769351958782109 0.011849615789515213 0.5181600000000001 -1.9560027878201856 0.6390847452722225
11964 10520887 2.015782420131618 0.01224743028314032 0.5181600000000001 -1.9560027878201856 0.6390847452722225
11965 10520887 2.0483789947794104 0.010364261316480187 0.5181600000000001 -1.9560027878201856 0.6390847452722225
11966 10520887 2.0873555753330417 0.015509840186179152 0.5181600000000001 -1.9560027878201856 0.6390847452722225
11967 10520887 2.121408320131444 0.013735565925705323 0.5181600000000001 -1.9560027878201856 0.6390847452722225
11968 10520887 2.149455202540606 0.015324463051541976 0.5181600000000001 -1.9560027878201856 0.6390847452722225
11969 10520887 2.1947238911130604 0.016897245795672394 0.54864 -1.9560027878201856 0.6390847452722225
11970 10520887 2.2303751276967745 0.022194788418000627 0.54864 -1.9560027878201856 0.6390847452722225
11971 10520887 2.2875381930100978 0.030281167710109774 0.54864 -1.9560027878201856 0.6390847452722225
11972 10520887 2.3211136232400844 0.035205512591863636 0.54864 -1.9560027878201856 0.6390847452722225
11973 10520887 2.361994962016355 0.04346865099028455 0.54864 -1.9560027878201856 0.6390847452722225
11974 10520887 2.391191301983308 0.04993992292578789 0.57912 -1.9560027878201856 0.6390847452722225
11975 10520887 2.419161853016789 0.058096528935471986 0.57912 -1.9560027878201856 0.6390847452722225
11976 10520887 2.438600671551776 0.0645997596370606 0.57912 -1.9560027878201856 0.6390847452722225
11977 10520887 2.4580394900867626 0.07110299033864922 0.57912 -1.9560027878201856 0.6390847452722225
11978 10520887 2.49152186596364 0.09206254755199823 0.57912 -1.9560027878201856 0.6390847452722225
11979 10520887 2.545092656029716 0.12287649449626432 0.57912 -1.9560027878201856 0.6390847452722225
11980 10520887 2.583714898561533 0.15822072944786045 0.6096 -1.9560027878201856 0.6390847452722225
11981 10520887 2.606452329620332 0.1775486823673422 0.6096 -1.9560027878201856 0.6390847452722225
11982 10520887 2.6319248293845354 0.2066141885687229 0.6096 -1.9560027878201856 0.6390847452722225
11983 10520887 2.6494075618154804 0.23840506545183854 0.6096 -1.9560027878201856 0.6390847452722225
11984 10520887 2.66184371638335 0.2588183257448704 0.6096 -1.9560027878201856 0.6390847452722225
11985 10520887 2.67427987095122 0.2792315860379022 0.6096 -1.9560027878201856 0.6390847452722225
11986 10520887 2.6830852510799033 0.2966831820961424 0.6096 -1.9560027878201856 0.6390847452722225
11987 10520887 2.695768477910901 0.33553148870317984 0.6096 -1.9560027878201856 0.6390847452722225
11988 10520887 2.7066589809355674 0.38547873861267945 0.6096 -1.9560027878201856 0.6390847452722225
11989 10520887 2.7152258126280766 0.4236850676039207 0.6096 -1.9560027878201856 0.6390847452722225
11990 10520887 2.7251669592174173 0.4595736169177545 0.6400800000000001 -1.9560027878201856 0.6390847452722225
11991 10520887 2.729738165199844 0.5062103835825734 0.6400800000000001 -1.9560027878201856 0.6390847452722225
11992 10520887 2.7283219841643587 0.5657829095289156 0.6400800000000001 -1.9560027878201856 0.6390847452722225
11993 10520887 2.7289894850064496 0.5865923230091507 0.6400800000000001 -1.9560027878201856 0.6390847452722225
11994 10520887 2.724978894457426 0.6575256651677744 0.6400800000000001 -1.9560027878201856 0.6390847452722225
11995 10520887 2.7255414797951154 0.6755657112653431 0.6400800000000001 -1.9560027878201856 0.6390847452722225
11996 10520887 2.7193713592562245 0.7396110248414821 0.6400800000000001 -1.9560027878201856 0.6390847452722225
11997 10520887 2.712345558234642 0.7702140962588117 0.6400800000000001 -1.9560027878201856 0.6390847452722225
11998 10520887 2.705319757213059 0.8008171676761413 0.6400800000000001 -1.9560027878201856 0.6390847452722225
11999 10520887 2.6982939561914767 0.8314202390934708 0.6400800000000001 -1.9560027878201856 0.6390847452722225
12000 10520887 2.6902742320915753 0.8721217887615414 0.67056 -1.9560027878201856 0.6390847452722225
12001 10520887 2.6736234059993693 0.9149406250181524 0.67056 -1.9560027878201856 0.6390847452722225
12002 10520887 2.655800949359836 0.954170272557874 0.67056 -1.9560027878201856 0.6390847452722225
12003 10520887 2.625498743568892 1.0000449726748095 0.67056 -1.9560027878201856 0.6390847452722225
12004 10520887 2.5996162962153484 1.037701202807063 0.67056 -1.9560027878201856 0.6390847452722225
12005 10520887 2.5679426190862698 1.0725758390044795 0.67056 -1.9560027878201856 0.6390847452722225
12006 10520887 2.5399803632980165 1.0950241100917868 0.67056 -1.9560027878201856 0.6390847452722225
12007 10520887 2.5120181075097627 1.117472381179094 0.67056 -1.9560027878201856 0.6390847452722225
12008 10520887 2.458172237761469 1.1510600739561827 0.67056 -1.9560027878201856 0.6390847452722225
12009 10520887 2.440067004272663 1.1622293527520453 0.67056 -1.9560027878201856 0.6390847452722225
12010 10520887 2.3730902926981114 1.1895919239843982 0.67056 -1.9560027878201856 0.6390847452722225
12011 10520887 2.335328871416368 1.2071806150612123 0.67056 -1.9560027878201856 0.6390847452722225
12012 10520887 2.288278409455021 1.220793846880257 0.67056 -1.9560027878201856 0.6390847452722225
12013 10520887 2.2439043334811157 1.2262903774854594 0.67056 -1.9560027878201856 0.6390847452722225
12014 10520887 2.198547503404842 1.2358464564190428 0.67056 -1.9560027878201856 0.6390847452722225
12015 10520887 2.151859332508387 1.2435012022762024 0.67056 -1.9560027878201856 0.6390847452722225
12016 10520887 2.1108668080998045 1.2484782628708315 0.67056 -1.9560027878201856 0.6390847452722225
12017 10520887 2.068382417115354 1.251606359528785 0.67056 -1.9560027878201856 0.6390847452722225
12018 10520887 2.0253111720984216 1.255656654887631 0.67056 -1.9560027878201856 0.6390847452722225
12019 10520887 1.9822399270814897 1.2597069502464766 0.67056 -1.9560027878201856 0.6390847452722225
12020 10520887 1.9153431054783512 1.2642091420279755 0.6400800000000001 -1.9560027878201856 0.6390847452722225
12021 10520887 1.88280438658807 1.2678865538383448 0.6400800000000001 -1.9560027878201856 0.6390847452722225
12022 10520887 1.8502656676977889 1.271563965648714 0.6400800000000001 -1.9560027878201856 0.6390847452722225
12023 10520887 1.799538628195139 1.2752831946384142 0.6400800000000001 -1.9560027878201856 0.6390847452722225
12024 10520887 1.7718963900284992 1.2735647907066303 0.6400800000000001 -1.9560027878201856 0.6390847452722225
12025 10520887 1.703791229994829 1.279807090473882 0.6400800000000001 -1.9560027878201856 0.6390847452722225
12026 10520887 1.6585294706674285 1.2798727580212963 0.6400800000000001 -1.9560027878201856 0.6390847452722225
12027 10520887 1.6124906721738583 1.2829963367383297 0.6400800000000001 -1.9560027878201856 0.6390847452722225
12028 10520887 1.5523919884819752 1.2811336810928236 0.6400800000000001 -1.9560027878201856 0.6390847452722225
12029 10520887 1.5099070708311888 1.284265131522568 0.6400800000000001 -1.9560027878201856 0.6390847452722225
12030 10520887 1.461159950210013 1.2845359960246208 0.6400800000000001 -1.9560027878201856 0.6390847452722225
12031 10520887 1.411082613746931 1.2845408010684394 0.6400800000000001 -1.9560027878201856 0.6390847452722225
12032 10520887 1.361647015227724 1.2843362634403552 0.6400800000000001 -1.9560027878201856 0.6390847452722225
12033 10520887 1.319283466953871 1.282405586015949 0.6400800000000001 -1.9560027878201856 0.6390847452722225
12034 10520887 1.244777296296928 1.285369355658294 0.6400800000000001 -1.9560027878201856 0.6390847452722225
12035 10520887 1.223012797328082 1.286697619360718 0.6400800000000001 -1.9560027878201856 0.6390847452722225
12036 10520887 1.201248298359236 1.2880258830631421 0.6400800000000001 -1.9560027878201856 0.6390847452722225
12037 10520887 1.1275359182253768 1.2879860399787602 0.6400800000000001 -1.9560027878201856 0.6390847452722225
12038 10520887 1.0621042369906517 1.2915497351610186 0.6400800000000001 -1.9560027878201856 0.6390847452722225
12039 10520887 1.041331633349151 1.2931969360462243 0.6400800000000001 -1.9560027878201856 0.6390847452722225
12040 10520887 0.9903387880679196 1.2958403745155027 0.6477000000000002 -1.9560027878201856 0.6390847452722225
12041 10520887 0.939345942786688 1.2984838129847809 0.6553200000000001 -1.9560027878201856 0.6390847452722225
12042 10520887 0.90924038869153 1.2995595214815898 0.6629400000000001 -1.9560027878201856 0.6390847452722225
12043 10520887 0.8791348345963717 1.3006352299783988 0.67056 -1.9560027878201856 0.6390847452722225
12044 10520887 0.8071830416052688 1.3021844245694851 0.67056 -1.9560027878201856 0.6390847452722225
12045 10520887 0.7564724054082846 1.3005311687144885 0.67056 -1.9560027878201856 0.6390847452722225
12046 10520887 0.7141373957547653 1.3054873873318795 0.67056 -1.9560027878201856 0.6390847452722225
12047 10520887 0.665535795518974 1.303495964795942 0.67056 -1.9560027878201856 0.6390847452722225
12048 10520887 0.6411142125577016 1.3021309334483098 0.67056 -1.9560027878201856 0.6390847452722225
12049 10520887 0.5742667881443364 1.3068041434951392 0.67056 -1.9560027878201856 0.6390847452722225
12050 10520887 0.5264583825916529 1.3072414450834933 0.67056 -1.9560027878201856 0.6390847452722225
12051 10520887 0.4877077667676096 1.308223513716661 0.67056 -1.9560027878201856 0.6390847452722225
12052 10520887 0.4396746486794683 1.3134080367579122 0.67056 -1.9560027878201856 0.6390847452722225
12053 10520887 0.3983229417470595 1.3159417114079397 0.67056 -1.9560027878201856 0.6390847452722225
12054 10520887 0.3446912574187692 1.3175825239787964 0.67056 -1.9560027878201856 0.6390847452722225
12055 10520887 0.2977579446031712 1.3220579945769158 0.67056 -1.9560027878201856 0.6390847452722225
12056 10520887 0.2553061789187013 1.3253025292137264 0.67056 -1.9560027878201856 0.6390847452722225
12057 10520887 0.19026976868584533 1.330088198221762 0.67056 -1.9560027878201856 0.6390847452722225
12058 10520887 0.16555432379332213 1.3332603462257104 0.67056 -1.9560027878201856 0.6390847452722225
12059 10520887 0.11961727595634496 1.3367102944355178 0.67056 -1.9560027878201856 0.6390847452722225
12060 10520887 0.09877521576034876 1.3381491560318777 0.67056 -1.9560027878201856 0.6390847452722225
12061 10520887 0.022101204555727397 1.3426514535046008 0.67056 -1.9560027878201856 0.6390847452722225
12062 10520887 -0.020385300599684356 1.3457920901453522 0.67056 -1.9560027878201856 0.6390847452722225
12063 10520887 -0.049625538430060345 1.3473481582165123 0.67056 -1.9560027878201856 0.6390847452722225
12064 10520887 -0.07886577626043634 1.3489042262876725 0.67056 -1.9560027878201856 0.6390847452722225
12065 10520887 -0.12301038943356055 1.3562093682296077 0.67056 -1.9560027878201856 0.6390847452722225
12066 10520887 -0.16332313162674228 1.3551351430461078 0.67056 -1.9560027878201856 0.6390847452722225
12067 10520887 -0.20455714321558527 1.3610218708592718 0.67056 -1.9560027878201856 0.6390847452722225
12068 10520887 -0.24635364094761125 1.3662749001149594 0.67056 -1.9560027878201856 0.6390847452722225
12069 10520887 -0.2840352150652443 1.3705332914779798 0.67056 -1.9560027878201856 0.6390847452722225
12070 10520887 -0.34091997070189994 1.3758129687963172 0.67056 -1.9560027878201856 0.6390847452722225
12071 10520887 -0.382768521039462 1.3754757231417896 0.67056 -1.9560027878201856 0.6390847452722225
12072 10520887 -0.4206442464101043 1.3804993078254084 0.67056 -1.9560027878201856 0.6390847452722225
12073 10520887 -0.4672088134685859 1.3871958018063313 0.67056 -1.9560027878201856 0.6390847452722225
12074 10520887 -0.5045090289216707 1.3942515296387668 0.67056 -1.9560027878201856 0.6390847452722225
12075 10520887 -0.5396803366817002 1.398040937918786 0.6400800000000001 -1.9560027878201856 0.6390847452722225
12076 10520887 -0.5792427055220246 1.4019811763542045 0.6400800000000001 -1.9560027878201856 0.6390847452722225
12077 10520887 -0.6032768915826144 1.4045242891550418 0.6400800000000001 -1.9560027878201856 0.6390847452722225
12078 10520887 -0.6273110776432043 1.4070674019558795 0.6400800000000001 -1.9560027878201856 0.6390847452722225
12079 10520887 -0.6707383975139636 1.4100520947444044 0.6400800000000001 -1.9560027878201856 0.6390847452722225
12080 10520887 -0.7023900341625481 1.4137428531980891 0.6400800000000001 -1.9560027878201856 0.6390847452722225
12081 10520887 -0.7336619984431643 1.4185947957592036 0.6400800000000001 -1.9560027878201856 0.6390847452722225
12082 10520887 -0.78865804493339 1.4215077612303282 0.6400800000000001 -1.9560027878201856 0.6390847452722225
12083 10520887 -0.8103027313120774 1.4232116676121562 0.6400800000000001 -1.9560027878201856 0.6390847452722225
12084 10520887 -0.8441886572402937 1.428217909434933 0.6400800000000001 -1.9560027878201856 0.6390847452722225
12085 10520887 -0.8921714755766827 1.4281370464577698 0.6400800000000001 -1.9560027878201856 0.6390847452722225
12086 10520887 -0.9187679315856458 1.4309933540587143 0.6400800000000001 -1.9560027878201856 0.6390847452722225
12087 10520887 -0.9515933418042636 1.4310965812130323 0.6400800000000001 -1.9560027878201856 0.6390847452722225
12088 10520887 -0.9892669574427562 1.4326687386686907 0.6400800000000001 -1.9560027878201856 0.6390847452722225
12089 10520887 -1.0152184677703198 1.4331530061551907 0.6400800000000001 -1.9560027878201856 0.6390847452722225
12090 10520887 -1.0411699780978831 1.4336372736416907 0.6400800000000001 -1.9560027878201856 0.6390847452722225
12091 10520887 -1.0744941718163226 1.4338457991717504 0.6400800000000001 -1.9560027878201856 0.6390847452722225
12092 10520887 -1.1078183655347622 1.4340543247018098 0.6400800000000001 -1.9560027878201856 0.6390847452722225
12093 10520887 -1.1403576094410168 1.4339479170995633 0.6400800000000001 -1.9560027878201856 0.6390847452722225
12094 10520887 -1.19024745340798 1.4311627423737971 0.6400800000000001 -1.9560027878201856 0.6390847452722225
12095 10520887 -1.2396044597382694 1.4329939854811031 0.6400800000000001 -1.9560027878201856 0.6390847452722225
12096 10520887 -1.262921357622229 1.43162418111074 0.6400800000000001 -1.9560027878201856 0.6390847452722225
12097 10520887 -1.286238255506188 1.4302543767403768 0.6400800000000001 -1.9560027878201856 0.6390847452722225
12098 10520887 -1.3195195423267778 1.4282883762095149 0.6248400000000001 -1.9560027878201856 0.6390847452722225
12099 10520887 -1.3528008291473677 1.4263223756786527 0.6096 -1.9560027878201856 0.6390847452722225
12100 10520887 -1.3809594352238144 1.427120826205185 0.6096 -1.9560027878201856 0.6390847452722225
12101 10520887 -1.4144759453843223 1.425115265999689 0.6096 -1.9560027878201856 0.6390847452722225
12102 10520887 -1.4477183056349563 1.4223191228002303 0.6096 -1.9560027878201856 0.6390847452722225
12103 10520887 -1.4867289523052138 1.418722733459591 0.6096 -1.9560027878201856 0.6390847452722225
