0 11125456 1.270232727377557 0.004235757046791966 0.3048 1.0186313058750338 -0.14485964617975305
1 11125456 1.2328406545441526 0.003950404765210497 0.3048 1.0186313058750338 -0.14485964617975305
2 11125456 1.201623608292428 0.0042181973137948294 0.32004 1.0186313058750338 -0.14485964617975305
3 11125456 1.1704065620407031 0.004485989862379164 0.33528 1.0186313058750338 -0.14485964617975305
4 11125456 1.147393540767375 0.004585607675171417 0.33528 1.0186313058750338 -0.14485964617975305
5 11125456 1.1243805194940468 0.004685225487963671 0.33528 1.0186313058750338 -0.14485964617975305
6 11125456 1.0947805021074737 0.00541819401896252 0.33528 1.0186313058750338 -0.14485964617975305
7 11125456 1.0651804847209 0.006151162549961371 0.33528 1.0186313058750338 -0.14485964617975305
8 11125456 1.0437560192293294 0.0069003651467057356 0.35052 1.0186313058750338 -0.14485964617975305
9 11125456 1.022331553737759 0.007649567743450103 0.36576 1.0186313058750338 -0.14485964617975305
10 11125456 0.9796775426723584 0.009201358103742549 0.36576 1.0186313058750338 -0.14485964617975305
11 11125456 0.9593764338265048 0.009583783531100544 0.36576 1.0186313058750338 -0.14485964617975305
12 11125456 0.9390753249806512 0.00996620895845854 0.36576 1.0186313058750338 -0.14485964617975305
13 11125456 0.9123593124527868 0.0111010805326143 0.39624 1.0186313058750338 -0.14485964617975305
14 11125456 0.8961973715337952 0.011241169528083864 0.39624 1.0186313058750338 -0.14485964617975305
15 11125456 0.8800354306148037 0.011381258523553428 0.39624 1.0186313058750338 -0.14485964617975305
16 11125456 0.8426336328566025 0.013787979496200628 0.39624 1.0186313058750338 -0.14485964617975305
17 11125456 0.8128317187392147 0.013361266876380435 0.42672 1.0186313058750338 -0.14485964617975305
18 11125456 0.7911596782341299 0.013082214048013886 0.42672 1.0186313058750338 -0.14485964617975305
19 11125456 0.7694876377290453 0.012803161219647335 0.42672 1.0186313058750338 -0.14485964617975305
20 11125456 0.7475860906574032 0.012365563840824594 0.42672 1.0186313058750338 -0.14485964617975305
21 11125456 0.7256845435857611 0.011927966462001852 0.42672 1.0186313058750338 -0.14485964617975305
22 11125456 0.7077905656633079 0.01152452816107402 0.44196 1.0186313058750338 -0.14485964617975305
23 11125456 0.6898965877408548 0.011121089860146193 0.4572000000000001 1.0186313058750338 -0.14485964617975305
24 11125456 0.6697958827092998 0.01143879428808281 0.4572000000000001 1.0186313058750338 -0.14485964617975305
25 11125456 0.6496951776777449 0.011756498716019428 0.4572000000000001 1.0186313058750338 -0.14485964617975305
26 11125456 0.614342821231725 0.010924459507448123 0.4572000000000001 1.0186313058750338 -0.14485964617975305
27 11125456 0.5952006260241745 0.010325562262314729 0.4673600000000001 1.0186313058750338 -0.14485964617975305
28 11125456 0.5760584308166239 0.00972666501718134 0.47752 1.0186313058750338 -0.14485964617975305
29 11125456 0.5569162356090733 0.009127767772047948 0.48768 1.0186313058750338 -0.14485964617975305
30 11125456 0.5163134054586902 0.009895037979066629 0.48768 1.0186313058750338 -0.14485964617975305
31 11125456 0.4896547520391695 0.011479950749065396 0.48768 1.0186313058750338 -0.14485964617975305
32 11125456 0.4775230794333208 0.011589010380092487 0.48768 1.0186313058750338 -0.14485964617975305
33 11125456 0.4653914068274722 0.01169807001111958 0.48768 1.0186313058750338 -0.14485964617975305
34 11125456 0.4231055353981593 0.015469227346054729 0.5181600000000001 1.0186313058750338 -0.14485964617975305
35 11125456 0.40576852639132144 0.01622800089918324 0.5181600000000001 1.0186313058750338 -0.14485964617975305
36 11125456 0.3884315173844836 0.016986774452311754 0.5181600000000001 1.0186313058750338 -0.14485964617975305
37 11125456 0.3715024432360841 0.01872219114448126 0.5181600000000001 1.0186313058750338 -0.14485964617975305
38 11125456 0.35457336908768466 0.020457607836650762 0.5181600000000001 1.0186313058750338 -0.14485964617975305
39 11125456 0.3250483535787603 0.022512515758060847 0.5181600000000001 1.0186313058750338 -0.14485964617975305
40 11125456 0.299526474084403 0.02594636290396754 0.54864 1.0186313058750338 -0.14485964617975305
41 11125456 0.2795526332007059 0.027333513277364743 0.54864 1.0186313058750338 -0.14485964617975305
42 11125456 0.2595787923170088 0.02872066365076195 0.54864 1.0186313058750338 -0.14485964617975305
43 11125456 0.2327819984881836 0.029884321877529013 0.54864 1.0186313058750338 -0.14485964617975305
44 11125456 0.2093809155917876 0.032742203660907965 0.57912 1.0186313058750338 -0.14485964617975305
45 11125456 0.18667200454106156 0.03391360371179947 0.57912 1.0186313058750338 -0.14485964617975305
46 11125456 0.16396309349033544 0.03508500376269097 0.57912 1.0186313058750338 -0.14485964617975305
47 11125456 0.1428027938102155 0.036918706131498016 0.57912 1.0186313058750338 -0.14485964617975305
48 11125456 0.12164249413009555 0.03875240850030506 0.57912 1.0186313058750338 -0.14485964617975305
49 11125456 0.09367875451078833 0.04286822892024966 0.57912 1.0186313058750338 -0.14485964617975305
50 11125456 0.0769056217541923 0.04589691016616677 0.59436 1.0186313058750338 -0.14485964617975305
51 11125456 0.060132488997596274 0.048925591412083885 0.6096 1.0186313058750338 -0.14485964617975305
52 11125456 0.019364351382542888 0.05734356729253001 0.6096 1.0186313058750338 -0.14485964617975305
53 11125456 -0.0059032869971527005 0.06291523428868677 0.6096 1.0186313058750338 -0.14485964617975305
54 11125456 -0.031170925376848287 0.06848690128484355 0.6096 1.0186313058750338 -0.14485964617975305
55 11125456 -0.07107646951894009 0.0795442551994198 0.6096 1.0186313058750338 -0.14485964617975305
56 11125456 -0.08595144619539535 0.08294596226319292 0.6096 1.0186313058750338 -0.14485964617975305
57 11125456 -0.10082642287185062 0.08634766932696605 0.6096 1.0186313058750338 -0.14485964617975305
58 11125456 -0.1480227260723148 0.0995549362014441 0.6096 1.0186313058750338 -0.14485964617975305
59 11125456 -0.17771247172370175 0.10925980784873517 0.6096 1.0186313058750338 -0.14485964617975305
60 11125456 -0.21637568969628476 0.12411791057157992 0.6400800000000001 1.0186313058750338 -0.14485964617975305
61 11125456 -0.24523279278568355 0.13501139226848002 0.6400800000000001 1.0186313058750338 -0.14485964617975305
62 11125456 -0.2740898958750824 0.14590487396538013 0.6400800000000001 1.0186313058750338 -0.14485964617975305
63 11125456 -0.2946595224665872 0.153622103719015 0.6400800000000001 1.0186313058750338 -0.14485964617975305
64 11125456 -0.3152291490580921 0.16133933347264987 0.6400800000000001 1.0186313058750338 -0.14485964617975305
65 11125456 -0.3478249086504759 0.17736929426825396 0.6400800000000001 1.0186313058750338 -0.14485964617975305
66 11125456 -0.3865717857109894 0.19984996500939656 0.6400800000000001 1.0186313058750338 -0.14485964617975305
67 11125456 -0.40418420050443615 0.21185830710080653 0.6553200000000001 1.0186313058750338 -0.14485964617975305
68 11125456 -0.4217966152978829 0.22386664919221647 0.67056 1.0186313058750338 -0.14485964617975305
69 11125456 -0.4494070985896397 0.24808142653884754 0.67056 1.0186313058750338 -0.14485964617975305
70 11125456 -0.4820305498010542 0.2814126011551216 0.67056 1.0186313058750338 -0.14485964617975305
71 11125456 -0.49727235695717104 0.3013503640409247 0.67056 1.0186313058750338 -0.14485964617975305
72 11125456 -0.5125141641132878 0.32128812692672776 0.67056 1.0186313058750338 -0.14485964617975305
73 11125456 -0.5268607697692805 0.3473592053782748 0.67056 1.0186313058750338 -0.14485964617975305
74 11125456 -0.5412073754252733 0.3734302838298219 0.67056 1.0186313058750338 -0.14485964617975305
75 11125456 -0.5628165903827398 0.4227892737791296 0.67056 1.0186313058750338 -0.14485964617975305
76 11125456 -0.5714748806431583 0.4547118582087132 0.67056 1.0186313058750338 -0.14485964617975305
77 11125456 -0.5801331709035769 0.4866344426382968 0.67056 1.0186313058750338 -0.14485964617975305
78 11125456 -0.5857606956747106 0.5108482003290573 0.6858000000000001 1.0186313058750338 -0.14485964617975305
79 11125456 -0.5913882204458443 0.5350619580198178 0.7010400000000001 1.0186313058750338 -0.14485964617975305
80 11125456 -0.5952986246188898 0.5726760837358333 0.7010400000000001 1.0186313058750338 -0.14485964617975305
81 11125456 -0.5992090287919354 0.6102902094518488 0.7010400000000001 1.0186313058750338 -0.14485964617975305
82 11125456 -0.6023792902444238 0.658995368945504 0.7010400000000001 1.0186313058750338 -0.14485964617975305
83 11125456 -0.6025967233216972 0.6916049864528857 0.7010400000000001 1.0186313058750338 -0.14485964617975305
84 11125456 -0.6028141563989706 0.7242146039602675 0.7010400000000001 1.0186313058750338 -0.14485964617975305
85 11125456 -0.6012260713578579 0.761666727224932 0.7010400000000001 1.0186313058750338 -0.14485964617975305
86 11125456 -0.5991353356336737 0.7972604133189292 0.7010400000000001 1.0186313058750338 -0.14485964617975305
87 11125456 -0.5970445999094895 0.8328540994129263 0.7010400000000001 1.0186313058750338 -0.14485964617975305
88 11125456 -0.5935884363899901 0.8692281174774273 0.73152 1.0186313058750338 -0.14485964617975305
89 11125456 -0.5899292413754079 0.9130132162406492 0.73152 1.0186313058750338 -0.14485964617975305
90 11125456 -0.5870584419653095 0.9380898605970864 0.73152 1.0186313058750338 -0.14485964617975305
91 11125456 -0.584187642555211 0.9631665049535236 0.73152 1.0186313058750338 -0.14485964617975305
92 11125456 -0.5813168431451126 0.9882431493099606 0.73152 1.0186313058750338 -0.14485964617975305
93 11125456 -0.5731976334979509 1.0630502094273182 0.73152 1.0186313058750338 -0.14485964617975305
94 11125456 -0.5700899128759066 1.089665635352288 0.73152 1.0186313058750338 -0.14485964617975305
95 11125456 -0.5669821922538623 1.1162810612772578 0.73152 1.0186313058750338 -0.14485964617975305
96 11125456 -0.5605868302018777 1.176580072566866 0.73152 1.0186313058750338 -0.14485964617975305
97 11125456 -0.5572855085745422 1.20704621060169 0.73152 1.0186313058750338 -0.14485964617975305
98 11125456 -0.5539841869472066 1.2375123486365138 0.73152 1.0186313058750338 -0.14485964617975305
99 11125456 -0.5501182012947099 1.2911610021108813 0.73152 1.0186313058750338 -0.14485964617975305
100 11125456 -0.5472253791275974 1.325265817806364 0.73152 1.0186313058750338 -0.14485964617975305
101 11125456 -0.5443325569604849 1.3593706335018467 0.73152 1.0186313058750338 -0.14485964617975305
102 11125456 -0.541147140839715 1.3935550486544852 0.7467600000000001 1.0186313058750338 -0.14485964617975305
103 11125456 -0.5379617247189452 1.4277394638071237 0.762 1.0186313058750338 -0.14485964617975305
104 11125456 -0.5335417809384384 1.4738464073249058 0.762 1.0186313058750338 -0.14485964617975305
105 11125456 -0.5304937991037177 1.513041329462088 0.762 1.0186313058750338 -0.14485964617975305
106 11125456 -0.5274458172689971 1.5522362515992705 0.762 1.0186313058750338 -0.14485964617975305
107 11125456 -0.5262572267266764 1.5843864498996043 0.762 1.0186313058750338 -0.14485964617975305
108 11125456 -0.5250686361843557 1.6165366481999384 0.762 1.0186313058750338 -0.14485964617975305
109 11125456 -0.5185334641816195 1.6772575426805132 0.762 1.0186313058750338 -0.14485964617975305
110 11125456 -0.5164807907398721 1.7128639919309705 0.762 1.0186313058750338 -0.14485964617975305
111 11125456 -0.5144281172981247 1.7484704411814278 0.762 1.0186313058750338 -0.14485964617975305
112 11125456 -0.5123436294131742 1.7716818504676028 0.762 1.0186313058750338 -0.14485964617975305
113 11125456 -0.5102591415282238 1.794893259753778 0.762 1.0186313058750338 -0.14485964617975305
114 11125456 -0.5085806160860902 1.8489070069532365 0.762 1.0186313058750338 -0.14485964617975305
115 11125456 -0.5058019534472603 1.8823872641128103 0.7721600000000001 1.0186313058750338 -0.14485964617975305
116 11125456 -0.5030232908084303 1.915867521272384 0.78232 1.0186313058750338 -0.14485964617975305
117 11125456 -0.5002446281696005 1.9493477784319575 0.7924800000000001 1.0186313058750338 -0.14485964617975305
118 11125456 -0.4973690019151146 1.987197204299928 0.7924800000000001 1.0186313058750338 -0.14485964617975305
119 11125456 -0.4944933756606287 2.0250466301678993 0.7924800000000001 1.0186313058750338 -0.14485964617975305
120 11125456 -0.49260689778444605 2.0796935362463747 0.7924800000000001 1.0186313058750338 -0.14485964617975305
121 11125456 -0.4909582878535614 2.1268238658363408 0.7924800000000001 1.0186313058750338 -0.14485964617975305
122 11125456 -0.48820381683202 2.168510185664891 0.7924800000000001 1.0186313058750338 -0.14485964617975305
123 11125456 -0.4854493458104785 2.2101965054934407 0.7924800000000001 1.0186313058750338 -0.14485964617975305
124 11125456 -0.4844242808178754 2.2336960534980816 0.7924800000000001 1.0186313058750338 -0.14485964617975305
125 11125456 -0.4833992158252722 2.2571956015027226 0.7924800000000001 1.0186313058750338 -0.14485964617975305
126 11125456 -0.4829499434152147 2.3172198244280886 0.7924800000000001 1.0186313058750338 -0.14485964617975305
127 11125456 -0.4813831865954763 2.3719714847315867 0.7924800000000001 1.0186313058750338 -0.14485964617975305
128 11125456 -0.4809176354103846 2.4019048588165326 0.80772 1.0186313058750338 -0.14485964617975305
129 11125456 -0.4804520842252928 2.4318382329014776 0.82296 1.0186313058750338 -0.14485964617975305
130 11125456 -0.4802568575156269 2.4704475960067587 0.82296 1.0186313058750338 -0.14485964617975305
131 11125456 -0.4800616308059609 2.50905695911204 0.82296 1.0186313058750338 -0.14485964617975305
132 11125456 -0.4803478738736669 2.5570539857970793 0.82296 1.0186313058750338 -0.14485964617975305
133 11125456 -0.4789277399247884 2.5939776056387704 0.82296 1.0186313058750338 -0.14485964617975305
134 11125456 -0.4785471223114843 2.6290797141374918 0.82296 1.0186313058750338 -0.14485964617975305
135 11125456 -0.4781665046981802 2.6641818226362126 0.82296 1.0186313058750338 -0.14485964617975305
136 11125456 -0.4783585341186725 2.7043200094861324 0.82296 1.0186313058750338 -0.14485964617975305
137 11125456 -0.478762473780087 2.7397371790945844 0.82296 1.0186313058750338 -0.14485964617975305
138 11125456 -0.4791664134415015 2.7751543487030363 0.82296 1.0186313058750338 -0.14485964617975305
139 11125456 -0.479873866881072 2.8153443358628105 0.82296 1.0186313058750338 -0.14485964617975305
140 11125456 -0.4806054703311011 2.854373879383841 0.82296 1.0186313058750338 -0.14485964617975305
141 11125456 -0.4813370737811302 2.8934034229048717 0.82296 1.0186313058750338 -0.14485964617975305
142 11125456 -0.4801486880153261 2.9554064093992523 0.82296 1.0186313058750338 -0.14485964617975305
143 11125456 -0.4794853085496685 2.986618977948212 0.8382000000000001 1.0186313058750338 -0.14485964617975305
144 11125456 -0.478821929084011 3.017831546497173 0.8534400000000001 1.0283106210632738 0.03422456732325968
145 11125456 -0.481581503389968 3.066404196759623 0.8534400000000001 1.0283106210632738 0.03422456732325968
146 11125456 -0.48213873072738106 3.1067789191812487 0.8534400000000001 1.0283106210632738 0.03422456732325968
147 11125456 -0.4830079233695265 3.149592490390669 0.8534400000000001 1.0283106210632738 0.03422456732325968
148 11125456 -0.483877116011672 3.192406061600089 0.8534400000000001 1.0283106210632738 0.03422456732325968
149 11125456 -0.4843002116921847 3.2114723317340284 0.8534400000000001 1.0283106210632738 0.03422456732325968
150 11125456 -0.4847233073726975 3.230538601867968 0.8534400000000001 1.0283106210632738 0.03422456732325968
151 11125456 -0.4889434622590902 3.3017885680080266 0.8534400000000001 1.0283106210632738 0.03422456732325968
152 11125456 -0.4909403823893042 3.345087977607785 0.8534400000000001 1.0283106210632738 0.03422456732325968
153 11125456 -0.4929373025195181 3.388387387207544 0.8534400000000001 1.0283106210632738 0.03422456732325968
154 11125456 -0.4964002146707857 3.4234034150980763 0.8534400000000001 1.0283106210632738 0.03422456732325968
155 11125456 -0.4998631268220533 3.4584194429886104 0.8534400000000001 1.0283106210632738 0.03422456732325968
156 11125456 -0.5031145224547773 3.497338873427244 0.8534400000000001 1.0283106210632738 0.03422456732325968
157 11125456 -0.5073058935942751 3.5360984322773845 0.88392 1.0283106210632738 0.03422456732325968
158 11125456 -0.5110057134316387 3.5736457107016104 0.88392 1.0283106210632738 0.03422456732325968
159 11125456 -0.5147055332690023 3.6111929891258367 0.88392 1.0283106210632738 0.03422456732325968
160 11125456 -0.5182643057114792 3.6423848499337015 0.88392 1.0283106210632738 0.03422456732325968
161 11125456 -0.5218230781539561 3.673576710741566 0.88392 1.0283106210632738 0.03422456732325968
162 11125456 -0.5256631144360904 3.7351221524763147 0.88392 1.0283106210632738 0.03422456732325968
163 11125456 -0.531110163978384 3.777096834197088 0.88392 1.0283106210632738 0.03422456732325968
164 11125456 -0.5319235846053194 3.8036519296357327 0.88392 1.0283106210632738 0.03422456732325968
165 11125456 -0.5327370052322549 3.8302070250743774 0.88392 1.0283106210632738 0.03422456732325968
166 11125456 -0.5410640523569861 3.895674045592742 0.88392 1.0283106210632738 0.03422456732325968
167 11125456 -0.544024119480752 3.932424711250897 0.88392 1.0283106210632738 0.03422456732325968
168 11125456 -0.546984186604518 3.969175376909051 0.88392 1.0283106210632738 0.03422456732325968
169 11125456 -0.5499442537282839 4.0059260425672045 0.88392 1.0283106210632738 0.03422456732325968
170 11125456 -0.5529043208520499 4.04267670822536 0.88392 1.0283106210632738 0.03422456732325968
171 11125456 -0.5554628326041741 4.083706850059073 0.88392 1.0283106210632738 0.03422456732325968
172 11125456 -0.5580213443562982 4.124736991892788 0.88392 1.0283106210632738 0.03422456732325968
173 11125456 -0.5587128165471478 4.16468907446229 0.88392 1.0283106210632738 0.03422456732325968
174 11125456 -0.5629049342152886 4.21361470082612 0.88392 1.0283106210632738 0.03422456732325968
175 11125456 -0.5670970518834295 4.262540327189951 0.88392 1.0283106210632738 0.03422456732325968
176 11125456 -0.5704567330606243 4.303832727152392 0.88392 1.0283106210632738 0.03422456732325968
177 11125456 -0.573134488642091 4.332283239873946 0.88392 1.0283106210632738 0.03422456732325968
178 11125456 -0.5758122442235578 4.3607337525954994 0.88392 1.0283106210632738 0.03422456732325968
179 11125456 -0.5786903589849146 4.4018687095069025 0.88392 1.0283106210632738 0.03422456732325968
180 11125456 -0.5844919370708349 4.459032634163624 0.9144 1.0283106210632738 0.03422456732325968
181 11125456 -0.5875428305295093 4.495024768569807 0.9144 1.0283106210632738 0.03422456732325968
182 11125456 -0.5905937239881835 4.531016902975988 0.9144 1.0283106210632738 0.03422456732325968
183 11125456 -0.5944834824367913 4.577740852668443 0.9144 1.0283106210632738 0.03422456732325968
184 11125456 -0.5972756421688235 4.609909499320478 0.9144 1.0283106210632738 0.03422456732325968
185 11125456 -0.6000678019008556 4.642078145972514 0.9144 1.0283106210632738 0.03422456732325968
186 11125456 -0.6063845477891214 4.706888836040363 0.9144 1.0283106210632738 0.03422456732325968
187 11125456 -0.6110055157454141 4.742284839753808 0.9144 1.0283106210632738 0.03422456732325968
188 11125456 -0.6156264837017067 4.777680843467256 0.9144 1.0283106210632738 0.03422456732325968
189 11125456 -0.6203162367562588 4.812865737124816 0.9144 1.0283106210632738 0.03422456732325968
190 11125456 -0.6250059898108109 4.8480506307823745 0.9144 1.0283106210632738 0.03422456732325968
191 11125456 -0.623483162795126 4.848300735066572 0.9143216452442159 1.0283106210632738 0.03422456732325968
192 11125456 -0.6219603357794411 4.848550839350772 0.914243290488432 1.0283106210632738 0.03422456732325968
193 11125456 -0.620437508763756 4.84880094363497 0.914164935732648 1.0283106210632738 0.03422456732325968
194 11125456 -0.6189146817480711 4.8490510479191675 0.914086580976864 1.0283106210632738 0.03422456732325968
195 11125456 -0.6173918547323861 4.849301152203368 0.9140082262210798 1.0283106210632738 0.03422456732325968
196 11125456 -0.6158690277167012 4.849551256487566 0.9139298714652956 1.0283106210632738 0.03422456732325968
197 11125456 -0.6143462007010162 4.8498013607717665 0.9138515167095116 1.0283106210632738 0.03422456732325968
198 11125456 -0.6128233736853312 4.850051465055964 0.9137731619537276 1.0283106210632738 0.03422456732325968
199 11125456 -0.6113005466696463 4.8503015693401625 0.9136948071979436 1.0283106210632738 0.03422456732325968
200 11125456 -0.6097777196539613 4.850551673624363 0.9136164524421596 1.0283106210632738 0.03422456732325968
201 11125456 -0.6082548926382763 4.8508017779085595 0.9135380976863754 1.0283106210632738 0.03422456732325968
202 11125456 -0.6067320656225913 4.851051882192759 0.9134597429305914 1.0283106210632738 0.03422456732325968
203 11125456 -0.6052092386069063 4.851301986476958 0.9133813881748072 1.0283106210632738 0.03422456732325968
204 11125456 -0.6036864115912214 4.851552090761158 0.9133030334190232 1.0283106210632738 0.03422456732325968
205 11125456 -0.6021635845755364 4.851802195045355 0.9132246786632392 1.0283106210632738 0.03422456732325968
206 11125456 -0.6006407575598515 4.8520522993295545 0.9131463239074552 1.0283106210632738 0.03422456732325968
207 11125456 -0.5991179305441665 4.852302403613753 0.9130679691516712 1.0283106210632738 0.03422456732325968
208 11125456 -0.5975951035284816 4.852552507897952 0.9129896143958871 1.0283106210632738 0.03422456732325968
209 11125456 -0.5960722765127966 4.852802612182151 0.9129112596401028 1.0283106210632738 0.03422456732325968
210 11125456 -0.5945494494971116 4.853052716466348 0.9128329048843188 1.0283106210632738 0.03422456732325968
211 11125456 -0.5930266224814267 4.853302820750549 0.9127545501285348 1.0283106210632738 0.03422456732325968
212 11125456 -0.5915037954657417 4.853552925034747 0.9126761953727508 1.0283106210632738 0.03422456732325968
213 11125456 -0.5899809684500568 4.853803029318946 0.9125978406169668 1.0283106210632738 0.03422456732325968
214 11125456 -0.5884581414343718 4.854053133603144 0.9125194858611826 1.0283106210632738 0.03422456732325968
215 11125456 -0.5869353144186868 4.8543032378873425 0.9124411311053986 1.0283106210632738 0.03422456732325968
216 11125456 -0.5854124874030019 4.854553342171542 0.9123627763496144 1.0283106210632738 0.03422456732325968
217 11125456 -0.5838896603873169 4.854803446455741 0.9122844215938304 1.0283106210632738 0.03422456732325968
218 11125456 -0.5823668333716321 4.855053550739941 0.9122060668380464 1.0283106210632738 0.03422456732325968
219 11125456 -0.580844006355947 4.855303655024139 0.9121277120822624 1.0283106210632738 0.03422456732325968
220 11125456 -0.5793211793402621 4.8555537593083375 0.9120493573264784 1.0283106210632738 0.03422456732325968
221 11125456 -0.5777983523245771 4.855803863592536 0.9119710025706942 1.0283106210632738 0.03422456732325968
222 11125456 -0.576275525308892 4.856053967876735 0.91189264781491 1.0283106210632738 0.03422456732325968
223 11125456 -0.5747526982932071 4.856304072160934 0.911814293059126 1.0283106210632738 0.03422456732325968
224 11125456 -0.5732298712775221 4.856554176445132 0.911735938303342 1.0283106210632738 0.03422456732325968
225 11125456 -0.5717070442618372 4.856804280729332 0.911657583547558 1.0283106210632738 0.03422456732325968
226 11125456 -0.5701842172461522 4.85705438501353 0.911579228791774 1.0283106210632738 0.03422456732325968
227 11125456 -0.5686613902304672 4.8573044892977295 0.9115008740359898 1.0283106210632738 0.03422456732325968
228 11125456 -0.5671385632147823 4.857554593581928 0.9114225192802058 1.0283106210632738 0.03422456732325968
229 11125456 -0.5656157361990973 4.857804697866127 0.9113441645244216 1.0283106210632738 0.03422456732325968
230 11125456 -0.5640929091834124 4.858054802150327 0.9112658097686376 1.0283106210632738 0.03422456732325968
231 11125456 -0.5625700821677274 4.858304906434523 0.9111874550128536 1.0283106210632738 0.03422456732325968
232 11125456 -0.5610472551520425 4.858555010718723 0.9111091002570696 1.0283106210632738 0.03422456732325968
233 11125456 -0.5595244281363575 4.858805115002922 0.9110307455012856 1.0283106210632738 0.03422456732325968
234 11125456 -0.5580016011206725 4.8590552192871215 0.9109523907455014 1.0283106210632738 0.03422456732325968
235 11125456 -0.5564787741049876 4.859305323571318 0.9108740359897172 1.0283106210632738 0.03422456732325968
236 11125456 -0.5549559470893026 4.859555427855518 0.9107956812339332 1.0283106210632738 0.03422456732325968
237 11125456 -0.5534331200736177 4.859805532139717 0.9107173264781492 1.0283106210632738 0.03422456732325968
238 11125456 -0.5519102930579327 4.860055636423916 0.9106389717223652 1.0283106210632738 0.03422456732325968
239 11125456 -0.5503874660422476 4.860305740708115 0.9105606169665812 1.0283106210632738 0.03422456732325968
