10429 10979952 3.3590613744295634 -0.802998477627722 0.4572000000000001 1.3435223177691895 -3.3410664387372035
10430 10979952 3.353573231511292 -0.7708360911993342 0.4572000000000001 1.3435223177691895 -3.3410664387372035
10431 10979952 3.3493599226124613 -0.7347676074595881 0.4572000000000001 1.3435223177691895 -3.3410664387372035
10432 10979952 3.3442956356005693 -0.7040284053647978 0.4572000000000001 1.3435223177691895 -3.3410664387372035
10433 10979952 3.3392313485886778 -0.6732892032700076 0.4572000000000001 1.3435223177691895 -3.3410664387372035
10434 10979952 3.3326301353792958 -0.6438589791971467 0.4572000000000001 1.3435223177691895 -3.3410664387372035
10435 10979952 3.326028922169913 -0.6144287551242859 0.4572000000000001 1.3435223177691895 -3.3410664387372035
10436 10979952 3.3191199611792714 -0.5818608696809608 0.4572000000000001 1.3435223177691895 -3.3410664387372035
10437 10979952 3.312211000188629 -0.549292984237636 0.4572000000000001 1.3435223177691895 -3.3410664387372035
10438 10979952 3.3066478299008 -0.520084573483127 0.44196 1.3435223177691895 -3.3410664387372035
10439 10979952 3.301084659612971 -0.4908761627286181 0.42672 1.3435223177691895 -3.3410664387372035
10440 10979952 3.2955977238666643 -0.4587138292309406 0.42672 1.3435223177691895 -3.3410664387372035
10441 10979952 3.2885038385783742 -0.4301154909984434 0.42672 1.3435223177691895 -3.3410664387372035
10442 10979952 3.281409953290084 -0.4015171527659461 0.42672 1.3435223177691895 -3.3410664387372035
10443 10979952 3.2755250165331686 -0.3746566700268626 0.42672 1.3435223177691895 -3.3410664387372035
10444 10979952 3.269640079776253 -0.34779618728777906 0.42672 1.3435223177691895 -3.3410664387372035
10445 10979952 3.2629142272906044 -0.3177992593724553 0.42672 1.3435223177691895 -3.3410664387372035
10446 10979952 3.2531835664414306 -0.28939152756190445 0.42672 1.3435223177691895 -3.3410664387372035
10447 10979952 3.239793966889705 -0.2637612263852047 0.42672 1.3435223177691895 -3.3410664387372035
10448 10979952 3.2264043673379783 -0.238130925208505 0.42672 1.3435223177691895 -3.3410664387372035
10449 10979952 3.207577773978522 -0.21691713798998505 0.42672 1.3435223177691895 -3.3410664387372035
10450 10979952 3.1887511806190645 -0.19570335077146508 0.42672 1.3435223177691895 -3.3410664387372035
10451 10979952 3.1675028424247413 -0.17918931279971514 0.42672 1.3435223177691895 -3.3410664387372035
10452 10979952 3.14734264830544 -0.1647825755376555 0.42672 1.3435223177691895 -3.3410664387372035
10453 10979952 3.125156857944051 -0.15386151304303186 0.4114800000000001 1.3435223177691895 -3.3410664387372035
10454 10979952 3.1029710675826623 -0.14294045054840818 0.39624 1.3435223177691895 -3.3410664387372035
10455 10979952 3.0779718054925875 -0.1297575501938852 0.39624 1.3435223177691895 -3.3410664387372035
10456 10979952 3.052135700900334 -0.11641820228314073 0.39624 1.3435223177691895 -3.3410664387372035
10457 10979952 3.0276609813723208 -0.10842933339218523 0.39624 1.3435223177691895 -3.3410664387372035
10458 10979952 3.0031862618443075 -0.10044046450122976 0.39624 1.3435223177691895 -3.3410664387372035
10459 10979952 2.977165729692373 -0.08902646393104255 0.39624 1.3435223177691895 -3.3410664387372035
10460 10979952 2.949422251900628 -0.08289075370612811 0.39624 1.3435223177691895 -3.3410664387372035
10461 10979952 2.9210127162096526 -0.07852338913141724 0.39624 1.3435223177691895 -3.3410664387372035
10462 10979952 2.8925401662126267 -0.07407687442011135 0.39624 1.3435223177691895 -3.3410664387372035
10463 10979952 2.8640676162156002 -0.06963035970880546 0.39624 1.3435223177691895 -3.3410664387372035
10464 10979952 2.8335943660891294 -0.0650562350758799 0.39624 1.3435223177691895 -3.3410664387372035
10465 10979952 2.803249146608954 -0.057369712970159886 0.39624 1.3435223177691895 -3.3410664387372035
10466 10979952 2.774607164204843 -0.058065780331580635 0.39624 1.3435223177691895 -3.3410664387372035
10467 10979952 2.7459651818007327 -0.05876184769300138 0.39624 1.3435223177691895 -3.3410664387372035
10468 10979952 2.714689456879766 -0.053925247645647684 0.39624 1.3435223177691895 -3.3410664387372035
10469 10979952 2.6815454827536644 -0.048011241407012066 0.39624 1.3435223177691895 -3.3410664387372035
10470 10979952 2.648401508627563 -0.04209723516837646 0.39624 1.3435223177691895 -3.3410664387372035
10471 10979952 2.6139106310101865 -0.035684766509271736 0.39624 1.3435223177691895 -3.3410664387372035
10472 10979952 2.57941975339281 -0.029272297850167026 0.39624 1.3435223177691895 -3.3410664387372035
10473 10979952 2.5460496537540696 -0.02731405876837586 0.39624 1.3435223177691895 -3.3410664387372035
10474 10979952 2.512679554115329 -0.02535581968658471 0.39624 1.3435223177691895 -3.3410664387372035
10475 10979952 2.4804263562389868 -0.024871730644638903 0.39624 1.3435223177691895 -3.3410664387372035
10476 10979952 2.4481731583626445 -0.024387641602693102 0.39624 1.3435223177691895 -3.3410664387372035
10477 10979952 2.4116685906503834 -0.0200619672616906 0.39624 1.3435223177691895 -3.3410664387372035
10478 10979952 2.3751640229381223 -0.015736292920688094 0.39624 1.3435223177691895 -3.3410664387372035
10479 10979952 2.3419288872636583 -0.017442616820612874 0.39624 1.3435223177691895 -3.3410664387372035
10480 10979952 2.3086937515891943 -0.01914894072053766 0.39624 1.3435223177691895 -3.3410664387372035
10481 10979952 2.2759950173447896 -0.015948475836082443 0.39624 1.3435223177691895 -3.3410664387372035
10482 10979952 2.2432962831003853 -0.012748010951627227 0.39624 1.3435223177691895 -3.3410664387372035
10483 10979952 2.2086931581345843 -0.011028239540105872 0.36576 1.3435223177691895 -3.3410664387372035
10484 10979952 2.1762619371777223 -0.010543142833681879 0.36576 1.3435223177691895 -3.3410664387372035
10485 10979952 2.1438307162208603 -0.010058046127257886 0.36576 1.3435223177691895 -3.3410664387372035
10486 10979952 2.1091353773992845 -0.008891811728948068 0.36576 1.3435223177691895 -3.3410664387372035
10487 10979952 2.0734493899179656 -0.005999984911288961 0.36576 1.3435223177691895 -3.3410664387372035
10488 10979952 2.0377634024366467 -0.0031081580936298536 0.36576 1.3435223177691895 -3.3410664387372035
10489 10979952 2.004705574245734 -0.0048126076540379314 0.36576 1.3435223177691895 -3.3410664387372035
10490 10979952 1.9727837998723323 -0.005076995833538961 0.36576 1.3435223177691895 -3.3410664387372035
10491 10979952 1.9408620254989304 -0.0053413840130399895 0.36576 1.3435223177691895 -3.3410664387372035
10492 10979952 1.908940251125529 -0.005605772192541021 0.36576 1.3435223177691895 -3.3410664387372035
10493 10979952 1.8770184767521267 -0.005870160372042049 0.36576 1.3435223177691895 -3.3410664387372035
10494 10979952 1.8439604055691805 -0.0075738626254714106 0.36576 1.3435223177691895 -3.3410664387372035
10495 10979952 1.813987799769436 -0.007714971276710904 0.36576 1.3435223177691895 -3.3410664387372035
10496 10979952 1.7840151939696909 -0.007856079927950399 0.36576 1.3435223177691895 -3.3410664387372035
10497 10979952 1.7537548061909172 -0.009421659153882015 0.35052 1.3435223177691895 -3.3410664387372035
10498 10979952 1.7234944184121432 -0.010987238379813635 0.33528 1.3435223177691895 -3.3410664387372035
10499 10979952 1.6949202858377008 -0.011467822183294368 0.33528 1.3435223177691895 -3.3410664387372035
10500 10979952 1.6663461532632586 -0.0119484059867751 0.33528 1.3435223177691895 -3.3410664387372035
10501 10979952 1.6371889166415932 -0.0101355727806222 0.33528 1.3435223177691895 -3.3410664387372035
10502 10979952 1.6087901868369183 -0.006000263683303309 0.33528 1.3435223177691895 -3.3410664387372035
10503 10979952 1.5809494377225468 -0.006953660936154654 0.33528 1.3435223177691895 -3.3410664387372035
10504 10979952 1.5532559866051212 -0.010174713646114305 0.33528 1.3435223177691895 -3.3410664387372035
10505 10979952 1.5237319156335547 -0.008124802970613104 0.33528 1.3435223177691895 -3.3410664387372035
10506 10979952 1.4950102642047187 -0.006336873992526275 0.3048 1.3435223177691895 -3.3410664387372035
10507 10979952 1.4657536162967282 -0.004373968731367001 0.3048 1.3435223177691895 -3.3410664387372035
10508 10979952 1.4364969683887376 -0.002411063470207725 0.3048 1.3435223177691895 -3.3410664387372035
10509 10979952 1.4072403204807469 -0.00044815820904844933 0.3048 1.3435223177691895 -3.3410664387372035
10510 10979952 1.3806970945597323 0.0012127514910585113 0.3048 1.3435223177691895 -3.3410664387372035
10511 10979952 1.3539814326604431 0.002346008742665287 0.3048 1.3435223177691895 -3.3410664387372035
10512 10979952 1.3272657707611537 0.0034792659942720627 0.3048 1.3435223177691895 -3.3410664387372035
10513 10979952 1.3027389752058758 0.0031578302356009696 0.3048 1.3435223177691895 -3.3410664387372035
10514 10979952 1.278212179650598 0.002836394476929877 0.3048 1.3435223177691895 -3.3410664387372035
10515 10979952 1.2536853840953202 0.0025149587182587835 0.3048 1.3435223177691895 -3.3410664387372035
10516 10979952 1.231461310204135 -0.00027199241818573466 0.3048 1.3435223177691895 -3.3410664387372035
10517 10979952 1.2099049787439309 0.00034458177694633024 0.3048 1.3435223177691895 -3.3410664387372035
10518 10979952 1.188348647283726 0.0009611559720783953 0.3048 1.3435223177691895 -3.3410664387372035
10519 10979952 1.1671361533909386 0.00036570483633411335 0.3048 1.3435223177691895 -3.3410664387372035
10520 10979952 1.145923659498151 -0.0002297462994101686 0.3048 1.3435223177691895 -3.3410664387372035
10521 10979952 1.1247111656053634 -0.0008251974351544504 0.3048 1.3435223177691895 -3.3410664387372035
10522 10979952 1.103498671712576 -0.0014206485708987324 0.3048 1.3435223177691895 -3.3410664387372035
10523 10979952 1.0822861778197883 -0.0020160997066430144 0.3048 1.3435223177691895 -3.3410664387372035
10524 10979952 1.061073683927001 -0.002611550842387296 0.3048 1.3435223177691895 -3.3410664387372035
10525 10979952 1.0398611900342134 -0.0032070019781315785 0.3048 1.3435223177691895 -3.3410664387372035
10526 10979952 1.0186486961414258 -0.00380245311387586 0.3048 1.3435223177691895 -3.3410664387372035
10527 10979952 0.9974362022486384 -0.0043979042496201425 0.3048 1.3435223177691895 -3.3410664387372035
10528 10979952 0.9762237083558508 -0.004993355385364424 0.3048 1.3435223177691895 -3.3410664387372035
10529 10979952 0.9550112144630633 -0.0055888065211087065 0.3048 1.3435223177691895 -3.3410664387372035
10530 10979952 0.9337987205702756 -0.006184257656852986 0.3048 1.3435223177691895 -3.3410664387372035
10531 10979952 0.9064273803946149 -0.007054978723247313 0.3048 1.3435223177691895 -3.3410664387372035
10532 10979952 0.8752277236104617 -0.0060516028161046904 0.3048 1.3435223177691895 -3.3410664387372035
10533 10979952 0.8440280668263084 -0.00504822690896207 0.3048 1.3435223177691895 -3.3410664387372035
10534 10979952 0.8128284100421551 -0.0040448510018194495 0.3048 1.3435223177691895 -3.3410664387372035
10535 10979952 0.7811797252975852 -0.005094683987758364 0.3048 1.3435223177691895 -3.3410664387372035
10536 10979952 0.7495310405530153 -0.006144516973697278 0.3048 1.3435223177691895 -3.3410664387372035
10537 10979952 0.7165515795560555 -0.007869194328550738 0.3048 1.3435223177691895 -3.3410664387372035
10538 10979952 0.6832398271610799 -0.009251505248120823 0.33528 1.3435223177691895 -3.3410664387372035
10539 10979952 0.6505580038470393 -0.011423648037583806 0.33528 1.3435223177691895 -3.3410664387372035
10540 10979952 0.6172461443680635 -0.012805650069605684 0.33528 1.3435223177691895 -3.3410664387372035
10541 10979952 0.5818418761969658 -0.013795778525117541 0.33528 1.3435223177691895 -3.3410664387372035
10542 10979952 0.5464376080258682 -0.0147859069806294 0.33528 1.3435223177691895 -3.3410664387372035
10543 10979952 0.5129531217270538 -0.016695205031263885 0.33528 1.3435223177691895 -3.3410664387372035
10544 10979952 0.4787042421550575 -0.014148674193253384 0.33528 1.3435223177691895 -3.3410664387372035
10545 10979952 0.4444553625830611 -0.011602143355242886 0.33528 1.3435223177691895 -3.3410664387372035
10546 10979952 0.4070529657215965 -0.009193125981608513 0.33528 1.3435223177691895 -3.3410664387372035
10547 10979952 0.3703059468375046 -0.004778345454377969 0.33528 1.3435223177691895 -3.3410664387372035
10548 10979952 0.33407715297101737 -0.004212766873539275 0.35052 1.3435223177691895 -3.3410664387372035
10549 10979952 0.2978483591045301 -0.003647188292700581 0.36576 1.3435223177691895 -3.3410664387372035
10550 10979952 0.26012334169999785 -0.002767523218599688 0.36576 1.3435223177691895 -3.3410664387372035
10551 10979952 0.2223983242954656 -0.001887858144498794 0.36576 1.3435223177691895 -3.3410664387372035
10552 10979952 0.1865045846905986 -0.004643992432724786 0.36576 1.3435223177691895 -3.3410664387372035
10553 10979952 0.149922321784841 -0.007875921726104268 0.36576 1.3435223177691895 -3.3410664387372035
10554 10979952 0.11155284933324594 -0.009238347128261187 0.36576 1.3435223177691895 -3.3410664387372035
10555 10979952 0.07318337688165089 -0.010600772530418108 0.36576 1.3435223177691895 -3.3410664387372035
10556 10979952 0.03771535993715025 -0.011509272840680372 0.36576 1.3435223177691895 -3.3410664387372035
10557 10979952 0.00021597184242161396 -0.014148609534471569 0.381 1.3435223177691895 -3.3410664387372035
10558 10979952 -0.037283416252307015 -0.016787946228262768 0.39624 1.3435223177691895 -3.3410664387372035
10559 10979952 -0.0758722203349832 -0.019363017417003886 0.39624 1.3435223177691895 -3.3410664387372035
10560 10979952 -0.1124550032679824 -0.02259360011796266 0.39624 1.3435223177691895 -3.3410664387372035
10561 10979952 -0.15033065762244344 -0.022714298390832083 0.39624 1.3435223177691895 -3.3410664387372035
10562 10979952 -0.1904186966405177 -0.021994809861376943 0.39624 1.3435223177691895 -3.3410664387372035
10563 10979952 -0.2277952658256064 -0.027652532932557733 0.39624 1.3435223177691895 -3.3410664387372035
10564 10979952 -0.2668956393281017 -0.031110867903953038 0.39624 1.3435223177691895 -3.3410664387372035
10565 10979952 -0.30599601283059696 -0.034569202875348336 0.39624 1.3435223177691895 -3.3410664387372035
10566 10979952 -0.3420400211626924 -0.03750755033378403 0.39624 1.3435223177691895 -3.3410664387372035
10567 10979952 -0.3818242912928651 -0.042377525325795064 0.42672 1.3435223177691895 -3.3410664387372035
10568 10979952 -0.4203620904217769 -0.04479229800110698 0.42672 1.3435223177691895 -3.3410664387372035
10569 10979952 -0.4588998895506886 -0.04720707067641891 0.42672 1.3435223177691895 -3.3410664387372035
10570 10979952 -0.4996079791302554 -0.04675065183195262 0.42672 1.3435223177691895 -3.3410664387372035
10571 10979952 -0.5384264088702879 -0.04866429055323565 0.42672 1.3435223177691895 -3.3410664387372035
10572 10979952 -0.5765849151017589 -0.04991714651374388 0.42672 1.3435223177691895 -3.3410664387372035
10573 10979952 -0.6147434213332299 -0.0511700024742521 0.42672 1.3435223177691895 -3.3410664387372035
10574 10979952 -0.6520174553166498 -0.056508851185799985 0.42672 1.3435223177691895 -3.3410664387372035
10575 10979952 -0.6911649016166492 -0.060241856066934475 0.44196 1.3435223177691895 -3.3410664387372035
10576 10979952 -0.7303123479166487 -0.06397486094806895 0.4572000000000001 1.3435223177691895 -3.3410664387372035
10577 10979952 -0.7730037457979222 -0.06251809009434088 0.4572000000000001 1.3435223177691895 -3.3410664387372035
10578 10979952 -0.8119952611341981 -0.06495799261759402 0.4572000000000001 1.3435223177691895 -3.3410664387372035
10579 10979952 -0.8501585799626539 -0.06486446517216063 0.4572000000000001 1.3435223177691895 -3.3410664387372035
10580 10979952 -0.8903625771427317 -0.0642203414756796 0.4572000000000001 1.3435223177691895 -3.3410664387372035
10581 10979952 -0.928243427018586 -0.06801584516867333 0.47243999999999997 1.3435223177691895 -3.3410664387372035
10582 10979952 -0.9661242768944402 -0.0718113488616671 0.48768 1.3435223177691895 -3.3410664387372035
10583 10979952 -1.004795193606672 -0.07435514989707573 0.48768 1.3435223177691895 -3.3410664387372035
10584 10979952 -1.041829423217465 -0.07977058519942612 0.48768 1.3435223177691895 -3.3410664387372035
10585 10979952 -1.078863652828258 -0.08518602050177651 0.48768 1.3435223177691895 -3.3410664387372035
10586 10979952 -1.1178558039222517 -0.08762424966094476 0.48768 1.3435223177691895 -3.3410664387372035
10587 10979952 -1.1542250059869088 -0.09290623239812393 0.48768 1.3435223177691895 -3.3410664387372035
10588 10979952 -1.192755793578918 -0.09800687050244668 0.48768 1.3435223177691895 -3.3410664387372035
10589 10979952 -1.231286581170927 -0.10310750860676944 0.48768 1.3435223177691895 -3.3410664387372035
10590 10979952 -1.2705681925085397 -0.10778709226413366 0.5181600000000001 1.3435223177691895 -3.3410664387372035
10591 10979952 -1.3034217490963862 -0.11725589828580645 0.5181600000000001 1.3435223177691895 -3.3410664387372035
10592 10979952 -1.3454085915867835 -0.12069994152024036 0.5181600000000001 1.3435223177691895 -3.3410664387372035
10593 10979952 -1.3805894741293672 -0.12940735244567886 0.5181600000000001 1.3435223177691895 -3.3410664387372035
10594 10979952 -1.4198481867339343 -0.1337432292669465 0.5181600000000001 1.3435223177691895 -3.3410664387372035
10595 10979952 -1.4548548924938205 -0.14028739839840498 0.5181600000000001 1.3435223177691895 -3.3410664387372035
10596 10979952 -1.4941025926971672 -0.1448602081733477 0.5181600000000001 1.3435223177691895 -3.3410664387372035
10597 10979952 -1.5310811087206984 -0.1506423432308628 0.54864 1.3435223177691895 -3.3410664387372035
10598 10979952 -1.5698103221421418 -0.1528138465222532 0.54864 1.3435223177691895 -3.3410664387372035
10599 10979952 -1.6085395355635852 -0.15498534981364356 0.54864 1.3435223177691895 -3.3410664387372035
10600 10979952 -1.6460367551722497 -0.15773470018345678 0.54864 1.3435223177691895 -3.3410664387372035
10601 10979952 -1.6835339747809142 -0.16048405055326997 0.54864 1.3435223177691895 -3.3410664387372035
10602 10979952 -1.7234144253962869 -0.16630921137527785 0.54864 1.3435223177691895 -3.3410664387372035
10603 10979952 -1.7632948760116596 -0.1721343721972857 0.54864 1.3435223177691895 -3.3410664387372035
10604 10979952 -1.8026796105630167 -0.18051651830851176 0.54864 1.3435223177691895 -3.3410664387372035
10605 10979952 -1.8420643451143748 -0.18889866441973785 0.54864 1.3435223177691895 -3.3410664387372035
10606 10979952 -1.8807700631644133 -0.19995621241816186 0.5638799999999999 1.3435223177691895 -3.3410664387372035
10607 10979952 -1.919475781214452 -0.21101376041658584 0.57912 1.3435223177691895 -3.3410664387372035
10608 10979952 -1.9537515080329908 -0.22889476992664665 0.57912 1.3435223177691895 -3.3410664387372035
10609 10979952 -1.9880272348515295 -0.2467757794367074 0.57912 1.3435223177691895 -3.3410664387372035
10610 10979952 -2.0209232308226497 -0.2713004979454188 0.57912 1.3435223177691895 -3.3410664387372035
10611 10979952 -2.0498827222114198 -0.2980475621084236 0.59436 1.3435223177691895 -3.3410664387372035
10612 10979952 -2.078842213600189 -0.3247946262714284 0.6096 1.3435223177691895 -3.3410664387372035
10613 10979952 -2.102295198840251 -0.3580165472401856 0.6096 1.3435223177691895 -3.3410664387372035
10614 10979952 -2.125748184080313 -0.3912384682089428 0.6096 1.3435223177691895 -3.3410664387372035
10615 10979952 -2.149201169320375 -0.4244603891776999 0.6096 1.3435223177691895 -3.3410664387372035
10616 10979952 -2.1666531534511755 -0.4615148498535512 0.6096 1.3435223177691895 -3.3410664387372035
10617 10979952 -2.1833485013319804 -0.5037241236049922 0.6096 1.3435223177691895 -3.3410664387372035
10618 10979952 -2.2000438492127854 -0.5459333973564332 0.6096 1.3435223177691895 -3.3410664387372035
10619 10979952 -2.205747703807061 -0.5891678765076288 0.6400800000000001 1.3435223177691895 -3.3410664387372035
10620 10979952 -2.2082884738706765 -0.6295229316572117 0.6400800000000001 1.3435223177691895 -3.3410664387372035
10621 10979952 -2.210829243934292 -0.6698779868067947 0.6400800000000001 1.3435223177691895 -3.3410664387372035
10622 10979952 -2.213133698011079 -0.7143997190173903 0.6400800000000001 1.3435223177691895 -3.3410664387372035
10623 10979952 -2.2154381520878665 -0.7589214512279858 0.6400800000000001 1.3435223177691895 -3.3410664387372035
10624 10979952 -2.215246976665157 -0.8077647180401527 0.6400800000000001 1.3435223177691895 -3.3410664387372035
10625 10979952 -2.215055801242447 -0.8566079848523196 0.6400800000000001 1.3435223177691895 -3.3410664387372035
10626 10979952 -2.2142610480664318 -0.9044218199234992 0.6096 1.3435223177691895 -3.3410664387372035
10627 10979952 -2.211626077536357 -0.9581537676249068 0.6096 1.3435223177691895 -3.3410664387372035
10628 10979952 -2.2089911070062818 -1.0118857153263143 0.6096 1.3435223177691895 -3.3410664387372035
10629 10979952 -2.206111787907763 -1.0628349380773758 0.6096 1.3435223177691895 -3.3410664387372035
10630 10979952 -2.2023077959808126 -1.1128597349514897 0.6248400000000001 1.3435223177691895 -3.3410664387372035
10631 10979952 -2.1985038040538623 -1.1628845318256034 0.6400800000000001 1.3435223177691895 -3.3410664387372035
10632 10979952 -2.1930872127412875 -1.2123267275274396 0.6400800000000001 1.3435223177691895 -3.3410664387372035
10633 10979952 -2.1876706214287127 -1.261768923229276 0.6400800000000001 1.3435223177691895 -3.3410664387372035
10634 10979952 -2.1783608360131868 -1.3175085524748569 0.6400800000000001 1.3435223177691895 -3.3410664387372035
10635 10979952 -2.169162808799971 -1.370874748134009 0.6400800000000001 1.3435223177691895 -3.3410664387372035
10636 10979952 -2.160775609971606 -1.421288345529485 0.6400800000000001 1.3435223177691895 -3.3410664387372035
10637 10979952 -2.1523922592628653 -1.4703569178281444 0.6400800000000001 1.3435223177691895 -3.3410664387372035
10638 10979952 -2.1440089085541247 -1.5194254901268045 0.6400800000000001 1.3435223177691895 -3.3410664387372035
10639 10979952 -2.1364234415625774 -1.569576612717955 0.6400800000000001 1.3435223177691895 -3.3410664387372035
10640 10979952 -2.11987832808192 -1.6186855640818791 0.6400800000000001 1.3435223177691895 -3.3410664387372035
10641 10979952 -2.1033332146012618 -1.6677945154458034 0.6400800000000001 1.3435223177691895 -3.3410664387372035
10642 10979952 -2.08273386942615 -1.7123873627171562 0.67056 1.3435223177691895 -3.3410664387372035
10643 10979952 -2.058431993799916 -1.7542184231326354 0.67056 1.3435223177691895 -3.3410664387372035
10644 10979952 -2.0341301181736817 -1.7960494835481149 0.67056 1.7273858371318156 -4.295656849804978
10645 10979952 -2.0023709545942743 -1.831380985552855 0.67056 1.7273858371318156 -4.295656849804978
10646 10979952 -1.9706117910148655 -1.8667124875575944 0.67056 1.7273858371318156 -4.295656849804978
10647 10979952 -1.939211484864629 -1.8870683233388532 0.67056 1.7273858371318156 -4.295656849804978
10648 10979952 -1.907811178714392 -1.907424159120112 0.67056 1.7273858371318156 -4.295656849804978
10649 10979952 -1.8764108725641548 -1.9277799949013703 0.67056 1.7273858371318156 -4.295656849804978
10650 10979952 -1.8116757684052436 -1.9539736644803742 0.67056 1.7273858371318156 -4.295656849804978
10651 10979952 -1.7688088176407717 -1.96308454080492 0.67056 1.7273858371318156 -4.295656849804978
10652 10979952 -1.7241001192657075 -1.9714536479129383 0.67056 1.7273858371318156 -4.295656849804978
10653 10979952 -1.6793914208906433 -1.9798227550209566 0.67056 1.7273858371318156 -4.295656849804978
10654 10979952 -1.6325632998431916 -1.9849704770379504 0.67056 1.7273858371318156 -4.295656849804978
10655 10979952 -1.5895053530462884 -1.986431586838068 0.67056 1.7273858371318156 -4.295656849804978
10656 10979952 -1.5430297931642096 -1.9883086352906476 0.67056 1.7273858371318156 -4.295656849804978
10657 10979952 -1.4965542332821309 -1.9901856837432264 0.67056 1.7273858371318156 -4.295656849804978
10658 10979952 -1.450078673400052 -1.9920627321958055 0.67056 1.7273858371318156 -4.295656849804978
10659 10979952 -1.4014457417272543 -1.992775230091868 0.67056 1.7273858371318156 -4.295656849804978
10660 10979952 -1.351363486630418 -1.9890542556566044 0.67056 1.7273858371318156 -4.295656849804978
10661 10979952 -1.3052077561645536 -1.989189908528323 0.67056 1.7273858371318156 -4.295656849804978
10662 10979952 -1.2618614293224757 -1.988406795214941 0.67056 1.7273858371318156 -4.295656849804978
10663 10979952 -1.2109011230179023 -1.9898790032440141 0.67056 1.7273858371318156 -4.295656849804978
10664 10979952 -1.1645266322254653 -1.9888000408130488 0.67056 1.7273858371318156 -4.295656849804978
10665 10979952 -1.1181521414330278 -1.987721078382084 0.67056 1.7273858371318156 -4.295656849804978
10666 10979952 -1.0719278099386256 -1.9876441113913144 0.67056 1.7273858371318156 -4.295656849804978
10667 10979952 -1.0226744742787812 -1.9864540764503529 0.67056 1.7273858371318156 -4.295656849804978
10668 10979952 -0.9740423256682544 -1.9871636474796743 0.67056 1.7273858371318156 -4.295656849804978
