30664 10979952 2.908301721349828 4.661188723145086 0.67056 -4.443374505586858 -5.668115354216138
30665 10979952 2.8902989947758866 4.614498112100255 0.67056 -4.443374505586858 -5.668115354216138
30666 10979952 2.8722328704765534 4.567477742819609 0.67056 -4.443374505586858 -5.668115354216138
30667 10979952 2.85416674617722 4.520457373538962 0.67056 -4.443374505586858 -5.668115354216138
30668 10979952 2.8335175635329284 4.474631250906328 0.67056 -4.443374505586858 -5.668115354216138
30669 10979952 2.815594884522457 4.427914513436966 0.67056 -4.443374505586858 -5.668115354216138
30670 10979952 2.797672158945418 4.381197798718453 0.6553200000000001 -4.443374505586858 -5.668115354216138
30671 10979952 2.7797494333683783 4.334481083999941 0.6400800000000001 -4.443374505586858 -5.668115354216138
30672 10979952 2.766638353092786 4.286192631411091 0.6400800000000001 -4.443374505586858 -5.668115354216138
30673 10979952 2.7502735043828457 4.238811277808783 0.6400800000000001 -4.443374505586858 -5.668115354216138
30674 10979952 2.7339086556729053 4.191429924206473 0.6400800000000001 -4.443374505586858 -5.668115354216138
30675 10979952 2.717543806962965 4.144048570604165 0.6400800000000001 -4.443374505586858 -5.668115354216138
30676 10979952 2.7027854904335724 4.098868360022498 0.6400800000000001 -4.443374505586858 -5.668115354216138
30677 10979952 2.6865099650471 4.049043458800981 0.6400800000000001 -4.443374505586858 -5.668115354216138
30678 10979952 2.6681733015659916 4.001060094455036 0.6248400000000001 -4.443374505586858 -5.668115354216138
30679 10979952 2.649836638084884 3.9530767301090872 0.6096 -5.360127564704305 -4.810420060212736
30680 10979952 2.6319137125668632 3.906360123233757 0.6096 -5.360127564704305 -4.810420060212736
30681 10979952 2.6131976659219136 3.857215625163636 0.6096 -5.360127564704305 -4.810420060212736
30682 10979952 2.5904626601620526 3.812070926977795 0.6096 -5.360127564704305 -4.810420060212736
30683 10979952 2.555539827391652 3.7133127670547585 0.6096 -5.360127564704305 -4.810420060212736
30684 10979952 2.5465782779329778 3.689954505258784 0.59436 -5.360127564704305 -4.810420060212736
30685 10979952 2.537616728474304 3.6665962434628088 0.57912 -5.360127564704305 -4.810420060212736
30686 10979952 2.519858320450486 3.612232303595032 0.57912 -5.360127564704305 -4.810420060212736
30687 10979952 2.5027895608153807 3.5599795892878126 0.57912 -5.360127564704305 -4.810420060212736
30688 10979952 2.4864449317334985 3.5099436610239088 0.57912 -5.360127564704305 -4.810420060212736
30689 10979952 2.4702727156552053 3.46043554197432 0.57912 -5.360127564704305 -4.810420060212736
30690 10979952 2.4549204610340447 3.4052856340376723 0.57912 -5.360127564704305 -4.810420060212736
30691 10979952 2.4402234083369523 3.3521413790664454 0.57912 -5.360127564704305 -4.810420060212736
30692 10979952 2.422430564267703 3.297671894098553 0.57912 -5.360127564704305 -4.810420060212736
30693 10979952 2.4054825376432096 3.2457886608288438 0.57912 -5.360127564704305 -4.810420060212736
30694 10979952 2.3885345110187157 3.1939054275591348 0.57912 -5.360127564704305 -4.810420060212736
30695 10979952 2.356079217240614 3.0863972510734583 0.57912 -5.360127564704305 -4.810420060212736
30696 10979952 2.347596594788163 3.0604292491940077 0.57912 -5.360127564704305 -4.810420060212736
30697 10979952 2.339113972335712 3.034461247314556 0.57912 -5.360127564704305 -4.810420060212736
30698 10979952 2.324555021226952 2.9817392168421315 0.57912 -5.360127564704305 -4.810420060212736
30699 10979952 2.3092030379786377 2.9265892741747823 0.57912 -5.360127564704305 -4.810420060212736
30700 10979952 2.2938510547303235 2.871439331507432 0.57912 -5.360127564704305 -4.810420060212736
30701 10979952 2.278361201836808 2.8158671352067524 0.57912 -5.360127564704305 -4.810420060212736
30702 10979952 2.263147244351165 2.761139420365331 0.57912 -5.360127564704305 -4.810420060212736
30703 10979952 2.2476574698307075 2.705567211143108 0.57912 -5.360127564704305 -4.810420060212736
30704 10979952 2.2300371845207096 2.6516255460955818 0.57912 -5.360127564704305 -4.810420060212736
30705 10979952 2.2125893113207757 2.598211693075504 0.57912 -5.360127564704305 -4.810420060212736
30706 10979952 2.1951414381208423 2.5447978400554248 0.57912 -5.360127564704305 -4.810420060212736
30707 10979952 2.1769213536225007 2.4930965518260657 0.57912 -5.360127564704305 -4.810420060212736
30708 10979952 2.1587012691241596 2.441395263596708 0.57912 -5.360127564704305 -4.810420060212736
30709 10979952 2.139295153678489 2.390139818551092 0.57912 -5.360127564704305 -4.810420060212736
30710 10979952 2.122398962944303 2.3384149727810173 0.57912 -5.360127564704305 -4.810420060212736
30711 10979952 2.1021997100945526 2.2847316545438043 0.57912 -5.360127564704305 -4.810420060212736
30712 10979952 2.0820693859920243 2.2312594759262088 0.57912 -5.360127564704305 -4.810420060212736
30713 10979952 2.06493178967843 2.1787957294352567 0.57912 -5.360127564704305 -4.810420060212736
30714 10979952 2.047932123145585 2.1267542308638703 0.57912 -5.360127564704305 -4.810420060212736
30715 10979952 2.026222699467316 2.0766016832566083 0.57912 -5.360127564704305 -4.810420060212736
30716 10979952 2.005885361437893 2.022496202920156 0.57912 -5.360127564704305 -4.810420060212736
30717 10979952 1.983946373818964 1.9721850148004525 0.57912 -5.360127564704305 -4.810420060212736
30718 10979952 1.9620073862000351 1.9218738266807496 0.57912 -5.360127564704305 -4.810420060212736
30719 10979952 1.9351170184106439 1.8727127700534132 0.57912 -5.360127564704305 -4.810420060212736
30720 10979952 1.9074108952261424 1.821598539131992 0.57912 -5.360127564704305 -4.810420060212736
30721 10979952 1.8767983156984012 1.7768077046035344 0.57912 -5.360127564704305 -4.810420060212736
30722 10979952 1.843239771768604 1.7325119557611823 0.57912 -5.360127564704305 -4.810420060212736
30723 10979952 1.8080673810330068 1.6914304281919903 0.57912 -5.360127564704305 -4.810420060212736
30724 10979952 1.7700959957307585 1.6485763441443333 0.57912 -5.360127564704305 -4.810420060212736
30725 10979952 1.688084852290634 1.5725613053070642 0.57912 -5.360127564704305 -4.810420060212736
30726 10979952 1.6659892819016742 1.5546620948718632 0.57912 -5.360127564704305 -4.810420060212736
30727 10979952 1.6438937115127146 1.5367628844366619 0.57912 -5.360127564704305 -4.810420060212736
30728 10979952 1.5990272012858453 1.5027040486293908 0.57912 -5.360127564704305 -4.810420060212736
30729 10979952 1.5541606910589758 1.4686452128221197 0.57912 -5.360127564704305 -4.810420060212736
30730 10979952 1.5046342894737488 1.4420671193771808 0.57912 -5.360127564704305 -4.810420060212736
30731 10979952 1.4544178082436423 1.413378172212039 0.54864 -5.360127564704305 -4.810420060212736
30732 10979952 1.4056494375933162 1.3891230354965016 0.54864 -5.360127564704305 -4.810420060212736
30733 10979952 1.2971067822655065 1.3544900899388792 0.54864 -5.360127564704305 -4.810420060212736
30734 10979952 1.2697018609309128 1.3494248719166368 0.5638799999999999 -5.360127564704305 -4.810420060212736
30735 10979952 1.2422969395963193 1.3443596538943947 0.57912 -5.360127564704305 -4.810420060212736
30736 10979952 1.1872145706192092 1.3374731243148208 0.57912 -5.360127564704305 -4.810420060212736
30737 10979952 1.1321322016420992 1.3305865947352469 0.57912 -5.360127564704305 -4.810420060212736
30738 10979952 1.0770596197540525 1.3284875403380718 0.57912 -5.360127564704305 -4.810420060212736
30739 10979952 1.0219870378660056 1.326388485940897 0.57912 -5.360127564704305 -4.810420060212736
30740 10979952 0.9712912992198934 1.3277665656701767 0.57912 -5.360127564704305 -4.810420060212736
30741 10979952 0.9174140070331842 1.3291917937200388 0.57912 -5.360127564704305 -4.810420060212736
30742 10979952 0.8635367148464749 1.330617021769901 0.57912 -5.360127564704305 -4.810420060212736
30743 10979952 0.7850184021137503 1.3348965675745132 0.57912 -5.360127564704305 -4.810420060212736
30744 10979952 0.7478383191981239 1.335247364616322 0.57912 -5.360127564704305 -4.810420060212736
30745 10979952 0.7106582362824978 1.335598161658131 0.57912 -5.360127564704305 -4.810420060212736
30746 10979952 0.6591685662179372 1.3345506887335012 0.57912 -5.360127564704305 -4.810420060212736
30747 10979952 0.6108108979528968 1.3357511850680357 0.57912 -5.360127564704305 -4.810420060212736
30748 10979952 0.5614069638940129 1.3340226866316591 0.57912 -5.360127564704305 -4.810420060212736
30749 10979952 0.5128766306350009 1.3346960745307028 0.57912 -5.360127564704305 -4.810420060212736
30750 10979952 0.4626526319856325 1.3386104436647692 0.57912 -5.360127564704305 -4.810420060212736
30751 10979952 0.4167696909406779 1.3384191557999972 0.57912 -5.360127564704305 -4.810420060212736
30752 10979952 0.3692892077119692 1.3344275469120597 0.6096 -5.360127564704305 -4.810420060212736
30753 10979952 0.3189269916377251 1.3379207177625392 0.6096 -5.360127564704305 -4.810420060212736
30754 10979952 0.2711095854685356 1.341049729185391 0.6096 -5.360127564704305 -4.810420060212736
30755 10979952 0.22507792266426074 1.341492348301424 0.6096 -5.360127564704305 -4.810420060212736
30756 10979952 0.1769456023677457 1.339584420974563 0.6096 -5.360127564704305 -4.810420060212736
30757 10979952 0.12881328207123066 1.3376764936477026 0.6096 -5.360127564704305 -4.810420060212736
30758 10979952 0.08181521620967924 1.335164549809834 0.6096 -5.360127564704305 -4.810420060212736
30759 10979952 0.03779756808961765 1.3322627316129887 0.6096 -5.360127564704305 -4.810420060212736
30760 10979952 -0.00866154628522331 1.330042461105417 0.6096 -5.360127564704305 -4.810420060212736
30761 10979952 -0.050846219570322086 1.3259577368762516 0.6096 -5.360127564704305 -4.810420060212736
30762 10979952 -0.09447164920169317 1.325615583825101 0.6096 -5.360127564704305 -4.810420060212736
30763 10979952 -0.13586283530622698 1.3239590657231444 0.6096 -5.360127564704305 -4.810420060212736
30764 10979952 -0.17605926096878055 1.3245993348252172 0.6096 -5.360127564704305 -4.810420060212736
30765 10979952 -0.21625574182872587 1.3252398317751524 0.6096 -5.360127564704305 -4.810420060212736
30766 10979952 -0.2541359981384137 1.3261748608867543 0.6096 -5.360127564704305 -4.810420060212736
30767 10979952 -0.29201625444810153 1.3271098899983564 0.6096 -5.360127564704305 -4.810420060212736
30768 10979952 -0.332143869972656 1.3279621467538851 0.6096 -5.360127564704305 -4.810420060212736
30769 10979952 -0.3692779895079888 1.3298220456542391 0.6096 -5.360127564704305 -4.810420060212736
30770 10979952 -0.40827557598043496 1.3314152585514138 0.59436 -5.360127564704305 -4.810420060212736
30771 10979952 -0.4472731624528812 1.3330084714485888 0.57912 -5.360127564704305 -4.810420060212736
30772 10979952 -0.489232310580715 1.3366802927794947 0.57912 -5.360127564704305 -4.810420060212736
30773 10979952 -0.5270456445952361 1.3361926749181297 0.57912 -5.360127564704305 -4.810420060212736
30774 10979952 -0.5723884033984621 1.3387514739626234 0.57912 -5.360127564704305 -4.810420060212736
30775 10979952 -0.6129865339501888 1.3395253911003533 0.57912 -5.360127564704305 -4.810420060212736
30776 10979952 -0.656026088639166 1.3409810406885176 0.54864 -5.360127564704305 -4.810420060212736
30777 10979952 -0.6995041314322104 1.340009919620171 0.54864 -5.360127564704305 -4.810420060212736
30778 10979952 -0.7404149439713332 1.3381995131596056 0.54864 -5.360127564704305 -4.810420060212736
30779 10979952 -0.7848008499720589 1.3355395181927323 0.54864 -5.360127564704305 -4.810420060212736
30780 10979952 -0.8245802481161826 1.3306722887514015 0.54864 -5.360127564704305 -4.810420060212736
30781 10979952 -0.8682414809552921 1.3302293428479213 0.54864 -5.360127564704305 -4.810420060212736
30782 10979952 -0.9100613086156916 1.325912977161945 0.54864 -5.360127564704305 -4.810420060212736
30783 10979952 -0.9484388110402936 1.3239761591149986 0.54864 -5.360127564704305 -4.810420060212736
30784 10979952 -0.987424646890567 1.321537452193693 0.54864 -5.360127564704305 -4.810420060212736
30785 10979952 -1.03280266003605 1.3239936467093425 0.5181600000000001 -5.360127564704305 -4.810420060212736
30786 10979952 -1.074076460481446 1.326101019156302 0.5181600000000001 -5.360127564704305 -4.810420060212736
30787 10979952 -1.1153502609268418 1.3282083916032612 0.5181600000000001 -5.360127564704305 -4.810420060212736
30788 10979952 -1.1548921694696734 1.3308596140956237 0.5181600000000001 -5.360127564704305 -4.810420060212736
30789 10979952 -1.1975010500505858 1.3336380214593628 0.5181600000000001 -5.360127564704305 -4.810420060212736
30790 10979952 -1.2401099306314989 1.3364164288231015 0.5181600000000001 -5.360127564704305 -4.810420060212736
30791 10979952 -1.2862822694876404 1.33644666389845 0.48768 -5.360127564704305 -4.810420060212736
30792 10979952 -1.3279303192644158 1.3326604898416528 0.48768 -5.360127564704305 -4.810420060212736
30793 10979952 -1.3703725396455326 1.326446987929915 0.48768 -5.360127564704305 -4.810420060212736
30794 10979952 -1.4113715783445817 1.3097134629612317 0.48768 -5.360127564704305 -4.810420060212736
30795 10979952 -1.4523706170436312 1.2929799379925482 0.48768 -5.360127564704305 -4.810420060212736
30796 10979952 -1.488747080241847 1.26865888418211 0.48768 -5.360127564704305 -4.810420060212736
30797 10979952 -1.5251235434400627 1.2443378303716717 0.48768 -5.360127564704305 -4.810420060212736
30798 10979952 -1.5894234169752333 1.1797279110032777 0.48768 -5.360127564704305 -4.810420060212736
30799 10979952 -1.6166846648058693 1.1463495836172626 0.4572000000000001 -5.360127564704305 -4.810420060212736
30800 10979952 -1.6332854225571798 1.1200385153882344 0.4572000000000001 -5.360127564704305 -4.810420060212736
30801 10979952 -1.6498861803084903 1.0937274471592064 0.4572000000000001 -5.360127564704305 -4.810420060212736
30802 10979952 -1.666486938059801 1.0674163789301785 0.4572000000000001 -5.360127564704305 -4.810420060212736
30803 10979952 -1.6926769556676355 1.0007970261832295 0.4572000000000001 -5.360127564704305 -4.810420060212736
30804 10979952 -1.7044080348931745 0.9670411648150412 0.44196 -5.360127564704305 -4.810420060212736
30805 10979952 -1.7161391141187134 0.9332853034468528 0.42672 -5.360127564704305 -4.810420060212736
30806 10979952 -1.726564962540016 0.8837671135528455 0.42672 -5.360127564704305 -4.810420060212736
30807 10979952 -1.7347383125129632 0.8099102576118469 0.42672 -5.360127564704305 -4.810420060212736
30808 10979952 -1.7364991931682143 0.7760183283335391 0.42672 -5.360127564704305 -4.810420060212736
30809 10979952 -1.738260073823466 0.7421263990552315 0.42672 -5.360127564704305 -4.810420060212736
30810 10979952 -1.7363082156529823 0.6965043104845641 0.42672 -5.360127564704305 -4.810420060212736
30811 10979952 -1.7320954371111967 0.6523626247853652 0.42672 -5.360127564704305 -4.810420060212736
30812 10979952 -1.7302205109790685 0.6092194302291242 0.42672 -5.360127564704305 -4.810420060212736
30813 10979952 -1.7237203527061615 0.5693537120701853 0.42672 -5.360127564704305 -4.810420060212736
30814 10979952 -1.7184567620726818 0.5275168482750896 0.42672 -5.360127564704305 -4.810420060212736
30815 10979952 -1.713193171439202 0.4856799844799939 0.42672 -5.360127564704305 -4.810420060212736
30816 10979952 -1.7079295808057224 0.4438431206848983 0.42672 -5.360127564704305 -4.810420060212736
30817 10979952 -1.7005143894231407 0.4013414933463692 0.42672 -5.360127564704305 -4.810420060212736
30818 10979952 -1.6967526157986097 0.3626054524747749 0.42672 -5.360127564704305 -4.810420060212736
30819 10979952 -1.6905489620188672 0.3231875401709061 0.42672 -5.360127564704305 -4.810420060212736
30820 10979952 -1.6831331742497575 0.28068588022043994 0.39624 -5.360127564704305 -4.810420060212736
30821 10979952 -1.6718860976076144 0.23903418508912674 0.39624 -5.360127564704305 -4.810420060212736
30822 10979952 -1.6562314219092271 0.2072354166722936 0.39624 -5.360127564704305 -4.810420060212736
30823 10979952 -1.6405767462108405 0.17543664825546051 0.39624 -5.360127564704305 -4.810420060212736
30824 10979952 -1.6249220705124532 0.1436378798386274 0.39624 -5.360127564704305 -4.810420060212736
30825 10979952 -1.6012048542835997 0.1156672571823669 0.39624 -5.360127564704305 -4.810420060212736
30826 10979952 -1.5769910842822519 0.0905721655735194 0.39624 -5.360127564704305 -4.810420060212736
30827 10979952 -1.550809415526314 0.07149335443553602 0.39624 -5.360127564704305 -4.810420060212736
30828 10979952 -1.520921569063112 0.054240304192922216 0.39624 -5.360127564704305 -4.810420060212736
30829 10979952 -1.4893057535489391 0.04389989934857138 0.39624 -5.360127564704305 -4.810420060212736
30830 10979952 -1.4581852875445238 0.031501739191796635 0.39624 -5.360127564704305 -4.810420060212736
30831 10979952 -1.4254320353428382 0.02300956540632401 0.39624 -5.360127564704305 -4.810420060212736
30832 10979952 -1.3947045417130848 0.018101010581674543 0.39624 -5.360127564704305 -4.810420060212736
30833 10979952 -1.36140925176507 0.012352811692853157 0.39624 -5.360127564704305 -4.810420060212736
30834 10979952 -1.3278965369302 0.006183153952041581 0.39624 -5.360127564704305 -4.810420060212736
30835 10979952 -1.2975590454445098 0.0011688960354963864 0.39624 -5.360127564704305 -4.810420060212736
30836 10979952 -1.2646676294047057 -0.006900335940979857 0.39624 -5.360127564704305 -4.810420060212736
30837 10979952 -1.2320779737216194 -0.0077436836588221925 0.39624 -5.360127564704305 -4.810420060212736
30838 10979952 -1.2009120867793577 -0.010224352435744516 0.39624 -5.360127564704305 -4.810420060212736
30839 10979952 -1.169668615901538 -0.015183825560098813 0.39624 -5.360127564704305 -4.810420060212736
30840 10979952 -1.1307155773191355 -0.014222730887947873 0.381 -5.360127564704305 -4.810420060212736
30841 10979952 -1.0917625387367331 -0.01326163621579693 0.36576 -5.360127564704305 -4.810420060212736
30842 10979952 -1.0662771235109192 -0.014098335764363987 0.36576 -5.360127564704305 -4.810420060212736
30843 10979952 -1.0407917082851053 -0.014935035312931047 0.36576 -5.360127564704305 -4.810420060212736
30844 10979952 -1.015306293059291 -0.015771734861498105 0.36576 -5.360127564704305 -4.810420060212736
30845 10979952 -0.9854676139748128 -0.01524714127475671 0.36576 -5.360127564704305 -4.810420060212736
30846 10979952 -0.9543683824182974 -0.015485057719386937 0.36576 -5.360127564704305 -4.810420060212736
30847 10979952 -0.923269150861782 -0.015722974164017158 0.36576 -5.360127564704305 -4.810420060212736
30848 10979952 -0.8926713110798967 -0.01287588439691892 0.36576 -5.360127564704305 -4.810420060212736
30849 10979952 -0.8601510788354354 -0.013928623826448466 0.33528 -5.360127564704305 -4.810420060212736
30850 10979952 -0.8323506533813476 -0.010400306408583332 0.33528 -5.360127564704305 -4.810420060212736
30851 10979952 -0.8015812839696128 -0.007842571777591123 0.33528 -5.360127564704305 -4.810420060212736
30852 10979952 -0.7708119145578785 -0.005284837146598914 0.33528 -5.360127564704305 -4.810420060212736
30853 10979952 -0.7401573795098175 -0.002806218578555647 0.33528 -5.360127564704305 -4.810420060212736
30854 10979952 -0.706774609475812 -0.0012194785974520006 0.33528 -5.360127564704305 -4.810420060212736
30855 10979952 -0.6766016431252541 0.0014168267660599474 0.33528 -5.360127564704305 -4.810420060212736
30856 10979952 -0.6440471966031145 0.000470627954079178 0.33528 -5.360127564704305 -4.810420060212736
30857 10979952 -0.6109622708997104 0.0025056463491014698 0.33528 -5.360127564704305 -4.810420060212736
30858 10979952 -0.5787401046829335 0.0019020228972762845 0.33528 -5.360127564704305 -4.810420060212736
30859 10979952 -0.5492876292114804 0.0009773246088585763 0.32004 -5.360127564704305 -4.810420060212736
30860 10979952 -0.5198351537400274 5.262632044086834e-05 0.3048 -5.360127564704305 -4.810420060212736
30861 10979952 -0.4854601812142056 -0.0034742330840469016 0.3048 -5.360127564704305 -4.810420060212736
30862 10979952 -0.4555764375056399 -0.003079200007790189 0.3048 -5.360127564704305 -4.810420060212736
30863 10979952 -0.4265208748148004 -0.005217301485508058 0.3048 -5.360127564704305 -4.810420060212736
30864 10979952 -0.3953124010338893 -0.010278905559762158 0.3048 -5.360127564704305 -4.810420060212736
30865 10979952 -0.3651743609890483 -0.0077468309080682965 0.3048 -5.360127564704305 -4.810420060212736
30866 10979952 -0.33419942964726035 -0.005371389412308053 0.3048 -5.360127564704305 -4.810420060212736
30867 10979952 -0.30468257210540384 -0.0047390115504214745 0.3048 -5.360127564704305 -4.810420060212736
30868 10979952 -0.27446682579065595 -0.004685477255828768 0.3048 -5.360127564704305 -4.810420060212736
30869 10979952 -0.2445833262728938 -0.004289556148599855 0.27432 -5.360127564704305 -4.810420060212736
30870 10979952 -0.21404430323852752 -0.001887993630423052 0.27432 -5.360127564704305 -4.810420060212736
30871 10979952 -0.1814558606945691 -0.002726515716843819 0.27432 -5.360127564704305 -4.810420060212736
30872 10979952 -0.1528929959392033 0.0017816738913616907 0.27432 -5.360127564704305 -4.810420060212736
30873 10979952 -0.12433013118383753 0.0062898634995672 0.27432 -5.360127564704305 -4.810420060212736
30874 10979952 -0.09419253421081107 0.008823083835449412 0.27432 -5.360127564704305 -4.810420060212736
30875 10979952 -0.06380457146363361 0.009405283115424795 0.27432 -5.360127564704305 -4.810420060212736
30876 10979952 -0.03482963050837373 0.007295015080629547 0.27432 -5.360127564704305 -4.810420060212736
30877 10979952 -0.005556217947176535 0.005554628050313149 0.27432 -5.360127564704305 -4.810420060212736
30878 10979952 0.025986485698023976 0.002605326696737492 0.27432 -5.360127564704305 -4.810420060212736
30879 10979952 0.08032756547305686 0.0020185310473693767 0.27432 -5.360127564704305 -4.810420060212736
30880 10979952 0.09384758052928843 0.002623420306624921 0.27432 -5.360127564704305 -4.810420060212736
30881 10979952 0.10736759558552 0.003228309565880466 0.27432 -5.360127564704305 -4.810420060212736
30882 10979952 0.13445106135842044 0.0018537206233589234 0.27432 -5.360127564704305 -4.810420060212736
30883 10979952 0.16011110492376446 -0.0011585002355038176 0.27432 -5.360127564704305 -4.810420060212736
30884 10979952 0.1862706300617406 0.0027927503728684693 0.27432 -5.360127564704305 -4.810420060212736
30885 10979952 0.210040787649448 0.0021508013443866936 0.27432 -5.360127564704305 -4.810420060212736
30886 10979952 0.23354318182595865 0.0034073290254039296 0.27432 -5.360127564704305 -4.810420060212736
30887 10979952 0.25704557600246924 0.0046638567064211656 0.27432 -5.360127564704305 -4.810420060212736
30888 10979952 0.2760700415897205 0.005806717139116513 0.27432 -5.360127564704305 -4.810420060212736
30889 10979952 0.29840772424247297 0.00621732984301976 0.24384 -5.360127564704305 -4.810420060212736
30890 10979952 0.2983972522547495 0.006216808663199205 0.24384 -5.360127564704305 -4.810420060212736
30891 10979952 0.29838678026702603 0.00621628748337865 0.24384 -5.360127564704305 -4.810420060212736
30892 10979952 0.2983763082793025 0.006215766303558096 0.24384 -5.360127564704305 -4.810420060212736
30893 10979952 0.29836583629157903 0.006215245123737542 0.24384 -5.360127564704305 -4.810420060212736
30894 10979952 0.2983553643038555 0.006214723943916988 0.24384 -5.360127564704305 -4.810420060212736
30895 10979952 0.29834489231613204 0.006214202764096434 0.24384 -5.360127564704305 -4.810420060212736
30896 10979952 0.29833442032840857 0.00621368158427588 0.24384 -5.360127564704305 -4.810420060212736
30897 10979952 0.2983239483406851 0.006213160404455327 0.24384 -5.360127564704305 -4.810420060212736
30898 10979952 0.2983134763529616 0.0062126392246347716 0.24384 -5.360127564704305 -4.810420060212736
30899 10979952 0.2983030043652381 0.006212118044814218 0.24384 -5.360127564704305 -4.810420060212736
30900 10979952 0.29829253237751463 0.006211596864993664 0.24384 -5.360127564704305 -4.810420060212736
30901 10979952 0.2982820603897911 0.00621107568517311 0.24384 -5.360127564704305 -4.810420060212736
30902 10979952 0.29827158840206763 0.006210554505352556 0.24384 -5.360127564704305 -4.810420060212736
30903 10979952 0.29826111641434416 0.006210033325532003 0.24384 -5.360127564704305 -4.810420060212736
