33308 10520887 -3.024762149514157 3.2295187950055437 0.7912842369556691 -4.803869604382854 -2.9908706039691046
33309 10520887 -3.0251905791674654 3.2282497130641334 0.7911646606512358 -4.803869604382854 -2.9908706039691046
33310 10520887 -3.0256190088207733 3.2269806311227214 0.7910450843468028 -4.803869604382854 -2.9908706039691046
33311 10520887 -3.026047438474081 3.2257115491813098 0.7909255080423696 -4.803869604382854 -2.9908706039691046
33312 10520887 -3.0264758681273887 3.224442467239899 0.7908059317379366 -4.803869604382854 -2.9908706039691046
33313 10520887 -3.0269042977806966 3.2231733852984883 0.7906863554335034 -4.803869604382854 -2.9908706039691046
33314 10520887 -3.0273327274340045 3.2219043033570767 0.7905667791290703 -4.803869604382854 -2.9908706039691046
33315 10520887 -3.0277611570873124 3.220635221415665 0.7904472028246372 -4.803869604382854 -2.9908706039691046
33316 10520887 -3.0281895867406203 3.219366139474254 0.790327626520204 -4.803869604382854 -2.9908706039691046
33317 10520887 -3.028618016393928 3.2180970575328427 0.790208050215771 -4.803869604382854 -2.9908706039691046
33318 10520887 -3.029046446047236 3.2168279755914315 0.7900884739113379 -4.803869604382854 -2.9908706039691046
33319 10520887 -3.029474875700544 3.2155588936500203 0.7899688976069047 -4.803869604382854 -2.9908706039691046
33320 10520887 -3.029903305353852 3.2142898117086087 0.7898493213024717 -4.803869604382854 -2.9908706039691046
33321 10520887 -3.0303317350071595 3.213020729767198 0.7897297449980385 -4.803869604382854 -2.9908706039691046
33322 10520887 -3.0307601646604674 3.2117516478257864 0.7896101686936055 -4.803869604382854 -2.9908706039691046
33323 10520887 -3.031188594313775 3.210482565884375 0.7894905923891723 -4.803869604382854 -2.9908706039691046
33324 10520887 -3.0316170239670828 3.209213483942964 0.7893710160847391 -4.803869604382854 -2.9908706039691046
33325 10520887 -3.0320454536203907 3.2079444020015533 0.7892514397803061 -4.803869604382854 -2.9908706039691046
33326 10520887 -3.0324738832736986 3.2066753200601417 0.7891318634758729 -4.803869604382854 -2.9908706039691046
33327 10520887 -3.0329023129270065 3.20540623811873 0.7890122871714399 -4.803869604382854 -2.9908706039691046
33328 10520887 -3.0333307425803144 3.204137156177319 0.7888927108670067 -4.803869604382854 -2.9908706039691046
33329 10520887 -3.033759172233622 3.202868074235908 0.7887731345625736 -4.803869604382854 -2.9908706039691046
33330 10520887 -3.0341876018869303 3.2015989922944965 0.7886535582581405 -4.803869604382854 -2.9908706039691046
33331 10520887 -3.0346160315402377 3.2003299103530853 0.7885339819537074 -4.803869604382854 -2.9908706039691046
33332 10520887 -3.0350444611935457 3.1990608284116737 0.7884144056492743 -4.803869604382854 -2.9908706039691046
33333 10520887 -3.0354728908468536 3.1977917464702625 0.7882948293448412 -4.803869604382854 -2.9908706039691046
33334 10520887 -3.035901320500161 3.196522664528852 0.7881752530404079 -4.803869604382854 -2.9908706039691046
33335 10520887 -3.036329750153469 3.19525358258744 0.788055676735975 -4.803869604382854 -2.9908706039691046
33336 10520887 -3.0367581798067764 3.1939845006460286 0.7879361004315418 -4.803869604382854 -2.9908706039691046
33337 10520887 -3.0371866094600852 3.1927154187046174 0.7878165241271088 -4.803869604382854 -2.9908706039691046
33338 10520887 -3.0376150391133927 3.191446336763206 0.7876969478226756 -4.803869604382854 -2.9908706039691046
33339 10520887 -3.0380434687667006 3.1901772548217946 0.7875773715182425 -4.803869604382854 -2.9908706039691046
33340 10520887 -3.0384718984200085 3.188908172880384 0.7874577952138094 -4.803869604382854 -2.9908706039691046
33341 10520887 -3.038900328073316 3.1876390909389727 0.7873382189093763 -4.803869604382854 -2.9908706039691046
33342 10520887 -3.0393287577266235 3.1863700089975606 0.7872186426049432 -4.803869604382854 -2.9908706039691046
33343 10520887 -3.039757187379932 3.18510092705615 0.7870990663005101 -4.803869604382854 -2.9908706039691046
33344 10520887 -3.04018561703324 3.1838318451147387 0.7869794899960769 -4.803869604382854 -2.9908706039691046
33345 10520887 -3.040614046686548 3.1825627631733275 0.7868599136916439 -4.803869604382854 -2.9908706039691046
33346 10520887 -3.041042476339855 3.1812936812319164 0.7867403373872107 -4.803869604382854 -2.9908706039691046
33347 10520887 -3.041470905993163 3.1800245992905047 0.7866207610827777 -4.803869604382854 -2.9908706039691046
33348 10520887 -3.0418993356464714 3.1787555173490936 0.7865011847783445 -4.803869604382854 -2.9908706039691046
33349 10520887 -3.0423277652997784 3.1774864354076824 0.7863816084739114 -4.803869604382854 -2.9908706039691046
33350 10520887 -3.042756194953087 3.1762173534662717 0.7862620321694783 -4.803869604382854 -2.9908706039691046
33351 10520887 -3.0431846246063943 3.1749482715248596 0.7861424558650452 -4.803869604382854 -2.9908706039691046
33352 10520887 -3.0436130542597013 3.1736791895834484 0.7860228795606121 -4.803869604382854 -2.9908706039691046
33353 10520887 -3.0440414839130097 3.172410107642037 0.7859033032561791 -4.803869604382854 -2.9908706039691046
33354 10520887 -3.044469913566318 3.1711410257006265 0.7857837269517458 -4.803869604382854 -2.9908706039691046
33355 10520887 -3.0448983432196264 3.169871943759215 0.7856641506473128 -4.803869604382854 -2.9908706039691046
33356 10520887 -3.045326772872934 3.168602861817804 0.7855445743428796 -4.803869604382854 -2.9908706039691046
33357 10520887 -3.0457552025262413 3.167333779876392 0.7854249980384466 -4.803869604382854 -2.9908706039691046
33358 10520887 -3.046183632179549 3.166064697934982 0.7853054217340134 -4.803869604382854 -2.9908706039691046
