41440 11374945 -0.5347703410436246 -0.0048787158456782545 0.27432 -2.539071146049634 -3.238923059552079
41441 11374945 -0.5067891079736664 -0.003511401350339921 0.27432 -2.539071146049634 -3.238923059552079
41442 11374945 -0.4722848907309822 -0.003925955747400872 0.27432 -2.539071146049634 -3.238923059552079
41443 11374945 -0.4448646304668378 -0.001557202460343382 0.27432 -2.539071146049634 -3.238923059552079
41444 11374945 -0.4063138044589212 -0.003177512470041638 0.27432 -2.539071146049634 -3.238923059552079
41445 11374945 -0.3793422031444973 -0.0021806903640157194 0.27432 -2.539071146049634 -3.238923059552079
41446 11374945 -0.364795194122269 -0.001152897170128564 0.27432 -2.539071146049634 -3.238923059552079
41447 11374945 -0.35024818510004074 -0.00012510397624140857 0.27432 -2.539071146049634 -3.238923059552079
41448 11374945 -0.3144843485403914 -0.0021190500963782772 0.27432 -2.539071146049634 -3.238923059552079
41449 11374945 -0.2863998798900884 -0.0004342093415514448 0.27432 -2.539071146049634 -3.238923059552079
41450 11374945 -0.2476495044645517 0.002904819666846553 0.27432 -2.539071146049634 -3.238923059552079
41451 11374945 -0.2166931385036488 -0.0018399683588399551 0.27432 -2.539071146049634 -3.238923059552079
41452 11374945 -0.1833111298372372 -0.00025076997082115754 0.27432 -2.539071146049634 -3.238923059552079
41453 11374945 -0.16783217414057572 -0.0018054760557442426 0.27432 -2.539071146049634 -3.238923059552079
41454 11374945 -0.12229344977122948 0.0016518750913016855 0.27432 -2.539071146049634 -3.238923059552079
41455 11374945 -0.09653864211464193 0.0016454131708942 0.27432 -2.539071146049634 -3.238923059552079
41456 11374945 -0.06690967750261423 -9.458727971220492e-05 0.27432 -2.539071146049634 -3.238923059552079
41457 11374945 -0.04282879517802996 0.00021260354627464229 0.27432 -2.539071146049634 -3.238923059552079
41458 11374945 -0.012606993870174776 0.0009662113695658033 0.25908000000000003 -2.539071146049634 -3.238923059552079
41459 11374945 0.017614807437680402 0.0017198191928569642 0.24384 -2.539071146049634 -3.238923059552079
41460 11374945 0.044214902360648616 0.0024891105705328828 0.24384 -2.539071146049634 -3.238923059552079
41461 11374945 0.07081499728361684 0.0032584019482088016 0.24384 -2.539071146049634 -3.238923059552079
41462 11374945 0.09741509220658506 0.004027693325884721 0.24384 -2.539071146049634 -3.238923059552079
41463 11374945 0.12097383256417985 0.004097167451302147 0.24384 -2.539071146049634 -3.238923059552079
41464 11374945 0.14453257292177465 0.0041666415767195744 0.24384 -2.539071146049634 -3.238923059552079
41465 11374945 0.16681224364629485 0.0037196466762241883 0.24384 -2.539071146049634 -3.238923059552079
41466 11374945 0.18909191437081507 0.003272651775728802 0.24384 -2.539071146049634 -3.238923059552079
41467 11374945 0.2116910001111411 0.004211039306569811 0.24384 -2.539071146049634 -3.238923059552079
41468 11374945 0.2342900858514671 0.005149426837410821 0.24384 -2.539071146049634 -3.238923059552079
41469 11374945 0.25688917159179314 0.006087814368251829 0.24384 -2.539071146049634 -3.238923059552079
41470 11374945 0.2794882573321191 0.0070262018990928385 0.24384 -2.539071146049634 -3.238923059552079
41471 11374945 0.30698923855188864 0.0068399342664974645 0.24384 -2.539071146049634 -3.238923059552079
41472 11374945 0.33449021977165816 0.00665366663390209 0.24384 -2.539071146049634 -3.238923059552079
41473 11374945 0.3619912009914277 0.006467399001306717 0.24384 -2.539071146049634 -3.238923059552079
41474 11374945 0.3721070568455511 0.0088861944113319 0.24384 -2.539071146049634 -3.238923059552079
