53244 10520111 1.0737396400233594 -4.857227443787213 0.762 -1.586919466281021 -2.024326912220049
53245 10520111 1.1101862773860174 -4.83676784026862 0.7924800000000001 -1.586919466281021 -2.024326912220049
53246 10520111 1.1460468507934154 -4.81810267744449 0.762 -1.586919466281021 -2.024326912220049
53247 10520111 1.185406949706028 -4.798243515660691 0.762 -1.586919466281021 -2.024326912220049
53248 10520111 1.221974269782857 -4.780042341513759 0.7721600000000001 -1.586919466281021 -2.024326912220049
53249 10520111 1.2585415898596861 -4.761841167366829 0.78232 -1.586919466281021 -2.024326912220049
53250 10520111 1.295108909936515 -4.7436399932198965 0.7924800000000001 -1.586919466281021 -2.024326912220049
53251 10520111 1.3333199672380778 -4.7262087889728415 0.7924800000000001 -1.586919466281021 -2.024326912220049
53252 10520111 1.3735717392333509 -4.711779923750266 0.7924800000000001 -1.586919466281021 -2.024326912220049
53253 10520111 1.410645901589873 -4.696196812959168 0.7924800000000001 -1.586919466281021 -2.024326912220049
53254 10520111 1.4485228686315048 -4.680875625723859 0.7924800000000001 -1.586919466281021 -2.024326912220049
53255 10520111 1.4858372631686083 -4.6661883704487765 0.7924800000000001 -1.586919466281021 -2.024326912220049
53256 10520111 1.5250552164876592 -4.6532904820734435 0.7924800000000001 -1.586919466281021 -2.024326912220049
53257 10520111 1.5621046802306011 -4.640502321325815 0.7924800000000001 -1.586919466281021 -2.024326912220049
53258 10520111 1.6006214618301944 -4.630295629733546 0.7924800000000001 -1.586919466281021 -2.024326912220049
53259 10520111 1.6364652477400374 -4.619566752869013 0.7924800000000001 -1.586919466281021 -2.024326912220049
53260 10520111 1.6728251399709415 -4.608889382123006 0.7924800000000001 -1.586919466281021 -2.024326912220049
53261 10520111 1.7104342610758532 -4.6011895260089295 0.82296 -1.586919466281021 -2.024326912220049
53262 10520111 1.748363038481181 -4.597273402742955 0.82296 -1.586919466281021 -2.024326912220049
53263 10520111 1.7862918158865089 -4.593357279476981 0.82296 -1.586919466281021 -2.024326912220049
53264 10520111 1.8228999044066336 -4.592806218976332 0.82296 -1.586919466281021 -2.024326912220049
53265 10520111 1.8595079929267584 -4.592255158475683 0.82296 -1.586919466281021 -2.024326912220049
53266 10520111 1.8961556886416744 -4.59294322271046 0.82296 -1.586919466281021 -2.024326912220049
53267 10520111 1.9328033843565908 -4.593631286945237 0.82296 -1.586919466281021 -2.024326912220049
53268 10520111 1.9708196197274501 -4.60101521967458 0.82296 -1.586919466281021 -2.024326912220049
53269 10520111 2.0060553621339507 -4.598224221558255 0.82296 -1.586919466281021 -2.024326912220049
53270 10520111 2.041291104540452 -4.595433223441928 0.82296 -1.586919466281021 -2.024326912220049
53271 10520111 2.0765268469469524 -4.592642225325601 0.82296 -1.586919466281021 -2.024326912220049
53272 10520111 2.1117719390591883 -4.5842859166403125 0.82296 -1.586919466281021 -2.024326912220049
53273 10520111 2.1430688798896704 -4.563251826922653 0.82296 -1.586919466281021 -2.024326912220049
53274 10520111 2.1743658207201526 -4.5422177372049966 0.82296 -1.586919466281021 -2.024326912220049
53275 10520111 2.2028805501422615 -4.521268526360672 0.82296 -1.586919466281021 -2.024326912220049
53276 10520111 2.2284440437909394 -4.49071205806608 0.82296 -1.586919466281021 -2.024326912220049
53277 10520111 2.2540075374396165 -4.460155589771488 0.82296 -1.586919466281021 -2.024326912220049
53278 10520111 2.2795710310882944 -4.429599121476897 0.82296 -1.586919466281021 -2.024326912220049
53279 10520111 2.3051345247369714 -4.3990426531823035 0.82296 -1.586919466281021 -2.024326912220049
53280 10520111 2.327731208126639 -4.3717232101409165 0.82296 -1.586919466281021 -2.024326912220049
53281 10520111 2.3540345177624844 -4.340123111597177 0.82296 -1.586919466281021 -2.024326912220049
53282 10520111 2.3767687748443382 -4.312381257836061 0.82296 -1.586919466281021 -2.024326912220049
53283 10520111 2.400886643804415 -4.28012635830403 0.82296 -1.586919466281021 -2.024326912220049
53284 10520111 2.425004512764492 -4.247871458771998 0.82296 -1.586919466281021 -2.024326912220049
53285 10520111 2.4451436883739737 -4.22699229469331 0.8534400000000001 -1.586919466281021 -2.024326912220049
53286 10520111 2.469358796812962 -4.194710654930857 0.8534400000000001 -1.586919466281021 -2.024326912220049
53287 10520111 2.4932494810486383 -4.172135279778227 0.8534400000000001 -1.586919466281021 -2.024326912220049
53288 10520111 2.5154896999812197 -4.144816118782128 0.82296 -1.586919466281021 -2.024326912220049
53289 10520111 2.541826466770549 -4.113109875287727 0.82296 -1.586919466281021 -2.024326912220049
53290 10520111 2.5599579226643163 -4.091575470911042 0.82296 -1.586919466281021 -2.024326912220049
53291 10520111 2.5860903135651854 -4.064124450753479 0.82296 -1.586919466281021 -2.024326912220049
53292 10520111 2.612222704466054 -4.036673430595913 0.82296 -1.586919466281021 -2.024326912220049
53293 10520111 2.638355095366923 -4.0092224104383485 0.82296 -1.586919466281021 -2.024326912220049
53294 10520111 2.677517505866418 -3.972239130365968 0.82296 -1.586919466281021 -2.024326912220049
53295 10520111 2.700947999290551 -3.9507982024922494 0.82296 -1.586919466281021 -2.024326912220049
53296 10520111 2.724378492714684 -3.929357274618532 0.82296 -1.586919466281021 -2.024326912220049
53297 10520111 2.7541476121090143 -3.904143879776029 0.82296 -1.586919466281021 -2.024326912220049
53298 10520111 2.783916731503344 -3.878930484933524 0.82296 -1.586919466281021 -2.024326912220049
53299 10520111 2.8194294547816496 -3.8449612231413766 0.82296 -1.586919466281021 -2.024326912220049
53300 10520111 2.841729875974766 -3.822216891397314 0.82296 -1.586919466281021 -2.024326912220049
53301 10520111 2.864030297167882 -3.799472559653253 0.82296 -1.586919466281021 -2.024326912220049
53302 10520111 2.8937310209688856 -3.770381842301508 0.82296 -1.586919466281021 -2.024326912220049
53303 10520111 2.9234317447698883 -3.7412911249497633 0.82296 -1.586919466281021 -2.024326912220049
53304 10520111 2.9616157761045514 -3.7086603236116544 0.82296 -1.586919466281021 -2.024326912220049
53305 10520111 2.9981036287323093 -3.6703364109987815 0.82296 -1.586919466281021 -2.024326912220049
53306 10520111 3.0182975589775864 -3.6506425055798 0.80772 -1.586919466281021 -2.024326912220049
53307 10520111 3.038491489222864 -3.6309486001608176 0.7924800000000001 -1.586919466281021 -2.024326912220049
53308 10520111 3.0564584145698963 -3.616719011613269 0.7924800000000001 -1.586919466281021 -2.024326912220049
53309 10520111 3.098542809622153 -3.578935758348732 0.7924800000000001 -1.586919466281021 -2.024326912220049
53310 10520111 3.1406272046744093 -3.541152505084194 0.7924800000000001 -1.586919466281021 -2.024326912220049
53311 10520111 3.1620236971214872 -3.5259390701062 0.7924800000000001 -1.586919466281021 -2.024326912220049
53312 10520111 3.224879034893422 -3.491193790274212 0.762 -1.586919466281021 -2.024326912220049
53313 10520111 3.2615183916456045 -3.478266207820695 0.762 -1.586919466281021 -2.024326912220049
53314 10520111 3.3136666646052824 -3.4600018114004016 0.762 -1.586919466281021 -2.024326912220049
53315 10520111 3.3651924710934735 -3.451813221814972 0.73152 -1.586919466281021 -2.024326912220049
53316 10520111 3.4041912692374803 -3.449349849102381 0.762 -1.586919466281021 -2.024326912220049
53317 10520111 3.463077808083784 -3.451271085772286 0.762 -1.586919466281021 -2.024326912220049
53318 10520111 3.5198980115865366 -3.4595263105911003 0.762 -1.586919466281021 -2.024326912220049
53319 10520111 3.5568283039479525 -3.4715724210188683 0.762 -1.586919466281021 -2.024326912220049
53320 10520111 3.589263408338174 -3.4796990604499154 0.762 -1.586919466281021 -2.024326912220049
53321 10520111 3.6216985127283947 -3.4878256998809625 0.762 -1.586919466281021 -2.024326912220049
53322 10520111 3.650576981907624 -3.5000483546951635 0.7924800000000001 -1.586919466281021 -2.024326912220049
53323 10520111 3.6794791107366316 -3.5094752257470416 0.82296 -1.586919466281021 -2.024326912220049
53324 10520111 3.708564298412068 -3.5210641905130298 0.82296 -1.586919466281021 -2.024326912220049
53325 10520111 3.736284923289797 -3.531390252259206 0.82296 -1.586919466281021 -2.024326912220049
53326 10520111 3.7640055481675256 -3.5417163140053822 0.82296 -1.586919466281021 -2.024326912220049
53327 10520111 3.789352167268728 -3.5511510609306995 0.8382000000000001 -1.586919466281021 -2.024326912220049
53328 10520111 3.8146987863699287 -3.5605858078560173 0.8534400000000001 -1.586919466281021 -2.024326912220049
53329 10520111 3.8412035312960313 -3.5719165835892404 0.8534400000000001 -1.586919466281021 -2.024326912220049
53330 10520111 3.870105954996792 -3.5813426724894732 0.82296 -1.586919466281021 -2.024326912220049
53331 10520111 3.8990193406557054 -3.593458732819411 0.82296 -1.586919466281021 -2.024326912220049
53332 10520111 3.9304790568768455 -3.605937850261287 0.82296 -1.586919466281021 -2.024326912220049
53333 10520111 3.9653790377529865 -3.6225756711992654 0.82296 -1.586919466281021 -2.024326912220049
53334 10520111 3.998134432899324 -3.6381634941216348 0.82296 -1.586919466281021 -2.024326912220049
53335 10520111 4.0312110668175585 -3.653855891326694 0.82296 -1.586919466281021 -2.024326912220049
53336 10520111 4.064620805886485 -3.6674374395500737 0.82296 -1.586919466281021 -2.024326912220049
53337 10520111 4.097181483817582 -3.683078017527369 0.82296 -1.586919466281021 -2.024326912220049
