53968 10525847 3.2746522766821347 3.310928800021652 0.5886450000000001 -2.539071146049634 -3.238923059552079
53969 10525847 3.2517695006599747 3.2823032162994763 0.5867399999999999 -2.539071146049634 -3.238923059552079
53970 10525847 3.2171022599514973 3.242082210266679 0.5852160000000001 -2.539071146049634 -3.238923059552079
53971 10525847 3.18243501924302 3.201861204233882 0.583692 -2.539071146049634 -3.238923059552079
53972 10525847 3.1477677785345417 3.1616401982010847 0.582168 -2.539071146049634 -3.238923059552079
53973 10525847 3.1131005378260648 3.1214191921682874 0.5806439999999999 -2.539071146049634 -3.238923059552079
53974 10525847 3.078433297117587 3.0811981861354902 0.57912 -2.539071146049634 -3.238923059552079
53975 10525847 3.034108239972792 3.0293182886068277 0.57531 -2.539071146049634 -3.238923059552079
53976 10525847 2.9897831828279964 2.9774383910781665 0.5715 -2.539071146049634 -3.238923059552079
53977 10525847 2.955527687452829 2.9404944668746995 0.5715 -2.539071146049634 -3.238923059552079
53978 10525847 2.918178535496254 2.8913600402766986 0.56388 -2.539071146049634 -3.238923059552079
53979 10525847 2.8863004296750057 2.8542240510536048 0.561975 -2.539071146049634 -3.238923059552079
53980 10525847 2.8544223238537576 2.8170880618305114 0.5600700000000001 -2.539071146049634 -3.238923059552079
53981 10525847 2.8225442180325087 2.7799520726074185 0.5581649999999999 -2.539071146049634 -3.238923059552079
53982 10525847 2.7906661122112606 2.7428160833843247 0.5562600000000001 -2.539071146049634 -3.238923059552079
53983 10525847 2.7449427922199314 2.6870710309201336 0.5562600000000001 -2.539071146049634 -3.238923059552079
53984 10525847 2.719196517032872 2.6571616472908874 0.5562600000000001 -2.539071146049634 -3.238923059552079
53985 10525847 2.6827911235501 2.6147287694484502 0.5562600000000001 -2.539071146049634 -3.238923059552079
53986 10525847 2.6366889545594026 2.559458164452084 0.54864 -2.539071146049634 -3.238923059552079
53987 10525847 2.603534311355028 2.525893687001356 0.54864 -2.539071146049634 -3.238923059552079
53988 10525847 2.5707242253821496 2.493384971219637 0.54864 -2.539071146049634 -3.238923059552079
53989 10525847 2.552479158828044 2.4701381168233865 0.54864 -2.539071146049634 -3.238923059552079
53990 10525847 2.5342340922739384 2.4468912624271355 0.54864 -2.539071146049634 -3.238923059552079
53991 10525847 2.479733971026078 2.384667542213795 0.54864 -2.539071146049634 -3.238923059552079
53992 10525847 2.431545013121088 2.3308967504031335 0.54102 -2.539071146049634 -3.238923059552079
53993 10525847 2.405832244282045 2.3019114574070754 0.54102 -2.539071146049634 -3.238923059552079
53994 10525847 2.3801194754430037 2.272926164411017 0.54102 -2.539071146049634 -3.238923059552079
53995 10525847 2.3399351157443613 2.22436835467123 0.5448299999999999 -2.539071146049634 -3.238923059552079
53996 10525847 2.307658778707068 2.188064300704004 0.5467350000000001 -2.539071146049634 -3.238923059552079
53997 10525847 2.2753824416697745 2.1517602467367785 0.54864 -2.539071146049634 -3.238923059552079
53998 10525847 2.2398773871892264 2.1069313270586743 0.54864 -2.539071146049634 -3.238923059552079
53999 10525847 2.211280770802155 2.071294688295367 0.5562600000000001 -2.539071146049634 -3.238923059552079
54000 10525847 2.1520280076758285 2.0051335538148884 0.5562600000000001 -2.539071146049634 -3.238923059552079
54001 10525847 2.113008561327025 1.95362558026852 0.56388 -2.539071146049634 -3.238923059552079
54002 10525847 2.0842627297592955 1.918621981992271 0.56388 -2.539071146049634 -3.238923059552079
54003 10525847 2.0600982571032733 1.8925485271310412 0.56388 -2.539071146049634 -3.238923059552079
54004 10525847 2.0359337844472503 1.866475072269812 0.56388 -2.539071146049634 -3.238923059552079
54005 10525847 2.0033467336528097 1.837720591909599 0.5676899999999999 -2.539071146049634 -3.238923059552079
54006 10525847 1.9707596828583689 1.8089661115493856 0.5715 -2.539071146049634 -3.238923059552079
54007 10525847 1.9125047997351936 1.76000350908735 0.57531 -2.539071146049634 -3.238923059552079
54008 10525847 1.8823827435918892 1.7390014885635163 0.5772149999999999 -2.539071146049634 -3.238923059552079
54009 10525847 1.8522606874485839 1.7179994680396826 0.57912 -2.539071146049634 -3.238923059552079
54010 10525847 1.7853742728612596 1.68447413330208 0.57912 -2.539071146049634 -3.238923059552079
54011 10525847 1.7419645706773286 1.6630233285842118 0.57912 -2.539071146049634 -3.238923059552079
54012 10525847 1.6964328477604442 1.6405135426561075 0.57912 -2.539071146049634 -3.238923059552079
54013 10525847 1.6529340339651133 1.6225969713084665 0.57912 -2.539071146049634 -3.238923059552079
54014 10525847 1.6035516849631868 1.6021633200200434 0.57912 -2.539071146049634 -3.238923059552079
54015 10525847 1.5477495314844358 1.5821916986491755 0.57912 -2.539071146049634 -3.238923059552079
54016 10525847 1.4813415644179684 1.5610123579477038 0.57912 -2.539071146049634 -3.238923059552079
54017 10525847 1.4463712580819146 1.5497733391285178 0.57912 -2.539071146049634 -3.238923059552079
54018 10525847 1.4114009517458608 1.5385343203093318 0.57912 -2.539071146049634 -3.238923059552079
54019 10525847 1.3368622404432655 1.5155730124307 0.57912 -3.4937233486420762 -2.17517862106844
54020 10525847 1.2955142198160383 1.5072360464487382 0.57912 -3.4937233486420762 -2.17517862106844
54021 10525847 1.2592536392780171 1.496127215566268 0.57912 -3.4937233486420762 -2.17517862106844
54022 10525847 1.2229930587399953 1.4850183846837974 0.57912 -3.4937233486420762 -2.17517862106844
54023 10525847 1.176069940580052 1.4734800048900716 0.57912 -3.4937233486420762 -2.17517862106844
54024 10525847 1.131394501315563 1.4628430141382731 0.57912 -3.4937233486420762 -2.17517862106844
54025 10525847 1.076844068664222 1.448072843194981 0.57912 -3.4937233486420762 -2.17517862106844
54026 10525847 1.0301423644140892 1.44101916344747 0.57912 -3.4937233486420762 -2.17517862106844
54027 10525847 0.9589339789643868 1.4269030595325782 0.57912 -3.4937233486420762 -2.17517862106844
54028 10525847 0.9227994290922374 1.4168641555638493 0.57912 -3.4937233486420762 -2.17517862106844
54029 10525847 0.8677038612630752 1.4085821398386498 0.5715 -3.4937233486420762 -2.17517862106844
54030 10525847 0.822949365383211 1.4004259242061223 0.5715 -3.4937233486420762 -2.17517862106844
54031 10525847 0.7567363974887991 1.3842116366164958 0.56388 -3.4937233486420762 -2.17517862106844
54032 10525847 0.7253962884462055 1.380083835587217 0.56388 -3.4937233486420762 -2.17517862106844
54033 10525847 0.6940561794036121 1.3759560345579378 0.56388 -3.4937233486420762 -2.17517862106844
54034 10525847 0.6240878327295807 1.3598017073324231 0.56388 -3.4937233486420762 -2.17517862106844
54035 10525847 0.587331600710952 1.3541148665812028 0.56388 -3.4937233486420762 -2.17517862106844
54036 10525847 0.5505753686923234 1.3484280258299823 0.56388 -3.4937233486420762 -2.17517862106844
54037 10525847 0.4975401346735429 1.3383066639073125 0.56388 -3.4937233486420762 -2.17517862106844
54038 10525847 0.4312844983988076 1.327132473501322 0.5600700000000001 -3.4937233486420762 -2.17517862106844
54039 10525847 0.3997956099514086 1.3211267445947383 0.5619750000000001 -3.4937233486420762 -2.17517862106844
54040 10525847 0.3683067215040097 1.3151210156881543 0.56388 -3.4937233486420762 -2.17517862106844
54041 10525847 0.3199705580250367 1.3041657853074586 0.56388 -3.4937233486420762 -2.17517862106844
54042 10525847 0.2666599953782003 1.294836795435608 0.5562600000000001 -3.4937233486420762 -2.17517862106844
54043 10525847 0.22103376925317564 1.2883705689793503 0.5562600000000001 -3.4937233486420762 -2.17517862106844
54044 10525847 0.18066801913025288 1.2800681968762115 0.5562600000000001 -3.4937233486420762 -2.17517862106844
54045 10525847 0.10748105013790443 1.264269062545328 0.5562600000000001 -3.4937233486420762 -2.17517862106844
54046 10525847 0.06656453404008222 1.2559135815723648 0.5562600000000001 -3.4937233486420762 -2.17517862106844
54047 10525847 0.026527689521024026 1.2556826877538951 0.5562600000000001 -3.4937233486420762 -2.17517862106844
54048 10525847 -0.0133073561759377 1.2511801340225714 0.5562600000000001 -3.4937233486420762 -2.17517862106844
54049 10525847 -0.05314240187289943 1.2466775802912482 0.5562600000000001 -3.4937233486420762 -2.17517862106844
54050 10525847 -0.0919699808234341 1.240911283186923 0.54864 -3.4937233486420762 -2.17517862106844
54051 10525847 -0.14117750420406705 1.2316454399857606 0.54864 -3.4937233486420762 -2.17517862106844
54052 10525847 -0.18774537260603247 1.2250218996957485 0.54102 -3.4937233486420762 -2.17517862106844
54053 10525847 -0.2392587572538075 1.220249193411052 0.54102 -3.4937233486420762 -2.17517862106844
54054 10525847 -0.2800846663516476 1.214552993051078 0.5372100000000001 -3.4937233486420762 -2.17517862106844
54055 10525847 -0.32091057544948765 1.2088567926911045 0.5334 -3.4937233486420762 -2.17517862106844
54056 10525847 -0.4026079800975655 1.2034386883839745 0.5334 -3.4937233486420762 -2.17517862106844
54057 10525847 -0.4405064492739499 1.1988890533139929 0.5334 -3.4937233486420762 -2.17517862106844
54058 10525847 -0.5102388895103205 1.189326206924158 0.5334 -3.4937233486420762 -2.17517862106844
54059 10525847 -0.5507085961054012 1.182346406063502 0.5334 -3.4937233486420762 -2.17517862106844
54060 10525847 -0.5878111001178117 1.1799616042221794 0.52959 -3.4937233486420762 -2.17517862106844
54061 10525847 -0.624913604130222 1.1775768023808568 0.52578 -3.4937233486420762 -2.17517862106844
54062 10525847 -0.6727758111065206 1.1709411756820878 0.52578 -3.4937233486420762 -2.17517862106844
54063 10525847 -0.7206380180828192 1.1643055489833185 0.52578 -3.4937233486420762 -2.17517862106844
54064 10525847 -0.7813122769843088 1.1561057722515429 0.5181600000000001 -3.4937233486420762 -2.17517862106844
54065 10525847 -0.8341326248626673 1.1480253272707686 0.5181600000000001 -3.4937233486420762 -2.17517862106844
54066 10525847 -0.8597363866126123 1.1423779217779897 0.5181600000000001 -3.4937233486420762 -2.17517862106844
54067 10525847 -0.8853401483625574 1.1367305162852106 0.5181600000000001 -3.4937233486420762 -2.17517862106844
54068 10525847 -0.9310044989076932 1.130166082839507 0.5181600000000001 -3.4937233486420762 -2.17517862106844
54069 10525847 -0.9797056387937289 1.1251792305400483 0.51054 -3.4937233486420762 -2.17517862106844
54070 10525847 -1.0315713917431266 1.1202929371886192 0.51054 -3.4937233486420762 -2.17517862106844
54071 10525847 -1.0929045629285268 1.1185033326301153 0.51054 -3.4937233486420762 -2.17517862106844
54072 10525847 -1.1346615249383072 1.1103115574664744 0.51054 -3.4937233486420762 -2.17517862106844
54073 10525847 -1.1794719158438525 1.1090774152224954 0.50292 -3.4937233486420762 -2.17517862106844
54074 10525847 -1.2477904533496975 1.1054843288046223 0.50292 -3.4937233486420762 -2.17517862106844
54075 10525847 -1.28553687471773 1.1052118125689123 0.50292 -3.4937233486420762 -2.17517862106844
54076 10525847 -1.3354293486604305 1.102018799712681 0.4953 -3.4937233486420762 -2.17517862106844
54077 10525847 -1.379472363100729 1.100417943234316 0.4953 -3.4937233486420762 -2.17517862106844
54078 10525847 -1.4251381167365536 1.0938566684510769 0.4953 -3.4937233486420762 -2.17517862106844
54079 10525847 -1.4518750366461637 1.093167650575239 0.4953 -3.4937233486420762 -2.17517862106844
54080 10525847 -1.4786119565557738 1.0924786326994014 0.4953 -3.4937233486420762 -2.17517862106844
54081 10525847 -1.5233875256037268 1.0898622785477428 0.49149 -3.4937233486420762 -2.17517862106844
54082 10525847 -1.5681630946516798 1.0872459243960841 0.48768 -3.4937233486420762 -2.17517862106844
54083 10525847 -1.6200163866687396 1.084579248818588 0.48768 -3.4937233486420762 -2.17517862106844
54084 10525847 -1.6661073232997692 1.0778078614822637 0.48768 -3.4937233486420762 -2.17517862106844
54085 10525847 -1.7142397288668934 1.0707698430344117 0.48768 -3.4937233486420762 -2.17517862106844
54086 10525847 -1.7662396261769573 1.0611415780850941 0.48006000000000004 -3.4937233486420762 -2.17517862106844
54087 10525847 -1.80944876850542 1.0485208421386991 0.48006000000000004 -3.4937233486420762 -2.17517862106844
54088 10525847 -1.860088165788785 1.0267638659858531 0.48006000000000004 -3.4937233486420762 -2.17517862106844
54089 10525847 -1.8903144065232376 1.0076760441479142 0.47625 -3.4937233486420762 -2.17517862106844
54090 10525847 -1.9205406472576905 0.9885882223099758 0.47244 -3.4937233486420762 -2.17517862106844
54091 10525847 -1.958221212086184 0.9596125374962808 0.47244 -3.4937233486420762 -2.17517862106844
54092 10525847 -1.9916778885924808 0.9296347598814992 0.46863 -3.4937233486420762 -2.17517862106844
54093 10525847 -2.0251345650987767 0.8996569822667175 0.4648200000000001 -3.4937233486420762 -2.17517862106844
54094 10525847 -2.063121653394289 0.8507433999563545 0.4648200000000001 -3.4937233486420762 -2.17517862106844
54095 10525847 -2.0844528723682414 0.8184635753886906 0.46101 -3.4937233486420762 -2.17517862106844
54096 10525847 -2.105784091342194 0.7861837508210269 0.4572000000000001 -3.4937233486420762 -2.17517862106844
54097 10525847 -2.1346468263115765 0.7305459808934164 0.4572000000000001 -3.4937233486420762 -2.17517862106844
54098 10525847 -2.1563128098367668 0.6806156801625579 0.4572000000000001 -3.4937233486420762 -2.17517862106844
54099 10525847 -2.1700567428233217 0.6386092187291484 0.44958 -3.4937233486420762 -2.17517862106844
54100 10525847 -2.179746170722689 0.5927056511864239 0.44958 -3.4937233486420762 -2.17517862106844
54101 10525847 -2.184621284422688 0.5452269229634567 0.44958 -3.4937233486420762 -2.17517862106844
54102 10525847 -2.190656031443247 0.4779139144075716 0.44196 -3.4937233486420762 -2.17517862106844
54103 10525847 -2.1948533843426747 0.4311482189093603 0.44196 -3.4937233486420762 -2.17517862106844
54104 10525847 -2.1926132565019216 0.3877679186993843 0.44196 -3.4937233486420762 -2.17517862106844
54105 10525847 -2.192186235728665 0.36192295908792815 0.44196 -3.4937233486420762 -2.17517862106844
54106 10525847 -2.1917592149554075 0.336077999476472 0.44196 -3.4937233486420762 -2.17517862106844
54107 10525847 -2.1894282943676897 0.29161649539289125 0.4343400000000001 -3.4937233486420762 -2.17517862106844
54108 10525847 -2.182282734817256 0.2455798252478261 0.4343400000000001 -3.4937233486420762 -2.17517862106844
54109 10525847 -2.1742128151591817 0.20508288503942185 0.4343400000000001 -3.4937233486420762 -2.17517862106844
54110 10525847 -2.1467974994639336 0.16398215740147526 0.42672 -3.4937233486420762 -2.17517862106844
54111 10525847 -2.124471031373001 0.13447799973372107 0.42672 -3.4937233486420762 -2.17517862106844
54112 10525847 -2.0839745383956743 0.08991604433434905 0.4191 -3.4937233486420762 -2.17517862106844
54113 10525847 -2.0614554914054657 0.07729117269968719 0.4191 -3.4937233486420762 -2.17517862106844
54114 10525847 -2.0252439641344315 0.05492920629512018 0.41148 -3.4937233486420762 -2.17517862106844
54115 10525847 -1.9704464785351 0.02964213338854735 0.41148 -3.4937233486420762 -2.17517862106844
54116 10525847 -1.9287365199648645 0.02137235902885989 0.40386 -3.4937233486420762 -2.17517862106844
54117 10525847 -1.8928424091719198 0.011616943491495418 0.39624 -3.4937233486420762 -2.17517862106844
54118 10525847 -1.8619998230096704 0.00678572269005065 0.3924300000000001 -3.4937233486420762 -2.17517862106844
54119 10525847 -1.8311572368474207 0.0019545018886058807 0.38861999999999997 -3.4937233486420762 -2.17517862106844
54120 10525847 -1.7799074417196332 0.0024827050154450914 0.381 -3.4937233486420762 -2.17517862106844
54121 10525847 -1.7452906328571622 0.003895146583338421 0.37719 -3.4937233486420762 -2.17517862106844
54122 10525847 -1.7106738239946913 0.0053075881512317504 0.37338000000000005 -3.4937233486420762 -2.17517862106844
54123 10525847 -1.6740715233179266 0.003149858811575451 0.36576 -3.4937233486420762 -2.17517862106844
54124 10525847 -1.6225910778349732 4.007522092394633e-05 0.36957 -3.4937233486420762 -2.17517862106844
54125 10525847 -1.5639513648351138 8.043669672516685e-05 0.36576 -3.4937233486420762 -2.17517862106844
54126 10525847 -1.535690800763615 -0.0011008056134001742 0.36195 -3.4937233486420762 -2.17517862106844
54127 10525847 -1.5074302366921162 -0.0022820479235255158 0.3581400000000001 -3.4937233486420762 -2.17517862106844
54128 10525847 -1.4698185746504346 -0.0040678828511161716 0.3581400000000001 -3.4937233486420762 -2.17517862106844
54129 10525847 -1.4263997421350711 -0.0016772120428510118 0.3581400000000001 -3.4937233486420762 -2.17517862106844
54130 10525847 -1.386466906115584 0.0009190701964331973 0.35052000000000005 -3.4937233486420762 -2.17517862106844
54131 10525847 -1.3496233247426197 -0.0004981460511941649 0.35052000000000005 -3.4937233486420762 -2.17517862106844
54132 10525847 -1.320614329806132 0.0012896586393618403 0.3467100000000001 -3.4937233486420762 -2.17517862106844
54133 10525847 -1.2916053348696448 0.003077463329917845 0.34290000000000004 -3.4937233486420762 -2.17517862106844
54134 10525847 -1.2550896148518442 0.006090881420025868 0.34290000000000004 -3.4937233486420762 -2.17517862106844
54135 10525847 -1.2248642645108416 0.0034503293509201287 0.34290000000000004 -3.4937233486420762 -2.17517862106844
54136 10525847 -1.1767801538055276 0.004491967630583155 0.33909 -3.4937233486420762 -2.17517862106844
54137 10525847 -1.1450308066440706 0.006172925207362345 0.337185 -3.4937233486420762 -2.17517862106844
54138 10525847 -1.1132814594826137 0.007853882784141536 0.33528 -3.4937233486420762 -2.17517862106844
54139 10525847 -1.0760715412482735 0.0062013363132822075 0.32766 -3.4937233486420762 -2.17517862106844
54140 10525847 -1.0547896473307283 0.0047334498754463 0.32766 -3.4937233486420762 -2.17517862106844
54141 10525847 -1.0018200586738188 0.006456911539482996 0.32766 -3.4937233486420762 -2.17517862106844
54142 10525847 -0.9689201322646852 0.00656472037543418 0.32004000000000005 -3.4937233486420762 -2.17517862106844
54143 10525847 -0.9362186866124728 0.003349343441250457 0.32004000000000005 -3.4937233486420762 -2.17517862106844
54144 10525847 -0.901765767993886 0.008207223052131144 0.32004000000000005 -3.4937233486420762 -2.17517862106844
54145 10525847 -0.8473797007671464 0.005028837166795558 0.32004000000000005 -3.4937233486420762 -2.17517862106844
54146 10525847 -0.8140330124077086 0.004874390231405651 0.31242000000000003 -3.4937233486420762 -2.17517862106844
54147 10525847 -0.7831955177808199 0.0068256717417000965 0.31242000000000003 -3.4937233486420762 -2.17517862106844
54148 10525847 -0.7409946172517321 0.00821628046729442 0.31242000000000003 -3.4937233486420762 -2.17517862106844
54149 10525847 -0.7073616089038479 0.007851839334380356 0.31242000000000003 -3.4937233486420762 -2.17517862106844
54150 10525847 -0.6800358982489483 0.0072130497426035325 0.30861000000000005 -3.4937233486420762 -2.17517862106844
54151 10525847 -0.6527101875940486 0.006574260150826711 0.3048 -3.4937233486420762 -2.17517862106844
54152 10525847 -0.6009709224583453 0.005898672644178149 0.3048 -3.4937233486420762 -2.17517862106844
54153 10525847 -0.5675214501881862 0.005653323591255796 0.30099000000000004 -3.4937233486420762 -2.17517862106844
54154 10525847 -0.5340719779180272 0.005407974538333443 0.29718 -3.4937233486420762 -2.17517862106844
54155 10525847 -0.4947361851859245 0.00890491109530947 0.29718 -3.4937233486420762 -2.17517862106844
54156 10525847 -0.458076685136241 0.008019466737407693 0.29718 -3.4937233486420762 -2.17517862106844
54157 10525847 -0.4250635104898348 0.007391550570455568 0.28956 -3.4937233486420762 -2.17517862106844
54158 10525847 -0.38256957732908825 0.004248646268691397 0.28956 -3.4937233486420762 -2.17517862106844
54159 10525847 -0.3429058756958474 0.003316335649129171 0.28956 -3.4937233486420762 -2.17517862106844
54160 10525847 -0.3207221147086037 0.004067612295604317 0.28575 -3.4937233486420762 -2.17517862106844
54161 10525847 -0.29853835372135995 0.004818888942079463 0.28194 -3.4937233486420762 -2.17517862106844
54162 10525847 -0.24492928591369634 0.005520598211012306 0.28194 -3.4937233486420762 -2.17517862106844
54163 10525847 -0.21180606001437624 0.0063180935464617755 0.27813000000000004 -3.4937233486420762 -2.17517862106844
54164 10525847 -0.17868283411505614 0.007115588881911245 0.27432 -3.4937233486420762 -2.17517862106844
54165 10525847 -0.1472399810727243 0.007527949401308021 0.27432 -3.4937233486420762 -2.17517862106844
54166 10525847 -0.11579712803039245 0.007940309920704797 0.27432 -3.4937233486420762 -2.17517862106844
54167 10525847 -0.0821559840407422 0.0048888041323969225 0.2667 -3.4937233486420762 -2.17517862106844
54168 10525847 -0.03458812506898323 0.008033894822518789 0.25908000000000003 -3.4937233486420762 -2.17517862106844
54169 10525847 -0.013226654431074292 0.00654290831313295 0.25908000000000003 -3.4937233486420762 -2.17517862106844
54170 10525847 0.034175951871148746 0.004835534145033793 0.25908000000000003 -3.4937233486420762 -2.17517862106844
54171 10525847 0.06129397526507485 0.0035662201450455118 0.25146 -3.4937233486420762 -2.17517862106844
54172 10525847 0.09408907802639556 0.003362291280821245 0.25146 -3.4937233486420762 -2.17517862106844
54173 10525847 0.11068083703522792 0.0024959423584713647 0.25146 -3.4937233486420762 -2.17517862106844
54174 10525847 0.12727259604406027 0.0016295934361214848 0.25146 -3.4937233486420762 -2.17517862106844
54175 10525847 0.15901472151961338 0.00363936581996796 0.25146 -3.4937233486420762 -2.17517862106844
54176 10525847 0.18706407866535035 0.005220521007565482 0.25146 -3.4937233486420762 -2.17517862106844
54177 10525847 0.2251175765239637 0.006161007874593533 0.25146 -3.4937233486420762 -2.17517862106844
54178 10525847 0.26317107438257703 0.007101494741621584 0.25146 -3.4937233486420762 -2.17517862106844
54179 10525847 0.27280031633410784 0.003954558157014536 0.25146 -3.4937233486420762 -2.17517862106844
54180 10525847 0.30552616774470265 0.0035404949850921796 0.25146 -3.4937233486420762 -2.17517862106844
54181 10525847 0.3168457191016072 0.005565851785575282 0.25146 -3.4937233486420762 -2.17517862106844
54182 10525847 0.3360171449221889 0.00444109883624194 0.25146 -3.4937233486420762 -2.17517862106844
54183 10525847 0.35518857074277066 0.0033163458869086004 0.25146 -3.4937233486420762 -2.17517862106844
54184 10525847 0.3833411700278512 0.0052149435214836615 0.25146 -3.4937233486420762 -2.17517862106844
54185 10525847 0.3941477687157692 0.004312078251884718 0.25146 -3.4937233486420762 -2.17517862106844
54186 10525847 0.4049543674036872 0.0034092129822857753 0.25146 -3.4937233486420762 -2.17517862106844
54187 10525847 0.4049080911278404 0.003410704311435773 0.2514567902274642 -3.4937233486420762 -2.17517862106844
54188 10525847 0.4048618148519937 0.0034121956405857704 0.2514535804549284 -3.4937233486420762 -2.17517862106844
54189 10525847 0.4048155385761469 0.003413686969735768 0.2514503706823926 -3.4937233486420762 -2.17517862106844
54190 10525847 0.40476926230030014 0.0034151782988857647 0.2514471609098568 -3.4937233486420762 -2.17517862106844
54191 10525847 0.4047229860244534 0.003416669628035763 0.25144395113732104 -3.4937233486420762 -2.17517862106844
54192 10525847 0.40467670974860653 0.0034181609571857607 0.2514407413647852 -3.4937233486420762 -2.17517862106844
54193 10525847 0.40463043347275984 0.003419652286335757 0.2514375315922494 -3.4937233486420762 -2.17517862106844
54194 10525847 0.4045841571969131 0.0034211436154857554 0.2514343218197136 -3.4937233486420762 -2.17517862106844
54195 10525847 0.4045378809210664 0.0034226349446357532 0.2514311120471778 -3.4937233486420762 -2.17517862106844
54196 10525847 0.4044916046452196 0.00342412627378575 0.251427902274642 -3.4937233486420762 -2.17517862106844
54197 10525847 0.4044453283693728 0.003425617602935748 0.2514246925021061 -3.4937233486420762 -2.17517862106844
54198 10525847 0.4043990520935261 0.003427108932085745 0.2514214827295704 -3.4937233486420762 -2.17517862106844
54199 10525847 0.4043527758176793 0.0034286002612357426 0.25141827295703456 -3.4937233486420762 -2.17517862106844
54200 10525847 0.40430649954183256 0.0034300915903857404 0.25141506318449874 -3.4937233486420762 -2.17517862106844
54201 10525847 0.4042602232659858 0.0034315829195357373 0.2514118534119629 -3.4937233486420762 -2.17517862106844
54202 10525847 0.40421394699013896 0.003433074248685735 0.2514086436394272 -3.4937233486420762 -2.17517862106844
54203 10525847 0.40416767071429227 0.003434565577835733 0.2514054338668913 -3.4937233486420762 -2.17517862106844
54204 10525847 0.4041213944384455 0.0034360569069857303 0.25140222409435553 -3.4937233486420762 -2.17517862106844
54205 10525847 0.4040751181625988 0.003437548236135728 0.2513990143218197 -3.4937233486420762 -2.17517862106844
54206 10525847 0.40402884188675203 0.003439039565285725 0.25139580454928395 -3.4937233486420762 -2.17517862106844
54207 10525847 0.4039825656109052 0.003440530894435723 0.2513925947767481 -3.4937233486420762 -2.17517862106844
