53853 10532852 0.9828850518314486 1.2447684855267482 0.5867399999999999 -2.539071146049634 -3.238923059552079
53854 10532852 0.9612754940189958 1.2465725246419967 0.5867399999999999 -2.539071146049634 -3.238923059552079
53855 10532852 0.8900897178136902 1.2461180428340792 0.5867399999999999 -2.539071146049634 -3.238923059552079
53856 10532852 0.8556481332148802 1.2480559382515841 0.584835 -2.539071146049634 -3.238923059552079
53857 10532852 0.8212065486160701 1.2499938336690888 0.5829300000000001 -2.539071146049634 -3.238923059552079
53858 10532852 0.7463021662684829 1.251748900912535 0.57912 -2.539071146049634 -3.238923059552079
53859 10532852 0.7174080627996484 1.2551749063676452 0.57912 -2.539071146049634 -3.238923059552079
53860 10532852 0.6885139593308138 1.2586009118227552 0.57912 -2.539071146049634 -3.238923059552079
53861 10532852 0.6397419408291143 1.2585345279401683 0.5715 -2.539071146049634 -3.238923059552079
53862 10532852 0.5848892179676404 1.2659467830750022 0.5715 -2.539071146049634 -3.238923059552079
53863 10532852 0.503572825231994 1.270909783898623 0.5715 -2.539071146049634 -3.238923059552079
53864 10532852 0.4501753770204022 1.2776137613936132 0.5715 -2.539071146049634 -3.238923059552079
53865 10532852 0.4068522764799798 1.2809084969451765 0.5715 -2.539071146049634 -3.238923059552079
53866 10532852 0.3586808917945689 1.2856713481371569 0.56388 -2.539071146049634 -3.238923059552079
53867 10532852 0.3043671679601549 1.2933768824895369 0.5715 -2.539071146049634 -3.238923059552079
53868 10532852 0.25834361858012866 1.3019947883188925 0.56388 -2.539071146049634 -3.238923059552079
53869 10532852 0.1901564997552153 1.3090954296410677 0.5715 -2.539071146049634 -3.238923059552079
53870 10532852 0.13807708229895566 1.3154877154408404 0.57912 -2.539071146049634 -3.238923059552079
53871 10532852 0.09772801734120627 1.3206162269925614 0.57531 -2.539071146049634 -3.238923059552079
53872 10532852 0.05737895238345692 1.3257447385442824 0.5715 -2.539071146049634 -3.238923059552079
53873 10532852 -0.017503960277174047 1.338307480140603 0.5715 -2.539071146049634 -3.238923059552079
53874 10532852 -0.04076374160300633 1.3411797316269092 0.5715 -2.539071146049634 -3.238923059552079
53875 10532852 -0.06402352292883863 1.344051983113215 0.5715 -2.539071146049634 -3.238923059552079
53876 10532852 -0.1568125533105459 1.353590801477191 0.57912 -2.539071146049634 -3.238923059552079
53877 10532852 -0.20317482409264548 1.3564224742899378 0.57912 -2.539071146049634 -3.238923059552079
53878 10532852 -0.2495370948747451 1.3592541471026849 0.57912 -2.539071146049634 -3.238923059552079
53879 10532852 -0.3027399200006775 1.3660169092163186 0.57912 -2.539071146049634 -3.238923059552079
53880 10532852 -0.3409288998916 1.3676374482694449 0.57912 -2.539071146049634 -3.238923059552079
53881 10532852 -0.39590308607814695 1.3692551379589866 0.57912 -2.539071146049634 -3.238923059552079
53882 10532852 -0.4386615614345015 1.3756416410904746 0.57912 -2.539071146049634 -3.238923059552079
53883 10532852 -0.4859276377520554 1.380464578125984 0.5867399999999999 -2.539071146049634 -3.238923059552079
53884 10532852 -0.5492569248632633 1.3850490373132802 0.5867399999999999 -2.539071146049634 -3.238923059552079
53885 10532852 -0.5805289089237653 1.3899003007162134 0.5867399999999999 -2.539071146049634 -3.238923059552079
53886 10532852 -0.6201949049492539 1.3935241171184265 0.5867399999999999 -2.539071146049634 -3.238923059552079
53887 10532852 -0.6863453662311281 1.3976302445392446 0.5867399999999999 -2.539071146049634 -3.238923059552079
53888 10532852 -0.7268995498321154 1.406685900069524 0.5867399999999999 -2.539071146049634 -3.238923059552079
53889 10532852 -0.7640468537316325 1.4071501048231685 0.5867399999999999 -2.539071146049634 -3.238923059552079
53890 10532852 -0.7992225253736861 1.4122859039947582 0.584835 -2.539071146049634 -3.238923059552079
53891 10532852 -0.8343981970157397 1.417421703166348 0.5829300000000001 -2.539071146049634 -3.238923059552079
53892 10532852 -0.8995133390286898 1.4246962602494484 0.5867399999999999 -2.539071146049634 -3.238923059552079
53893 10532852 -0.9182638304238724 1.4257460711553882 0.5867399999999999 -2.539071146049634 -3.238923059552079
53894 10532852 -0.9370143218190548 1.426795882061328 0.5867399999999999 -2.539071146049634 -3.238923059552079
53895 10532852 -0.9726877000667916 1.4328546507872406 0.59436 -2.539071146049634 -3.238923059552079
53896 10532852 -1.029730648001234 1.4406450089435137 0.5867399999999999 -2.539071146049634 -3.238923059552079
53897 10532852 -1.0734724523515868 1.449460005892579 0.5867399999999999 -2.539071146049634 -3.238923059552079
53898 10532852 -1.1126816376467832 1.451768712359124 0.5867399999999999 -2.539071146049634 -3.238923059552079
53899 10532852 -1.1615706552228555 1.4516354342739841 0.5867399999999999 -2.539071146049634 -3.238923059552079
53900 10532852 -1.1999674643046263 1.452627327045376 0.5867399999999999 -2.539071146049634 -3.238923059552079
53901 10532852 -1.2448735419140595 1.4467519110997955 0.5867399999999999 -2.539071146049634 -3.238923059552079
53902 10532852 -1.2928882370460029 1.43979044481186 0.5867399999999999 -2.539071146049634 -3.238923059552079
53903 10532852 -1.335831364118899 1.426613561371453 0.5867399999999999 -2.539071146049634 -3.238923059552079
53904 10532852 -1.3738807919599518 1.4118360955196625 0.57912 -2.539071146049634 -3.238923059552079
53905 10532852 -1.4176722638611248 1.399053916573148 0.57912 -2.539071146049634 -3.238923059552079
53906 10532852 -1.4749073598285307 1.3723256975418685 0.57912 -2.539071146049634 -3.238923059552079
53907 10532852 -1.4926435673333966 1.3593747394746398 0.57531 -2.539071146049634 -3.238923059552079
53908 10532852 -1.5103797748382626 1.3464237814074116 0.5715 -2.539071146049634 -3.238923059552079
53909 10532852 -1.54139826719653 1.3249069837973768 0.5715 -2.539071146049634 -3.238923059552079
53910 10532852 -1.5734608940470098 1.302913946546907 0.5715 -2.539071146049634 -3.238923059552079
53911 10532852 -1.6203510725958776 1.2560940533403813 0.56388 -2.539071146049634 -3.238923059552079
53912 10532852 -1.6522859077977117 1.2242447817876785 0.56388 -2.539071146049634 -3.238923059552079
53913 10532852 -1.6842207429995455 1.192395510234975 0.56388 -2.539071146049634 -3.238923059552079
53914 10532852 -1.7123436472781706 1.1580140258670548 0.5562600000000001 -2.539071146049634 -3.238923059552079
53915 10532852 -1.7424693842073091 1.1175110131803898 0.5562600000000001 -2.539071146049634 -3.238923059552079
53916 10532852 -1.7713197485871628 1.0792781519032553 0.5562600000000001 -2.539071146049634 -3.238923059552079
53917 10532852 -1.7926509071170365 1.0482832359233965 0.56388 -2.539071146049634 -3.238923059552079
53918 10532852 -1.8156395688087592 1.0122222098401314 0.5562600000000001 -2.539071146049634 -3.238923059552079
53919 10532852 -1.851223635986834 0.9534083261910796 0.5562600000000001 -2.539071146049634 -3.238923059552079
53920 10532852 -1.8689435514987955 0.9128194465129618 0.54864 -2.539071146049634 -3.238923059552079
53921 10532852 -1.884807062505087 0.8806200301530895 0.54864 -2.539071146049634 -3.238923059552079
53922 10532852 -1.9050376846046264 0.8405020343916227 0.54102 -2.539071146049634 -3.238923059552079
53923 10532852 -1.9186385283396432 0.8114181501578356 0.54102 -2.539071146049634 -3.238923059552079
53924 10532852 -1.9364114950354812 0.7744687372903438 0.54102 -2.539071146049634 -3.238923059552079
53925 10532852 -1.9462027756327591 0.7452193119846569 0.5334 -2.539071146049634 -3.238923059552079
53926 10532852 -1.9559940562300364 0.7159698866789699 0.52578 -2.539071146049634 -3.238923059552079
53927 10532852 -1.9650702142079068 0.6807612718182052 0.5219699999999999 -2.539071146049634 -3.238923059552079
53928 10532852 -1.9741463721857773 0.6455526569574405 0.5181600000000001 -2.539071146049634 -3.238923059552079
53929 10532852 -1.9798607634222212 0.5907540631149528 0.50673 -2.539071146049634 -3.238923059552079
53930 10532852 -1.9789440385350232 0.5572419967547615 0.501015 -2.539071146049634 -3.238923059552079
53931 10532852 -1.9780273136478248 0.5237299303945702 0.4953 -2.539071146049634 -3.238923059552079
53932 10532852 -1.9733031707930664 0.4831886739697177 0.48768 -2.539071146049634 -3.238923059552079
53933 10532852 -1.9685790279383075 0.4426474175448653 0.48006000000000004 -2.539071146049634 -3.238923059552079
53934 10532852 -1.9571597233422875 0.4123887104029437 0.48006000000000004 -2.539071146049634 -3.238923059552079
53935 10532852 -1.9478300086211864 0.37031168232786016 0.47244 -2.539071146049634 -3.238923059552079
53936 10532852 -1.9254034406714648 0.3193934627701249 0.4648200000000001 -2.539071146049634 -3.238923059552079
53937 10532852 -1.9037594435635201 0.28508911371702816 0.4572000000000001 -2.539071146049634 -3.238923059552079
53938 10532852 -1.88717588720589 0.25737688592251384 0.451485 -2.539071146049634 -3.238923059552079
53939 10532852 -1.8705923308482608 0.2296646581279996 0.44577 -2.539071146049634 -3.238923059552079
53940 10532852 -1.84561093790536 0.197482107778896 0.43815 -2.539071146049634 -3.238923059552079
53941 10532852 -1.8206295449624592 0.16529955742979233 0.4305300000000001 -2.539071146049634 -3.238923059552079
53942 10532852 -1.7987226387171389 0.14157154070504518 0.4248150000000001 -2.539071146049634 -3.238923059552079
53943 10532852 -1.776815732471818 0.11784352398029806 0.4191 -2.539071146049634 -3.238923059552079
53944 10532852 -1.7296949178798258 0.0785949975536113 0.4152900000000001 -2.539071146049634 -3.238923059552079
53945 10532852 -1.7032110251631636 0.06315561681303902 0.41338500000000006 -2.539071146049634 -3.238923059552079
53946 10532852 -1.6767271324465012 0.04771623607246675 0.41148 -2.539071146049634 -3.238923059552079
53947 10532852 -1.64252667570634 0.031155163471423306 0.40386 -2.539071146049634 -3.238923059552079
53948 10532852 -1.6092890330097236 0.01490920708360785 0.40386 -2.539071146049634 -3.238923059552079
53949 10532852 -1.572714812500052 0.00832127337060104 0.39624 -2.539071146049634 -3.238923059552079
53950 10532852 -1.5330913215561954 0.0007362186442837204 0.38861999999999997 -2.539071146049634 -3.238923059552079
53951 10532852 -1.481001240302536 -0.00566821318466007 0.381 -2.539071146049634 -3.238923059552079
53952 10532852 -1.4440194346069757 -0.006663727915765999 0.37338000000000005 -2.539071146049634 -3.238923059552079
53953 10532852 -1.40640783005125 -0.008449225981015634 0.37338000000000005 -2.539071146049634 -3.238923059552079
53954 10532852 -1.3672084009944132 -0.0053793026404165565 0.36576 -2.539071146049634 -3.238923059552079
53955 10532852 -1.3284837934875016 -0.006476883941273798 0.36576 -2.539071146049634 -3.238923059552079
53956 10532852 -1.2878280272489404 -0.003298663747014402 0.3581400000000001 -2.539071146049634 -3.238923059552079
53957 10532852 -1.2482733462825937 -0.00022750610418190156 0.35052000000000005 -2.539071146049634 -3.238923059552079
53958 10532852 -1.2243126091136445 -0.0007024733413965313 0.35242500000000004 -2.539071146049634 -3.238923059552079
53959 10532852 -1.2003518719446953 -0.0011774405786111608 0.35433000000000003 -2.539071146049634 -3.238923059552079
53960 10532852 -1.1541026112459505 -0.00017825202225299486 0.34290000000000004 -2.539071146049634 -3.238923059552079
53961 10532852 -1.1153196189598031 -8.666151141617506e-06 0.34290000000000004 -2.539071146049634 -3.238923059552079
53962 10532852 -1.0906803492336057 0.0014563516572572432 0.34290000000000004 -2.539071146049634 -3.238923059552079
53963 10532852 -1.0660410795074082 0.002921369465656104 0.34290000000000004 -2.539071146049634 -3.238923059552079
53964 10532852 -1.0491639837761826 0.0002066453974351734 0.34290000000000004 -2.539071146049634 -3.238923059552079
53965 10532852 -1.0086813496988891 0.0028587112512316877 0.33528 -2.539071146049634 -3.238923059552079
53966 10532852 -0.9682471202226121 0.0031900971473047546 0.33528 -2.539071146049634 -3.238923059552079
53967 10532852 -0.932311757580466 8.565173405247761e-05 0.32766 -2.539071146049634 -3.238923059552079
53968 10532852 -0.8985042079938843 0.0018831889172413465 0.32004000000000005 -2.539071146049634 -3.238923059552079
53969 10532852 -0.862873580596597 0.003552193153530836 0.32004000000000005 -2.539071146049634 -3.238923059552079
53970 10532852 -0.8272429531993097 0.005221197389820326 0.32004000000000005 -2.539071146049634 -3.238923059552079
53971 10532852 -0.8042053901493956 0.00504935796447617 0.31623 -2.539071146049634 -3.238923059552079
53972 10532852 -0.7811678270994815 0.004877518539132014 0.31242000000000003 -2.539071146049634 -3.238923059552079
53973 10532852 -0.7478669747431136 0.004855247890934915 0.31242000000000003 -2.539071146049634 -3.238923059552079
53974 10532852 -0.7145661223867457 0.004832977242737818 0.31242000000000003 -2.539071146049634 -3.238923059552079
53975 10532852 -0.6865156816248674 0.0064106854850770325 0.3048 -2.539071146049634 -3.238923059552079
53976 10532852 -0.6350135435719365 0.003650962490261617 0.31242000000000003 -2.539071146049634 -3.238923059552079
53977 10532852 -0.6089130504865736 0.0019817779738239287 0.31242000000000003 -2.539071146049634 -3.238923059552079
53978 10532852 -0.5828125574012106 0.0003125934573862399 0.31242000000000003 -2.539071146049634 -3.238923059552079
53979 10532852 -0.5379976209037179 0.0015506952279104314 0.31242000000000003 -2.539071146049634 -3.238923059552079
53980 10532852 -0.5056339490138022 -0.0007928952494156428 0.30861000000000005 -2.539071146049634 -3.238923059552079
53981 10532852 -0.4732702771238864 -0.003136485726741717 0.3048 -2.539071146049634 -3.238923059552079
53982 10532852 -0.4427385961612437 -0.0026610827424594363 0.3048 -2.539071146049634 -3.238923059552079
53983 10532852 -0.41220691519860103 -0.002185679758177156 0.3048 -2.539071146049634 -3.238923059552079
53984 10532852 -0.3784190186256777 -0.002073493899375056 0.30099000000000004 -2.539071146049634 -3.238923059552079
53985 10532852 -0.3446311220527545 -0.0019613080405729566 0.29718 -2.539071146049634 -3.238923059552079
53986 10532852 -0.29801754404519865 -0.0020107951365067878 0.28956 -2.539071146049634 -3.238923059552079
53987 10532852 -0.2666415106873605 0.00023378517489733297 0.28956 -2.539071146049634 -3.238923059552079
53988 10532852 -0.24275463742556136 0.0013047700695514028 0.29718 -2.539071146049634 -3.238923059552079
53989 10532852 -0.2097853761748168 0.002989963392319041 0.2921 -2.539071146049634 -3.238923059552079
53990 10532852 -0.1768161149240723 0.004675156715086679 0.28702 -2.539071146049634 -3.238923059552079
53991 10532852 -0.14384685367332772 0.006360350037854318 0.28194 -2.539071146049634 -3.238923059552079
53992 10532852 -0.11098250816573196 0.006366580793744053 0.27432 -2.539071146049634 -3.238923059552079
53993 10532852 -0.07843917828029345 0.006477877369807955 0.27432 -2.539071146049634 -3.238923059552079
53994 10532852 -0.0541063305934808 0.006469007598652904 0.27432 -2.539071146049634 -3.238923059552079
53995 10532852 -0.028567661962049518 0.004352656412446393 0.27178 -2.539071146049634 -3.238923059552079
53996 10532852 -0.0030289933306182353 0.002236305226239882 0.26924000000000003 -2.539071146049634 -3.238923059552079
53997 10532852 0.022509675300813048 0.00011995404003337097 0.2667 -2.539071146049634 -3.238923059552079
53998 10532852 0.049422258525515184 -0.0001476053193136262 0.25908000000000003 -2.539071146049634 -3.238923059552079
53999 10532852 0.0944085290748914 0.001622259099103518 0.25908000000000003 -2.539071146049634 -3.238923059552079
54000 10532852 0.1055557283067271 0.0031195064981897336 0.25908000000000003 -2.539071146049634 -3.238923059552079
54001 10532852 0.14050122218898306 0.003381334949387818 0.25908000000000003 -2.539071146049634 -3.238923059552079
54002 10532852 0.17544671607123896 0.003643163400585903 0.25908000000000003 -2.539071146049634 -3.238923059552079
54003 10532852 0.20027355288831586 0.004875602555848652 0.25146 -2.539071146049634 -3.238923059552079
54004 10532852 0.22444914070357985 0.00456858775623728 0.25146 -2.539071146049634 -3.238923059552079
54005 10532852 0.24862472851884385 0.0042615729566259095 0.25146 -2.539071146049634 -3.238923059552079
54006 10532852 0.27280031633410784 0.003954558157014536 0.25146 -2.539071146049634 -3.238923059552079
54007 10532852 0.2916222976013388 0.003119139787842604 0.25146 -2.539071146049634 -3.238923059552079
54008 10532852 0.3104442788685697 0.00228372141867067 0.25146 -2.539071146049634 -3.238923059552079
54009 10532852 0.3216603405906858 0.0039924185564816075 0.25908000000000003 -2.539071146049634 -3.238923059552079
54010 10532852 0.3422206170697409 0.004399926878148959 0.25654000000000005 -2.539071146049634 -3.238923059552079
54011 10532852 0.3627808935487961 0.004807435199816311 0.254 -2.539071146049634 -3.238923059552079
54012 10532852 0.3833411700278512 0.0052149435214836615 0.25146 -2.539071146049634 -3.238923059552079
54013 10532852 0.4084424870120136 0.005930043422358626 0.254 -2.539071146049634 -3.238923059552079
54014 10532852 0.433543803996176 0.006645143323233589 0.25654000000000005 -2.539071146049634 -3.238923059552079
54015 10532852 0.4586451209803384 0.0073602432241085545 0.25908000000000003 -2.539071146049634 -3.238923059552079
54016 10532852 0.4728093987502254 0.006314375116405803 0.25908000000000003 -2.539071146049634 -3.238923059552079
54017 10532852 0.4869736765201122 0.005268507008703053 0.25908000000000003 -2.539071146049634 -3.238923059552079
54018 10532852 0.5011379542899992 0.004222638901000303 0.25908000000000003 -2.539071146049634 -3.238923059552079
54019 10532852 0.5011326525247777 0.004222222261324211 0.2590841228188828 -3.4937233486420762 -2.17517862106844
54020 10532852 0.5011273507595562 0.0042218056216481205 0.2590882456377655 -3.4937233486420762 -2.17517862106844
54021 10532852 0.5011220489943348 0.004221388981972028 0.25909236845664824 -3.4937233486420762 -2.17517862106844
54022 10532852 0.5011167472291133 0.004220972342295936 0.2590964912755309 -3.4937233486420762 -2.17517862106844
54023 10532852 0.5011114454638917 0.004220555702619843 0.25910061409441365 -3.4937233486420762 -2.17517862106844
54024 10532852 0.5011061436986702 0.004220139062943752 0.2591047369132964 -3.4937233486420762 -2.17517862106844
54025 10532852 0.5011008419334488 0.00421972242326766 0.2591088597321791 -3.4937233486420762 -2.17517862106844
54026 10532852 0.5010955401682273 0.004219305783591568 0.25911298255106185 -3.4937233486420762 -2.17517862106844
54027 10532852 0.5010902384030058 0.004218889143915478 0.2591171053699446 -3.4937233486420762 -2.17517862106844
54028 10532852 0.5010849366377843 0.0042184725042393855 0.2591212281888273 -3.4937233486420762 -2.17517862106844
54029 10532852 0.5010796348725628 0.0042180558645632926 0.25912535100771 -3.4937233486420762 -2.17517862106844
54030 10532852 0.5010743331073414 0.0042176392248872005 0.25912947382659274 -3.4937233486420762 -2.17517862106844
54031 10532852 0.5010690313421199 0.004217222585211109 0.2591335966454755 -3.4937233486420762 -2.17517862106844
54032 10532852 0.5010637295768984 0.004216805945535017 0.2591377194643582 -3.4937233486420762 -2.17517862106844
54033 10532852 0.5010584278116769 0.004216389305858925 0.2591418422832409 -3.4937233486420762 -2.17517862106844
54034 10532852 0.5010531260464555 0.004215972666182835 0.2591459651021237 -3.4937233486420762 -2.17517862106844
54035 10532852 0.501047824281234 0.004215556026506742 0.2591500879210064 -3.4937233486420762 -2.17517862106844
54036 10532852 0.5010425225160124 0.00421513938683065 0.2591542107398891 -3.4937233486420762 -2.17517862106844
54037 10532852 0.5010372207507909 0.0042147227471545584 0.2591583335587718 -3.4937233486420762 -2.17517862106844
54038 10532852 0.5010319189855695 0.0042143061074784655 0.25916245637765456 -3.4937233486420762 -2.17517862106844
54039 10532852 0.501026617220348 0.004213889467802374 0.2591665791965373 -3.4937233486420762 -2.17517862106844
54040 10532852 0.5010213154551265 0.004213472828126283 0.25917070201542003 -3.4937233486420762 -2.17517862106844
54041 10532852 0.501016013689905 0.004213056188450191 0.2591748248343028 -3.4937233486420762 -2.17517862106844
54042 10532852 0.5010107119246835 0.004212639548774099 0.2591789476531855 -3.4937233486420762 -2.17517862106844
54043 10532852 0.5010054101594621 0.004212222909098007 0.2591830704720682 -3.4937233486420762 -2.17517862106844
54044 10532852 0.5010001083942406 0.0042118062694219156 0.2591871932909509 -3.4937233486420762 -2.17517862106844
54045 10532852 0.5009948066290191 0.004211389629745824 0.25919131610983365 -3.4937233486420762 -2.17517862106844
54046 10532852 0.5009895048637976 0.004210972990069731 0.2591954389287164 -3.4937233486420762 -2.17517862106844
54047 10532852 0.5009842030985762 0.00421055635039364 0.2591995617475991 -3.4937233486420762 -2.17517862106844
54048 10532852 0.5009789013333547 0.004210139710717548 0.25920368456648185 -3.4937233486420762 -2.17517862106844
54049 10532852 0.5009735995681331 0.004209723071041456 0.2592078073853646 -3.4937233486420762 -2.17517862106844
54050 10532852 0.5009682978029116 0.004209306431365365 0.2592119302042473 -3.4937233486420762 -2.17517862106844
54051 10532852 0.5009629960376901 0.004208889791689273 0.25921605302313 -3.4937233486420762 -2.17517862106844
54052 10532852 0.5009576942724687 0.0042084731520131815 0.25922017584201273 -3.4937233486420762 -2.17517862106844
54053 10532852 0.5009523925072472 0.004208056512337089 0.2592242986608955 -3.4937233486420762 -2.17517862106844
54054 10532852 0.5009470907420257 0.004207639872660997 0.2592284214797782 -3.4937233486420762 -2.17517862106844
54055 10532852 0.5009417889768042 0.004207223232984904 0.2592325442986609 -3.4937233486420762 -2.17517862106844
54056 10532852 0.5009364872115828 0.004206806593308813 0.2592366671175437 -3.4937233486420762 -2.17517862106844
54057 10532852 0.5009311854463613 0.004206389953632722 0.2592407899364264 -3.4937233486420762 -2.17517862106844
54058 10532852 0.5009258836811398 0.00420597331395663 0.2592449127553091 -3.4937233486420762 -2.17517862106844
54059 10532852 0.5009205819159183 0.004205556674280539 0.2592490355741918 -3.4937233486420762 -2.17517862106844
54060 10532852 0.5009152801506968 0.0042051400346044465 0.25925315839307456 -3.4937233486420762 -2.17517862106844
54061 10532852 0.5009099783854754 0.0042047233949283535 0.2592572812119573 -3.4937233486420762 -2.17517862106844
54062 10532852 0.5009046766202538 0.0042043067552522614 0.25926140403083997 -3.4937233486420762 -2.17517862106844
54063 10532852 0.5008993748550323 0.00420389011557617 0.2592655268497228 -3.4937233486420762 -2.17517862106844
54064 10532852 0.5008940730898108 0.004203473475900079 0.2592696496686055 -3.4937233486420762 -2.17517862106844
54065 10532852 0.5008887713245894 0.004203056836223987 0.2592737724874882 -3.4937233486420762 -2.17517862106844
54066 10532852 0.5008834695593679 0.004202640196547896 0.2592778953063709 -3.4937233486420762 -2.17517862106844
54067 10532852 0.5008781677941464 0.004202223556871804 0.25928201812525364 -3.4937233486420762 -2.17517862106844
54068 10532852 0.5008728660289249 0.0042018069171957115 0.2592861409441364 -3.4937233486420762 -2.17517862106844
54069 10532852 0.5008675642637035 0.0042013902775196186 0.2592902637630191 -3.4937233486420762 -2.17517862106844
54070 10532852 0.500862262498482 0.004200973637843528 0.25929438658190185 -3.4937233486420762 -2.17517862106844
54071 10532852 0.5008569607332605 0.004200556998167436 0.2592985094007846 -3.4937233486420762 -2.17517862106844
54072 10532852 0.500851658968039 0.004200140358491344 0.2593026322196673 -3.4937233486420762 -2.17517862106844
54073 10532852 0.5008463572028174 0.004199723718815252 0.25930675503855 -3.4937233486420762 -2.17517862106844
54074 10532852 0.5008410554375959 0.004199307079139161 0.25931087785743273 -3.4937233486420762 -2.17517862106844
54075 10532852 0.5008357536723745 0.004198890439463069 0.2593150006763155 -3.4937233486420762 -2.17517862106844
54076 10532852 0.500830451907153 0.004198473799786977 0.2593191234951982 -3.4937233486420762 -2.17517862106844
54077 10532852 0.5008251501419315 0.004198057160110885 0.2593232463140809 -3.4937233486420762 -2.17517862106844
54078 10532852 0.5008198483767101 0.004197640520434793 0.2593273691329637 -3.4937233486420762 -2.17517862106844
