52711 10979952 1.0991392352435465 4.876204761704463 0.67056 -3.4937233486420762 -2.17517862106844
52712 10979952 1.1259629938105316 4.8347221319168785 0.67056 -3.4937233486420762 -2.17517862106844
52713 10979952 1.1527871215088892 4.793239592597906 0.67056 -3.4937233486420762 -2.17517862106844
52714 10979952 1.1801160829737172 4.751942734057718 0.6400800000000001 -3.4937233486420762 -2.17517862106844
52715 10979952 1.2091954183091502 4.712469098258997 0.6400800000000001 -3.4937233486420762 -2.17517862106844
52716 10979952 1.2382747536445835 4.6729954624602765 0.6400800000000001 -3.4937233486420762 -2.17517862106844
52717 10979952 1.2652029069410855 4.631012450541465 0.6400800000000001 -3.4937233486420762 -2.17517862106844
52718 10979952 1.2927181724518295 4.5908240007150685 0.6400800000000001 -3.4937233486420762 -2.17517862106844
52719 10979952 1.3202334379625733 4.5506355508886704 0.6400800000000001 -3.4937233486420762 -2.17517862106844
52720 10979952 1.3505914118241449 4.510452894808723 0.6400800000000001 -3.4937233486420762 -2.17517862106844
52721 10979952 1.3764962710197617 4.474296333174691 0.6400800000000001 -3.4937233486420762 -2.17517862106844
52722 10979952 1.408204266915096 4.431453068587984 0.6400800000000001 -3.4937233486420762 -2.17517862106844
52723 10979952 1.436261045318158 4.392373761685887 0.6096 -3.4937233486420762 -2.17517862106844
52724 10979952 1.4674139929021228 4.354619339575929 0.6096 -3.4937233486420762 -2.17517862106844
52725 10979952 1.4961614554123093 4.317651360717234 0.6096 -3.4937233486420762 -2.17517862106844
52726 10979952 1.5269598125733663 4.279896471835379 0.6096 -3.4937233486420762 -2.17517862106844
52727 10979952 1.5560202238392649 4.245513764073627 0.6096 -3.4937233486420762 -2.17517862106844
52728 10979952 1.58710553509928 4.2075487273666985 0.6096 -3.4937233486420762 -2.17517862106844
52729 10979952 1.619088122731271 4.17232828282753 0.6096 -3.4937233486420762 -2.17517862106844
52730 10979952 1.6477682263490918 4.135149770494289 0.6096 -3.4937233486420762 -2.17517862106844
52731 10979952 1.6794306735920852 4.100034420899129 0.6096 -3.4937233486420762 -2.17517862106844
52732 10979952 1.7122387852638399 4.064077724487692 0.59436 -3.4937233486420762 -2.17517862106844
52733 10979952 1.745046896935595 4.0281210280762565 0.57912 -3.4937233486420762 -2.17517862106844
52734 10979952 1.7769621231165966 3.992690152241981 0.57912 -3.4937233486420762 -2.17517862106844
52735 10979952 1.8095675442314263 3.959370562528784 0.57912 -3.4937233486420762 -2.17517862106844
52736 10979952 1.842311237919864 3.9264733486754575 0.57912 -3.4937233486420762 -2.17517862106844
52737 10979952 1.8748482736891463 3.8929429350527145 0.57912 -3.4937233486420762 -2.17517862106844
52738 10979952 1.9070535974751388 3.8597548110042488 0.54864 -3.4937233486420762 -2.17517862106844
52739 10979952 1.9385693949204017 3.8244556654365764 0.54864 -3.4937233486420762 -2.17517862106844
52740 10979952 1.969529105163244 3.7942452314348407 0.54864 -3.4937233486420762 -2.17517862106844
52741 10979952 2.005335609577595 3.762568206250591 0.54864 -3.4937233486420762 -2.17517862106844
52742 10979952 2.0356405485069784 3.730352441503323 0.54864 -3.4937233486420762 -2.17517862106844
52743 10979952 2.0666272103688392 3.6975053713537047 0.54864 -3.4937233486420762 -2.17517862106844
52744 10979952 2.0976138722307 3.6646583012040863 0.54864 -3.4937233486420762 -2.17517862106844
52745 10979952 2.127919647327756 3.6324429172772366 0.54864 -3.4937233486420762 -2.17517862106844
52746 10979952 2.158122235832431 3.5999109800881617 0.54864 -3.4937233486420762 -2.17517862106844
52747 10979952 2.185563711700353 3.5681644954671285 0.54864 -3.4937233486420762 -2.17517862106844
52748 10979952 2.212982979823773 3.536892755806412 0.54864 -3.4937233486420762 -2.17517862106844
52749 10979952 2.2401595209781062 3.5032471470793904 0.54864 -3.4937233486420762 -2.17517862106844
52750 10979952 2.2626896123371143 3.4643438382054583 0.54864 -3.4937233486420762 -2.17517862106844
52751 10979952 2.2852197036961224 3.4254405293315267 0.54864 -3.4937233486420762 -2.17517862106844
52752 10979952 2.306635522098082 3.383396701906699 0.54864 -3.4937233486420762 -2.17517862106844
52753 10979952 2.3228704821048174 3.340708972459369 0.54864 -3.4937233486420762 -2.17517862106844
52754 10979952 2.3383036777828248 3.298283273665055 0.54864 -3.4937233486420762 -2.17517862106844
52755 10979952 2.3527192397898347 3.258176140070702 0.54864 -3.4937233486420762 -2.17517862106844
52756 10979952 2.3649536803140516 3.2141085930788003 0.54864 -3.4937233486420762 -2.17517862106844
52757 10979952 2.3755497618453183 3.1704594973282574 0.54864 -3.4937233486420762 -2.17517862106844
52758 10979952 2.3805660154904067 3.1287499855649537 0.54864 -3.4937233486420762 -2.17517862106844
52759 10979952 2.3875621934059588 3.0835899814961816 0.54864 -3.4937233486420762 -2.17517862106844
52760 10979952 2.390773073294384 3.0349935228960607 0.54864 -3.4937233486420762 -2.17517862106844
52761 10979952 2.3928429036752648 2.991734893308459 0.54864 -3.4937233486420762 -2.17517862106844
52762 10979952 2.3949127340561454 2.948476263720857 0.54864 -3.4937233486420762 -2.17517862106844
52763 10979952 2.3916983327133567 2.9046656710368453 0.54864 -3.4937233486420762 -2.17517862106844
52764 10979952 2.394405502443181 2.8558834378344784 0.54864 -3.4937233486420762 -2.17517862106844
52765 10979952 2.391445460959248 2.8142094692208146 0.54864 -3.4937233486420762 -2.17517862106844
52766 10979952 2.386714328304775 2.765754103339929 0.54864 -3.4937233486420762 -2.17517862106844
52767 10979952 2.379669546030363 2.7190474891625245 0.54864 -3.4937233486420762 -2.17517862106844
52768 10979952 2.3726247637559505 2.67234087498512 0.54864 -3.4937233486420762 -2.17517862106844
52769 10979952 2.363369698911129 2.627699708770148 0.54864 -3.4937233486420762 -2.17517862106844
52770 10979952 2.3510531460270183 2.581838880015757 0.57912 -3.4937233486420762 -2.17517862106844
52771 10979952 2.338702145347061 2.535872483743623 0.57912 -3.4937233486420762 -2.17517862106844
52772 10979952 2.3238412763837943 2.490375427295888 0.57912 -3.4937233486420762 -2.17517862106844
52773 10979952 2.3065739324876717 2.4456644107727707 0.57912 -3.4937233486420762 -2.17517862106844
52774 10979952 2.287037988082835 2.4021616981403606 0.57912 -3.4937233486420762 -2.17517862106844
52775 10979952 2.265129958811104 2.359550624516435 0.57912 -3.4937233486420762 -2.17517862106844
52776 10979952 2.2377206153425395 2.31803555399516 0.57912 -3.4937233486420762 -2.17517862106844
52777 10979952 2.2123179179055352 2.2775006102074973 0.57912 -3.4937233486420762 -2.17517862106844
52778 10979952 2.186915220468531 2.236965666419834 0.57912 -3.4937233486420762 -2.17517862106844
52779 10979952 2.1548527535420714 2.1969705883259834 0.57912 -3.4937233486420762 -2.17517862106844
52780 10979952 2.1228365277658394 2.1576614017493543 0.57912 -3.4937233486420762 -2.17517862106844
52781 10979952 2.0879293435337867 2.1160255133253107 0.57912 -3.4937233486420762 -2.17517862106844
52782 10979952 2.0558782050389053 2.0766110139033445 0.57912 -3.4937233486420762 -2.17517862106844
52783 10979952 2.0191740698410685 2.038716492945842 0.57912 -3.4937233486420762 -2.17517862106844
52784 10979952 1.9806035115824308 2.0035345817893293 0.57912 -3.4937233486420762 -2.17517862106844
52785 10979952 1.9436807001954888 1.9652443627959957 0.57912 -3.4937233486420762 -2.17517862106844
52786 10979952 1.9052130523321797 1.9303794951372573 0.57912 -3.4937233486420762 -2.17517862106844
52787 10979952 1.8675172907314461 1.893802302969955 0.57912 -3.4937233486420762 -2.17517862106844
52788 10979952 1.829821529130712 1.8572251108026532 0.57912 -3.4937233486420762 -2.17517862106844
52789 10979952 1.7888774187112135 1.8229358830619664 0.57912 -3.4937233486420762 -2.17517862106844
52790 10979952 1.7474974123966758 1.7886723465852068 0.57912 -3.4937233486420762 -2.17517862106844
52791 10979952 1.7077125000119997 1.7565748228825169 0.57912 -3.4937233486420762 -2.17517862106844
52792 10979952 1.6630358248042252 1.7285288521004205 0.57912 -3.4937233486420762 -2.17517862106844
52793 10979952 1.6204769806218329 1.6974546381015316 0.57912 -3.4937233486420762 -2.17517862106844
52794 10979952 1.5784068638480484 1.6685574853949854 0.57912 -3.4937233486420762 -2.17517862106844
52795 10979952 1.5363367470742644 1.639660332688439 0.57912 -3.4937233486420762 -2.17517862106844
52796 10979952 1.494867898085326 1.6105669485013177 0.57912 -3.4937233486420762 -2.17517862106844
52797 10979952 1.4526654905790384 1.5819470160210678 0.57912 -3.4937233486420762 -2.17517862106844
52798 10979952 1.4063734922786209 1.5571167380958162 0.57912 -3.4937233486420762 -2.17517862106844
52799 10979952 1.3648348199508826 1.527812943859199 0.57912 -3.4937233486420762 -2.17517862106844
52800 10979952 1.3225280916187494 1.4988770573971908 0.57912 -3.4937233486420762 -2.17517862106844
52801 10979952 1.2769594925051304 1.4762643029982665 0.57912 -3.4937233486420762 -2.17517862106844
52802 10979952 1.2325617823519934 1.455605708372918 0.57912 -3.4937233486420762 -2.17517862106844
52803 10979952 1.1849261468513448 1.4424309158970203 0.57912 -3.4937233486420762 -2.17517862106844
52804 10979952 1.137290511350696 1.4292561234211223 0.57912 -3.4937233486420762 -2.17517862106844
52805 10979952 1.0886182480385809 1.4175304178420292 0.57912 -3.4937233486420762 -2.17517862106844
52806 10979952 1.039945984726466 1.4058047122629356 0.57912 -3.4937233486420762 -2.17517862106844
52807 10979952 0.994229197198489 1.3979620089737077 0.57912 -3.4937233486420762 -2.17517862106844
52808 10979952 0.9435958703378138 1.3921934791234492 0.57912 -3.4937233486420762 -2.17517862106844
52809 10979952 0.8966455112424143 1.3895443836343848 0.57912 -3.4937233486420762 -2.17517862106844
52810 10979952 0.8485637369119859 1.3907701724340602 0.57912 -3.4937233486420762 -2.17517862106844
52811 10979952 0.7991606025297133 1.3890400311912277 0.57912 -3.4937233486420762 -2.17517862106844
52812 10979952 0.7481784314825703 1.3906301463330573 0.57912 -3.4937233486420762 -2.17517862106844
52813 10979952 0.6987485494560135 1.3969706366355823 0.57912 -3.4937233486420762 -2.17517862106844
52814 10979952 0.6485252019526507 1.4008836962946285 0.57912 -3.4937233486420762 -2.17517862106844
52815 10979952 0.5989572766620974 1.4068026629934784 0.57912 -3.4937233486420762 -2.17517862106844
52816 10979952 0.5492299883837426 1.4081594084854112 0.57912 -3.4937233486420762 -2.17517862106844
52817 10979952 0.4995027001053879 1.4095161539773442 0.57912 -3.4937233486420762 -2.17517862106844
52818 10979952 0.4522724784228019 1.4144383849873985 0.57912 -3.4937233486420762 -2.17517862106844
52819 10979952 0.40291141076463294 1.4209920545244263 0.57912 -3.0629300369738885 -2.748811462978706
52820 10979952 0.35437006843641017 1.4219038731087041 0.57912 -3.0629300369738885 -2.748811462978706
52821 10979952 0.3065359227766969 1.4249800416509806 0.57912 -3.0629300369738885 -2.748811462978706
52822 10979952 0.2587017771169836 1.4280562101932572 0.57912 -3.0629300369738885 -2.748811462978706
52823 10979952 0.21249804138950654 1.4279711562545558 0.57912 -3.0629300369738885 -2.748811462978706
52824 10979952 0.16388739999607085 1.4286731724558812 0.57912 -3.0629300369738885 -2.748811462978706
52825 10979952 0.1149419896902084 1.4272651083783217 0.57912 -3.0629300369738885 -2.748811462978706
52826 10979952 0.0661008014034582 1.4269917583785907 0.57912 -3.0629300369738885 -2.748811462978706
52827 10979952 0.017259613116707984 1.42671840837886 0.57912 -3.0629300369738885 -2.748811462978706
52828 10979952 -0.029244771644448383 1.424630070663825 0.57912 -3.0629300369738885 -2.748811462978706
52829 10979952 -0.08105636047168907 1.42369289473996 0.57912 -3.0629300369738885 -2.748811462978706
52830 10979952 -0.12726071735192368 1.4236100519960335 0.54864 -3.0629300369738885 -2.748811462978706
52831 10979952 -0.17645863500888906 1.4225200152045323 0.54864 -3.0629300369738885 -2.748811462978706
52832 10979952 -0.2266185491454774 1.4225628088688602 0.54864 -3.0629300369738885 -2.748811462978706
52833 10979952 -0.2767784632820658 1.4226056025331881 0.54864 -3.0629300369738885 -2.748811462978706
52834 10979952 -0.3229831703459929 1.4225240338081306 0.54864 -3.0629300369738885 -2.748811462978706
52835 10979952 -0.36918795914033664 1.4224427658717114 0.54864 -3.0629300369738885 -2.748811462978706
52836 10979952 -0.4152547805835436 1.4227840015939766 0.54864 -3.0629300369738885 -2.748811462978706
52837 10979952 -0.4635111330200823 1.4234909376938778 0.54864 -3.0629300369738885 -2.748811462978706
52838 10979952 -0.509799378733472 1.4310321203083334 0.54864 -3.0629300369738885 -2.748811462978706
52839 10979952 -0.553196490380985 1.4300338852910166 0.5181600000000001 -3.0629300369738885 -2.748811462978706
52840 10979952 -0.5986078038053213 1.4323817646644703 0.5181600000000001 -3.0629300369738885 -2.748811462978706
52841 10979952 -0.645718436931879 1.4376809070350864 0.5181600000000001 -3.0629300369738885 -2.748811462978706
52842 10979952 -0.6928290700584367 1.4429800494057026 0.5181600000000001 -3.0629300369738885 -2.748811462978706
52843 10979952 -0.7343149618681213 1.4491859144813088 0.5181600000000001 -3.0629300369738885 -2.748811462978706
52844 10979952 -0.7789325346062166 1.4539625850447868 0.5181600000000001 -3.0629300369738885 -2.748811462978706
52845 10979952 -0.8204874774258328 1.4599578585663724 0.5181600000000001 -3.0629300369738885 -2.748811462978706
52846 10979952 -0.8635695986741851 1.4639993599395438 0.5181600000000001 -3.0629300369738885 -2.748811462978706
52847 10979952 -0.9066517199225376 1.4680408613127154 0.5181600000000001 -3.0629300369738885 -2.748811462978706
52848 10979952 -0.949819554488554 1.4772516469037045 0.5181600000000001 -3.0629300369738885 -2.748811462978706
52849 10979952 -0.9945407775289574 1.4817130349437175 0.5181600000000001 -3.0629300369738885 -2.748811462978706
52850 10979952 -1.0385716085465977 1.4882856628038261 0.48768 -3.0629300369738885 -2.748811462978706
52851 10979952 -1.0800575548637117 1.4944935604031535 0.48768 -3.0629300369738885 -2.748811462978706
52852 10979952 -1.1208185379077176 1.5029181984386326 0.48768 -3.0629300369738885 -2.748811462978706
52853 10979952 -1.1643791858046464 1.5095715050664065 0.48768 -3.0629300369738885 -2.748811462978706
52854 10979952 -1.203782190193184 1.5126452102001255 0.48768 -3.0629300369738885 -2.748811462978706
52855 10979952 -1.2467526772742743 1.5143155636761354 0.48768 -3.0629300369738885 -2.748811462978706
52856 10979952 -1.2897577419778592 1.5158806311297193 0.48768 -3.0629300369738885 -2.748811462978706
52857 10979952 -1.33049416769418 1.5162364924588883 0.48768 -3.0629300369738885 -2.748811462978706
52858 10979952 -1.368041764458472 1.5084222146246515 0.48768 -3.0629300369738885 -2.748811462978706
52859 10979952 -1.4066182361210589 1.4985495131023898 0.48768 -3.0629300369738885 -2.748811462978706
52860 10979952 -1.4451947077836456 1.4886768115801288 0.48768 -3.0629300369738885 -2.748811462978706
52861 10979952 -1.4849178734584718 1.474213742057248 0.4572000000000001 -3.0629300369738885 -2.748811462978706
52862 10979952 -1.5200916246705052 1.4579120481245684 0.4572000000000001 -3.0629300369738885 -2.748811462978706
52863 10979952 -1.5550583675039864 1.442243794902524 0.4572000000000001 -3.0629300369738885 -2.748811462978706
52864 10979952 -1.5892189195520696 1.4203530283352022 0.4572000000000001 -3.0629300369738885 -2.748811462978706
52865 10979952 -1.6240235052246983 1.3970372728195604 0.4572000000000001 -3.0629300369738885 -2.748811462978706
52866 10979952 -1.6572277895810743 1.3699265243589835 0.4572000000000001 -3.0629300369738885 -2.748811462978706
52867 10979952 -1.6854459127633976 1.3417688360383366 0.4572000000000001 -3.0629300369738885 -2.748811462978706
52868 10979952 -1.7147925685573735 1.3098909734924664 0.4572000000000001 -3.0629300369738885 -2.748811462978706
52869 10979952 -1.7441392243513494 1.2780131109465962 0.4572000000000001 -3.0629300369738885 -2.748811462978706
52870 10979952 -1.7697884816041094 1.24142044156356 0.4572000000000001 -3.0629300369738885 -2.748811462978706
52871 10979952 -1.7929507971940903 1.2040141827495818 0.4572000000000001 -3.0629300369738885 -2.748811462978706
52872 10979952 -1.8161131127840715 1.1666079239356035 0.4572000000000001 -3.0629300369738885 -2.748811462978706
52873 10979952 -1.8360064288006124 1.1302353511691396 0.42672 -3.0629300369738885 -2.748811462978706
52874 10979952 -1.8549086228457468 1.0887480215118348 0.42672 -3.0629300369738885 -2.748811462978706
52875 10979952 -1.8665727292082528 1.0449510908065849 0.42672 -3.0629300369738885 -2.748811462978706
52876 10979952 -1.8782368355707588 1.0011541601013356 0.42672 -3.0629300369738885 -2.748811462978706
52877 10979952 -1.885173250413404 0.955518416344468 0.42672 -3.0629300369738885 -2.748811462978706
52878 10979952 -1.893653324334979 0.9133087460755086 0.42672 -3.0629300369738885 -2.748811462978706
52879 10979952 -1.9001995777492444 0.8677790610519273 0.42672 -3.0629300369738885 -2.748811462978706
52880 10979952 -1.904828217628295 0.8243093884999257 0.42672 -3.0629300369738885 -2.748811462978706
52881 10979952 -1.9094568575073452 0.7808397159479243 0.42672 -3.0629300369738885 -2.748811462978706
52882 10979952 -1.9151374355599529 0.7349684472488274 0.42672 -3.0629300369738885 -2.748811462978706
52883 10979952 -1.9208180136125603 0.6890971785497303 0.42672 -3.0629300369738885 -2.748811462978706
52884 10979952 -1.9217554103396917 0.6444199620543054 0.42672 -3.0629300369738885 -2.748811462978706
52885 10979952 -1.9249392896808064 0.6004777080574939 0.39624 -3.0629300369738885 -2.748811462978706
52886 10979952 -1.9311842373316888 0.5569526906488557 0.39624 -3.0629300369738885 -2.748811462978706
52887 10979952 -1.93484931642156 0.5131678933123469 0.39624 -3.0629300369738885 -2.748811462978706
52888 10979952 -1.937663117798824 0.4714414597767463 0.39624 -3.0629300369738885 -2.748811462978706
52889 10979952 -1.9404769191760884 0.4297150262411457 0.39624 -3.0629300369738885 -2.748811462978706
52890 10979952 -1.9432907205533525 0.3879885927055451 0.39624 -3.0629300369738885 -2.748811462978706
52891 10979952 -1.9435711513761749 0.34531658567933265 0.39624 -3.0629300369738885 -2.748811462978706
52892 10979952 -1.9385983686539003 0.3034965750554269 0.39624 -3.0629300369738885 -2.748811462978706
52893 10979952 -1.933074898360984 0.26173014353744617 0.39624 -3.0629300369738885 -2.748811462978706
52894 10979952 -1.9189708073529987 0.22229774986354675 0.39624 -3.0629300369738885 -2.748811462978706
52895 10979952 -1.9058012145109875 0.1876110842835018 0.39624 -3.0629300369738885 -2.748811462978706
52896 10979952 -1.889556012896923 0.15472255675748034 0.39624 -3.0629300369738885 -2.748811462978706
52897 10979952 -1.8715964487799637 0.12653112464073876 0.39624 -3.0629300369738885 -2.748811462978706
52898 10979952 -1.8483611800725064 0.0987171405570728 0.39624 -3.0629300369738885 -2.748811462978706
52899 10979952 -1.819035605829402 0.07159840290409256 0.39624 -3.0629300369738885 -2.748811462978706
52900 10979952 -1.7906670797365332 0.049700168096009606 0.39624 -3.0629300369738885 -2.748811462978706
52901 10979952 -1.7597959035550728 0.030021302608217088 0.39624 -3.0629300369738885 -2.748811462978706
52902 10979952 -1.726430449546161 0.01525196464256165 0.381 -3.0629300369738885 -2.748811462978706
52903 10979952 -1.69306499553725 0.0004826266769062115 0.36576 -3.0629300369738885 -2.748811462978706
52904 10979952 -1.6582018801580658 -0.008350157189513846 0.36576 -3.0629300369738885 -2.748811462978706
52905 10979952 -1.6258496179319362 -0.01671202863813373 0.36576 -3.0629300369738885 -2.748811462978706
52906 10979952 -1.5883067901819528 -0.01870958465536401 0.36576 -3.0629300369738885 -2.748811462978706
52907 10979952 -1.555323952803765 -0.016995599607165818 0.36576 -3.0629300369738885 -2.748811462978706
52908 10979952 -1.52053994447768 -0.01452686447509674 0.35052 -3.0629300369738885 -2.748811462978706
52909 10979952 -1.4857559361515948 -0.012058129343027664 0.33528 -3.0629300369738885 -2.748811462978706
52910 10979952 -1.4497445984349515 -0.00923112879024715 0.33528 -3.0629300369738885 -2.748811462978706
52911 10979952 -1.4159680501530356 -0.005088896373156043 0.33528 -3.0629300369738885 -2.748811462978706
52912 10979952 -1.3818593952187797 -0.0012888173159926466 0.33528 -3.0629300369738885 -2.748811462978706
52913 10979952 -1.3439587403976876 -0.0008318041148214494 0.33528 -3.0629300369738885 -2.748811462978706
52914 10979952 -1.3110453584926052 0.000672215032722384 0.33528 -3.0629300369738885 -2.748811462978706
52915 10979952 -1.2783176089261816 0.0002508482065119721 0.33528 -3.0629300369738885 -2.748811462978706
52916 10979952 -1.243802115049231 -0.0012223641465833044 0.33528 -3.0629300369738885 -2.748811462978706
52917 10979952 -1.2089881003016498 -0.002325694955270824 0.33528 -3.0629300369738885 -2.748811462978706
52918 10979952 -1.176364009281947 -0.003063238254648853 0.33528 -3.0629300369738885 -2.748811462978706
52919 10979952 -1.1441411892650737 -0.0036693554402174866 0.33528 -3.0629300369738885 -2.748811462978706
52920 10979952 -1.1119183692482002 -0.004275472625786121 0.33528 -3.0629300369738885 -2.748811462978706
52921 10979952 -1.077898339788798 -0.007805796556615979 0.33528 -3.0629300369738885 -2.748811462978706
52922 10979952 -1.0449965250957294 -0.006063205510761033 0.33528 -3.0629300369738885 -2.748811462978706
52923 10979952 -1.0129528837162964 -0.007895372943032414 0.33528 -3.0629300369738885 -2.748811462978706
52924 10979952 -0.9809092423368636 -0.009727540375303795 0.33528 -3.0629300369738885 -2.748811462978706
52925 10979952 -0.9493423526542016 -0.012338295844405295 0.33528 -3.0629300369738885 -2.748811462978706
52926 10979952 -0.9190568131743916 -0.012076403865796255 0.33528 -3.0629300369738885 -2.748811462978706
52927 10979952 -0.8888791972045981 -0.01078595165708124 0.32004 -3.0629300369738885 -2.748811462978706
52928 10979952 -0.8587015812348042 -0.009495499448366224 0.3048 -3.0629300369738885 -2.748811462978706
52929 10979952 -0.8283457686944716 -0.00765938055428168 0.3048 -3.0629300369738885 -2.748811462978706
52930 10979952 -0.7979899561541391 -0.005823261660197135 0.3048 -3.0629300369738885 -2.748811462978706
52931 10979952 -0.7676341436138066 -0.003987142766112589 0.3048 -3.0629300369738885 -2.748811462978706
52932 10979952 -0.7363975827047436 -0.004210683727537357 0.3048 -3.0629300369738885 -2.748811462978706
52933 10979952 -0.7051610217956807 -0.004434224688962124 0.3048 -3.0629300369738885 -2.748811462978706
52934 10979952 -0.6773953600887491 -0.0010108550220781776 0.3048 -3.0629300369738885 -2.748811462978706
52935 10979952 -0.6447373763740958 -0.001640402627694243 0.3048 -3.0629300369738885 -2.748811462978706
52936 10979952 -0.6149682038344273 -0.0013253571463436033 0.3048 -3.0629300369738885 -2.748811462978706
52937 10979952 -0.5850040713079363 -0.0009571034950149604 0.3048 -3.0629300369738885 -2.748811462978706
52938 10979952 -0.5544300634486061 0.0015485489826502494 0.3048 -3.0629300369738885 -2.748811462978706
52939 10979952 -0.5228981054698232 -0.0011658591258950355 0.3048 -3.0629300369738885 -2.748811462978706
52940 10979952 -0.49268212070228395 -0.0011132539905428231 0.3048 -3.0629300369738885 -2.748811462978706
52941 10979952 -0.4624059449974212 0.001840616285134961 0.3048 -3.0629300369738885 -2.748811462978706
52942 10979952 -0.4298172345261861 0.0010009528983374316 0.3048 -3.0629300369738885 -2.748811462978706
52943 10979952 -0.40065819114800094 -0.0008203854191667082 0.3048 -3.0629300369738885 -2.748811462978706
52944 10979952 -0.3690425129567506 0.00011877020816797312 0.3048 -3.0629300369738885 -2.748811462978706
52945 10979952 -0.3374268347655003 0.0010579258355026544 0.3048 -3.0629300369738885 -2.748811462978706
52946 10979952 -0.30852549894508435 0.001618990286701566 0.29464 -3.0629300369738885 -2.748811462978706
52947 10979952 -0.2796241631246685 0.0021800547379004775 0.28448 -3.0629300369738885 -2.748811462978706
52948 10979952 -0.2507228273042525 0.002741119189099389 0.27432 -3.0629300369738885 -2.748811462978706
52949 10979952 -0.2207077959322098 0.0028605208696405315 0.27432 -3.0629300369738885 -2.748811462978706
52950 10979952 -0.19069276456016704 0.002979922550181674 0.27432 -3.0629300369738885 -2.748811462978706
