50915 11217673 3.1391997879622457 1.7103339745939945 0.57912 -2.8564550393058386 -3.6437884419960884
50916 11217673 3.039464586982485 1.719999914514586 0.57912 -2.8564550393058386 -3.6437884419960884
50917 11217673 2.988660664106429 1.7221018040594218 0.57912 -2.8564550393058386 -3.6437884419960884
50918 11217673 2.9402686315573705 1.7150055168365737 0.57912 -2.8564550393058386 -3.6437884419960884
50919 11217673 2.8878789446996653 1.7122521201031793 0.57912 -2.8564550393058386 -3.6437884419960884
50920 11217673 2.8381478069946704 1.7083973429451398 0.57912 -2.8564550393058386 -3.6437884419960884
50921 11217673 2.788922919195537 1.7071812487046951 0.57912 -2.8564550393058386 -3.6437884419960884
50922 11217673 2.735636595615675 1.70168429000932 0.57912 -2.8564550393058386 -3.6437884419960884
50923 11217673 2.709027818902854 1.6990415737872744 0.57912 -2.8564550393058386 -3.6437884419960884
50924 11217673 2.682419042190033 1.696398857565229 0.57912 -2.8564550393058386 -3.6437884419960884
50925 11217673 2.6300286528033068 1.693647358209809 0.57912 -2.8564550393058386 -3.6437884419960884
50926 11217673 2.5784935795013717 1.685359930185654 0.57912 -2.8564550393058386 -3.6437884419960884
50927 11217673 2.5228343081710705 1.6807560683730378 0.57912 -2.8564550393058386 -3.6437884419960884
50928 11217673 2.416501097710487 1.6705054633858176 0.57912 -2.8564550393058386 -3.6437884419960884
50929 11217673 2.3625585361427897 1.6630055909438044 0.57912 -2.8564550393058386 -3.6437884419960884
50930 11217673 2.3062779820655823 1.6565032869538048 0.57912 -2.8564550393058386 -3.6437884419960884
50931 11217673 2.252266066130625 1.6487931209056619 0.57912 -2.8564550393058386 -3.6437884419960884
50932 11217673 2.2000056203864236 1.6382916078294452 0.54864 -2.8564550393058386 -3.6437884419960884
50933 11217673 2.1734476758184584 1.6358092302911371 0.54864 -2.8564550393058386 -3.6437884419960884
50934 11217673 2.1468897312504933 1.6333268527528284 0.54864 -2.8564550393058386 -3.6437884419960884
50935 11217673 2.0373542190956178 1.6214400596007252 0.54864 -2.8564550393058386 -3.6437884419960884
50936 11217673 1.9834102764875103 1.6139430458771264 0.54864 -2.8564550393058386 -3.6437884419960884
50937 11217673 1.9294660347849817 1.6064466420299404 0.54864 -2.8564550393058386 -3.6437884419960884
50938 11217673 1.875521793082453 1.5989502381827543 0.54864 -2.8564550393058386 -3.6437884419960884
50939 11217673 1.819222107493606 1.5923992099976387 0.54864 -2.8564550393058386 -3.6437884419960884
50940 11217673 1.7629224219047592 1.5858481818125236 0.54864 -2.8564550393058386 -3.6437884419960884
50941 11217673 1.7097361320149695 1.5806755579483045 0.54864 -2.8564550393058386 -3.6437884419960884
50942 11217673 1.6533842311671116 1.5739672747719482 0.54864 -2.8564550393058386 -3.6437884419960884
50943 11217673 1.5977218396820048 1.5693706268250949 0.54864 -2.8564550393058386 -3.6437884419960884
50944 11217673 1.5699767725149247 1.5673364183914753 0.54864 -2.8564550393058386 -3.6437884419960884
50945 11217673 1.5422317053478447 1.565302209957856 0.54864 -2.8564550393058386 -3.6437884419960884
50946 11217673 1.4343401037984045 1.550316059662665 0.5181600000000001 -2.8564550393058386 -3.6437884419960884
50947 11217673 1.3755804350747645 1.5443963034753116 0.5181600000000001 -2.8564550393058386 -3.6437884419960884
50948 11217673 1.3203961465105405 1.537192123224465 0.5181600000000001 -2.8564550393058386 -3.6437884419960884
50949 11217673 1.2652118579463163 1.5299879429736183 0.5181600000000001 -2.8564550393058386 -3.6437884419960884
50950 11217673 1.2089273409302128 1.5234942809912106 0.5181600000000001 -2.8564550393058386 -3.6437884419960884
50951 11217673 1.153432013963506 1.5153413701444267 0.5334000000000001 -2.8564550393058386 -3.6437884419960884
50952 11217673 1.0979366869967992 1.5071884592976432 0.54864 -2.8564550393058386 -3.6437884419960884
50953 11217673 1.0440238572298182 1.4998040876240666 0.54864 -2.8564550393058386 -3.6437884419960884
50954 11217673 0.9869451685666082 1.4908843576379485 0.54864 -2.8564550393058386 -3.6437884419960884
50955 11217673 0.9336873166502252 1.485506398672559 0.54864 -2.8564550393058386 -3.6437884419960884
50956 11217673 0.879739393477555 1.478017708074688 0.54864 -2.8564550393058386 -3.6437884419960884
50957 11217673 0.8265501760991125 1.4728516608159248 0.54864 -2.8564550393058386 -3.6437884419960884
50958 11217673 0.7726363660032918 1.4654693342857452 0.54864 -2.8564550393058386 -3.6437884419960884
50959 11217673 0.7201367382922723 1.462415199728463 0.54864 -2.8564550393058386 -3.6437884419960884
50960 11217673 0.6662915564847516 1.4552447869901597 0.54864 -2.8564550393058386 -3.6437884419960884
50961 11217673 0.6171908175614972 1.4462904377626449 0.54864 -2.8564550393058386 -3.6437884419960884
50962 11217673 0.5655795740458704 1.4378063908691665 0.54864 -2.8564550393058386 -3.6437884419960884
50963 11217673 0.5386221919438015 1.434116210636483 0.54864 -2.8564550393058386 -3.6437884419960884
50964 11217673 0.5116648098417325 1.4304260304038003 0.54864 -2.8564550393058386 -3.6437884419960884
50965 11217673 0.4368438373634976 1.4174951583726465 0.54864 -2.8564550393058386 -3.6437884419960884
50966 11217673 0.3981779953281963 1.4112650859969564 0.5638799999999999 -2.8564550393058386 -3.6437884419960884
50967 11217673 0.3595121532928951 1.4050350136212668 0.57912 -2.8564550393058386 -3.6437884419960884
50968 11217673 0.3073133941316392 1.3947584034713196 0.57912 -2.8564550393058386 -3.6437884419960884
50969 11217673 0.204512767384606 1.3780069004104345 0.54864 -2.8564550393058386 -3.6437884419960884
50970 11217673 0.17952282042393825 1.3761281988061125 0.54864 -2.8564550393058386 -3.6437884419960884
50971 11217673 0.1545328734632705 1.374249497201791 0.54864 -2.8564550393058386 -3.6437884419960884
50972 11217673 0.053398627280865314 1.3623293927994216 0.57912 -2.8564550393058386 -3.6437884419960884
50973 11217673 0.004951270690092714 1.355384739721561 0.57912 -2.8564550393058386 -3.6437884419960884
50974 11217673 -0.04755079725929323 1.3523362514423838 0.57912 -2.8564550393058386 -3.6437884419960884
50975 11217673 -0.09513578072585104 1.3480310886385671 0.57912 -2.8564550393058386 -3.6437884419960884
50976 11217673 -0.14512774861492006 1.3445131182365258 0.54864 -2.8564550393058386 -3.6437884419960884
50977 11217673 -0.18249244749350751 1.3422708094741314 0.54864 -2.8564550393058386 -3.6437884419960884
50978 11217673 -0.21985714637209494 1.3400285007117372 0.54864 -2.8564550393058386 -3.6437884419960884
50979 11217673 -0.256001292692235 1.3374458539912903 0.54864 -2.8564550393058386 -3.6437884419960884
50980 11217673 -0.292145439012375 1.3348632072708433 0.54864 -2.8564550393058386 -3.6437884419960884
50981 11217673 -0.3539002367092482 1.3324470563088946 0.54864 -2.8564550393058386 -3.6437884419960884
50982 11217673 -0.4156550344061214 1.3300309053469457 0.54864 -2.8564550393058386 -3.6437884419960884
50983 11217673 -0.4872262441550277 1.3259764973267052 0.54864 -2.8564550393058386 -3.6437884419960884
50984 11217673 -0.5101513270965704 1.3259366978008182 0.54864 -2.8564550393058386 -3.6437884419960884
50985 11217673 -0.5330764100381131 1.3258968982749313 0.54864 -2.8564550393058386 -3.6437884419960884
50986 11217673 -0.5796100152837785 1.3248144081537878 0.54864 -2.8564550393058386 -3.6437884419960884
50987 11217673 -0.626143620529444 1.3237319180326443 0.54864 -2.8564550393058386 -3.6437884419960884
50988 11217673 -0.7191766894439406 1.321673706176852 0.54864 -2.8564550393058386 -3.6437884419960884
50989 11217673 -0.7604999600378486 1.3202319256682138 0.54864 -2.8564550393058386 -3.6437884419960884
50990 11217673 -0.8026946705783522 1.3188417789967335 0.54864 -2.8564550393058386 -3.6437884419960884
50991 11217673 -0.8448893811188558 1.317451632325254 0.54864 -2.8564550393058386 -3.6437884419960884
50992 11217673 -0.886178371019364 1.3161161311517235 0.54864 -2.8564550393058386 -3.6437884419960884
50993 11217673 -0.9267770637855086 1.3168918409964128 0.54864 -2.8564550393058386 -3.6437884419960884
50994 11217673 -0.9653617483154456 1.3143218214164143 0.54864 -2.8564550393058386 -3.6437884419960884
50995 11217673 -0.996623874296254 1.3158125071248843 0.5410200000000001 -2.8564550393058386 -3.6437884419960884
50996 11217673 -1.027886000277063 1.3173031928333547 0.5334000000000001 -2.8564550393058386 -3.6437884419960884
50997 11217673 -1.087516677153915 1.3141977548933126 0.5181600000000001 -2.8564550393058386 -3.6437884419960884
50998 11217673 -1.10805271277643 1.3133199069119508 0.5181600000000001 -2.8564550393058386 -3.6437884419960884
50999 11217673 -1.1285887483989454 1.3124420589305894 0.5181600000000001 -2.8564550393058386 -3.6437884419960884
51000 11217673 -1.171434215271581 1.313953899890194 0.5181600000000001 -2.8564550393058386 -3.6437884419960884
51001 11217673 -1.210065048977392 1.3115169962135478 0.5181600000000001 -2.8564550393058386 -3.6437884419960884
51002 11217673 -1.2733707153039804 1.3134707175415783 0.5181600000000001 -2.8564550393058386 -3.6437884419960884
51003 11217673 -1.324823494580913 1.3109346217911295 0.5181600000000001 -2.8564550393058386 -3.6437884419960884
51004 11217673 -1.3762762738578451 1.308398526040681 0.5181600000000001 -2.8564550393058386 -3.6437884419960884
51005 11217673 -1.4193516565443558 1.3097533886040789 0.50292 -2.8564550393058386 -3.6437884419960884
51006 11217673 -1.4624270392308665 1.311108251167477 0.48768 -2.8564550393058386 -3.6437884419960884
51007 11217673 -1.5061239843519314 1.310563678924712 0.48768 -2.8564550393058386 -3.6437884419960884
51008 11217673 -1.549061410735029 1.312341382681694 0.48768 -2.8564550393058386 -3.6437884419960884
51009 11217673 -1.5918049113912411 1.3133548448237793 0.48768 -2.8564550393058386 -3.6437884419960884
51010 11217673 -1.6336162075265102 1.3172182903298464 0.48768 -2.8564550393058386 -3.6437884419960884
51011 11217673 -1.6766228387468634 1.318785676683324 0.48768 -2.8564550393058386 -3.6437884419960884
51012 11217673 -1.7207586477859296 1.320635475959142 0.48768 -2.8564550393058386 -3.6437884419960884
51013 11217673 -1.7648944568249958 1.3224852752349598 0.48768 -2.8564550393058386 -3.6437884419960884
51014 11217673 -1.8090302658640618 1.3243350745107778 0.48768 -2.8564550393058386 -3.6437884419960884
51015 11217673 -1.853166074903128 1.3261848737865958 0.48768 -2.8564550393058386 -3.6437884419960884
51016 11217673 -1.8991557141849755 1.3265094787654177 0.48768 -2.8564550393058386 -3.6437884419960884
51017 11217673 -1.9427792468554723 1.325651371487003 0.48768 -2.8564550393058386 -3.6437884419960884
51018 11217673 -1.9864027795259696 1.324793264208589 0.48768 -2.8564550393058386 -3.6437884419960884
51019 11217673 -2.0309294176670654 1.3217190115280113 0.48768 -1.9143312731086803 -1.7180071643616912
51020 11217673 -2.0754560558081607 1.3186447588474342 0.48768 -1.9143312731086803 -1.7180071643616912
51021 11217673 -2.0971100438660457 1.3184273996445348 0.48768 -1.9143312731086803 -1.7180071643616912
51022 11217673 -2.1187640319239307 1.318210040441636 0.48768 -1.9143312731086803 -1.7180071643616912
51023 11217673 -2.1601652443504795 1.311660087902164 0.48768 -1.9143312731086803 -1.7180071643616912
51024 11217673 -2.2015664567770283 1.3051101353626924 0.48768 -1.9143312731086803 -1.7180071643616912
51025 11217673 -2.2640684063104883 1.2878220076625686 0.47243999999999997 -1.9143312731086803 -1.7180071643616912
51026 11217673 -2.3265703558439474 1.270533879962445 0.4572000000000001 -1.9143312731086803 -1.7180071643616912
51027 11217673 -2.3699797058789773 1.2545933229527455 0.4572000000000001 -1.9143312731086803 -1.7180071643616912
51028 11217673 -2.408945338441024 1.2348618624785337 0.4572000000000001 -1.9143312731086803 -1.7180071643616912
51029 11217673 -2.446327196634104 1.2121001407041943 0.4572000000000001 -1.9143312731086803 -1.7180071643616912
51030 11217673 -2.4837090548271834 1.1893384189298544 0.4572000000000001 -1.9143312731086803 -1.7180071643616912
51031 11217673 -2.5148804176287767 1.1592279760096356 0.4572000000000001 -1.9143312731086803 -1.7180071643616912
51032 11217673 -2.5293769542716897 1.1441084617226256 0.4572000000000001 -1.9143312731086803 -1.7180071643616912
51033 11217673 -2.543873490914604 1.1289889474356154 0.4572000000000001 -1.9143312731086803 -1.7180071643616912
51034 11217673 -2.5918528823327263 1.0488778293366232 0.4572000000000001 -1.9143312731086803 -1.7180071643616912
51035 11217673 -2.6123026187869804 1.0108186094777911 0.4572000000000001 -1.9143312731086803 -1.7180071643616912
51036 11217673 -2.6297928114638376 0.9736603631220736 0.4572000000000001 -1.9143312731086803 -1.7180071643616912
51037 11217673 -2.643090794210715 0.9330269346595628 0.4572000000000001 -1.9143312731086803 -1.7180071643616912
51038 11217673 -2.653981768624329 0.8916057751003859 0.4572000000000001 -1.9143312731086803 -1.7180071643616912
51039 11217673 -2.6602313704824203 0.8480814304117277 0.4572000000000001 -1.9143312731086803 -1.7180071643616912
51040 11217673 -2.6672645420455945 0.8103052530237866 0.4572000000000001 -1.9143312731086803 -1.7180071643616912
51041 11217673 -2.6725468715902805 0.7697360374444177 0.4572000000000001 -1.9143312731086803 -1.7180071643616912
51042 11217673 -2.677531561551405 0.7287188913314702 0.4572000000000001 -1.9143312731086803 -1.7180071643616912
51043 11217673 -2.680787836769621 0.6895898660023794 0.4572000000000001 -1.9143312731086803 -1.7180071643616912
51044 11217673 -2.684044111987837 0.6504608406732887 0.4572000000000001 -1.9143312731086803 -1.7180071643616912
51045 11217673 -2.686918995956467 0.6091038152026162 0.4572000000000001 -1.9143312731086803 -1.7180071643616912
51046 11217673 -2.690922936373504 0.5724395570872362 0.4572000000000001 -1.9143312731086803 -1.7180071643616912
51047 11217673 -2.6928833417989324 0.5330617759847734 0.4572000000000001 -1.9143312731086803 -1.7180071643616912
51048 11217673 -2.6948437472243607 0.4936839948823107 0.4572000000000001 -1.9143312731086803 -1.7180071643616912
51049 11217673 -2.6959466312985887 0.456654619084151 0.4572000000000001 -1.9143312731086803 -1.7180071643616912
51050 11217673 -2.695170433121996 0.4183092624903534 0.4572000000000001 -1.9143312731086803 -1.7180071643616912
51051 11217673 -2.6965940613895367 0.3813848885508889 0.4572000000000001 -1.9143312731086803 -1.7180071643616912
51052 11217673 -2.694587509503293 0.3454412143765697 0.4572000000000001 -1.9143312731086803 -1.7180071643616912
51053 11217673 -2.6908643914628625 0.3065989415579009 0.42672 -1.9143312731086803 -1.7180071643616912
51054 11217673 -2.69159692980216 0.2717853612560765 0.4572000000000001 -1.9143312731086803 -1.7180071643616912
51055 11217673 -2.6891623153231565 0.2385059467581507 0.4572000000000001 -1.9143312731086803 -1.7180071643616912
51056 11217673 -2.6876058086511394 0.21801623954442376 0.4572000000000001 -1.9143312731086803 -1.7180071643616912
51057 11217673 -2.6860493019791223 0.1975265323306968 0.4572000000000001 -1.9143312731086803 -1.7180071643616912
51058 11217673 -2.66727758798714 0.15118946171253042 0.44196 -1.9143312731086803 -1.7180071643616912
51059 11217673 -2.648505873995157 0.10485239109436403 0.42672 -1.9143312731086803 -1.7180071643616912
51060 11217673 -2.6308121480614224 0.07639483636263975 0.42672 -1.9143312731086803 -1.7180071643616912
51061 11217673 -2.609790595740501 0.04941905466648031 0.42672 -1.9143312731086803 -1.7180071643616912
51062 11217673 -2.58876904341958 0.022443272970320862 0.42672 -1.9143312731086803 -1.7180071643616912
51063 11217673 -2.561811174990538 0.0011201089774474926 0.42672 -1.9143312731086803 -1.7180071643616912
51064 11217673 -2.5348533065614958 -0.02020305501542588 0.42672 -1.9143312731086803 -1.7180071643616912
51065 11217673 -2.5060922384660893 -0.0395453865852328 0.42672 -1.9143312731086803 -1.7180071643616912
51066 11217673 -2.4773311703706824 -0.058887718155039716 0.42672 -1.9143312731086803 -1.7180071643616912
51067 11217673 -2.4612822749766297 -0.06413883425230124 0.42672 -1.9143312731086803 -1.7180071643616912
51068 11217673 -2.445233379582577 -0.06938995034956277 0.42672 -1.9143312731086803 -1.7180071643616912
51069 11217673 -2.415253451724441 -0.07686223560251917 0.42672 -1.9143312731086803 -1.7180071643616912
51070 11217673 -2.350896503926954 -0.08787030182823488 0.42672 -1.9143312731086803 -1.7180071643616912
51071 11217673 -2.3174510762119205 -0.08882277461247193 0.42672 -1.9143312731086803 -1.7180071643616912
51072 11217673 -2.284005648496887 -0.08977524739670897 0.42672 -1.9143312731086803 -1.7180071643616912
51073 11217673 -2.250620319018438 -0.08819574605431993 0.42672 -1.9143312731086803 -1.7180071643616912
51074 11217673 -2.217601764984671 -0.08637920300009003 0.4114800000000001 -1.9143312731086803 -1.7180071643616912
51075 11217673 -2.1845832109509042 -0.08456265994586012 0.39624 -1.9143312731086803 -1.7180071643616912
51076 11217673 -2.1507754390190534 -0.08440612614319329 0.39624 -1.9143312731086803 -1.7180071643616912
51077 11217673 -2.1169676670872017 -0.08424959234052645 0.39624 -1.9143312731086803 -1.7180071643616912
51078 11217673 -2.0827884539637087 -0.08024176792323283 0.39624 -1.9143312731086803 -1.7180071643616912
51079 11217673 -2.0497701468544367 -0.07842452312940931 0.39624 -1.9143312731086803 -1.7180071643616912
51080 11217673 -2.0168209490758984 -0.07681821621845089 0.39624 -1.9143312731086803 -1.7180071643616912
51081 11217673 -1.9834360546659573 -0.07523746186534723 0.39624 -1.9143312731086803 -1.7180071643616912
51082 11217673 -1.9473657658891843 -0.07196453747989888 0.39624 -1.9143312731086803 -1.7180071643616912
51083 11217673 -1.9111005379730783 -0.06863838349915755 0.39624 -1.9143312731086803 -1.7180071643616912
51084 11217673 -1.877681301754432 -0.06695158767956291 0.39624 -1.9143312731086803 -1.7180071643616912
51085 11217673 -1.8518662718430488 -0.06610713389404492 0.39624 -1.9143312731086803 -1.7180071643616912
51086 11217673 -1.8260512419316668 -0.06526268010852695 0.39624 -1.9143312731086803 -1.7180071643616912
51087 11217673 -1.772790269198551 -0.06130280922312406 0.39624 -1.9143312731086803 -1.7180071643616912
51088 11217673 -1.74189056750013 -0.05645453570577444 0.39624 -1.9143312731086803 -1.7180071643616912
51089 11217673 -1.7077811611454532 -0.05265600947558227 0.39624 -1.9143312731086803 -1.7180071643616912
51090 11217673 -1.6691436236278487 -0.0502215818268881 0.36576 -1.9143312731086803 -1.7180071643616912
51091 11217673 -1.6378541151808987 -0.04526675139802619 0.36576 -1.9143312731086803 -1.7180071643616912
51092 11217673 -1.6043136514538388 -0.042391611577923684 0.36576 -1.9143312731086803 -1.7180071643616912
51093 11217673 -1.5707731877267788 -0.03951647175782117 0.36576 -1.9143312731086803 -1.7180071643616912
51094 11217673 -1.5356210023075398 -0.03605822754236812 0.36576 -1.9143312731086803 -1.7180071643616912
51095 11217673 -1.5004688168883011 -0.032599983326915084 0.36576 -1.9143312731086803 -1.7180071643616912
51096 11217673 -1.4695006380877442 -0.02753943842213849 0.36576 -1.9143312731086803 -1.7180071643616912
51097 11217673 -1.4361512395358027 -0.026061668449093328 0.36576 -1.9143312731086803 -1.7180071643616912
51098 11217673 -1.4032031144573889 -0.024452524608919363 0.36576 -1.9143312731086803 -1.7180071643616912
51099 11217673 -1.368632663278347 -0.01788245782554834 0.36576 -1.9143312731086803 -1.7180071643616912
51100 11217673 -1.3360083290215758 -0.01862073345770524 0.36576 -1.9143312731086803 -1.7180071643616912
51101 11217673 -1.3034615946437536 -0.016879914564754378 0.36576 -1.9143312731086803 -1.7180071643616912
51102 11217673 -1.2699744045024397 -0.014979172007257097 0.36576 -1.9143312731086803 -1.7180071643616912
51103 11217673 -1.2317761876379618 -0.014969414322878375 0.36576 -1.9143312731086803 -1.7180071643616912
51104 11217673 -1.2033194025194704 -0.009437115576928641 0.33528 -1.9143312731086803 -1.7180071643616912
51105 11217673 -1.1730335742539684 -0.009176307154009659 0.33528 -1.9143312731086803 -1.7180071643616912
51106 11217673 -1.1400686576419048 -0.0075130950826128575 0.33528 -1.9143312731086803 -1.7180071643616912
51107 11217673 -1.1071037410298412 -0.005849883011216056 0.33528 -1.9143312731086803 -1.7180071643616912
51108 11217673 -1.0743071797371275 -0.006059209398152993 0.33528 -1.9143312731086803 -1.7180071643616912
51109 11217673 -1.0474038394138017 -0.005276021966836879 0.33528 -1.9143312731086803 -1.7180071643616912
51110 11217673 -1.0178775173801728 -0.007336646061847835 0.33528 -1.9143312731086803 -1.7180071643616912
51111 11217673 -0.9885324073825352 -0.00723485906068036 0.33528 -1.9143312731086803 -1.7180071643616912
51112 11217673 -0.9581432999526897 -0.006656484409581803 0.33528 -1.9143312731086803 -1.7180071643616912
51113 11217673 -0.9299285822907952 -0.007294740741519784 0.33528 -1.9143312731086803 -1.7180071643616912
51114 11217673 -0.9017138646289012 -0.007932997073457765 0.33528 -1.9143312731086803 -1.7180071643616912
51115 11217673 -0.88642661983364 -0.006680850911443853 0.33528 -1.9143312731086803 -1.7180071643616912
51116 11217673 -0.8711393750383789 -0.00542870474942994 0.33528 -1.9143312731086803 -1.7180071643616912
51117 11217673 -0.8109007614384633 -0.004561840706492876 0.33528 -1.9143312731086803 -1.7180071643616912
51118 11217673 -0.7831694571626662 -0.001244434180365045 0.33528 -1.9143312731086803 -1.7180071643616912
51119 11217673 -0.7529876832865614 -0.0012984878400036648 0.33528 -1.9143312731086803 -1.7180071643616912
51120 11217673 -0.7320209898577217 -0.0005593361308193675 0.32511999999999996 -1.9143312731086803 -1.7180071643616912
51121 11217673 -0.7110542964288821 0.0001798155783649298 0.31496 -1.9143312731086803 -1.7180071643616912
51122 11217673 -0.6900876030000422 0.0009189672875492273 0.3048 -1.9143312731086803 -1.7180071643616912
51123 11217673 -0.6297330508047845 0.0035018129773787547 0.3048 -1.9143312731086803 -1.7180071643616912
51124 11217673 -0.5962469390998022 0.005405725920836464 0.3048 -1.9143312731086803 -1.7180071643616912
51125 11217673 -0.5636668447238828 0.007255480129019527 0.3048 -1.9143312731086803 -1.7180071643616912
51126 11217673 -0.5310780399772037 0.0064153509954935906 0.3048 -1.9143312731086803 -1.7180071643616912
51127 11217673 -0.500504134795891 0.008921234212224209 0.3048 -1.9143312731086803 -1.7180071643616912
51128 11217673 -0.4855795286794676 0.009065942250804204 0.28956000000000004 -1.9143312731086803 -1.7180071643616912
51129 11217673 -0.4706549225630443 0.009210650289384198 0.27432 -1.9143312731086803 -1.7180071643616912
51130 11217673 -0.4213104697126021 0.010721145589403708 0.27432 -1.9143312731086803 -1.7180071643616912
51131 11217673 -0.3719316126921106 0.012337500576695831 0.27432 -1.9143312731086803 -1.7180071643616912
51132 11217673 -0.3413579576627497 0.014844066940255004 0.27432 -1.9143312731086803 -1.7180071643616912
51133 11217673 -0.31157796003968863 0.014923045361428328 0.27432 -1.9143312731086803 -1.7180071643616912
51134 11217673 -0.28174625796536024 0.015160541047059856 0.27432 -1.9143312731086803 -1.7180071643616912
51135 11217673 -0.25191455589103184 0.015398036732691384 0.27432 -1.9143312731086803 -1.7180071643616912
51136 11217673 -0.2215954306053225 0.015768453610207598 0.27432 -1.9143312731086803 -1.7180071643616912
51137 11217673 -0.1905429307947578 0.015665663724747897 0.27432 -1.9143312731086803 -1.7180071643616912
51138 11217673 -0.15949043098419313 0.0155628738392882 0.27432 -1.9143312731086803 -1.7180071643616912
51139 11217673 -0.128834771778568 0.01424648515039856 0.25908000000000003 -1.9143312731086803 -1.7180071643616912
51140 11217673 -0.09817911257294287 0.012930096461508916 0.24384 -1.9143312731086803 -1.7180071643616912
51141 11217673 -0.06803266798662111 0.012773399553533488 0.24384 -1.9143312731086803 -1.7180071643616912
51142 11217673 -0.03930970808804102 0.0109791342970392 0.24384 -1.9143312731086803 -1.7180071643616912
51143 11217673 -0.008990820547347678 0.01135045942976004 0.24384 -1.9143312731086803 -1.7180071643616912
51144 11217673 0.020788811370838545 0.011430832430512931 0.24384 -1.9143312731086803 -1.7180071643616912
51145 11217673 0.04266057096153805 0.010006914411056576 0.24384 -1.9143312731086803 -1.7180071643616912
51146 11217673 0.06453233055223756 0.00858299639160022 0.24384 -1.9143312731086803 -1.7180071643616912
51147 11217673 0.10061289598523418 0.008648896479292602 0.22860000000000005 -1.9143312731086803 -1.7180071643616912
51148 11217673 0.1366934614182308 0.008714796566984984 0.21336 -1.9143312731086803 -1.7180071643616912
51149 11217673 0.15966843140252562 0.009133897938603792 0.21336 -1.9143312731086803 -1.7180071643616912
51150 11217673 0.18264340138682045 0.0095529993102226 0.21336 -1.9143312731086803 -1.7180071643616912
51151 11217673 0.20561837137111527 0.009972100681841407 0.21336 -1.9143312731086803 -1.7180071643616912
51152 11217673 0.2285933413554101 0.010391202053460216 0.21336 -1.9143312731086803 -1.7180071643616912
51153 11217673 0.2515683113397049 0.010810303425079023 0.21336 -1.9143312731086803 -1.7180071643616912
51154 11217673 0.2745432813239997 0.011229404796697831 0.21336 -1.9143312731086803 -1.7180071643616912
