54255 10628960 0.04016391348229519 0.0037463391847746 0.24384 -3.4937233486420762 -2.17517862106844
54256 10628960 0.05102655657270058 0.003984649773969229 0.24384 -3.4937233486420762 -2.17517862106844
54257 10628960 0.06188919966310597 0.004222960363163858 0.24384 -3.4937233486420762 -2.17517862106844
54258 10628960 0.07275184275351138 0.004461270952358487 0.24384 -3.4937233486420762 -2.17517862106844
54259 10628960 0.08361448584391676 0.004699581541553115 0.24384 -3.4937233486420762 -2.17517862106844
54260 10628960 0.09447712893432217 0.004937892130747745 0.24384 -3.4937233486420762 -2.17517862106844
54261 10628960 0.10533977202472757 0.005176202719942374 0.24384 -3.4937233486420762 -2.17517862106844
54262 10628960 0.12727259604406027 0.0016295934361214848 0.24384 -3.4937233486420762 -2.17517862106844
54263 10628960 0.17023087591488806 0.0053478245480399755 0.24384 -3.4937233486420762 -2.17517862106844
54264 10628960 0.1906443121950352 0.008022638348089889 0.24384 -3.4937233486420762 -2.17517862106844
54265 10628960 0.20508817484888345 0.003302089599273972 0.24384 -3.4937233486420762 -2.17517862106844
54266 10628960 0.2340779011284119 0.0050433998002905045 0.24384 -3.4937233486420762 -2.17517862106844
54267 10628960 0.2629676307779101 0.005392386753127754 0.24384 -3.4937233486420762 -2.17517862106844
54268 10628960 0.29185736042740845 0.005741373705965003 0.24384 -3.4937233486420762 -2.17517862106844
54269 10628960 0.3207470900769067 0.006090360658802253 0.24384 -3.4937233486420762 -2.17517862106844
54270 10628960 0.34963681972640503 0.006439347611639501 0.24384 -3.4937233486420762 -2.17517862106844
54271 10628960 0.3785265493759033 0.00678833456447675 0.24384 -3.4937233486420762 -2.17517862106844
54272 10628960 0.40978536970025703 0.007321440558589244 0.24384 -3.4937233486420762 -2.17517862106844
54273 10628960 0.44159240937870503 0.006815893496462303 0.24938181818181815 -3.4937233486420762 -2.17517862106844
54274 10628960 0.4733994490571529 0.00631034643433536 0.25492363636363635 -3.4937233486420762 -2.17517862106844
54275 10628960 0.505206488735601 0.005804799372208419 0.26046545454545456 -3.4937233486420762 -2.17517862106844
54276 10628960 0.537013528414049 0.005299252310081477 0.2660072727272728 -3.4937233486420762 -2.17517862106844
54277 10628960 0.568820568092497 0.004793705247954536 0.2715490909090909 -3.4937233486420762 -2.17517862106844
54278 10628960 0.600627607770945 0.004288158185827596 0.2770909090909091 -3.4937233486420762 -2.17517862106844
54279 10628960 0.6324346474493929 0.003782611123700653 0.2826327272727273 -3.4937233486420762 -2.17517862106844
54280 10628960 0.664241687127841 0.003277064061573712 0.28817454545454546 -3.4937233486420762 -2.17517862106844
54281 10628960 0.6960487268062889 0.002771516999446771 0.2937163636363637 -3.4937233486420762 -2.17517862106844
54282 10628960 0.727855766484737 0.002265969937319829 0.2992581818181818 -3.4937233486420762 -2.17517862106844
54283 10628960 0.759662806163185 0.001760422875192888 0.3048 -3.4937233486420762 -2.17517862106844
54284 10628960 0.8151736795067817 0.003133097081473052 0.3048 -3.4937233486420762 -2.17517862106844
54285 10628960 0.8425397018092647 0.002175040116773913 0.3048 -3.4937233486420762 -2.17517862106844
54286 10628960 0.8699057241117478 0.0012169831520747745 0.3048 -3.4937233486420762 -2.17517862106844
54287 10628960 0.8972717464142309 0.00025892618737563544 0.3048 -3.4937233486420762 -2.17517862106844
54288 10628960 0.9284054038711438 -0.0018518684151518172 0.31496 -3.4937233486420762 -2.17517862106844
54289 10628960 0.9595390613280568 -0.00396266301767927 0.32511999999999996 -3.4937233486420762 -2.17517862106844
54290 10628960 0.9906727187849697 -0.0060734576202067245 0.33528 -3.4937233486420762 -2.17517862106844
54291 10628960 1.030202088072607 -0.007675029591189434 0.33528 -3.4937233486420762 -2.17517862106844
54292 10628960 1.0697314573602443 -0.009276601562172145 0.33528 -3.4937233486420762 -2.17517862106844
54293 10628960 1.1092608266478818 -0.010878173533154858 0.33528 -3.4937233486420762 -2.17517862106844
54294 10628960 1.1403811919463158 -0.01388920689243426 0.33528 -3.4937233486420762 -2.17517862106844
54295 10628960 1.1715015572447496 -0.01690024025171366 0.33528 -3.4937233486420762 -2.17517862106844
54296 10628960 1.213847689645188 -0.01613067144103683 0.36576 -3.4937233486420762 -2.17517862106844
54297 10628960 1.2479611530391612 -0.015008005206526146 0.36576 -3.4937233486420762 -2.17517862106844
54298 10628960 1.2791686692620097 -0.02006221645537626 0.36576 -3.4937233486420762 -2.17517862106844
54299 10628960 1.3163645188916788 -0.021464871983895045 0.36576 -3.4937233486420762 -2.17517862106844
54300 10628960 1.3553708180982589 -0.02439333057546153 0.36576 -3.4937233486420762 -2.17517862106844
54301 10628960 1.3865834090518785 -0.02290658900405143 0.36576 -3.4937233486420762 -2.17517862106844
54302 10628960 1.421646395490618 -0.02431297426712281 0.36576 -3.4937233486420762 -2.17517862106844
54303 10628960 1.4455384606503825 -0.02919652203811582 0.381 -3.4937233486420762 -2.17517862106844
54304 10628960 1.469430525810147 -0.034080069809108826 0.39624 -3.4937233486420762 -2.17517862106844
54305 10628960 1.5019720403074721 -0.0339615237371311 0.39624 -3.4937233486420762 -2.17517862106844
54306 10628960 1.5380286127426934 -0.04048165246940697 0.39624 -3.4937233486420762 -2.17517862106844
54307 10628960 1.5701419377965369 -0.04547999351263601 0.39624 -3.4937233486420762 -2.17517862106844
54308 10628960 1.6115867966405966 -0.05317556236645701 0.39624 -3.4937233486420762 -2.17517862106844
54309 10628960 1.6454648933611384 -0.05956772099250425 0.42672 -3.4937233486420762 -2.17517862106844
54310 10628960 1.6815904532085784 -0.06587599190522757 0.42672 -3.4937233486420762 -2.17517862106844
54311 10628960 1.7072152745216913 -0.06898816136935026 0.42672 -3.4937233486420762 -2.17517862106844
54312 10628960 1.7418583564545886 -0.07983529569049744 0.42672 -3.4937233486420762 -2.17517862106844
54313 10628960 1.7748981022252996 -0.08811412953639039 0.42672 -3.4937233486420762 -2.17517862106844
54314 10628960 1.8079378479960104 -0.09639296338228336 0.42672 -3.4937233486420762 -2.17517862106844
54315 10628960 1.8434491742363799 -0.1039015450518667 0.42672 -3.4937233486420762 -2.17517862106844
54316 10628960 1.8789605004767496 -0.11141012672145004 0.42672 -3.4937233486420762 -2.17517862106844
54317 10628960 1.9113824272087356 -0.11790945511844615 0.4343400000000001 -3.4937233486420762 -2.17517862106844
54318 10628960 1.9438043539407213 -0.12440878351544225 0.44196 -3.4937233486420762 -2.17517862106844
54319 10628960 1.9927765557720656 -0.14086856658906322 0.4572000000000001 -2.183577092901297 -1.359486638167775
54320 10628960 2.010568436208966 -0.14621132580363772 0.4572000000000001 -2.183577092901297 -1.359486638167775
54321 10628960 2.028360316645866 -0.1515540850182122 0.4572000000000001 -2.183577092901297 -1.359486638167775
54322 10628960 2.0692855470296228 -0.16491821241802154 0.4572000000000001 -2.183577092901297 -1.359486638167775
54323 10628960 2.131318847247149 -0.18026822272009996 0.4572000000000001 -2.183577092901297 -1.359486638167775
54324 10628960 2.165681258186654 -0.19163447933723896 0.46481999999999996 -2.183577092901297 -1.359486638167775
54325 10628960 2.2000436691261593 -0.20300073595437804 0.47243999999999997 -2.183577092901297 -1.359486638167775
54326 10628960 2.234406080065664 -0.21436699257151706 0.48006 -2.183577092901297 -1.359486638167775
54327 10628960 2.2687684910051686 -0.2257332491886561 0.48768 -2.183577092901297 -1.359486638167775
54328 10628960 2.3108412967155503 -0.23830234017730514 0.48768 -2.183577092901297 -1.359486638167775
54329 10628960 2.35577936253131 -0.25297486008295444 0.48768 -2.183577092901297 -1.359486638167775
54330 10628960 2.3976594615396096 -0.2623263600813129 0.48768 -2.183577092901297 -1.359486638167775
54331 10628960 2.427145023064549 -0.2710186453562836 0.48768 -2.183577092901297 -1.359486638167775
54332 10628960 2.457360975646506 -0.2716258803597238 0.50292 -2.183577092901297 -1.359486638167775
54333 10628960 2.4875769282284628 -0.27223311536316397 0.5181600000000001 -2.183577092901297 -1.359486638167775
54334 10628960 2.514888249473289 -0.26949707653811683 0.5181600000000001 -2.183577092901297 -1.359486638167775
54335 10628960 2.5421995707181155 -0.2667610377130696 0.5181600000000001 -2.183577092901297 -1.359486638167775
54336 10628960 2.584598009160345 -0.25385164284012285 0.5181600000000001 -2.183577092901297 -1.359486638167775
54337 10628960 2.614969092411747 -0.2397023581830445 0.5181600000000001 -2.183577092901297 -1.359486638167775
54338 10628960 2.6461178610801936 -0.2286104934884401 0.5181600000000001 -2.183577092901297 -1.359486638167775
54339 10628960 2.7048263585934533 -0.18749857975185574 0.5181600000000001 -2.183577092901297 -1.359486638167775
54340 10628960 2.7352512426039124 -0.15958209552761626 0.5181600000000001 -2.183577092901297 -1.359486638167775
54341 10628960 2.761870469177292 -0.1297222927499921 0.54864 -2.183577092901297 -1.359486638167775
54342 10628960 2.7749806508688497 -0.11268296883485927 0.54864 -2.183577092901297 -1.359486638167775
54343 10628960 2.788090832560408 -0.09564364491972646 0.54864 -2.183577092901297 -1.359486638167775
54344 10628960 2.81271848816674 -0.05964322798103685 0.54864 -2.183577092901297 -1.359486638167775
54345 10628960 2.8344818786517507 -0.019904155691944564 0.54864 -2.183577092901297 -1.359486638167775
54346 10628960 2.8520242242948943 0.017241085572161502 0.54864 -2.183577092901297 -1.359486638167775
54347 10628960 2.864602764283498 0.05577310138978295 0.54864 -2.183577092901297 -1.359486638167775
54348 10628960 2.875491452850857 0.10572074506393468 0.54864 -2.183577092901297 -1.359486638167775
54349 10628960 2.886519238867833 0.13950223544526005 0.54864 -2.183577092901297 -1.359486638167775
54350 10628960 2.8971430177673705 0.20577394449105232 0.57912 -2.183577092901297 -1.359486638167775
54351 10628960 2.9016754265755087 0.2482175959796059 0.57912 -2.183577092901297 -1.359486638167775
54352 10628960 2.9030425515432325 0.28912458652290285 0.57912 -2.183577092901297 -1.359486638167775
54353 10628960 2.9092560773432634 0.32447770093450323 0.57912 -2.183577092901297 -1.359486638167775
54354 10628960 2.9134122727580545 0.36984782324482224 0.57912 -2.183577092901297 -1.359486638167775
54355 10628960 2.9181889165194184 0.4171181289582037 0.6096 -2.183577092901297 -1.359486638167775
54356 10628960 2.920578012815344 0.4597942762892066 0.6096 -2.183577092901297 -1.359486638167775
54357 10628960 2.9228975341312013 0.483218273028701 0.6096 -2.183577092901297 -1.359486638167775
54358 10628960 2.92521705544706 0.5066422697681953 0.6096 -2.183577092901297 -1.359486638167775
54359 10628960 2.9266741175586515 0.5614213017129295 0.6096 -2.183577092901297 -1.359486638167775
54360 10628960 2.92708683976511 0.5966823047761524 0.6096 -2.183577092901297 -1.359486638167775
54361 10628960 2.928497425802557 0.6499579442141128 0.6400800000000001 -2.183577092901297 -1.359486638167775
54362 10628960 2.9301290011925145 0.6903115156883279 0.6400800000000001 -2.183577092901297 -1.359486638167775
54363 10628960 2.9310714145626022 0.728553737074991 0.6400800000000001 -2.183577092901297 -1.359486638167775
54364 10628960 2.9353870647748863 0.7706010798223508 0.6400800000000001 -2.183577092901297 -1.359486638167775
54365 10628960 2.9301746402743527 0.7937972726784251 0.6400800000000001 -2.183577092901297 -1.359486638167775
54366 10628960 2.9346961734153 0.8348428874910925 0.6400800000000001 -2.183577092901297 -1.359486638167775
54367 10628960 2.9347115200891616 0.8577342169109333 0.6400800000000001 -2.183577092901297 -1.359486638167775
54368 10628960 2.9318975638625435 0.9350519712616556 0.6400800000000001 -2.183577092901297 -1.359486638167775
54369 10628960 2.9332188632409637 0.9617613809673212 0.6400800000000001 -2.183577092901297 -1.359486638167775
54370 10628960 2.9345401626193848 0.9884707906729868 0.6400800000000001 -2.183577092901297 -1.359486638167775
54371 10628960 2.9358614619978054 1.0151802003786523 0.6400800000000001 -2.183577092901297 -1.359486638167775
54372 10628960 2.9354539267160398 1.0560828837811729 0.6553200000000001 -2.183577092901297 -1.359486638167775
54373 10628960 2.9350463914342733 1.0969855671836932 0.67056 -2.183577092901297 -1.359486638167775
54374 10628960 2.9315801299740096 1.140756014447725 0.67056 -2.183577092901297 -1.359486638167775
54375 10628960 2.9290169038355875 1.1804934776499327 0.67056 -2.183577092901297 -1.359486638167775
54376 10628960 2.9306502676443067 1.237435016845272 0.67056 -2.183577092901297 -1.359486638167775
54377 10628960 2.9229651668489494 1.2802466275588316 0.67056 -2.183577092901297 -1.359486638167775
54378 10628960 2.9250563106621184 1.3192823144965211 0.67056 -2.183577092901297 -1.359486638167775
54379 10628960 2.92208304924312 1.3618406298051424 0.67056 -2.183577092901297 -1.359486638167775
54380 10628960 2.9191539646836926 1.4018145398541957 0.7010400000000001 -2.183577092901297 -1.359486638167775
54381 10628960 2.9156545074522078 1.4454792884184882 0.7010400000000001 -2.183577092901297 -1.359486638167775
54382 10628960 2.913371116006312 1.4901488620521008 0.7010400000000001 -2.183577092901297 -1.359486638167775
54383 10628960 2.9160334078493007 1.5254936047002372 0.7010400000000001 -2.183577092901297 -1.359486638167775
54384 10628960 2.913292742777481 1.5714807368903116 0.7010400000000001 -2.183577092901297 -1.359486638167775
54385 10628960 2.9120047476375417 1.6284419172476594 0.7010400000000001 -2.183577092901297 -1.359486638167775
54386 10628960 2.905028340649281 1.6505791219767552 0.7010400000000001 -2.183577092901297 -1.359486638167775
54387 10628960 2.906356742272224 1.7106579744196904 0.73152 -2.183577092901297 -1.359486638167775
54388 10628960 2.90052078102633 1.7553195501197605 0.73152 -2.183577092901297 -1.359486638167775
54389 10628960 2.8955061565911238 1.7943392818678459 0.73152 -2.183577092901297 -1.359486638167775
54390 10628960 2.8915885500172847 1.8285616946213208 0.73152 -2.183577092901297 -1.359486638167775
54391 10628960 2.8935341184366834 1.8698648162519869 0.73152 -2.183577092901297 -1.359486638167775
54392 10628960 2.8893896491435997 1.8993133374149869 0.73152 -2.183577092901297 -1.359486638167775
54393 10628960 2.885245179850517 1.9287618585779875 0.73152 -2.183577092901297 -1.359486638167775
54394 10628960 2.882894863343972 1.9732200831284652 0.762 -2.183577092901297 -1.359486638167775
54395 10628960 2.8789327564127483 2.008391735959834 0.762 -2.183577092901297 -1.359486638167775
54396 10628960 2.875618868164948 2.051529188531397 0.762 -2.183577092901297 -1.359486638167775
54397 10628960 2.8732188733619686 2.090396363115409 0.762 -2.183577092901297 -1.359486638167775
54398 10628960 2.867541300645393 2.1301001861321835 0.762 -2.183577092901297 -1.359486638167775
54399 10628960 2.8623155307775585 2.1902169792885537 0.762 -2.183577092901297 -1.359486638167775
54400 10628960 2.8575959112991365 2.223066144775768 0.762 -2.183577092901297 -1.359486638167775
54401 10628960 2.8528762918207136 2.2559153102629814 0.762 -2.183577092901297 -1.359486638167775
54402 10628960 2.8509950630052323 2.283047991691668 0.762 -2.183577092901297 -1.359486638167775
54403 10628960 2.849113834189752 2.310180673120356 0.762 -2.183577092901297 -1.359486638167775
54404 10628960 2.8451104960541183 2.3495716532943955 0.762 -2.183577092901297 -1.359486638167775
54405 10628960 2.833149224973509 2.4135237894501667 0.762 -2.183577092901297 -1.359486638167775
54406 10628960 2.830663142387202 2.457559550142522 0.7924800000000001 -2.183577092901297 -1.359486638167775
54407 10628960 2.8288281795101025 2.484560424258053 0.7924800000000001 -2.183577092901297 -1.359486638167775
54408 10628960 2.821223371800772 2.5482583703076935 0.7924800000000001 -2.183577092901297 -1.359486638167775
54409 10628960 2.8131161324806206 2.5859524314318763 0.7924800000000001 -2.183577092901297 -1.359486638167775
54410 10628960 2.8092279645547014 2.6246051574022062 0.7924800000000001 -2.183577092901297 -1.359486638167775
54411 10628960 2.8023078671421815 2.669738698806082 0.7924800000000001 -2.183577092901297 -1.359486638167775
54412 10628960 2.796574464732414 2.708176366109131 0.7924800000000001 -2.183577092901297 -1.359486638167775
54413 10628960 2.789914529353656 2.748668996738364 0.7924800000000001 -2.183577092901297 -1.359486638167775
54414 10628960 2.7832814494974607 2.7935921549186173 0.82296 -2.183577092901297 -1.359486638167775
54415 10628960 2.7713763286088504 2.8522698548980814 0.82296 -2.183577092901297 -1.359486638167775
54416 10628960 2.768681716105743 2.871198952202489 0.82296 -2.183577092901297 -1.359486638167775
54417 10628960 2.765987103602636 2.890128049506896 0.82296 -2.183577092901297 -1.359486638167775
54418 10628960 2.762210058638844 2.9098195540306797 0.82296 -2.183577092901297 -1.359486638167775
54419 10628960 2.7535957944848866 2.9690582389591547 0.82296 -2.183577092901297 -1.359486638167775
54420 10628960 2.7453779360729658 3.009125442609529 0.82296 -2.183577092901297 -1.359486638167775
54421 10628960 2.7416062515637885 3.0478574069388635 0.82296 -2.183577092901297 -1.359486638167775
54422 10628960 2.736268996354971 3.0654884773782016 0.82296 -2.183577092901297 -1.359486638167775
54423 10628960 2.72431482556428 3.1443931623649615 0.82296 -2.183577092901297 -1.359486638167775
54424 10628960 2.7156967880652223 3.1845913145755387 0.82296 -2.183577092901297 -1.359486638167775
54425 10628960 2.7040016975372443 3.2314020598909514 0.82296 -2.183577092901297 -1.359486638167775
54426 10628960 2.6996536026434046 3.2781497159464386 0.82296 -2.183577092901297 -1.359486638167775
54427 10628960 2.694523764664565 3.2964141535914235 0.82296 -2.183577092901297 -1.359486638167775
54428 10628960 2.6825205126166947 3.3439098765198816 0.82296 -2.183577092901297 -1.359486638167775
54429 10628960 2.673114173374404 3.3857677031461333 0.82296 -2.183577092901297 -1.359486638167775
54430 10628960 2.666770799656764 3.4304803381001427 0.8534400000000001 -2.183577092901297 -1.359486638167775
54431 10628960 2.650399854544683 3.50101541670088 0.8534400000000001 -2.183577092901297 -1.359486638167775
54432 10628960 2.641830226952874 3.5418992842180317 0.8534400000000001 -2.183577092901297 -1.359486638167775
54433 10628960 2.633260599361065 3.5827831517351845 0.8534400000000001 -2.183577092901297 -1.359486638167775
54434 10628960 2.6219666882332677 3.627010299731973 0.8534400000000001 -2.183577092901297 -1.359486638167775
54435 10628960 2.616619592032415 3.644878686668093 0.8534400000000001 -2.183577092901297 -1.359486638167775
54436 10628960 2.6051447119948654 3.691267918096692 0.88392 -2.183577092901297 -1.359486638167775
54437 10628960 2.5946505076121777 3.731962997839244 0.88392 -2.183577092901297 -1.359486638167775
54438 10628960 2.5841563032294905 3.772658077581795 0.88392 -2.183577092901297 -1.359486638167775
54439 10628960 2.5696644401531623 3.815243269601497 0.88392 -2.183577092901297 -1.359486638167775
54440 10628960 2.5565939858966957 3.857831545003824 0.88392 -2.183577092901297 -1.359486638167775
54441 10628960 2.549359021425457 3.9022520625719537 0.88392 -2.183577092901297 -1.359486638167775
54442 10628960 2.5341654900219988 3.9413283418142337 0.88392 -2.183577092901297 -1.359486638167775
54443 10628960 2.5206146260511795 3.984073827386416 0.88392 -2.183577092901297 -1.359486638167775
54444 10628960 2.5042699363042304 4.029134006510113 0.88392 -2.183577092901297 -1.359486638167775
54445 10628960 2.4820952466434667 4.088949740498346 0.88392 -2.183577092901297 -1.359486638167775
54446 10628960 2.472303369151477 4.130701220744691 0.9144 -2.183577092901297 -1.359486638167775
54447 10628960 2.4552587712700986 4.173887573644247 0.9144 -2.183577092901297 -1.359486638167775
54448 10628960 2.44402744354681 4.2081069111815586 0.9144 -2.183577092901297 -1.359486638167775
54449 10628960 2.432796115823521 4.242326248718873 0.9144 -2.183577092901297 -1.359486638167775
54450 10628960 2.4197952482611993 4.277240662542914 0.9144 -2.183577092901297 -1.359486638167775
54451 10628960 2.4067943806988765 4.312155076366954 0.9144 -2.183577092901297 -1.359486638167775
54452 10628960 2.3898350059411344 4.370267952921802 0.9296399999999999 -2.183577092901297 -1.359486638167775
54453 10628960 2.381700769362165 4.389514950492361 0.93726 -2.183577092901297 -1.359486638167775
54454 10628960 2.373566532783197 4.408761948062922 0.94488 -2.183577092901297 -1.359486638167775
54455 10628960 2.3567459264039803 4.467297090281846 0.94488 -2.183577092901297 -1.359486638167775
54456 10628960 2.337848028123911 4.5113235376644365 0.94488 -2.183577092901297 -1.359486638167775
54457 10628960 2.331701359810657 4.529454008806809 0.94488 -2.183577092901297 -1.359486638167775
54458 10628960 2.3050242447622 4.596934542771152 0.94488 -2.183577092901297 -1.359486638167775
54459 10628960 2.2818935309449886 4.657882545488179 0.94488 -2.183577092901297 -1.359486638167775
54460 10628960 2.2665193715980667 4.695033647163616 0.94488 -2.183577092901297 -1.359486638167775
54461 10628960 2.2523225665254123 4.734428833281826 0.94488 -2.183577092901297 -1.359486638167775
54462 10628960 2.238125761452757 4.7738240194000365 0.94488 -2.183577092901297 -1.359486638167775
54463 10628960 2.227214334363837 4.798827407780597 0.94488 -2.183577092901297 -1.359486638167775
54464 10628960 2.216302907274917 4.823830796161155 0.94488 -2.183577092901297 -1.359486638167775
54465 10628960 2.2001450233574094 4.855864297304361 0.94488 -2.183577092901297 -1.359486638167775
54466 10628960 2.1766159834477623 4.916943525752753 0.94488 -2.183577092901297 -1.359486638167775
54467 10628960 2.17780840355966 4.91629361502997 0.9445489954751132 -2.183577092901297 -1.359486638167775
54468 10628960 2.179000823671557 4.915643704307185 0.9442179909502262 -2.183577092901297 -1.359486638167775
54469 10628960 2.1801932437834552 4.914993793584403 0.9438869864253392 -2.183577092901297 -1.359486638167775
54470 10628960 2.1813856638953526 4.914343882861617 0.9435559819004524 -2.183577092901297 -1.359486638167775
54471 10628960 2.1825780840072504 4.913693972138834 0.9432249773755657 -2.183577092901297 -1.359486638167775
54472 10628960 2.183770504119148 4.913044061416049 0.9428939728506788 -2.183577092901297 -1.359486638167775
54473 10628960 2.184962924231045 4.912394150693267 0.9425629683257918 -2.183577092901297 -1.359486638167775
54474 10628960 2.186155344342944 4.911744239970481 0.9422319638009048 -2.183577092901297 -1.359486638167775
54475 10628960 2.1873477644548407 4.911094329247698 0.941900959276018 -2.183577092901297 -1.359486638167775
54476 10628960 2.1885401845667385 4.910444418524913 0.9415699547511313 -2.183577092901297 -1.359486638167775
54477 10628960 2.189732604678636 4.90979450780213 0.9412389502262444 -2.183577092901297 -1.359486638167775
54478 10628960 2.1909250247905336 4.909144597079346 0.9409079457013574 -2.183577092901297 -1.359486638167775
54479 10628960 2.192117444902431 4.908494686356562 0.9405769411764704 -2.183577092901297 -1.359486638167775
54480 10628960 2.193309865014329 4.907844775633778 0.9402459366515836 -2.183577092901297 -1.359486638167775
54481 10628960 2.1945022851262266 4.907194864910994 0.9399149321266967 -2.183577092901297 -1.359486638167775
54482 10628960 2.195694705238124 4.9065449541882105 0.93958392760181 -2.183577092901297 -1.359486638167775
54483 10628960 2.1968871253500217 4.905895043465427 0.9392529230769231 -2.183577092901297 -1.359486638167775
54484 10628960 2.198079545461919 4.9052451327426425 0.938921918552036 -2.183577092901297 -1.359486638167775
54485 10628960 2.199271965573817 4.904595222019858 0.9385909140271492 -2.183577092901297 -1.359486638167775
54486 10628960 2.2004643856857142 4.9039453112970754 0.9382599095022623 -2.183577092901297 -1.359486638167775
54487 10628960 2.2016568057976116 4.903295400574291 0.9379289049773756 -2.183577092901297 -1.359486638167775
54488 10628960 2.20284922590951 4.902645489851507 0.9375979004524886 -2.183577092901297 -1.359486638167775
54489 10628960 2.2040416460214067 4.901995579128722 0.9372668959276016 -2.183577092901297 -1.359486638167775
54490 10628960 2.205234066133305 4.90134566840594 0.9369358914027148 -2.183577092901297 -1.359486638167775
54491 10628960 2.2064264862452023 4.900695757683155 0.936604886877828 -2.183577092901297 -1.359486638167775
54492 10628960 2.2076189063571 4.9000458469603725 0.9362738823529412 -2.183577092901297 -1.359486638167775
54493 10628960 2.2088113264689984 4.899395936237587 0.9359428778280542 -2.183577092901297 -1.359486638167775
54494 10628960 2.2100037465808957 4.898746025514804 0.9356118733031672 -2.183577092901297 -1.359486638167775
