54495 10628960 2.211196166692793 4.898096114792018 0.9352808687782804 -2.183577092901297 -1.359486638167775
54496 10628960 2.2123885868046904 4.897446204069237 0.9349498642533935 -2.183577092901297 -1.359486638167775
54497 10628960 2.2135810069165878 4.896796293346451 0.9346188597285068 -2.183577092901297 -1.359486638167775
54498 10628960 2.2147734270284856 4.896146382623668 0.93428785520362 -2.183577092901297 -1.359486638167775
54499 10628960 2.215965847140384 4.895496471900884 0.9339568506787328 -2.183577092901297 -1.359486638167775
54500 10628960 2.2171582672522807 4.8948465611781 0.933625846153846 -2.183577092901297 -1.359486638167775
54501 10628960 2.2183506873641785 4.894196650455316 0.9332948416289591 -2.183577092901297 -1.359486638167775
54502 10628960 2.2195431074760763 4.893546739732533 0.9329638371040724 -2.183577092901297 -1.359486638167775
54503 10628960 2.2207355275879737 4.892896829009748 0.9326328325791856 -2.183577092901297 -1.359486638167775
54504 10628960 2.2219279476998715 4.892246918286964 0.9323018280542986 -2.183577092901297 -1.359486638167775
54505 10628960 2.223120367811769 4.8915970075641795 0.9319708235294116 -2.183577092901297 -1.359486638167775
54506 10628960 2.2243127879236666 4.890947096841397 0.9316398190045247 -2.183577092901297 -1.359486638167775
54507 10628960 2.2255052080355644 4.890297186118612 0.9313088144796379 -2.183577092901297 -1.359486638167775
54508 10628960 2.2266976281474617 4.889647275395829 0.9309778099547512 -2.183577092901297 -1.359486638167775
54509 10628960 2.2278900482593595 4.8889973646730445 0.9306468054298642 -2.183577092901297 -1.359486638167775
54510 10628960 2.229082468371257 4.888347453950262 0.9303158009049772 -2.183577092901297 -1.359486638167775
54511 10628960 2.2302748884831547 4.8876975432274765 0.9299847963800904 -2.183577092901297 -1.359486638167775
54512 10628960 2.2314673085950516 4.887047632504693 0.9296537918552036 -2.183577092901297 -1.359486638167775
54513 10628960 2.2326597287069503 4.8863977217819095 0.9293227873303168 -2.183577092901297 -1.359486638167775
54514 10628960 2.233852148818848 4.885747811059125 0.9289917828054298 -2.183577092901297 -1.359486638167775
54515 10628960 2.235044568930745 4.8850979003363415 0.9286607782805428 -2.183577092901297 -1.359486638167775
54516 10628960 2.2362369890426432 4.884447989613557 0.928329773755656 -2.183577092901297 -1.359486638167775
54517 10628960 2.23742940915454 4.8837980788907736 0.9279987692307692 -2.183577092901297 -1.359486638167775
54518 10628960 2.238621829266438 4.883148168167988 0.9276677647058824 -2.183577092901297 -1.359486638167775
54519 10628960 2.2398142493783357 4.882498257445206 0.9273367601809954 -2.183577092901297 -1.359486638167775
54520 10628960 2.2410066694902326 4.881848346722421 0.9270057556561084 -2.183577092901297 -1.359486638167775
54521 10628960 2.242199089602131 4.881198435999638 0.9266747511312216 -2.183577092901297 -1.359486638167775
54522 10628960 2.243391509714028 4.880548525276853 0.9263437466063348 -2.183577092901297 -1.359486638167775
54523 10628960 2.244583929825926 4.879898614554071 0.926012742081448 -2.183577092901297 -1.359486638167775
54524 10628960 2.2457763499378234 4.879248703831286 0.9256817375565609 -2.183577092901297 -1.359486638167775
54525 10628960 2.2469687700497207 4.878598793108502 0.925350733031674 -2.183577092901297 -1.359486638167775
54526 10628960 2.2481611901616185 4.877948882385717 0.9250197285067872 -2.183577092901297 -1.359486638167775
