9924 10628960 2.962526333650492 3.9810839316231097 0.67056 -3.4230048786853255 1.1183983042263892
9925 10628960 2.9454709470824696 3.9410932735160498 0.67056 -3.4230048786853255 1.1183983042263892
9926 10628960 2.9284155605144475 3.901102615408989 0.67056 -3.4230048786853255 1.1183983042263892
9927 10628960 2.9152014387502034 3.863362063932717 0.67056 -3.4230048786853255 1.1183983042263892
9928 10628960 2.9019873169859585 3.825621512456445 0.67056 -3.4230048786853255 1.1183983042263892
9929 10628960 2.888773195221714 3.787880960980173 0.67056 -3.4230048786853255 1.1183983042263892
9930 10628960 2.8791044439789832 3.741973041225136 0.67056 -3.4230048786853255 1.1183983042263892
9931 10628960 2.8639118759024296 3.670999886490266 0.67056 -3.4230048786853255 1.1183983042263892
9932 10628960 2.8521083303704207 3.625931103461381 0.67056 -3.4230048786853255 1.1183983042263892
9933 10628960 2.840304784838412 3.5808623204324963 0.67056 -3.4230048786853255 1.1183983042263892
9934 10628960 2.8285012393064037 3.5357935374036114 0.67056 -3.4230048786853255 1.1183983042263892
9935 10628960 2.816697693774395 3.490724754374725 0.67056 -3.4230048786853255 1.1183983042263892
9936 10628960 2.804894148242386 3.44565597134584 0.67056 -3.4230048786853255 1.1183983042263892
9937 10628960 2.793090602710377 3.400587188316955 0.67056 -3.4230048786853255 1.1183983042263892
9938 10628960 2.7812870571783685 3.3555184052880698 0.67056 -3.4230048786853255 1.1183983042263892
9939 10628960 2.7646041200147065 3.317348328080775 0.67056 -3.4230048786853255 1.1183983042263892
9940 10628960 2.747921182851044 3.27917825087348 0.67056 -3.4230048786853255 1.1183983042263892
9941 10628960 2.731238245687382 3.2410081736661844 0.67056 -3.4230048786853255 1.1183983042263892
9942 10628960 2.7145553085237197 3.2028380964588896 0.67056 -3.4230048786853255 1.1183983042263892
9943 10628960 2.6966249480179303 3.1588108050361106 0.67056 -3.4230048786853255 1.1183983042263892
9944 10628960 2.66809162868726 3.0877556888487883 0.67056 -3.4230048786853255 1.1183983042263892
9945 10628960 2.6618166352575603 3.0685433352013267 0.67056 -3.4230048786853255 1.1183983042263892
9946 10628960 2.643588530989958 3.024963778904535 0.67056 -3.4230048786853255 1.1183983042263892
9947 10628960 2.6253604267223563 2.981384222607744 0.67056 -3.4230048786853255 1.1183983042263892
9948 10628960 2.6143856815957784 2.935552455398663 0.67056 -3.4230048786853255 1.1183983042263892
9949 10628960 2.6034109364692 2.8897206881895845 0.67056 -3.4230048786853255 1.1183983042263892
9950 10628960 2.5718980693524225 2.7932367081350544 0.67056 -3.4230048786853255 1.1183983042263892
9951 10628960 2.56396813653781 2.76895737251847 0.67056 -3.4230048786853255 1.1183983042263892
9952 10628960 2.556038203723197 2.7446780369018864 0.67056 -3.4230048786853255 1.1183983042263892
9953 10628960 2.5388062892857075 2.7000721961176315 0.67056 -3.4230048786853255 1.1183983042263892
9954 10628960 2.516409695519534 2.6478073516823475 0.67056 -3.4230048786853255 1.1183983042263892
9955 10628960 2.5039215921819755 2.6014184821359887 0.67056 -3.4230048786853255 1.1183983042263892
9956 10628960 2.488130654311937 2.5530709617979315 0.67056 -3.4230048786853255 1.1183983042263892
9957 10628960 2.4647305349050903 2.506975062935958 0.67056 -3.4230048786853255 1.1183983042263892
9958 10628960 2.4481078130075637 2.46450674121513 0.67056 -3.4230048786853255 1.1183983042263892
9959 10628960 2.4417983072034093 2.445188858537364 0.67056 -3.4230048786853255 1.1183983042263892
9960 10628960 2.4001686648028704 2.3680140502941054 0.67056 -3.4230048786853255 1.1183983042263892
9961 10628960 2.3735425557715315 2.32998127013688 0.67056 -3.4230048786853255 1.1183983042263892
9962 10628960 2.3492102285823897 2.2935357910180376 0.67056 -3.4230048786853255 1.1183983042263892
9963 10628960 2.3181753453881853 2.26103189824731 0.7010400000000001 -3.4230048786853255 1.1183983042263892
9964 10628960 2.2998512470255617 2.2402644098612976 0.6858000000000001 -3.4230048786853255 1.1183983042263892
9965 10628960 2.2815271486629385 2.2194969214752853 0.67056 -3.4230048786853255 1.1183983042263892
9966 10628960 2.2486222031583307 2.185617963742243 0.7010400000000001 -3.4230048786853255 1.1183983042263892
9967 10628960 2.2089863843902977 2.14961511732938 0.7010400000000001 -3.4230048786853255 1.1183983042263892
9968 10628960 2.161970769529643 2.103522728997956 0.7010400000000001 -3.4230048786853255 1.1183983042263892
9969 10628960 2.1185928402184957 2.0756350657457667 0.67056 -3.4230048786853255 1.1183983042263892
9970 10628960 2.0845349847926435 2.0485583771654787 0.7010400000000001 -3.4230048786853255 1.1183983042263892
9971 10628960 2.053802203175768 2.029215917577432 0.7010400000000001 -3.4230048786853255 1.1183983042263892
9972 10628960 2.023069421558892 2.009873457989384 0.7010400000000001 -3.4230048786853255 1.1183983042263892
9973 10628960 1.973080793843384 1.9872999952958703 0.7010400000000001 -3.4230048786853255 1.1183983042263892
9974 10628960 1.9338472439488867 1.967755650362932 0.7010400000000001 -3.4230048786853255 1.1183983042263892
9975 10628960 1.8855731261468136 1.9531507563699808 0.7010400000000001 -3.4230048786853255 1.1183983042263892
9976 10628960 1.806014516370246 1.925401021962049 0.7010400000000001 -3.4230048786853255 1.1183983042263892
9977 10628960 1.762906679714049 1.9200906216752989 0.67056 -3.4230048786853255 1.1183983042263892
9978 10628960 1.7087657596594052 1.9092724607882168 0.67056 -3.4230048786853255 1.1183983042263892
9979 10628960 1.6736865171025173 1.9024495310303609 0.6858000000000001 -3.4230048786853255 1.1183983042263892
9980 10628960 1.638607274545629 1.8956266012725047 0.7010400000000001 -3.4230048786853255 1.1183983042263892
9981 10628960 1.5590541298500673 1.8885554571329837 0.7010400000000001 -3.4230048786853255 1.1183983042263892
9982 10628960 1.5266526206949265 1.8831363175946971 0.7010400000000001 -3.4230048786853255 1.1183983042263892
9983 10628960 1.4508289511385153 1.8806890701354395 0.7010400000000001 -3.4230048786853255 1.1183983042263892
9984 10628960 1.396469544901081 1.8827952537342951 0.7010400000000001 -3.4230048786853255 1.1183983042263892
9985 10628960 1.3412260745349776 1.8835551038270268 0.7010400000000001 -3.4230048786853255 1.1183983042263892
9986 10628960 1.2939613098101899 1.8842785011610843 0.7010400000000001 -3.4230048786853255 1.1183983042263892
9987 10628960 1.244377790082916 1.8939378288004876 0.7010400000000001 -3.4230048786853255 1.1183983042263892
9988 10628960 1.1897782108804074 1.8969417827654151 0.7010400000000001 -3.4230048786853255 1.1183983042263892
9989 10628960 1.1514726931459536 1.9040264650111705 0.7010400000000001 -3.4230048786853255 1.1183983042263892
9990 10628960 1.1131671754114998 1.911111147256925 0.7010400000000001 -3.4230048786853255 1.1183983042263892
9991 10628960 1.0798912018178144 1.914975381163883 0.7010400000000001 -3.4230048786853255 1.1183983042263892
9992 10628960 1.0254462862043392 1.9238883057721108 0.7010400000000001 -3.4230048786853255 1.1183983042263892
9993 10628960 0.9462609497133933 1.931540501627688 0.7010400000000001 -3.4230048786853255 1.1183983042263892
9994 10628960 0.8803675934021108 1.9445464344432533 0.7010400000000001 -3.4230048786853255 1.1183983042263892
9995 10628960 0.8166523106323805 1.957425305460929 0.7010400000000001 -3.4230048786853255 1.1183983042263892
9996 10628960 0.7465023488105271 1.9669167956325435 0.7010400000000001 -3.4230048786853255 1.1183983042263892
9997 10628960 0.7164453590345341 1.9741118727370668 0.6858000000000001 -3.4230048786853255 1.1183983042263892
9998 10628960 0.6863883692585409 1.9813069498415903 0.67056 -3.4230048786853255 1.1183983042263892
9999 10628960 0.6550850466370951 1.9860472274060523 0.67056 -3.4230048786853255 1.1183983042263892
10000 10628960 0.5705037938657128 2.008435531602951 0.67056 -3.4230048786853255 1.1183983042263892
10001 10628960 0.5162944364795642 2.023233861585351 0.67056 -3.4230048786853255 1.1183983042263892
10002 10628960 0.4658676101061878 2.037380377692729 0.67056 -3.4230048786853255 1.1183983042263892
10003 10628960 0.3864321466629273 2.057855343889858 0.67056 -3.4230048786853255 1.1183983042263892
10004 10628960 0.3551979493778751 2.0628080612163964 0.67056 -3.4230048786853255 1.1183983042263892
10005 10628960 0.32819047094298764 2.0698258358075283 0.67056 -3.4230048786853255 1.1183983042263892
10006 10628960 0.3011829925081002 2.076843610398659 0.67056 -3.4230048786853255 1.1183983042263892
10007 10628960 0.1907812365265361 2.105808264951752 0.67056 -3.4230048786853255 1.1183983042263892
10008 10628960 0.1276560062232862 2.122940394384321 0.67056 -3.4230048786853255 1.1183983042263892
10009 10628960 0.06009190643436635 2.1379025064162938 0.67056 -3.4230048786853255 1.1183983042263892
10010 10628960 0.022186034726435818 2.148251033646777 0.67056 -3.4230048786853255 1.1183983042263892
10011 10628960 -0.015719836981494706 2.1585995608772595 0.67056 -3.4230048786853255 1.1183983042263892
10012 10628960 -0.06900951197647476 2.1748545335230185 0.67056 -3.4230048786853255 1.1183983042263892
10013 10628960 -0.0995103506008338 2.1793358816409834 0.67056 -3.4230048786853255 1.1183983042263892
10014 10628960 -0.17212978919136246 2.2043654014380083 0.67056 -3.4230048786853255 1.1183983042263892
10015 10628960 -0.21937293093792265 2.214672134052114 0.67056 -3.4230048786853255 1.1183983042263892
10016 10628960 -0.2992704065860463 2.2407976959799054 0.67056 -3.4230048786853255 1.1183983042263892
10017 10628960 -0.3462456082314711 2.2546396452231545 0.67056 -3.4230048786853255 1.1183983042263892
10018 10628960 -0.3754612358058368 2.2649527924684696 0.67056 -3.4230048786853255 1.1183983042263892
10019 10628960 -0.4046768633802025 2.275265939713784 0.67056 -3.4230048786853255 1.1183983042263892
10020 10628960 -0.4781236656741783 2.297765425688774 0.6400800000000001 -3.4230048786853255 1.1183983042263892
10021 10628960 -0.5387860447365485 2.3121123417225165 0.6400800000000001 -3.4230048786853255 1.1183983042263892
10022 10628960 -0.5964146101938097 2.332477891865015 0.6400800000000001 -3.4230048786853255 1.1183983042263892
10023 10628960 -0.672502768801772 2.3507025434361393 0.6400800000000001 -3.4230048786853255 1.1183983042263892
10024 10628960 -0.7248669932183043 2.363271935493312 0.6400800000000001 -3.4230048786853255 1.1183983042263892
10025 10628960 -0.7769286363199612 2.3794816124380125 0.6400800000000001 -3.4230048786853255 1.1183983042263892
10026 10628960 -0.8190910024641341 2.3909351187483816 0.6248400000000001 -3.4230048786853255 1.1183983042263892
10027 10628960 -0.8612533686083068 2.402388625058751 0.6096 -3.4230048786853255 1.1183983042263892
10028 10628960 -0.8911405394545857 2.411463221871503 0.6096 -3.4230048786853255 1.1183983042263892
10029 10628960 -0.9709505314837171 2.4324275752009474 0.6096 -3.4230048786853255 1.1183983042263892
10030 10628960 -1.0394651663822967 2.4466605607416687 0.6096 -3.4230048786853255 1.1183983042263892
10031 10628960 -1.107979801280876 2.46089354628239 0.6096 -3.4230048786853255 1.1183983042263892
10032 10628960 -1.1568669758065304 2.4667205608392506 0.6096 -3.4230048786853255 1.1183983042263892
10033 10628960 -1.1837428448872729 2.472649897716716 0.6096 -3.4230048786853255 1.1183983042263892
10034 10628960 -1.2106187139680151 2.4785792345941813 0.6096 -3.4230048786853255 1.1183983042263892
10035 10628960 -1.3032195097499553 2.4927487789407943 0.6096 -3.4230048786853255 1.1183983042263892
10036 10628960 -1.351282254784772 2.4978400505770613 0.6096 -3.4230048786853255 1.1183983042263892
10037 10628960 -1.3860009000139213 2.4983907683076594 0.6096 -3.4230048786853255 1.1183983042263892
10038 10628960 -1.4207195452430703 2.4989414860382566 0.6096 -3.4230048786853255 1.1183983042263892
10039 10628960 -1.4725031959321242 2.4991751006641536 0.6096 -3.4230048786853255 1.1183983042263892
10040 10628960 -1.5263732593191996 2.490861129823544 0.6096 -3.4230048786853255 1.1183983042263892
10041 10628960 -1.5706291518720843 2.488048227644817 0.6096 -3.4230048786853255 1.1183983042263892
10042 10628960 -1.6385723661365226 2.466579395492124 0.6096 -3.4230048786853255 1.1183983042263892
10043 10628960 -1.6803014522554214 2.45032122469218 0.6096 -3.4230048786853255 1.1183983042263892
10044 10628960 -1.7370943242717871 2.4260225744166464 0.6096 -3.4230048786853255 1.1183983042263892
10045 10628960 -1.7540440421397752 2.4135747761582653 0.6096 -3.4230048786853255 1.1183983042263892
10046 10628960 -1.7709937600077632 2.4011269778998847 0.6096 -3.4230048786853255 1.1183983042263892
10047 10628960 -1.81604992548604 2.3665619361911108 0.6096 -3.4230048786853255 1.1183983042263892
10048 10628960 -1.848813268025996 2.3342841551106592 0.6096 -3.4230048786853255 1.1183983042263892
10049 10628960 -1.8694908111645108 2.3036602136334587 0.6096 -3.4230048786853255 1.1183983042263892
10050 10628960 -1.8980771957842475 2.248866968993252 0.6096 -3.4230048786853255 1.1183983042263892
10051 10628960 -1.906807774876432 2.2316850709580933 0.6096 -3.4230048786853255 1.1183983042263892
10052 10628960 -1.915538353968616 2.214503172922934 0.6096 -3.4230048786853255 1.1183983042263892
10053 10628960 -1.9233921136182155 2.1715039518689987 0.57912 -3.4230048786853255 1.1183983042263892
10054 10628960 -1.9359505637170564 2.1168408523379942 0.57912 -3.4230048786853255 1.1183983042263892
10055 10628960 -1.9453661726649865 2.071782151811489 0.57912 -3.4230048786853255 1.1183983042263892
10056 10628960 -1.94682572845322 2.0347528698040094 0.57912 -3.4230048786853255 1.1183983042263892
10057 10628960 -1.9477809732352689 1.9802657098572256 0.57912 -3.4230048786853255 1.1183983042263892
10058 10628960 -1.9490977289820688 1.959956816043106 0.57912 -3.4230048786853255 1.1183983042263892
10059 10628960 -1.9504144847288696 1.9396479222289864 0.57912 -3.4230048786853255 1.1183983042263892
10060 10628960 -1.9470258321320335 1.9011491439055976 0.57912 -3.4230048786853255 1.1183983042263892
10061 10628960 -1.9464933531489523 1.8528353693584183 0.57912 -3.4230048786853255 1.1183983042263892
10062 10628960 -1.947096682748156 1.7950784324887412 0.54864 -3.4230048786853255 1.1183983042263892
10063 10628960 -1.9455033027789224 1.7510913376900232 0.54864 -3.4230048786853255 1.1183983042263892
10064 10628960 -1.9385252005729712 1.6950601787026849 0.54864 -3.4230048786853255 1.1183983042263892
10065 10628960 -1.9318708623748373 1.654324639801367 0.54864 -3.4230048786853255 1.1183983042263892
10066 10628960 -1.9281198366032573 1.6115011918109008 0.54864 -3.4230048786853255 1.1183983042263892
10067 10628960 -1.9240393776611429 1.5927564870820818 0.54864 -3.4230048786853255 1.1183983042263892
10068 10628960 -1.9199589187190291 1.574011782353263 0.54864 -3.4230048786853255 1.1183983042263892
10069 10628960 -1.9143162068760393 1.539683219486171 0.54864 -3.4230048786853255 1.1183983042263892
10070 10628960 -1.9071749073945734 1.4936474756263836 0.54864 -3.4230048786853255 1.1183983042263892
10071 10628960 -1.9018081334556558 1.45847454355652 0.54864 -3.4230048786853255 1.1183983042263892
10072 10628960 -1.8983485270409577 1.4201866843027255 0.54864 -3.4230048786853255 1.1183983042263892
10073 10628960 -1.8895007956731884 1.3630769808490941 0.54864 -3.4230048786853255 1.1183983042263892
10074 10628960 -1.885494039658637 1.3400333816488643 0.54864 -3.4230048786853255 1.1183983042263892
10075 10628960 -1.8763482260030449 1.2824757711782997 0.54864 -3.4230048786853255 1.1183983042263892
10076 10628960 -1.8687595999665532 1.2445898235399837 0.54864 -3.4230048786853255 1.1183983042263892
10077 10628960 -1.8671880425506733 1.2086725285104378 0.54864 -3.4230048786853255 1.1183983042263892
10078 10628960 -1.8551936538541816 1.1543894982598693 0.5181600000000001 -3.4230048786853255 1.1183983042263892
10079 10628960 -1.8533677423313581 1.1382521686110236 0.5181600000000001 -3.4230048786853255 1.1183983042263892
10080 10628960 -1.8515418308085343 1.122114838962178 0.5181600000000001 -3.4230048786853255 1.1183983042263892
10081 10628960 -1.840052617284676 1.0852898127480224 0.5181600000000001 -3.4230048786853255 1.1183983042263892
10082 10628960 -1.832019245745164 1.0446881186957466 0.54864 -3.4230048786853255 1.1183983042263892
10083 10628960 -1.8261672190316691 1.0109927161138974 0.54864 -3.4230048786853255 1.1183983042263892
10084 10628960 -1.8179608286877356 0.9709187337099341 0.54864 -3.4230048786853255 1.1183983042263892
10085 10628960 -1.811107159650435 0.9402841260335756 0.54864 -3.4230048786853255 1.1183983042263892
10086 10628960 -1.80245153599848 0.9015822212895224 0.54864 -3.4230048786853255 1.1183983042263892
10087 10628960 -1.7935031176132126 0.8583446333168204 0.54864 -3.4230048786853255 1.1183983042263892
10088 10628960 -1.7836122694535903 0.8261323748734295 0.54864 -3.4230048786853255 1.1183983042263892
10089 10628960 -1.7785293591315716 0.8004003539730844 0.54864 -3.4230048786853255 1.1183983042263892
10090 10628960 -1.773446448809554 0.7746683330727393 0.54864 -3.4230048786853255 1.1183983042263892
10091 10628960 -1.7654726467662936 0.7403959973661616 0.54864 -3.4230048786853255 1.1183983042263892
10092 10628960 -1.7534421785700105 0.7038619274863155 0.54864 -3.4230048786853255 1.1183983042263892
10093 10628960 -1.7431213567324038 0.6566705261762452 0.54864 -3.4230048786853255 1.1183983042263892
10094 10628960 -1.7250415490842788 0.6250513120837483 0.54864 -3.4230048786853255 1.1183983042263892
10095 10628960 -1.7142630789314215 0.5765419881749253 0.54864 -3.4230048786853255 1.1183983042263892
10096 10628960 -1.7090497693552296 0.5585374399065405 0.54864 -3.4230048786853255 1.1183983042263892
10097 10628960 -1.7038364597790376 0.5405328916381557 0.54864 -3.4230048786853255 1.1183983042263892
10098 10628960 -1.689182304675528 0.5011547052690866 0.54864 -3.4230048786853255 1.1183983042263892
10099 10628960 -1.6772969211150697 0.4668885347896998 0.54864 -3.4230048786853255 1.1183983042263892
10100 10628960 -1.6670078117242546 0.4304572723164519 0.54864 -3.4230048786853255 1.1183983042263892
10101 10628960 -1.6542768106847003 0.3933441673846755 0.54864 -3.4230048786853255 1.1183983042263892
10102 10628960 -1.6501469678241534 0.36523705936974 0.54864 -3.4230048786853255 1.1183983042263892
10103 10628960 -1.6377299394737694 0.3339519039857888 0.54864 -3.4230048786853255 1.1183983042263892
10104 10628960 -1.6228542932678802 0.2966048564821656 0.54864 -3.4230048786853255 1.1183983042263892
10105 10628960 -1.6108381112711487 0.2654509607262889 0.54864 -3.4230048786853255 1.1183983042263892
10106 10628960 -1.5919910582892243 0.2209631550004497 0.54864 -3.4230048786853255 1.1183983042263892
10107 10628960 -1.5731474238745566 0.1933013886155753 0.54864 -3.4230048786853255 1.1183983042263892
10108 10628960 -1.557868291493488 0.17212177840971624 0.54864 -3.4230048786853255 1.1183983042263892
10109 10628960 -1.5425891591124197 0.15094216820385714 0.54864 -3.4230048786853255 1.1183983042263892
10110 10628960 -1.5237684153070723 0.12293763411260702 0.54864 -3.4230048786853255 1.1183983042263892
10111 10628960 -1.49991662213072 0.10216741994379494 0.54864 -3.4230048786853255 1.1183983042263892
10112 10628960 -1.4484003247763824 0.06522227489183327 0.54864 -3.4230048786853255 1.1183983042263892
10113 10628960 -1.4180357458404005 0.053772508602419306 0.54864 -3.4230048786853255 1.1183983042263892
10114 10628960 -1.4015764952021552 0.04652011690194521 0.54864 -3.4230048786853255 1.1183983042263892
10115 10628960 -1.3851172445639095 0.03926772520147112 0.54864 -3.4230048786853255 1.1183983042263892
10116 10628960 -1.3465331894845949 0.025247002118026857 0.54864 -3.4230048786853255 1.1183983042263892
10117 10628960 -1.313270684451439 0.02102861530247377 0.5181600000000001 -3.4230048786853255 1.1183983042263892
10118 10628960 -1.2545544154764128 0.0131597424955415 0.5181600000000001 -3.4230048786853255 1.1183983042263892
10119 10628960 -1.2158560098005349 0.009267184968506951 0.5181600000000001 -3.4230048786853255 1.1183983042263892
10120 10628960 -1.1630760542777308 0.004976071103133112 0.48768 -3.4230048786853255 1.1183983042263892
10121 10628960 -1.1248193844248178 0.006252405634232877 0.48768 -3.4230048786853255 1.1183983042263892
10122 10628960 -1.0851874251972191 0.006845528598676681 0.48768 -3.4230048786853255 1.1183983042263892
10123 10628960 -1.0595654605828084 0.005068401401870842 0.48768 -3.4230048786853255 1.1183983042263892
10124 10628960 -1.0339434959683975 0.0032912742050650035 0.48768 -3.630621617935112 1.9380638631846543
10125 10628960 -0.9898956678780748 0.004894467607689274 0.48768 -3.630621617935112 1.9380638631846543
10126 10628960 -0.9488592051448476 5.106309015262545e-06 0.4572000000000001 -3.630621617935112 1.9380638631846543
10127 10628960 -0.9104112831490104 -0.0019345947836722226 0.4572000000000001 -3.630621617935112 1.9380638631846543
10128 10628960 -0.8677786497057147 -0.004658206610170051 0.4572000000000001 -3.630621617935112 1.9380638631846543
10129 10628960 -0.8304180100869141 -0.004489467181014145 0.4572000000000001 -3.630621617935112 1.9380638631846543
10130 10628960 -0.7927381403929781 -0.006060609000045375 0.42672 -3.630621617935112 1.9380638631846543
10131 10628960 -0.7262572643907252 -0.001041839969040642 0.42672 -3.630621617935112 1.9380638631846543
10132 10628960 -0.6885430302337019 -0.002506877422804005 0.42672 -3.630621617935112 1.9380638631846543
10133 10628960 -0.6493449473501891 0.0005670005751401141 0.42672 -3.630621617935112 1.9380638631846543
10134 10628960 -0.6299293035488834 0.002222409348821092 0.42672 -3.630621617935112 1.9380638631846543
10135 10628960 -0.6105136597475778 0.0038778181225020687 0.42672 -3.630621617935112 1.9380638631846543
10136 10628960 -0.5647815019099927 0.004932722732833046 0.42672 -3.630621617935112 1.9380638631846543
10137 10628960 -0.5080215405246387 0.0024995006495957817 0.39624 -3.630621617935112 1.9380638631846543
10138 10628960 -0.4749560208249626 0.00828008578414022 0.39624 -3.630621617935112 1.9380638631846543
10139 10628960 -0.4580253370774402 0.007769033129952669 0.39624 -3.630621617935112 1.9380638631846543
10140 10628960 -0.4410946533299178 0.007257980475765119 0.39624 -3.630621617935112 1.9380638631846543
10141 10628960 -0.40389678300995535 0.005846298646537046 0.39624 -3.630621617935112 1.9380638631846543
10142 10628960 -0.3550628094044648 0.0014487887895855145 0.39624 -3.630621617935112 1.9380638631846543
10143 10628960 -0.3032333883896729 -0.0003057831904701158 0.39624 -3.630621617935112 1.9380638631846543
10144 10628960 -0.2765917325542224 0.003486382347371503 0.39624 -3.630621617935112 1.9380638631846543
10145 10628960 -0.2572257509141949 0.0015955531116378097 0.39624 -3.630621617935112 1.9380638631846543
10146 10628960 -0.2378597692741673 -0.00029527612409588344 0.39624 -3.630621617935112 1.9380638631846543
10147 10628960 -0.19910948440400267 0.003044017239419855 0.39624 -3.630621617935112 1.9380638631846543
10148 10628960 -0.15357071782463996 0.006501167150528925 0.39624 -3.630621617935112 1.9380638631846543
10149 10628960 -0.11560526700237128 0.00472315111624752 0.39624 -3.630621617935112 1.9380638631846543
10150 10628960 -0.07843917828029345 0.006477877369807955 0.36576 -3.630621617935112 1.9380638631846543
10151 10628960 -0.03458812506898323 0.008033894822518789 0.36576 -3.630621617935112 1.9380638631846543
10152 10628960 -0.003904058056397597 0.00653342135478438 0.36576 -3.630621617935112 1.9380638631846543
10153 10628960 0.038990573860074096 0.003261907588886281 0.36576 -3.630621617935112 1.9380638631846543
10154 10628960 0.0729114090010542 0.005143391589208984 0.36576 -3.630621617935112 1.9380638631846543
10155 10628960 0.10533977202472757 0.005176202719942374 0.36576 -3.630621617935112 1.9380638631846543
10156 10628960 0.12189702307073058 0.004204325007451673 0.36576 -3.630621617935112 1.9380638631846543
10157 10628960 0.1384542741167336 0.0032324472949609717 0.36576 -3.630621617935112 1.9380638631846543
10158 10628960 0.18395631762953799 0.004951077382885027 0.36576 -3.630621617935112 1.9380638631846543
10159 10628960 0.2191255797554973 0.005490534113149842 0.36576 -3.630621617935112 1.9380638631846543
10160 10628960 0.2503606087882884 0.004862484664783896 0.36576 -3.630621617935112 1.9380638631846543
10161 10628960 0.28841778597208034 0.003640736642547035 0.36576 -3.630621617935112 1.9380638631846543
10162 10628960 0.3264749631558723 0.002418988620310175 0.36576 -3.630621617935112 1.9380638631846543
10163 10628960 0.34423308207365 0.004443193810808446 0.36576 -3.630621617935112 1.9380638631846543
