18070 10628960 0.004920599614640586 0.062064497118750526 0.36576 -2.7488114629787064 3.0629300369738885
18071 10628960 0.004127088468795503 0.05963674692764001 0.36576 -2.7488114629787064 3.0629300369738885
18072 10628960 0.0017760067642834665 0.059236890737951776 0.36576 -2.7488114629787064 3.0629300369738885
18073 10628960 0.0022600348655768447 0.05471700334514487 0.36576 -2.7488114629787064 3.0629300369738885
18074 10628960 0.0027440629668702234 0.050197115952337966 0.36576 -2.7488114629787064 3.0629300369738885
18075 10628960 0.003228091068163602 0.04567722855953107 0.36576 -2.7488114629787064 3.0629300369738885
18076 10628960 0.0037121191694569813 0.04115734116672416 0.36576 -2.7488114629787064 3.0629300369738885
18077 10628960 0.0041961472707503595 0.036637453773917264 0.36576 -2.7488114629787064 3.0629300369738885
18078 10628960 0.004680175372043739 0.032117566381110366 0.36576 -2.7488114629787064 3.0629300369738885
18079 10628960 0.005164203473337116 0.02759767898830346 0.36576 -2.7488114629787064 3.0629300369738885
18080 10628960 0.0056482315746304934 0.02307779159549656 0.36576 -2.7488114629787064 3.0629300369738885
18081 10628960 0.006132259675923874 0.018557904202689664 0.36576 -2.7488114629787064 3.0629300369738885
18082 10628960 0.006616287777217253 0.014038016809882758 0.36576 -2.7488114629787064 3.0629300369738885
18083 10628960 0.00710031587851063 0.00951812941707586 0.36576 -2.7488114629787064 3.0629300369738885
18084 10628960 0.007584343979804009 0.004998242024268962 0.36576 -2.7488114629787064 3.0629300369738885
18085 10628960 0.014298047890462863 0.0048192392893660315 0.36576 -2.7488114629787064 3.0629300369738885
18086 10628960 0.02101175180112172 0.004640236554463099 0.36576 -2.7488114629787064 3.0629300369738885
18087 10628960 0.02772545571178057 0.004461233819560168 0.36576 -2.7488114629787064 3.0629300369738885
18088 10628960 0.03443915962243943 0.004282231084657237 0.36576 -2.7488114629787064 3.0629300369738885
18089 10628960 0.041152863533098286 0.004103228349754307 0.36576 -2.7488114629787064 3.0629300369738885
18090 10628960 0.04786656744375714 0.003924225614851375 0.36576 -2.7488114629787064 3.0629300369738885
18091 10628960 0.054580271354416 0.003745222879948443 0.36576 -2.7488114629787064 3.0629300369738885
18092 10628960 0.06129397526507485 0.0035662201450455118 0.36576 -2.7488114629787064 3.0629300369738885
18093 10628960 0.06746455450276123 0.005054346337736743 0.36576 -2.7488114629787064 3.0629300369738885
18094 10628960 0.0840083289042459 0.004992261209465478 0.36576 -2.7488114629787064 3.0629300369738885
18095 10628960 0.10055210330573056 0.004930176081194213 0.36576 -2.7488114629787064 3.0629300369738885
18096 10628960 0.11709587770721523 0.0048680909529229465 0.36576 -2.7488114629787064 3.0629300369738885
18097 10628960 0.13363965210869988 0.004806005824651682 0.36576 -2.7488114629787064 3.0629300369738885
18098 10628960 0.15420009978922655 0.005212910287974742 0.36576 -2.7488114629787064 3.0629300369738885
18099 10628960 0.16063873327753936 0.005211539671741025 0.36576 -2.7488114629787064 3.0629300369738885
18100 10628960 0.16707736676585214 0.005210169055507308 0.36576 -2.7488114629787064 3.0629300369738885
18101 10628960 0.1980176946687605 0.005277406785386336 0.36576 -2.7488114629787064 3.0629300369738885
18102 10628960 0.2289580225716689 0.005344644515265364 0.36576 -2.7488114629787064 3.0629300369738885
18103 10628960 0.2598983504745772 0.0054118822451443924 0.36576 -2.7488114629787064 3.0629300369738885
18104 10628960 0.2908386783774856 0.005479119975023421 0.36576 -2.7488114629787064 3.0629300369738885
18105 10628960 0.3217790062803939 0.005546357704902449 0.36576 -2.7488114629787064 3.0629300369738885
18106 10628960 0.35271933418330226 0.005613595434781477 0.36576 -2.7488114629787064 3.0629300369738885
18107 10628960 0.3836596620862106 0.0056808331646605046 0.36576 -2.7488114629787064 3.0629300369738885
18108 10628960 0.41459998998911896 0.0057480708945395345 0.36576 -2.7488114629787064 3.0629300369738885
18109 10628960 0.429684920996295 0.006251038696151789 0.36576 -2.7488114629787064 3.0629300369738885
18110 10628960 0.4447698520034711 0.006754006497764045 0.36576 -2.7488114629787064 3.0629300369738885
18111 10628960 0.4838642258389754 0.007531239577217835 0.36576 -2.7488114629787064 3.0629300369738885
18112 10628960 0.5229585996744798 0.008308472656671622 0.36576 -2.7488114629787064 3.0629300369738885
18113 10628960 0.5620529735099842 0.00908570573612541 0.36576 -2.7488114629787064 3.0629300369738885
18114 10628960 0.6011473473454886 0.009862938815579198 0.36576 -2.7488114629787064 3.0629300369738885
18115 10628960 0.640241721180993 0.010640171895032986 0.36576 -2.7488114629787064 3.0629300369738885
18116 10628960 0.6793360950164973 0.011417404974486777 0.36576 -2.7488114629787064 3.0629300369738885
18117 10628960 0.7176251619907669 0.011454580562343015 0.368808 -2.7488114629787064 3.0629300369738885
18118 10628960 0.7559142289650365 0.011491756150199251 0.371856 -2.7488114629787064 3.0629300369738885
18119 10628960 0.7942032959393062 0.011528931738055493 0.374904 -2.7488114629787064 3.0629300369738885
18120 10628960 0.8324923629135758 0.011566107325911729 0.377952 -2.7488114629787064 3.0629300369738885
18121 10628960 0.8707814298878453 0.01160328291376797 0.381 -2.7488114629787064 3.0629300369738885
18122 10628960 0.9090704968621148 0.011640458501624209 0.384048 -2.7488114629787064 3.0629300369738885
18123 10628960 0.9473595638363844 0.011677634089480448 0.387096 -2.7488114629787064 3.0629300369738885
18124 10628960 0.9856486308106542 0.011714809677336688 0.3901440000000001 -2.7488114629787064 3.0629300369738885
18125 10628960 1.0239376977849235 0.011751985265192926 0.393192 -2.7488114629787064 3.0629300369738885
18126 10628960 1.0622267647591934 0.011789160853049166 0.39624 -2.7488114629787064 3.0629300369738885
18127 10628960 1.0980322539438934 0.011384977878157546 0.39624 -2.7488114629787064 3.0629300369738885
18128 10628960 1.1338377431285929 0.010980794903265928 0.39624 -2.7488114629787064 3.0629300369738885
18129 10628960 1.1696432323132928 0.010576611928374308 0.39624 -2.7488114629787064 3.0629300369738885
18130 10628960 1.208783904075747 0.008421428813888326 0.39624 -2.7488114629787064 3.0629300369738885
18131 10628960 1.2479245758382018 0.006266245699402345 0.39624 -2.7488114629787064 3.0629300369738885
18132 10628960 1.287065247600656 0.004111062584916364 0.39624 -2.7488114629787064 3.0629300369738885
18133 10628960 1.326156219525644 0.006879145135136849 0.39624 -2.7488114629787064 3.0629300369738885
18134 10628960 1.3912354211056348 0.0022097063332668088 0.42672 -2.7488114629787064 3.0629300369738885
18135 10628960 1.4366158954372603 -0.0018659060796505226 0.42672 -2.7488114629787064 3.0629300369738885
18136 10628960 1.4564956914243807 -0.005438871363249165 0.42672 -2.7488114629787064 3.0629300369738885
18137 10628960 1.4763754874115016 -0.009011836646847808 0.42672 -2.7488114629787064 3.0629300369738885
18138 10628960 1.5428180123969908 -0.014942708834411171 0.42672 -2.7488114629787064 3.0629300369738885
18139 10628960 1.60926053738248 -0.020873581021974532 0.42672 -2.7488114629787064 3.0629300369738885
18140 10628960 1.6417328721902775 -0.020965519096284302 0.42672 -2.7488114629787064 3.0629300369738885
18141 10628960 1.673595850553712 -0.02319468406493101 0.42672 -2.7488114629787064 3.0629300369738885
18142 10628960 1.7054588289171462 -0.02542384903357772 0.42672 -2.7488114629787064 3.0629300369738885
18143 10628960 1.731141773198031 -0.027269919003580445 0.4572000000000001 -2.7488114629787064 3.0629300369738885
18144 10628960 1.7960255026760992 -0.03198877999072211 0.4572000000000001 -2.7488114629787064 3.0629300369738885
18145 10628960 1.8175832623010888 -0.030150862075468576 0.4572000000000001 -2.7488114629787064 3.0629300369738885
18146 10628960 1.8712552613728075 -0.031674736179113566 0.4572000000000001 -2.7488114629787064 3.0629300369738885
18147 10628960 1.934590941601756 -0.03623730419442756 0.4572000000000001 -2.7488114629787064 3.0629300369738885
18148 10628960 1.97226751172717 -0.0377937501774773 0.4572000000000001 -2.7488114629787064 3.0629300369738885
18149 10628960 2.009875096133189 -0.039561122703588775 0.4572000000000001 -2.7488114629787064 3.0629300369738885
18150 10628960 2.033527995743689 -0.041911393329519785 0.4572000000000001 -2.7488114629787064 3.0629300369738885
18151 10628960 2.057180895354189 -0.044261663955450815 0.4572000000000001 -2.7488114629787064 3.0629300369738885
18152 10628960 2.124612737888645 -0.044435997159201414 0.4572000000000001 -2.7488114629787064 3.0629300369738885
18153 10628960 2.1918376114761307 -0.045243146191374456 0.48768 -2.7488114629787064 3.0629300369738885
18154 10628960 2.21624874889416 -0.0452703894376334 0.48768 -2.7488114629787064 3.0629300369738885
18155 10628960 2.2406598863121894 -0.045297632683892336 0.48768 -2.7488114629787064 3.0629300369738885
18156 10628960 2.3271927092854976 -0.04680077751297476 0.48768 -2.7488114629787064 3.0629300369738885
18157 10628960 2.3696490283511733 -0.050032733586919086 0.48768 -2.7488114629787064 3.0629300369738885
18158 10628960 2.3988305106566146 -0.049046922768574384 0.48768 -2.7488114629787064 3.0629300369738885
18159 10628960 2.4280119929620563 -0.04806111195022969 0.48768 -2.7488114629787064 3.0629300369738885
18160 10628960 2.4769911413269674 -0.05307171314972056 0.48768 -2.7488114629787064 3.0629300369738885
18161 10628960 2.54311493950509 -0.053165810665683017 0.48768 -2.7488114629787064 3.0629300369738885
18162 10628960 2.590732947285119 -0.05282490959285277 0.48768 -2.7488114629787064 3.0629300369738885
18163 10628960 2.637869916851361 -0.05150894802077752 0.5181600000000001 -2.7488114629787064 3.0629300369738885
18164 10628960 2.676978247842729 -0.0541134278001926 0.5181600000000001 -2.7488114629787064 3.0629300369738885
18165 10628960 2.726029603732748 -0.05318827887286423 0.5181600000000001 -2.7488114629787064 3.0629300369738885
18166 10628960 2.7582481420593155 -0.05377674176779443 0.5181600000000001 -2.7488114629787064 3.0629300369738885
18167 10628960 2.7802674286904505 -0.05500727591234295 0.5181600000000001 -2.7488114629787064 3.0629300369738885
18168 10628960 2.8022867153215856 -0.05623781005689146 0.5181600000000001 -2.7488114629787064 3.0629300369738885
18169 10628960 2.8820192858259683 -0.05679977214406304 0.5181600000000001 -2.7488114629787064 3.0629300369738885
18170 10628960 2.8984497001981757 -0.0567896675631743 0.5181600000000001 -2.7488114629787064 3.0629300369738885
18171 10628960 2.966563862578792 -0.0630202402146183 0.54864 -2.7488114629787064 3.0629300369738885
18172 10628960 3.0086545621315475 -0.06250727070940966 0.54864 -2.7488114629787064 3.0629300369738885
18173 10628960 3.050745261684304 -0.06199430120420101 0.54864 -2.7488114629787064 3.0629300369738885
18174 10628960 3.0928359612370597 -0.06148133169899238 0.54864 -2.7488114629787064 3.0629300369738885
18175 10628960 3.1349266607898163 -0.06096836219378372 0.54864 -2.7488114629787064 3.0629300369738885
18176 10628960 3.1770173603425724 -0.06045539268857509 0.54864 -2.7488114629787064 3.0629300369738885
18177 10628960 3.219108059895329 -0.059942423183366435 0.54864 -2.7488114629787064 3.0629300369738885
18178 10628960 3.2611987594480847 -0.0594294536781578 0.54864 -2.7488114629787064 3.0629300369738885
18179 10628960 3.298516131975319 -0.04863986443146378 0.55245 -2.7488114629787064 3.0629300369738885
18180 10628960 3.3358335045025527 -0.03785027518476977 0.5562600000000001 -2.7488114629787064 3.0629300369738885
18181 10628960 3.3731508770297873 -0.02706068593807576 0.56007 -2.7488114629787064 3.0629300369738885
18182 10628960 3.4104682495570207 -0.016271096691381742 0.5638799999999999 -2.7488114629787064 3.0629300369738885
18183 10628960 3.4477856220842544 -0.0054815074446877285 0.5676899999999999 -2.7488114629787064 3.0629300369738885
18184 10628960 3.4851029946114886 0.005308081802006287 0.5715 -2.7488114629787064 3.0629300369738885
18185 10628960 3.5224203671387224 0.0160976710487003 0.57531 -2.7488114629787064 3.0629300369738885
18186 10628960 3.5597377396659557 0.02688726029539432 0.57912 -2.7488114629787064 3.0629300369738885
18187 10628960 3.6001314264924686 0.05108544830298098 0.57912 -2.7488114629787064 3.0629300369738885
18188 10628960 3.635554128909175 0.08508291187670777 0.57912 -2.7488114629787064 3.0629300369738885
18189 10628960 3.669334283791122 0.1137758102922952 0.57912 -2.7488114629787064 3.0629300369738885
18190 10628960 3.727783879613032 0.17997555872518595 0.57912 -2.7488114629787064 3.0629300369738885
18191 10628960 3.7561776599604983 0.2139307485897973 0.57912 -2.7488114629787064 3.0629300369738885
18192 10628960 3.7879617368965146 0.2637175204962397 0.57912 -2.7488114629787064 3.0629300369738885
18193 10628960 3.807393079504549 0.3042186169907373 0.57912 -2.7488114629787064 3.0629300369738885
18194 10628960 3.818546302124753 0.3220726531572149 0.57912 -2.7488114629787064 3.0629300369738885
18195 10628960 3.84068903652926 0.3736038920369896 0.57912 -2.7488114629787064 3.0629300369738885
18196 10628960 3.850758898325232 0.4133050283573993 0.5867399999999999 -2.7488114629787064 3.0629300369738885
18197 10628960 3.8608287601212017 0.453006164677809 0.59436 -2.7488114629787064 3.0629300369738885
18198 10628960 3.870898621917173 0.4927073009982186 0.6019800000000001 -2.7488114629787064 3.0629300369738885
18199 10628960 3.880968483713144 0.5324084373186283 0.6096 -2.7488114629787064 3.0629300369738885
18200 10628960 3.887644957445812 0.5827955850851531 0.6096 -2.7488114629787064 3.0629300369738885
18201 10628960 3.899107956550232 0.6859388652994697 0.6096 -2.7488114629787064 3.0629300369738885
18202 10628960 3.8959355051811535 0.7126730128311253 0.6096 -2.7488114629787064 3.0629300369738885
18203 10628960 3.8945590365541216 0.7944242166493183 0.6096 -2.7488114629787064 3.0629300369738885
18204 10628960 3.892864659626672 0.8191575169266502 0.6096 -2.7488114629787064 3.0629300369738885
18205 10628960 3.8911702826992234 0.8438908172039821 0.6096 -2.7488114629787064 3.0629300369738885
18206 10628960 3.8812151306227594 0.9378452668912256 0.6096 -2.7488114629787064 3.0629300369738885
18207 10628960 3.8719976809267336 0.9973327429309778 0.6096 -2.7488114629787064 3.0629300369738885
18208 10628960 3.857877378500732 1.0454659359620426 0.6096 -2.7488114629787064 3.0629300369738885
18209 10628960 3.84375707607473 1.0935991289931073 0.6096 -2.7488114629787064 3.0629300369738885
18210 10628960 3.829636773648729 1.1417323220241722 0.6096 -2.7488114629787064 3.0629300369738885
18211 10628960 3.8155164712227263 1.1898655150552369 0.6096 -2.7488114629787064 3.0629300369738885
18212 10628960 3.8013961687967246 1.2379987080863015 0.6096 -2.7488114629787064 3.0629300369738885
18213 10628960 3.7722406392400982 1.2982701603377675 0.6096 -2.7488114629787064 3.0629300369738885
18214 10628960 3.741123029097477 1.3402875861139876 0.6248400000000001 -2.7488114629787064 3.0629300369738885
18215 10628960 3.710005418954856 1.3823050118902078 0.6400800000000001 -2.7488114629787064 3.0629300369738885
18216 10628960 3.6694878001554168 1.4278873889837609 0.6400800000000001 -2.7488114629787064 3.0629300369738885
18217 10628960 3.65005692997339 1.4453270482474607 0.6400800000000001 -2.7488114629787064 3.0629300369738885
18218 10628960 3.6306260597913633 1.4627667075111606 0.6400800000000001 -2.7488114629787064 3.0629300369738885
18219 10628960 3.5835158157765186 1.5050113722198841 0.6400800000000001 -2.7488114629787064 3.0629300369738885
18220 10628960 3.5407738861073987 1.5301772300231582 0.6400800000000001 -2.7488114629787064 3.0629300369738885
18221 10628960 3.44923878310064 1.5815507257221117 0.6400800000000001 -2.7488114629787064 3.0629300369738885
18222 10628960 3.4066654445249758 1.6007049185800537 0.6400800000000001 -2.7488114629787064 3.0629300369738885
18223 10628960 3.359733579944316 1.616025458272036 0.6400800000000001 -2.7488114629787064 3.0629300369738885
18224 10628960 3.3087905605404435 1.632655800082503 0.6400800000000001 -3.630621617935112 1.9380638631846543
18225 10628960 3.253488926687408 1.645452665788787 0.6400800000000001 -3.630621617935112 1.9380638631846543
18226 10628960 3.206194517034588 1.6501454120081234 0.67056 -3.630621617935112 1.9380638631846543
18227 10628960 3.15408658369696 1.6564099673251835 0.67056 -3.630621617935112 1.9380638631846543
18228 10628960 3.1055111759655536 1.6612589244884823 0.67056 -3.630621617935112 1.9380638631846543
18229 10628960 3.056935768234148 1.6661078816517811 0.67056 -3.630621617935112 1.9380638631846543
18230 10628960 3.0200618130794163 1.6673705175004017 0.67056 -3.630621617935112 1.9380638631846543
18231 10628960 2.9831878579246847 1.6686331533490224 0.67056 -3.630621617935112 1.9380638631846543
18232 10628960 2.931374473937792 1.6703639868021982 0.67056 -3.630621617935112 1.9380638631846543
18233 10628960 2.8796894200297327 1.6752074054030903 0.67056 -3.630621617935112 1.9380638631846543
18234 10628960 2.8256070336841117 1.6781471151053635 0.67056 -3.630621617935112 1.9380638631846543
18235 10628960 2.7651129422301013 1.6764052666260738 0.67056 -3.630621617935112 1.9380638631846543
18236 10628960 2.6998741518405907 1.6764468650803506 0.67056 -3.630621617935112 1.9380638631846543
18237 10628960 2.6422126802447545 1.6765846898916463 0.67056 -3.630621617935112 1.9380638631846543
18238 10628960 2.587578333412789 1.677837191050733 0.67056 -3.630621617935112 1.9380638631846543
18239 10628960 2.5643851395192288 1.6747804260513952 0.67056 -3.630621617935112 1.9380638631846543
18240 10628960 2.4761281322204245 1.6763829159179602 0.67056 -3.630621617935112 1.9380638631846543
18241 10628960 2.4498417929566556 1.676088992144626 0.67056 -3.630621617935112 1.9380638631846543
18242 10628960 2.4235554536928867 1.675795068371292 0.67056 -3.630621617935112 1.9380638631846543
18243 10628960 2.341462050064844 1.6731665795067774 0.67056 -3.630621617935112 1.9380638631846543
18244 10628960 2.302249104835637 1.6714874614466666 0.67056 -3.630621617935112 1.9380638631846543
18245 10628960 2.2630361596064303 1.6698083433865558 0.67056 -3.630621617935112 1.9380638631846543
18246 10628960 2.1876943291086333 1.667195953664269 0.67056 -3.630621617935112 1.9380638631846543
18247 10628960 2.1335131180310145 1.6630465929195293 0.67056 -3.630621617935112 1.9380638631846543
18248 10628960 2.083600384541353 1.6638118562856783 0.67056 -3.630621617935112 1.9380638631846543
18249 10628960 1.9990955258743823 1.6578856873049537 0.67056 -3.630621617935112 1.9380638631846543
18250 10628960 1.945499964946097 1.6555322985535121 0.67056 -3.630621617935112 1.9380638631846543
18251 10628960 1.9155775745485304 1.6536240897890566 0.67056 -3.630621617935112 1.9380638631846543
18252 10628960 1.8856551841509637 1.651715881024601 0.67056 -3.630621617935112 1.9380638631846543
18253 10628960 1.7937866758199863 1.649073498966239 0.67056 -3.630621617935112 1.9380638631846543
18254 10628960 1.753281205349264 1.64860786548045 0.67056 -3.630621617935112 1.9380638631846543
18255 10628960 1.7127757348785415 1.6481422319946617 0.67056 -3.630621617935112 1.9380638631846543
18256 10628960 1.6349450092572568 1.6463481486271256 0.67056 -3.630621617935112 1.9380638631846543
18257 10628960 1.5848131105032908 1.6467208895794407 0.67056 -3.630621617935112 1.9380638631846543
18258 10628960 1.5290130326828413 1.641702560095545 0.7010400000000001 -3.630621617935112 1.9380638631846543
18259 10628960 1.4412638041122463 1.6383609496301232 0.7010400000000001 -3.630621617935112 1.9380638631846543
18260 10628960 1.3938366566492593 1.6383185190829161 0.7010400000000001 -3.630621617935112 1.9380638631846543
18261 10628960 1.3549035022679017 1.637370444985191 0.7010400000000001 -3.630621617935112 1.9380638631846543
18262 10628960 1.3159703478865443 1.6364223708874657 0.7010400000000001 -3.630621617935112 1.9380638631846543
18263 10628960 1.287961979009692 1.6349425127623918 0.7010400000000001 -3.630621617935112 1.9380638631846543
18264 10628960 1.207058756269045 1.6346238632177317 0.7010400000000001 -3.630621617935112 1.9380638631846543
18265 10628960 1.151809459239175 1.6312974139228853 0.7010400000000001 -3.630621617935112 1.9380638631846543
18266 10628960 1.0981121776439122 1.6327214685188982 0.7010400000000001 -3.630621617935112 1.9380638631846543
18267 10628960 1.0428625990245255 1.6293958657373595 0.7010400000000001 -3.630621617935112 1.9380638631846543
18268 10628960 0.9629076720143876 1.6265501017831103 0.7010400000000001 -3.630621617935112 1.9380638631846543
18269 10628960 0.93236296994456 1.6227459463611635 0.7010400000000001 -3.630621617935112 1.9380638631846543
18270 10628960 0.8606844364457014 1.6194163038295548 0.7010400000000001 -3.630621617935112 1.9380638631846543
18271 10628960 0.8002195426736521 1.6177967380521276 0.7010400000000001 -3.630621617935112 1.9380638631846543
18272 10628960 0.7401211170844085 1.6159410356527053 0.7010400000000001 -3.630621617935112 1.9380638631846543
18273 10628960 0.6821100120264263 1.6150392214687592 0.7010400000000001 -3.630621617935112 1.9380638631846543
18274 10628960 0.6558821669562198 1.6122202967971182 0.7010400000000001 -3.630621617935112 1.9380638631846543
18275 10628960 0.6296543218860133 1.6094013721254767 0.7010400000000001 -3.630621617935112 1.9380638631846543
18276 10628960 0.5468409149982174 1.6043395844826274 0.7010400000000001 -3.630621617935112 1.9380638631846543
18277 10628960 0.4951026950518073 1.5943789943809186 0.7010400000000001 -3.630621617935112 1.9380638631846543
18278 10628960 0.4415594038488097 1.5908502832829838 0.7010400000000001 -3.630621617935112 1.9380638631846543
18279 10628960 0.3894479638044014 1.586269742227549 0.7010400000000001 -3.630621617935112 1.9380638631846543
18280 10628960 0.31096563952459755 1.5797946488161958 0.7010400000000001 -3.630621617935112 1.9380638631846543
18281 10628960 0.25854327530078824 1.5742650801001092 0.67056 -3.630621617935112 1.9380638631846543
18282 10628960 0.22443884134595665 1.5718024733197442 0.67056 -3.630621617935112 1.9380638631846543
18283 10628960 0.19033440739112506 1.5693398665393787 0.67056 -3.630621617935112 1.9380638631846543
18284 10628960 0.1420696216692493 1.5602321205576526 0.67056 -3.630621617935112 1.9380638631846543
18285 10628960 0.07962274647101397 1.55120438571364 0.67056 -3.630621617935112 1.9380638631846543
18286 10628960 0.021361182172300097 1.5430286915386342 0.67056 -3.630621617935112 1.9380638631846543
18287 10628960 -0.03326363954204448 1.5372862983210227 0.67056 -3.630621617935112 1.9380638631846543
18288 10628960 -0.09491756850253874 1.5306877894277182 0.67056 -3.630621617935112 1.9380638631846543
18289 10628960 -0.15988843410786324 1.5316000645564607 0.67056 -3.630621617935112 1.9380638631846543
18290 10628960 -0.1996182605967709 1.5282328121791022 0.67056 -3.630621617935112 1.9380638631846543
18291 10628960 -0.23934808708567856 1.5248655598017435 0.67056 -3.630621617935112 1.9380638631846543
18292 10628960 -0.28710068698713664 1.5241217148427249 0.67056 -3.630621617935112 1.9380638631846543
18293 10628960 -0.3407843466282729 1.5201766755483788 0.67056 -3.630621617935112 1.9380638631846543
18294 10628960 -0.4171731498512721 1.5228381891406353 0.67056 -3.630621617935112 1.9380638631846543
18295 10628960 -0.4625238764101238 1.5172208001577054 0.67056 -3.630621617935112 1.9380638631846543
18296 10628960 -0.5225916181236374 1.5154813096791484 0.67056 -3.630621617935112 1.9380638631846543
18297 10628960 -0.5719110158396135 1.5085918534249 0.67056 -3.630621617935112 1.9380638631846543
18298 10628960 -0.6219909049435608 1.5086110458766155 0.6400800000000001 -3.630621617935112 1.9380638631846543
18299 10628960 -0.7063463317776162 1.5034820641203013 0.6400800000000001 -3.630621617935112 1.9380638631846543
18300 10628960 -0.7572148537998684 1.4959319285156851 0.6400800000000001 -3.630621617935112 1.9380638631846543
18301 10628960 -0.7910230329198453 1.4984590277591516 0.6400800000000001 -3.630621617935112 1.9380638631846543
18302 10628960 -0.867759556463308 1.489204384396196 0.6400800000000001 -3.630621617935112 1.9380638631846543
18303 10628960 -0.9226006518145236 1.4871606103266135 0.6400800000000001 -3.630621617935112 1.9380638631846543
18304 10628960 -0.9504355111529091 1.4848723573368197 0.6400800000000001 -3.630621617935112 1.9380638631846543
18305 10628960 -0.9782703704912944 1.4825841043470256 0.6400800000000001 -3.630621617935112 1.9380638631846543
18306 10628960 -1.0325690824541405 1.4740544174041543 0.6400800000000001 -3.630621617935112 1.9380638631846543
18307 10628960 -1.111963497035809 1.467540736547453 0.6096 -3.630621617935112 1.9380638631846543
18308 10628960 -1.1680563562766146 1.4643891364216424 0.6096 -3.630621617935112 1.9380638631846543
18309 10628960 -1.225158786130302 1.4608671108548483 0.6096 -3.630621617935112 1.9380638631846543
