20100 10628960 0.5411157522618851 0.08117507445273757 0.36576 -1.7180071643616912 1.91433127310868
20101 10628960 0.5374486085536502 0.08145825087480353 0.36576 -1.7180071643616912 1.91433127310868
20102 10628960 0.5337814648454153 0.0817414272968695 0.36576 -1.7180071643616912 1.91433127310868
20103 10628960 0.5301143211371804 0.08202460371893547 0.36576 -1.7180071643616912 1.91433127310868
20104 10628960 0.5245236472872163 0.081222871742216 0.36576 -1.7180071643616912 1.91433127310868
20105 10628960 0.5189329734372523 0.08042113976549653 0.36576 -1.7180071643616912 1.91433127310868
20106 10628960 0.5149966235768055 0.07992582389109909 0.36576 -1.7180071643616912 1.91433127310868
20107 10628960 0.5110602737163588 0.07943050801670168 0.36576 -1.7180071643616912 1.91433127310868
20108 10628960 0.5071239238559121 0.07893519214230425 0.36576 -1.7180071643616912 1.91433127310868
20109 10628960 0.5031875739954653 0.07843987626790683 0.36576 -1.7180071643616912 1.91433127310868
20110 10628960 0.4975623958963828 0.07753260879851825 0.36576 -1.7180071643616912 1.91433127310868
20111 10628960 0.4919372177973002 0.07662534132912968 0.36576 -1.7180071643616912 1.91433127310868
20112 10628960 0.4879382302587677 0.07661782134619577 0.36576 -1.7180071643616912 1.91433127310868
20113 10628960 0.483939242720235 0.07661030136326183 0.36576 -1.7180071643616912 1.91433127310868
20114 10628960 0.4799402551817025 0.0766027813803279 0.36576 -1.7180071643616912 1.91433127310868
20115 10628960 0.4759412676431698 0.07659526139739398 0.36576 -1.7180071643616912 1.91433127310868
20116 10628960 0.4696543575667384 0.07728673198890279 0.36576 -1.7180071643616912 1.91433127310868
20117 10628960 0.463367447490307 0.07797820258041163 0.36576 -1.7180071643616912 1.91433127310868
20118 10628960 0.4570805374138755 0.07866967317192043 0.36576 -1.7180071643616912 1.91433127310868
20119 10628960 0.4527815527449837 0.07978245911580402 0.36576 -1.7180071643616912 1.91433127310868
20120 10628960 0.4484825680760919 0.08089524505968762 0.36576 -1.7180071643616912 1.91433127310868
20121 10628960 0.4441835834072001 0.08200803100357121 0.36576 -1.7180071643616912 1.91433127310868
20122 10628960 0.43988459873830826 0.08312081694745481 0.36576 -1.7180071643616912 1.91433127310868
20123 10628960 0.4339050871662081 0.08279022731757171 0.36576 -1.7180071643616912 1.91433127310868
20124 10628960 0.42792557559410827 0.08245963768768863 0.36576 -1.7180071643616912 1.91433127310868
20125 10628960 0.4219460640220081 0.08212904805780552 0.36576 -1.7180071643616912 1.91433127310868
20126 10628960 0.4159665524499082 0.08179845842792242 0.36576 -1.7180071643616912 1.91433127310868
20127 10628960 0.40998704087780813 0.08146786879803933 0.36576 -1.7180071643616912 1.91433127310868
20128 10628960 0.4040075293057082 0.08113727916815623 0.36576 -1.7180071643616912 1.91433127310868
20129 10628960 0.3980280177336082 0.08080668953827314 0.36576 -1.7180071643616912 1.91433127310868
20130 10628960 0.3920485061615082 0.08047609990839004 0.36576 -1.7180071643616912 1.91433127310868
20131 10628960 0.3860689945894082 0.08014551027850694 0.36576 -1.7180071643616912 1.91433127310868
20132 10628960 0.380853211115632 0.08185001537111475 0.36576 -1.7180071643616912 1.91433127310868
20133 10628960 0.3752720410101275 0.08209674601803996 0.36576 -1.7180071643616912 1.91433127310868
20134 10628960 0.3696908709046231 0.08234347666496518 0.36576 -1.7180071643616912 1.91433127310868
20135 10628960 0.3641097007991186 0.0825902073118904 0.36576 -1.7180071643616912 1.91433127310868
20136 10628960 0.3585285306936141 0.08283693795881561 0.36576 -1.7180071643616912 1.91433127310868
20137 10628960 0.3504302147960824 0.08285483725005607 0.36576 -1.7180071643616912 1.91433127310868
20138 10628960 0.3423318988985506 0.08287273654129654 0.36576 -1.7180071643616912 1.91433127310868
20139 10628960 0.3342335830010188 0.082890635832537 0.36576 -1.7180071643616912 1.91433127310868
20140 10628960 0.32613526710348706 0.08290853512377748 0.36576 -1.7180071643616912 1.91433127310868
20141 10628960 0.3232057646258438 0.08235455363874647 0.36576 -1.7180071643616912 1.91433127310868
20142 10628960 0.32027626214820065 0.08180057215371543 0.36576 -1.7180071643616912 1.91433127310868
20143 10628960 0.3173467596705574 0.08124659066868442 0.36576 -1.7180071643616912 1.91433127310868
20144 10628960 0.3144172571929142 0.0806926091836534 0.36576 -1.7180071643616912 1.91433127310868
20145 10628960 0.31148775471527096 0.08013862769862239 0.36576 -1.7180071643616912 1.91433127310868
20146 10628960 0.3085582522376278 0.07958464621359136 0.36576 -1.7180071643616912 1.91433127310868
20147 10628960 0.3056287497599845 0.07903066472856035 0.36576 -1.7180071643616912 1.91433127310868
20148 10628960 0.3026992472823413 0.07847668324352934 0.36576 -1.7180071643616912 1.91433127310868
20149 10628960 0.2997697448046981 0.07792270175849833 0.36576 -1.7180071643616912 1.91433127310868
20150 10628960 0.2968402423270549 0.0773687202734673 0.36576 -1.7180071643616912 1.91433127310868
20151 10628960 0.2939107398494117 0.07681473878843627 0.36576 -1.7180071643616912 1.91433127310868
20152 10628960 0.2909812373717685 0.07626075730340527 0.36576 -1.7180071643616912 1.91433127310868
20153 10628960 0.2880517348941253 0.07570677581837426 0.36576 -1.7180071643616912 1.91433127310868
20154 10628960 0.28512223241648205 0.07515279433334324 0.36576 -1.7180071643616912 1.91433127310868
20155 10628960 0.2821927299388388 0.07459881284831223 0.36576 -1.7180071643616912 1.91433127310868
20156 10628960 0.27926322746119564 0.0740448313632812 0.36576 -1.7180071643616912 1.91433127310868
20157 10628960 0.2763337249835524 0.07349084987825019 0.36576 -1.7180071643616912 1.91433127310868
20158 10628960 0.2734042225059092 0.07293686839321918 0.36576 -1.7180071643616912 1.91433127310868
20159 10628960 0.270474720028266 0.07238288690818816 0.36576 -1.7180071643616912 1.91433127310868
20160 10628960 0.2675452175506228 0.07182890542315715 0.36576 -1.7180071643616912 1.91433127310868
20161 10628960 0.26461571507297954 0.07127492393812612 0.36576 -1.7180071643616912 1.91433127310868
20162 10628960 0.2616862125953363 0.07072094245309511 0.36576 -1.7180071643616912 1.91433127310868
20163 10628960 0.25875671011769313 0.07016696096806409 0.36576 -1.7180071643616912 1.91433127310868
20164 10628960 0.2558272076400499 0.06961297948303308 0.36576 -1.7180071643616912 1.91433127310868
20165 10628960 0.2528977051624067 0.06905899799800205 0.36576 -1.7180071643616912 1.91433127310868
20166 10628960 0.2499682026847635 0.06850501651297104 0.36576 -1.7180071643616912 1.91433127310868
20167 10628960 0.2470387002071203 0.06795103502794002 0.36576 -1.7180071643616912 1.91433127310868
20168 10628960 0.24410919772947706 0.06739705354290901 0.36576 -1.7180071643616912 1.91433127310868
20169 10628960 0.24117969525183386 0.066843072057878 0.36576 -1.7180071643616912 1.91433127310868
20170 10628960 0.23825019277419066 0.06628909057284697 0.36576 -1.7180071643616912 1.91433127310868
20171 10628960 0.2353206902965474 0.06573510908781596 0.36576 -1.7180071643616912 1.91433127310868
20172 10628960 0.23239118781890414 0.06518112760278494 0.36576 -1.7180071643616912 1.91433127310868
20173 10628960 0.22946168534126096 0.06462714611775393 0.36576 -1.7180071643616912 1.91433127310868
20174 10628960 0.22653218286361776 0.06407316463272293 0.36576 -1.7180071643616912 1.91433127310868
20175 10628960 0.22360268038597453 0.0635191831476919 0.36576 -1.7180071643616912 1.91433127310868
20176 10628960 0.22067317790833127 0.06296520166266087 0.36576 -1.7180071643616912 1.91433127310868
20177 10628960 0.21774367543068807 0.062411220177629866 0.36576 -1.7180071643616912 1.91433127310868
20178 10628960 0.2148141729530449 0.06185723869259885 0.36576 -1.7180071643616912 1.91433127310868
20179 10628960 0.2118846704754017 0.061303257207567824 0.36576 -1.7180071643616912 1.91433127310868
20180 10628960 0.20895516799775848 0.060749275722536814 0.36576 -1.7180071643616912 1.91433127310868
20181 10628960 0.20602566552011525 0.0601952942375058 0.36576 -1.7180071643616912 1.91433127310868
20182 10628960 0.203096163042472 0.05964131275247477 0.36576 -1.7180071643616912 1.91433127310868
20183 10628960 0.2001666605648288 0.059087331267443775 0.36576 -1.7180071643616912 1.91433127310868
20184 10628960 0.1972371580871856 0.05853334978241275 0.36576 -1.7180071643616912 1.91433127310868
20185 10628960 0.1943076556095424 0.05797936829738173 0.36576 -1.7180071643616912 1.91433127310868
20186 10628960 0.1913781531318992 0.05742538681235072 0.36576 -1.7180071643616912 1.91433127310868
20187 10628960 0.18844865065425595 0.0568714053273197 0.36576 -1.7180071643616912 1.91433127310868
20188 10628960 0.18551914817661275 0.05631742384228869 0.36576 -1.7180071643616912 1.91433127310868
20189 10628960 0.18258964569896952 0.055763442357257664 0.36576 -1.7180071643616912 1.91433127310868
20190 10628960 0.1796601432213263 0.055209460872226654 0.36576 -1.7180071643616912 1.91433127310868
20191 10628960 0.17673064074368308 0.05465547938719564 0.36576 -1.7180071643616912 1.91433127310868
20192 10628960 0.17380113826603988 0.05410149790216462 0.36576 -1.7180071643616912 1.91433127310868
20193 10628960 0.17087163578839668 0.053547516417133616 0.36576 -1.7180071643616912 1.91433127310868
20194 10628960 0.16794213331075344 0.05299353493210258 0.36576 -1.7180071643616912 1.91433127310868
20195 10628960 0.16501263083311024 0.05243955344707157 0.36576 -1.7180071643616912 1.91433127310868
20196 10628960 0.16208312835546698 0.051885571962040564 0.36576 -1.7180071643616912 1.91433127310868
20197 10628960 0.1591536258778238 0.05133159047700954 0.36576 -1.7180071643616912 1.91433127310868
20198 10628960 0.1562241234001806 0.05077760899197852 0.36576 -1.7180071643616912 1.91433127310868
20199 10628960 0.15329462092253734 0.05022362750694751 0.36576 -1.7180071643616912 1.91433127310868
20200 10628960 0.15036511844489414 0.04966964602191649 0.36576 -1.7180071643616912 1.91433127310868
