21756 10814608 -4.056412638775824 0.02679995628646301 0.57912 -2.834057677108069 2.221687252793429
21757 10814608 -4.016267834212811 0.030014683961620964 0.57912 -2.834057677108069 2.221687252793429
21758 10814608 -3.9710274005206094 0.03997455153770898 0.57912 -2.834057677108069 2.221687252793429
21759 10814608 -3.925786966828409 0.049934419113797014 0.57912 -2.834057677108069 2.221687252793429
21760 10814608 -3.853036686725708 0.05369227712299515 0.57912 -2.834057677108069 2.221687252793429
21761 10814608 -3.813632459417343 0.05668313953229151 0.57912 -2.834057677108069 2.221687252793429
21762 10814608 -3.774228232108978 0.059674001941587874 0.57912 -2.834057677108069 2.221687252793429
21763 10814608 -3.753712640720465 0.058566250339785325 0.57912 -2.834057677108069 2.221687252793429
21764 10814608 -3.671942335918877 0.058671665813181034 0.57912 -2.834057677108069 2.221687252793429
21765 10814608 -3.6118223182579716 0.06049040797068636 0.57912 -2.834057677108069 2.221687252793429
21766 10814608 -3.5691864992041484 0.05775053954699269 0.54864 -2.834057677108069 2.221687252793429
21767 10814608 -3.5310677576181315 0.05613914096448133 0.54864 -2.834057677108069 2.221687252793429
21768 10814608 -3.4929490160321137 0.05452774238196997 0.54864 -2.834057677108069 2.221687252793429
21769 10814608 -3.444869034370845 0.04942221759921458 0.54864 -2.834057677108069 2.221687252793429
21770 10814608 -3.399486285235508 0.05127596528208764 0.54864 -2.834057677108069 2.221687252793429
21771 10814608 -3.3517619178418707 0.04617059908148166 0.54864 -2.834057677108069 2.221687252793429
21772 10814608 -3.3305265560767565 0.04319253615716265 0.54864 -2.834057677108069 2.221687252793429
21773 10814608 -3.259441674560829 0.03780272762941425 0.54864 -2.834057677108069 2.221687252793429
21774 10814608 -3.214781414312493 0.039894038882035104 0.54864 -2.834057677108069 2.221687252793429
21775 10814608 -3.1831702457783653 0.034688804831835535 0.54864 -2.834057677108069 2.221687252793429
21776 10814608 -3.1133025397213085 0.028296620992163433 0.54864 -2.834057677108069 2.221687252793429
21777 10814608 -3.0483876875795337 0.023058699143697042 0.54864 -2.834057677108069 2.221687252793429
21778 10814608 -3.007842965210181 0.01773474366493652 0.54864 -2.834057677108069 2.221687252793429
21779 10814608 -2.960576959509262 0.013132473439217168 0.5181600000000001 -2.834057677108069 2.221687252793429
21780 10814608 -2.9148195696736154 0.0036493561447853147 0.5181600000000001 -2.834057677108069 2.221687252793429
21781 10814608 -2.867657215867512 -0.001268916263981984 0.5181600000000001 -2.834057677108069 2.221687252793429
21782 10814608 -2.8222553117163214 -0.010751933636533291 0.5181600000000001 -2.834057677108069 2.221687252793429
21783 10814608 -2.786178942811293 -0.017241266516156126 0.5181600000000001 -2.834057677108069 2.221687252793429
21784 10814608 -2.7501025739062657 -0.02373059939577896 0.5181600000000001 -2.834057677108069 2.221687252793429
21785 10814608 -2.7065025646098126 -0.034375860890554805 0.5181600000000001 -2.834057677108069 2.221687252793429
21786 10814608 -2.6430384736235766 -0.04404283512889787 0.5181600000000001 -2.834057677108069 2.221687252793429
21787 10814608 -2.594924413749492 -0.04903703424595288 0.5181600000000001 -2.834057677108069 2.221687252793429
21788 10814608 -2.5528500515566184 -0.05076940497703045 0.5181600000000001 -2.834057677108069 2.221687252793429
21789 10814608 -2.49304474037365 -0.06075682482643799 0.5181600000000001 -2.834057677108069 2.221687252793429
21790 10814608 -2.4422290052421785 -0.060207661206938684 0.5181600000000001 -2.834057677108069 2.221687252793429
21791 10814608 -2.38868704934486 -0.062185937888290216 0.5181600000000001 -2.834057677108069 2.221687252793429
21792 10814608 -2.3437303459285093 -0.06053704086512859 0.5181600000000001 -2.834057677108069 2.221687252793429
21793 10814608 -2.3172398193563954 -0.061025134433794224 0.5181600000000001 -2.834057677108069 2.221687252793429
21794 10814608 -2.2907492927842816 -0.061513228002459876 0.5181600000000001 -2.834057677108069 2.221687252793429
21795 10814608 -2.2146685732629496 -0.059764326736351264 0.48768 -2.834057677108069 2.221687252793429
21796 10814608 -2.1706182437991988 -0.05816844101109556 0.48768 -2.834057677108069 2.221687252793429
21797 10814608 -2.104504244699161 -0.0570135817131581 0.48768 -2.834057677108069 2.221687252793429
21798 10814608 -2.0520415828570147 -0.05957116301371915 0.48768 -2.834057677108069 2.221687252793429
21799 10814608 -2.009044008551614 -0.05576053299725839 0.48768 -2.834057677108069 2.221687252793429
21800 10814608 -1.9757241145112348 -0.0557357831914346 0.48768 -2.834057677108069 2.221687252793429
21801 10814608 -1.942404220470856 -0.05571103338561082 0.48768 -2.834057677108069 2.221687252793429
21802 10814608 -1.899010404123572 -0.05611883439739288 0.48768 -2.834057677108069 2.221687252793429
21803 10814608 -1.8445205372187468 -0.06062336083433643 0.48768 -2.834057677108069 2.221687252793429
21804 10814608 -1.8002637431412662 -0.05839190201112879 0.48768 -2.834057677108069 2.221687252793429
21805 10814608 -1.7514172488679434 -0.06385394113492608 0.48768 -2.834057677108069 2.221687252793429
21806 10814608 -1.679044318090116 -0.06392485233852133 0.48768 -2.834057677108069 2.221687252793429
21807 10814608 -1.6353616605724917 -0.062088867773400634 0.4572000000000001 -2.834057677108069 2.221687252793429
21808 10814608 -1.5849097392844729 -0.057208949068382066 0.4572000000000001 -2.834057677108069 2.221687252793429
21809 10814608 -1.5568925428423368 -0.055740214883118894 0.4572000000000001 -2.834057677108069 2.221687252793429
21810 10814608 -1.4868212585826186 -0.052252463319487324 0.4572000000000001 -2.834057677108069 2.221687252793429
21811 10814608 -1.4415453359269386 -0.05070283874696704 0.4572000000000001 -2.834057677108069 2.221687252793429
21812 10814608 -1.4187097144717544 -0.04742211739790511 0.4572000000000001 -2.834057677108069 2.221687252793429
21813 10814608 -1.3958740930165705 -0.04414139604884318 0.4572000000000001 -2.834057677108069 2.221687252793429
21814 10814608 -1.322547003761435 -0.04101598904157691 0.4572000000000001 -2.834057677108069 2.221687252793429
21815 10814608 -1.2514047487131623 -0.03261878267095078 0.4572000000000001 -2.834057677108069 2.221687252793429
21816 10814608 -1.2076643382479997 -0.0295141707176754 0.4572000000000001 -2.834057677108069 2.221687252793429
21817 10814608 -1.1675912178270522 -0.02947448601471367 0.4572000000000001 -2.834057677108069 2.221687252793429
21818 10814608 -1.1275180974061048 -0.029434801311751937 0.4572000000000001 -2.834057677108069 2.221687252793429
21819 10814608 -1.063573649712379 -0.027561797423953288 0.4572000000000001 -2.834057677108069 2.221687252793429
21820 10814608 -1.043473776046827 -0.029928269135791025 0.4572000000000001 -2.834057677108069 2.221687252793429
21821 10814608 -1.023373902381275 -0.03229474084762876 0.4572000000000001 -2.834057677108069 2.221687252793429
21822 10814608 -0.9445759070441271 -0.03796490162942015 0.42672 -2.834057677108069 2.221687252793429
21823 10814608 -0.9182437853088432 -0.040557888215989685 0.42672 -2.834057677108069 2.221687252793429
21824 10814608 -0.8919116635735593 -0.04315087480255922 0.42672 -2.024326912220049 1.586919466281021
21825 10814608 -0.8268881423175811 -0.05074181641519868 0.42672 -2.024326912220049 1.586919466281021
21826 10814608 -0.7835564540686375 -0.054043937293296464 0.42672 -2.024326912220049 1.586919466281021
21827 10814608 -0.7303123479166487 -0.06397486094806895 0.42672 -2.024326912220049 1.586919466281021
21828 10814608 -0.6846706624917689 -0.07352283882470309 0.42672 -2.024326912220049 1.586919466281021
21829 10814608 -0.6373613099163022 -0.07824137954046242 0.42672 -2.024326912220049 1.586919466281021
21830 10814608 -0.5901667411612126 -0.08303892123878939 0.42672 -2.024326912220049 1.586919466281021
21831 10814608 -0.5464057777530293 -0.08122247455598544 0.42672 -2.024326912220049 1.586919466281021
21832 10814608 -0.5023929398019775 -0.07972179628273465 0.42672 -2.024326912220049 1.586919466281021
21833 10814608 -0.4582421657989018 -0.07779863579289356 0.42672 -2.024326912220049 1.586919466281021
21834 10814608 -0.4210848451827665 -0.07417312357330508 0.42672 -2.024326912220049 1.586919466281021
21835 10814608 -0.3839275245666312 -0.0705476113537166 0.42672 -2.024326912220049 1.586919466281021
21836 10814608 -0.3397770204222459 -0.06862371658695163 0.4572000000000001 -2.024326912220049 1.586919466281021
21837 10814608 -0.3021151771229118 -0.06481217957876426 0.4572000000000001 -2.024326912220049 1.586919466281021
21838 10814608 -0.2595007385555204 -0.0621520614279121 0.4572000000000001 -2.024326912220049 1.586919466281021
21839 10814608 -0.21144280591302933 -0.050989877069144735 0.4572000000000001 -2.024326912220049 1.586919466281021
21840 10814608 -0.1724524070990734 -0.04854668372742196 0.4572000000000001 -2.024326912220049 1.586919466281021
21841 10814608 -0.11075329527311784 -0.04184282492931926 0.48768 -2.024326912220049 1.586919466281021
21842 10814608 -0.082142460591375 -0.03813862165551502 0.48768 -2.024326912220049 1.586919466281021
21843 10814608 -0.053531625909632174 -0.03443441838171077 0.48768 -2.024326912220049 1.586919466281021
21844 10814608 -0.011268025259437958 -0.029175600522458583 0.48768 -2.024326912220049 1.586919466281021
21845 10814608 0.030995575390756255 -0.023916782663206404 0.48768 -2.024326912220049 1.586919466281021
21846 10814608 0.06990594954460616 -0.020628474231421837 0.48768 -2.024326912220049 1.586919466281021
21847 10814608 0.11611022501798653 -0.016218952434747413 0.48768 -2.024326912220049 1.586919466281021
21848 10814608 0.15560832882273334 -0.009500507772719866 0.50292 -2.024326912220049 1.586919466281021
21849 10814608 0.19510643262748015 -0.0027820631106923177 0.5181600000000001 -2.024326912220049 1.586919466281021
21850 10814608 0.24073887638953465 0.003684302494632807 0.5181600000000001 -2.024326912220049 1.586919466281021
21851 10814608 0.2859699581942745 0.01028208016941204 0.5181600000000001 -2.024326912220049 1.586919466281021
21852 10814608 0.32628279644373226 0.01813690255920961 0.5181600000000001 -2.024326912220049 1.586919466281021
21853 10814608 0.3800935519056184 0.02788960345830244 0.5181600000000001 -2.024326912220049 1.586919466281021
21854 10814608 0.4240170403423839 0.03456493150705857 0.5181600000000001 -2.024326912220049 1.586919466281021
21855 10814608 0.4539254376378796 0.04149780358137895 0.5257800000000001 -2.024326912220049 1.586919466281021
21856 10814608 0.4838338349333753 0.048430675655699314 0.5334000000000001 -2.024326912220049 1.586919466281021
21857 10814608 0.5406348869142412 0.06258126279978612 0.54864 -2.024326912220049 1.586919466281021
21858 10814608 0.5658224016084652 0.07035613410078316 0.54864 -2.024326912220049 1.586919466281021
21859 10814608 0.6264508158666853 0.08874751742637296 0.54864 -2.024326912220049 1.586919466281021
21860 10814608 0.6458929646229796 0.09606343636481396 0.54864 -2.024326912220049 1.586919466281021
21861 10814608 0.665335113379274 0.10337935530325497 0.54864 -2.024326912220049 1.586919466281021
21862 10814608 0.7192697198288388 0.12547733217607854 0.54864 -2.024326912220049 1.586919466281021
21863 10814608 0.7584788187752269 0.14491014718722334 0.54864 -2.024326912220049 1.586919466281021
21864 10814608 0.8109980320049618 0.17518166343355726 0.57912 -2.024326912220049 1.586919466281021
21865 10814608 0.8584011100604867 0.20338657610296654 0.57912 -2.024326912220049 1.586919466281021
21866 10814608 0.8877735788734954 0.22533285549128498 0.57912 -2.024326912220049 1.586919466281021
21867 10814608 0.9061384771442492 0.2407701985759918 0.57912 -2.024326912220049 1.586919466281021
21868 10814608 0.924503375415003 0.2562075416606986 0.57912 -2.024326912220049 1.586919466281021
21869 10814608 0.955313473185086 0.2836424122215335 0.57912 -2.024326912220049 1.586919466281021
21870 10814608 1.0048057748676729 0.32939020651420226 0.57912 -2.024326912220049 1.586919466281021
21871 10814608 1.0387913249330871 0.3702158524870293 0.57912 -2.024326912220049 1.586919466281021
21872 10814608 1.0727768749985016 0.41104149845985627 0.57912 -2.024326912220049 1.586919466281021
21873 10814608 1.0935611495389876 0.4474767037863108 0.57912 -2.024326912220049 1.586919466281021
21874 10814608 1.1208185059977314 0.491493664051917 0.57912 -2.024326912220049 1.586919466281021
21875 10814608 1.150542642567184 0.5376253821956397 0.6096 -2.024326912220049 1.586919466281021
21876 10814608 1.1652535681614864 0.5717807040565867 0.6096 -2.024326912220049 1.586919466281021
21877 10814608 1.1799644937557887 0.6059360259175336 0.6096 -2.024326912220049 1.586919466281021
21878 10814608 1.1954308444659556 0.6587119699816987 0.6096 -2.024326912220049 1.586919466281021
21879 10814608 1.2115201193273843 0.7025224428338793 0.6096 -2.024326912220049 1.586919466281021
21880 10814608 1.2225700410596296 0.7526523681640198 0.6096 -2.024326912220049 1.586919466281021
21881 10814608 1.2306246784030637 0.8192987837643633 0.6096 -2.024326912220049 1.586919466281021
21882 10814608 1.2329708337321503 0.8639192922986737 0.6096 -2.024326912220049 1.586919466281021
21883 10814608 1.2353169890612372 0.908539800832984 0.6096 -2.024326912220049 1.586919466281021
21884 10814608 1.2356429482446711 0.9666128754401312 0.6096 -2.024326912220049 1.586919466281021
21885 10814608 1.2348492542320824 1.0158225119552386 0.6096 -2.024326912220049 1.586919466281021
21886 10814608 1.2276698911712451 1.0781002447539985 0.6096 -2.024326912220049 1.586919466281021
21887 10814608 1.2236148356172176 1.1336327668536696 0.6096 -2.024326912220049 1.586919466281021
21888 10814608 1.2195855159445113 1.1919607952619935 0.6096 -2.024326912220049 1.586919466281021
21889 10814608 1.2124980280735609 1.2531573378076508 0.6400800000000001 -2.024326912220049 1.586919466281021
21890 10814608 1.2054650767325406 1.2982140004181244 0.6400800000000001 -2.024326912220049 1.586919466281021
21891 10814608 1.2043923216050096 1.379175353596091 0.6400800000000001 -2.024326912220049 1.586919466281021
21892 10814608 1.1992097052343742 1.4285343302534663 0.6400800000000001 -2.024326912220049 1.586919466281021
21893 10814608 1.1990134104881378 1.476848241769224 0.6400800000000001 -2.024326912220049 1.586919466281021
21894 10814608 1.1988593699642287 1.5334431479671429 0.6400800000000001 -2.024326912220049 1.586919466281021
21895 10814608 1.196144282003321 1.5849167134178033 0.6400800000000001 -2.024326912220049 1.586919466281021
21896 10814608 1.1951400740901224 1.6144518028297394 0.6553200000000001 -2.024326912220049 1.586919466281021
21897 10814608 1.1941358661769237 1.6439868922416758 0.67056 -2.024326912220049 1.586919466281021
21898 10814608 1.190334489410135 1.7100685406600264 0.67056 -2.024326912220049 1.586919466281021
21899 10814608 1.1912147847194738 1.7681949389348508 0.67056 -2.024326912220049 1.586919466281021
21900 10814608 1.1910733166030945 1.8003689107425105 0.67056 -2.024326912220049 1.586919466281021
21901 10814608 1.183578422585178 1.875251511673752 0.67056 -2.024326912220049 1.586919466281021
21902 10814608 1.1812208358868792 1.9033597396928577 0.67056 -2.024326912220049 1.586919466281021
21903 10814608 1.1750646830201985 1.9866840383793285 0.7010400000000001 -2.024326912220049 1.586919466281021
21904 10814608 1.173375771174717 2.006512658603796 0.7010400000000001 -2.024326912220049 1.586919466281021
21905 10814608 1.1716868593292358 2.0263412788282644 0.7010400000000001 -2.024326912220049 1.586919466281021
21906 10814608 1.164780080251118 2.1030181922678537 0.7010400000000001 -2.024326912220049 1.586919466281021
21907 10814608 1.161325697880026 2.157654665390966 0.7010400000000001 -2.024326912220049 1.586919466281021
21908 10814608 1.155803539405634 2.2075927843705028 0.7010400000000001 -2.024326912220049 1.586919466281021
21909 10814608 1.1524346830579109 2.2554253413196212 0.7010400000000001 -2.024326912220049 1.586919466281021
21910 10814608 1.1517670749892694 2.3104364228557306 0.7010400000000001 -2.024326912220049 1.586919466281021
21911 10814608 1.1459938038406592 2.360690440596055 0.7010400000000001 -2.024326912220049 1.586919466281021
21912 10814608 1.1375717590712702 2.432722630913948 0.73152 -2.024326912220049 1.586919466281021
21913 10814608 1.1341103805004396 2.4900488682113284 0.73152 -2.024326912220049 1.586919466281021
21914 10814608 1.1314514585397233 2.547112925984821 0.73152 -2.024326912220049 1.586919466281021
21915 10814608 1.1297253987742608 2.5744310464072595 0.73152 -2.024326912220049 1.586919466281021
21916 10814608 1.1274008319958486 2.6553360778567323 0.73152 -2.024326912220049 1.586919466281021
21917 10814608 1.125072306650253 2.7096052440849725 0.73152 -2.024326912220049 1.586919466281021
21918 10814608 1.1259525366683372 2.7628257910703855 0.73152 -2.024326912220049 1.586919466281021
21919 10814608 1.1238196238249234 2.8062827410291984 0.73152 -2.024326912220049 1.586919466281021
21920 10814608 1.1217921539049271 2.8544077136127073 0.73152 -2.024326912220049 1.586919466281021
21921 10814608 1.1197646839849311 2.902532686196216 0.73152 -2.024326912220049 1.586919466281021
21922 10814608 1.117741933314025 2.9493126488632284 0.7467600000000001 -2.024326912220049 1.586919466281021
21923 10814608 1.1157191826431192 2.9960926115302415 0.762 -2.024326912220049 1.586919466281021
21924 10814608 1.115037830873531 3.0238873448858814 0.762 -2.024326912220049 1.586919466281021
21925 10814608 1.1128302820401867 3.104053795578521 0.762 -2.024326912220049 1.586919466281021
21926 10814608 1.1074042134886872 3.153727917177884 0.762 -2.024326912220049 1.586919466281021
21927 10814608 1.1083554063430316 3.2071593131664966 0.762 -2.024326912220049 1.586919466281021
21928 10814608 1.105381095131596 3.2659628618466185 0.762 -2.024326912220049 1.586919466281021
21929 10814608 1.1005358299329226 3.3326215365242273 0.7924800000000001 -2.024326912220049 1.586919466281021
21930 10814608 1.099523947906738 3.382488782330228 0.7924800000000001 -2.024326912220049 1.586919466281021
21931 10814608 1.1032644671332328 3.4387472858131267 0.7924800000000001 -2.024326912220049 1.586919466281021
21932 10814608 1.101096856456708 3.4742131783377808 0.7924800000000001 -2.024326912220049 1.586919466281021
21933 10814608 1.0989292457801834 3.509679070862436 0.7924800000000001 -2.024326912220049 1.586919466281021
21934 10814608 1.1040458418743275 3.5660720428557684 0.7924800000000001 -2.024326912220049 1.586919466281021
21935 10814608 1.1061200301195364 3.6384139640848816 0.7924800000000001 -2.024326912220049 1.586919466281021
21936 10814608 1.1064839073277142 3.6771416436459066 0.7924800000000001 -2.024326912220049 1.586919466281021
21937 10814608 1.1068477845358915 3.715869323206932 0.7924800000000001 -2.024326912220049 1.586919466281021
21938 10814608 1.108144528842082 3.768720877768807 0.82296 -2.024326912220049 1.586919466281021
21939 10814608 1.1075223755806318 3.8170590798531583 0.82296 -2.024326912220049 1.586919466281021
21940 10814608 1.1104626223475758 3.8735794583359024 0.82296 -2.024326912220049 1.586919466281021
21941 10814608 1.1112685264237796 3.927643057417338 0.82296 -2.024326912220049 1.586919466281021
21942 10814608 1.1176885403943593 3.9798715867556975 0.82296 -2.024326912220049 1.586919466281021
21943 10814608 1.1164273592142429 4.060197264701991 0.82296 -2.024326912220049 1.586919466281021
21944 10814608 1.1177254554968057 4.113048616302382 0.82296 -2.024326912220049 1.586919466281021
21945 10814608 1.1187607943724092 4.166453226795843 0.82296 -2.024326912220049 1.586919466281021
21946 10814608 1.1202334232045037 4.1913245595589315 0.82296 -2.024326912220049 1.586919466281021
21947 10814608 1.1194890042970718 4.251503146627848 0.82296 -2.024326912220049 1.586919466281021
21948 10814608 1.1215884751088323 4.332599928439147 0.82296 -2.024326912220049 1.586919466281021
21949 10814608 1.1226247062363035 4.386004408226288 0.8534400000000001 -2.024326912220049 1.586919466281021
21950 10814608 1.1243286081807229 4.431947010456262 0.8534400000000001 -2.024326912220049 1.586919466281021
21951 10814608 1.1204846707755576 4.486713207255943 0.8534400000000001 -2.024326912220049 1.586919466281021
21952 10814608 1.1214525411306735 4.539906488311847 0.8534400000000001 -2.024326912220049 1.586919466281021
21953 10814608 1.1269015348783569 4.602734101241218 0.8534400000000001 -2.024326912220049 1.586919466281021
21954 10814608 1.1277104365730384 4.656797260777039 0.8534400000000001 -2.024326912220049 1.586919466281021
21955 10814608 1.126460922128522 4.6950598379956645 0.8534400000000001 -2.024326912220049 1.586919466281021
21956 10814608 1.1252114076840056 4.733322415214292 0.8534400000000001 -2.024326912220049 1.586919466281021
21957 10814608 1.1277807067744197 4.7927687135369785 0.8534400000000001 -2.024326912220049 1.586919466281021
21958 10814608 1.1325669139385062 4.856280508114701 0.8534400000000001 -2.024326912220049 1.586919466281021
21959 10814608 1.1332938850408985 4.931809683328757 0.8534400000000001 -2.024326912220049 1.586919466281021
21960 10814608 1.132548567819932 4.931108904894106 0.853400755364807 -2.024326912220049 1.586919466281021
21961 10814608 1.1318032505989657 4.930408126459458 0.8533615107296139 -2.024326912220049 1.586919466281021
21962 10814608 1.131057933377999 4.929707348024809 0.8533222660944206 -2.024326912220049 1.586919466281021
21963 10814608 1.1303126161570325 4.929006569590159 0.8532830214592275 -2.024326912220049 1.586919466281021
21964 10814608 1.1295672989360659 4.92830579115551 0.8532437768240344 -2.024326912220049 1.586919466281021
21965 10814608 1.1288219817150995 4.9276050127208615 0.8532045321888413 -2.024326912220049 1.586919466281021
21966 10814608 1.1280766644941331 4.926904234286211 0.8531652875536482 -2.024326912220049 1.586919466281021
21967 10814608 1.1273313472731663 4.926203455851561 0.8531260429184551 -2.024326912220049 1.586919466281021
21968 10814608 1.1265860300522 4.9255026774169135 0.8530867982832618 -2.024326912220049 1.586919466281021
21969 10814608 1.1258407128312335 4.924801898982264 0.8530475536480687 -2.024326912220049 1.586919466281021
21970 10814608 1.1250953956102672 4.924101120547616 0.8530083090128756 -2.024326912220049 1.586919466281021
21971 10814608 1.1243500783893006 4.9234003421129655 0.8529690643776825 -2.024326912220049 1.586919466281021
21972 10814608 1.1236047611683342 4.922699563678316 0.8529298197424894 -2.024326912220049 1.586919466281021
21973 10814608 1.1228594439473676 4.921998785243667 0.8528905751072963 -2.024326912220049 1.586919466281021
21974 10814608 1.1221141267264012 4.9212980068090175 0.852851330472103 -2.024326912220049 1.586919466281021
21975 10814608 1.1213688095054346 4.920597228374368 0.8528120858369099 -2.024326912220049 1.586919466281021
21976 10814608 1.1206234922844682 4.919896449939719 0.8527728412017168 -2.024326912220049 1.586919466281021
21977 10814608 1.1198781750635016 4.9191956715050695 0.8527335965665237 -2.024326912220049 1.586919466281021
21978 10814608 1.1191328578425352 4.91849489307042 0.8526943519313306 -2.024326912220049 1.586919466281021
21979 10814608 1.1183875406215686 4.917794114635772 0.8526551072961375 -2.024326912220049 1.586919466281021
21980 10814608 1.1176422234006025 4.9170933362011215 0.8526158626609442 -2.024326912220049 1.586919466281021
21981 10814608 1.1168969061796357 4.916392557766471 0.8525766180257511 -2.024326912220049 1.586919466281021
21982 10814608 1.1161515889586693 4.915691779331823 0.8525373733905579 -2.024326912220049 1.586919466281021
21983 10814608 1.115406271737703 4.914991000897174 0.8524981287553649 -2.024326912220049 1.586919466281021
21984 10814608 1.1146609545167363 4.914290222462523 0.8524588841201718 -2.024326912220049 1.586919466281021
21985 10814608 1.1139156372957701 4.913589444027877 0.8524196394849787 -2.024326912220049 1.586919466281021
21986 10814608 1.113170320074803 4.9128886655932265 0.8523803948497854 -2.024326912220049 1.586919466281021
21987 10814608 1.112425002853837 4.912187887158577 0.8523411502145923 -2.024326912220049 1.586919466281021
21988 10814608 1.1116796856328703 4.911487108723928 0.8523019055793992 -2.024326912220049 1.586919466281021
21989 10814608 1.1109343684119042 4.910786330289279 0.8522626609442061 -2.024326912220049 1.586919466281021
21990 10814608 1.1101890511909374 4.910085551854629 0.8522234163090129 -2.024326912220049 1.586919466281021
21991 10814608 1.109443733969971 4.909384773419981 0.8521841716738199 -2.024326912220049 1.586919466281021
21992 10814608 1.1086984167490044 4.9086839949853305 0.8521449270386267 -2.024326912220049 1.586919466281021
21993 10814608 1.107953099528038 4.907983216550681 0.8521056824034335 -2.024326912220049 1.586919466281021
21994 10814608 1.1072077823070714 4.907282438116033 0.8520664377682404 -2.024326912220049 1.586919466281021
21995 10814608 1.106462465086105 4.906581659681383 0.8520271931330473 -2.024326912220049 1.586919466281021
