36346 10532852 5.857981655438245 0.034160588760523275 0.6858000000000001 -2.5168630959519693 -0.5306722116665519
36347 10532852 5.816205551315824 0.033997751007238085 0.6858000000000001 -2.5168630959519693 -0.5306722116665519
36348 10532852 5.767355887094147 0.0339220741861129 0.6781800000000001 -2.5168630959519693 -0.5306722116665519
36349 10532852 5.6984215747046125 0.03759180323857722 0.6781800000000001 -2.5168630959519693 -0.5306722116665519
36350 10532852 5.648631583198999 0.03735625049498323 0.67056 -2.5168630959519693 -0.5306722116665519
36351 10532852 5.596698928153037 0.041440557771549175 0.67056 -2.5168630959519693 -0.5306722116665519
36352 10532852 5.5592363830693845 0.04293903413944447 0.6667500000000001 -2.5168630959519693 -0.5306722116665519
36353 10532852 5.52177383798573 0.04443751050733977 0.6629400000000001 -2.5168630959519693 -0.5306722116665519
36354 10532852 5.484311292902078 0.04593598687523506 0.65913 -2.5168630959519693 -0.5306722116665519
36355 10532852 5.446848747818422 0.04743446324313036 0.65532 -2.5168630959519693 -0.5306722116665519
36356 10532852 5.385606837388368 0.0521029594727441 0.65532 -2.5168630959519693 -0.5306722116665519
36357 10532852 5.3454588990980705 0.054623962802133635 0.65151 -2.5168630959519693 -0.5306722116665519
36358 10532852 5.305310960807772 0.05714496613152317 0.6477 -2.5168630959519693 -0.5306722116665519
36359 10532852 5.22212392626139 0.056589632703025826 0.6400800000000001 -2.5168630959519693 -0.5306722116665519
36360 10532852 5.173353530673903 0.056491880923793834 0.6400800000000001 -2.5168630959519693 -0.5306722116665519
36361 10532852 5.126442037573408 0.061278089595260786 0.6400800000000001 -2.5168630959519693 -0.5306722116665519
36362 10532852 5.077487952444304 0.06089043463834351 0.63246 -2.5168630959519693 -0.5306722116665519
36363 10532852 5.036021216719094 0.06331748455803451 0.63246 -2.5168630959519693 -0.5306722116665519
36364 10532852 4.989859439586605 0.06523203731396718 0.63246 -2.5168630959519693 -0.5306722116665519
36365 10532852 4.943697662454117 0.06714659006989984 0.63246 -2.5168630959519693 -0.5306722116665519
36366 10532852 4.9000294810673815 0.06935793324179848 0.6248400000000001 -2.5168630959519693 -0.5306722116665519
36367 10532852 4.824560416486938 0.07750314938260403 0.6248400000000001 -2.5168630959519693 -0.5306722116665519
36368 10532852 4.776204897307879 0.08439788564286962 0.6248400000000001 -2.5168630959519693 -0.5306722116665519
36369 10532852 4.7501812229429055 0.08762986424818882 0.6248400000000001 -2.5168630959519693 -0.5306722116665519
36370 10532852 4.724157548577932 0.09086184285350804 0.6248400000000001 -2.5168630959519693 -0.5306722116665519
36371 10532852 4.678405545491604 0.10029546453537673 0.61722 -2.5168630959519693 -0.5306722116665519
36372 10532852 4.6083828387487085 0.11017067028662328 0.6248400000000001 -2.5168630959519693 -0.5306722116665519
36373 10532852 4.56425741769326 0.11615423539989665 0.61722 -2.5168630959519693 -0.5306722116665519
36374 10532852 4.507166114067156 0.1240315259634813 0.6248400000000001 -2.5168630959519693 -0.5306722116665519
36375 10532852 4.466423632790512 0.1319491785553509 0.6248400000000001 -2.5168630959519693 -0.5306722116665519
36376 10532852 4.394564135861724 0.13646839557838686 0.6248400000000001 -2.5168630959519693 -0.5306722116665519
36377 10532852 4.352042393351495 0.13947708936855185 0.63246 -2.5168630959519693 -0.5306722116665519
36378 10532852 4.324337930103119 0.14028029310627485 0.63246 -2.5168630959519693 -0.5306722116665519
36379 10532852 4.2966334668547415 0.14108349684399787 0.63246 -2.5168630959519693 -0.5306722116665519
36380 10532852 4.253744857710415 0.14432924747661666 0.63246 -2.5168630959519693 -0.5306722116665519
36381 10532852 4.231984490119148 0.14430317444587926 0.63246 -2.5168630959519693 -0.5306722116665519
36382 10532852 4.173520639913118 0.14743303772867064 0.62865 -2.5168630959519693 -0.5306722116665519
36383 10532852 4.115056789707086 0.15056290101146205 0.6248400000000001 -2.5168630959519693 -0.5306722116665519
36384 10532852 4.062362104913007 0.15300895949193535 0.6248400000000001 -2.5168630959519693 -0.5306722116665519
36385 10532852 4.009667420118925 0.15545501797240865 0.6248400000000001 -2.5168630959519693 -0.5306722116665519
36386 10532852 3.956972735324844 0.15790107645288196 0.6248400000000001 -2.5168630959519693 -0.5306722116665519
36387 10532852 3.9042780505307615 0.16034713493335526 0.6248400000000001 -2.5168630959519693 -0.5306722116665519
36388 10532852 3.8604710587034 0.16214287973994534 0.6248400000000001 -2.5168630959519693 -0.5306722116665519
36389 10532852 3.816664066876036 0.16393862454653546 0.6248400000000001 -2.5168630959519693 -0.5306722116665519
36390 10532852 3.772857075048673 0.16573436935312555 0.6248400000000001 -2.5168630959519693 -0.5306722116665519
36391 10532852 3.74611633514937 0.168678270620901 0.62103 -2.5168630959519693 -0.5306722116665519
36392 10532852 3.7193755952500656 0.17162217188867646 0.61722 -2.5168630959519693 -0.5306722116665519
36393 10532852 3.6734376745984787 0.17668402699060967 0.61722 -2.5168630959519693 -0.5306722116665519
36394 10532852 3.602658394317838 0.18833440603412685 0.61722 -2.5168630959519693 -0.5306722116665519
36395 10532852 3.5513238176259376 0.1997139625231048 0.61722 -2.5168630959519693 -0.5306722116665519
36396 10532852 3.5106962932490613 0.2085340681665768 0.61722 -2.5168630959519693 -0.5306722116665519
36397 10532852 3.446164114885952 0.2175631711659934 0.6096 -2.5168630959519693 -0.5306722116665519
36398 10532852 3.4245125809844046 0.22331548322482225 0.6096 -2.5168630959519693 -0.5306722116665519
36399 10532852 3.402861047082857 0.22906779528365104 0.6096 -2.5168630959519693 -0.5306722116665519
36400 10532852 3.3182315848806114 0.24997242435089115 0.6096 -2.5168630959519693 -0.5306722116665519
36401 10532852 3.277732146088589 0.2619061322138793 0.61722 -2.5168630959519693 -0.5306722116665519
36402 10532852 3.25226440374544 0.2654877379571085 0.61722 -2.5168630959519693 -0.5306722116665519
36403 10532852 3.2267966614022896 0.2690693437003377 0.61722 -2.5168630959519693 -0.5306722116665519
36404 10532852 3.185928136934754 0.2771523425005228 0.61722 -2.5168630959519693 -0.5306722116665519
36405 10532852 3.1256985432168545 0.29120490224764684 0.61722 -2.5168630959519693 -0.5306722116665519
36406 10532852 3.0763039586074616 0.30580974674318673 0.61722 -2.5168630959519693 -0.5306722116665519
36407 10532852 3.029518389381507 0.31208703317665903 0.61722 -2.5168630959519693 -0.5306722116665519
36408 10532852 2.982289903069523 0.32516777479508563 0.61722 -2.5168630959519693 -0.5306722116665519
36409 10532852 2.941020331982826 0.3333831619134623 0.61722 -2.5168630959519693 -0.5306722116665519
36410 10532852 2.8924011016286517 0.3408440442082271 0.61722 -2.5168630959519693 -0.5306722116665519
36411 10532852 2.8510266012938867 0.3462906007538561 0.61722 -2.5168630959519693 -0.5306722116665519
36412 10532852 2.811042483441539 0.3565402852187988 0.61722 -2.5168630959519693 -0.5306722116665519
36413 10532852 2.774245369657022 0.3662170172373101 0.61722 -2.5168630959519693 -0.5306722116665519
36414 10532852 2.7396594718499445 0.3734198590508124 0.61722 -2.5168630959519693 -0.5306722116665519
36415 10532852 2.7050735740428666 0.3806227008643148 0.61722 -2.5168630959519693 -0.5306722116665519
36416 10532852 2.6594367473280087 0.39014879354568294 0.61722 -2.5168630959519693 -0.5306722116665519
36417 10532852 2.6123534472547325 0.39687653136442536 0.61722 -2.5168630959519693 -0.5306722116665519
36418 10532852 2.5732527115988653 0.4076569431192624 0.61722 -2.5168630959519693 -0.5306722116665519
36419 10532852 2.5323500673681756 0.4156381671118847 0.6248400000000001 -2.5168630959519693 -0.5306722116665519
36420 10532852 2.491412972154364 0.4235140634581893 0.6248400000000001 -2.5168630959519693 -0.5306722116665519
36421 10532852 2.440856832946196 0.4318441680915207 0.6248400000000001 -2.5168630959519693 -0.5306722116665519
36422 10532852 2.3840194828686205 0.4426929183777307 0.6248400000000001 -2.5168630959519693 -0.5306722116665519
36423 10532852 2.3476458978964114 0.4509486660189233 0.6248400000000001 -2.5168630959519693 -0.5306722116665519
36424 10532852 2.2989857198340764 0.4650858275923149 0.6248400000000001 -2.5168630959519693 -0.5306722116665519
36425 10532852 2.238826017629669 0.479357098343596 0.61722 -2.5168630959519693 -0.5306722116665519
36426 10532852 2.2184657215814667 0.4822675665569606 0.61722 -2.5168630959519693 -0.5306722116665519
36427 10532852 2.1537925913262086 0.501751761029856 0.61722 -2.5168630959519693 -0.5306722116665519
36428 10532852 2.1174536716826617 0.5101142610329366 0.6248400000000001 -2.5168630959519693 -0.5306722116665519
36429 10532852 2.0672080149325947 0.519397115575822 0.6248400000000001 -2.5168630959519693 -0.5306722116665519
36430 10532852 2.0283729426084247 0.5320799399590864 0.6248400000000001 -2.5168630959519693 -0.5306722116665519
36431 10532852 1.9830117998080927 0.5416373639993475 0.6248400000000001 -2.5168630959519693 -0.5306722116665519
36432 10532852 1.9476656415351516 0.5511369268412927 0.6248400000000001 -2.5168630959519693 -0.5306722116665519
36433 10532852 1.9123194832622097 0.5606364896832379 0.6248400000000001 -2.5168630959519693 -0.5306722116665519
36434 10532852 1.8730709086387336 0.5720534238827993 0.6248400000000001 -2.5168630959519693 -0.5306722116665519
36435 10532852 1.832569898542594 0.5799076798312158 0.61722 -2.5168630959519693 -0.5306722116665519
36436 10532852 1.7868992559942454 0.5893338629924657 0.61722 -2.5168630959519693 -0.5306722116665519
36437 10532852 1.74790409577991 0.6020706491820252 0.61722 -2.5168630959519693 -0.5306722116665519
36438 10532852 1.7022567365657395 0.611840273254062 0.61722 -2.5168630959519693 -0.5306722116665519
36439 10532852 1.6564767244544942 0.6277283739385883 0.61722 -2.5168630959519693 -0.5306722116665519
36440 10532852 1.5927523961550425 0.6422352310815587 0.61722 -2.5168630959519693 -0.5306722116665519
36441 10532852 1.5635351109615756 0.6520129073706005 0.61722 -2.5168630959519693 -0.5306722116665519
36442 10532852 1.5343178257681087 0.6617905836596423 0.61722 -2.5168630959519693 -0.5306722116665519
36443 10532852 1.5044988437295883 0.6717650557669086 0.61722 -2.5168630959519693 -0.5306722116665519
36444 10532852 1.4746798616910683 0.681739527874175 0.61722 -2.5168630959519693 -0.5306722116665519
36445 10532852 1.4329756491535401 0.68998924283266 0.61722 -2.5168630959519693 -0.5306722116665519
36446 10532852 1.3928577463385592 0.7030949528517642 0.61722 -2.5168630959519693 -0.5306722116665519
36447 10532852 1.3460451904901507 0.7174533868090708 0.61722 -2.5168630959519693 -0.5306722116665519
36448 10532852 1.2859559154372613 0.731943917528882 0.61722 -2.5168630959519693 -0.5306722116665519
36449 10532852 1.2450197275691957 0.7398270576301121 0.61722 -2.5168630959519693 -0.5306722116665519
36450 10532852 1.1978026889017632 0.7502297777194172 0.61722 -2.5168630959519693 -0.5306722116665519
36451 10532852 1.1503605122808105 0.7653794458305179 0.61722 -2.5168630959519693 -0.5306722116665519
36452 10532852 1.1082736002415 0.7683821721182033 0.61722 -2.5168630959519693 -0.5306722116665519
36453 10532852 1.06267261557195 0.7780241684915021 0.61722 -2.5168630959519693 -0.5306722116665519
36454 10532852 1.0365342289517672 0.7811904573466111 0.61722 -2.5168630959519693 -0.5306722116665519
36455 10532852 0.9627545308449398 0.7945493283462374 0.61722 -2.5168630959519693 -0.5306722116665519
36456 10532852 0.9194640146731988 0.7979464282291486 0.61722 -2.5168630959519693 -0.5306722116665519
36457 10532852 0.8953599624375566 0.8002733017325314 0.61722 -2.5168630959519693 -0.5306722116665519
36458 10532852 0.8712559102019142 0.8026001752359143 0.61722 -2.5168630959519693 -0.5306722116665519
36459 10532852 0.8063545039086966 0.8078023548243987 0.61722 -2.5168630959519693 -0.5306722116665519
36460 10532852 0.770617135818212 0.8084985874926491 0.61722 -2.5168630959519693 -0.5306722116665519
36461 10532852 0.7348797677277275 0.8091948201608994 0.61722 -2.5168630959519693 -0.5306722116665519
36462 10532852 0.6686149403627966 0.8156615099239036 0.6096 -2.5168630959519693 -0.5306722116665519
36463 10532852 0.6202175393471231 0.8143036389368393 0.6096 -2.5168630959519693 -0.5306722116665519
36464 10532852 0.5703533298716604 0.8138927415083715 0.6096 -2.5168630959519693 -0.5306722116665519
36465 10532852 0.5268104832695392 0.8176082395295401 0.6096 -2.5168630959519693 -0.5306722116665519
36466 10532852 0.4731952345982641 0.8155031076167903 0.6096 -2.5168630959519693 -0.5306722116665519
36467 10532852 0.43070656375788574 0.8186409759138131 0.6096 -2.5168630959519693 -0.5306722116665519
36468 10532852 0.38185134926568376 0.8186025090646055 0.6096 -2.5168630959519693 -0.5306722116665519
36469 10532852 0.3446235510744503 0.8199046112479843 0.6096 -2.5168630959519693 -0.5306722116665519
36470 10532852 0.27436568123241606 0.8239412863581076 0.6096 -2.5168630959519693 -0.5306722116665519
36471 10532852 0.2499768563506129 0.8226831458933468 0.61341 -2.5168630959519693 -0.5306722116665519
36472 10532852 0.2255880314688099 0.821425005428586 0.61722 -2.5168630959519693 -0.5306722116665519
36473 10532852 0.17867496316046882 0.8262440938822601 0.61722 -2.5168630959519693 -0.5306722116665519
36474 10532852 0.1347593511255254 0.8244757961058263 0.61722 -2.5168630959519693 -0.5306722116665519
36475 10532852 0.08142336081086454 0.8273058330360773 0.61722 -2.5168630959519693 -0.5306722116665519
36476 10532852 0.018660435362250986 0.8281940011906346 0.61722 -2.5168630959519693 -0.5306722116665519
36477 10532852 -0.01597577132779229 0.8302280159398467 0.61722 -2.5168630959519693 -0.5306722116665519
36478 10532852 -0.05061197801783557 0.8322620306890589 0.61722 -2.5168630959519693 -0.5306722116665519
36479 10532852 -0.10771553619410423 0.8287308734019674 0.61722 -2.5168630959519693 -0.5306722116665519
36480 10532852 -0.17097935458031932 0.8335229579563103 0.61722 -2.5168630959519693 -0.5306722116665519
36481 10532852 -0.19899206516797707 0.8320488664741952 0.61722 -2.5168630959519693 -0.5306722116665519
36482 10532852 -0.2478828786578595 0.8319091842008338 0.6096 -2.5168630959519693 -0.5306722116665519
36483 10532852 -0.3175828727820924 0.833315447089908 0.6096 -2.5168630959519693 -0.5306722116665519
36484 10532852 -0.3660511565690916 0.8317531961588913 0.6096 -2.5168630959519693 -0.5306722116665519
36485 10532852 -0.4044945669429014 0.8336900434927499 0.6096 -2.5168630959519693 -0.5306722116665519
36486 10532852 -0.44951208267722187 0.8318179380466636 0.6096 -2.5168630959519693 -0.5306722116665519
36487 10532852 -0.4794102315709414 0.8313702746289688 0.6096 -2.5168630959519693 -0.5306722116665519
36488 10532852 -0.5093083804646609 0.8309226112112741 0.6096 -2.5168630959519693 -0.5306722116665519
36489 10532852 -0.5683024779241903 0.8297653923575344 0.6096 -2.5168630959519693 -0.5306722116665519
36490 10532852 -0.5969454909909095 0.8290830322875531 0.6057899999999999 -2.5168630959519693 -0.5306722116665519
36491 10532852 -0.6255885040576287 0.8284006722175716 0.6019800000000001 -2.5168630959519693 -0.5306722116665519
36492 10532852 -0.6673172594250222 0.8277620571084964 0.5981700000000001 -2.5168630959519693 -0.5306722116665519
36493 10532852 -0.7090460147924157 0.8271234419994211 0.59436 -2.5168630959519693 -0.5306722116665519
36494 10532852 -0.7488833592213433 0.8261588952674306 0.5924550000000001 -2.5168630959519693 -0.5306722116665519
36495 10532852 -0.7887207036502708 0.8251943485354399 0.59055 -2.5168630959519693 -0.5306722116665519
36496 10532852 -0.8315195809415286 0.8240010479820012 0.584835 -2.5168630959519693 -0.5306722116665519
36497 10532852 -0.8743184582327863 0.8228077474285626 0.57912 -2.5168630959519693 -0.5306722116665519
36498 10532852 -0.9195831036296866 0.8161119784579964 0.57912 -2.5168630959519693 -0.5306722116665519
36499 10532852 -0.9598436329980282 0.8138555064813496 0.57912 -2.5168630959519693 -0.5306722116665519
36500 10532852 -1.0078308219293417 0.8029097135576839 0.5715 -2.5168630959519693 -0.5306722116665519
36501 10532852 -1.0493715023205186 0.7942957599581334 0.5715 -2.5168630959519693 -0.5306722116665519
36502 10532852 -1.087318506640203 0.779833228660734 0.5715 -2.5168630959519693 -0.5306722116665519
36503 10532852 -1.1202687092140653 0.763269319522469 0.5715 -2.5168630959519693 -0.5306722116665519
36504 10532852 -1.1615280288614478 0.7403096416418407 0.5715 -2.5168630959519693 -0.5306722116665519
36505 10532852 -1.1918652837809656 0.7127264932203001 0.56388 -2.5168630959519693 -0.5306722116665519
36506 10532852 -1.2225693659915542 0.6853802153203151 0.5562600000000001 -2.5168630959519693 -0.5306722116665519
36507 10532852 -1.2580374028890529 0.643468438787595 0.5562600000000001 -2.5168630959519693 -0.5306722116665519
36508 10532852 -1.291746072427142 0.5960741090474618 0.54864 -2.5168630959519693 -0.5306722116665519
36509 10532852 -1.3057735158849941 0.5626895397163898 0.54864 -2.5168630959519693 -0.5306722116665519
36510 10532852 -1.3154178203321971 0.5418919967084905 0.54864 -2.5168630959519693 -0.5306722116665519
36511 10532852 -1.3250621247794003 0.5210944537005913 0.54864 -2.5168630959519693 -0.5306722116665519
36512 10532852 -1.3383757995731218 0.4700675690776809 0.54102 -2.5168630959519693 -0.5306722116665519
36513 10532852 -1.347948965407643 0.4159479137468901 0.54102 -2.5168630959519693 -0.5306722116665519
36514 10532852 -1.3473397324436258 0.3791783742433331 0.54102 -2.5168630959519693 -0.5306722116665519
36515 10532852 -1.3467304994796083 0.3424088347397761 0.54102 -2.5168630959519693 -0.5306722116665519
36516 10532852 -1.3411504674089323 0.3078692610109293 0.54102 -2.5168630959519693 -0.5306722116665519
36517 10532852 -1.333880885225027 0.24590448775855764 0.5334 -2.5168630959519693 -0.5306722116665519
36518 10532852 -1.3321914033693905 0.21847928805696332 0.52578 -2.5168630959519693 -0.5306722116665519
36519 10532852 -1.3235131861331646 0.1852633689471224 0.52578 -2.5168630959519693 -0.5306722116665519
36520 10532852 -1.3148349688969387 0.15204744983728144 0.52578 -2.5168630959519693 -0.5306722116665519
36521 10532852 -1.3000581002296048 0.116837110612053 0.5181600000000001 -2.5168630959519693 -0.5306722116665519
36522 10532852 -1.2899879611085734 0.09765393694618693 0.5181600000000001 -2.5168630959519693 -0.5306722116665519
36523 10532852 -1.2586515298855188 0.05223793833770815 0.5181600000000001 -2.5168630959519693 -0.5306722116665519
36524 10532852 -1.2213714033858156 0.020242524456123373 0.51054 -2.183577092901297 -1.359486638167775
36525 10532852 -1.1735943999506782 -0.008175053955926798 0.50292 -2.183577092901297 -1.359486638167775
36526 10532852 -1.1509254915318006 -0.015588036205522153 0.4991100000000001 -2.183577092901297 -1.359486638167775
36527 10532852 -1.1282565831129228 -0.023001018455117508 0.4953 -2.183577092901297 -1.359486638167775
36528 10532852 -1.0900369798749232 -0.024282742098663903 0.48768 -2.183577092901297 -1.359486638167775
36529 10532852 -1.0546518673403558 -0.027441464914039232 0.48768 -2.183577092901297 -1.359486638167775
36530 10532852 -1.0182417086268094 -0.0263786084522282 0.48006000000000004 -2.183577092901297 -1.359486638167775
36531 10532852 -0.9673324804784832 -0.021177077492210452 0.48006000000000004 -2.183577092901297 -1.359486638167775
36532 10532852 -0.9414426459283921 -0.01901054308058017 0.478155 -2.183577092901297 -1.359486638167775
36533 10532852 -0.9155528113783008 -0.01684400866894989 0.47625 -2.183577092901297 -1.359486638167775
36534 10532852 -0.8814346413037921 -0.014096363531794718 0.474345 -2.183577092901297 -1.359486638167775
36535 10532852 -0.8473164712292833 -0.011348718394639551 0.47244 -2.183577092901297 -1.359486638167775
36536 10532852 -0.8123934241081899 -0.006410488655052199 0.47244 -2.183577092901297 -1.359486638167775
36537 10532852 -0.7795281978999553 -0.006407351412290846 0.47244 -2.183577092901297 -1.359486638167775
36538 10532852 -0.7471377456345925 0.0002938792740347085 0.47244 -2.183577092901297 -1.359486638167775
36539 10532852 -0.6977323679792204 0.004703575211183225 0.4648200000000001 -2.183577092901297 -1.359486638167775
36540 10532852 -0.6709933034952398 0.0022703964340920198 0.4648200000000001 -2.183577092901297 -1.359486638167775
36541 10532852 -0.6359109839955961 0.006339453162425761 0.4572000000000001 -2.183577092901297 -1.359486638167775
36542 10532852 -0.6028734836500362 0.0068711644311353634 0.44958 -2.183577092901297 -1.359486638167775
36543 10532852 -0.5668678377407197 0.005614806106621323 0.44196 -2.183577092901297 -1.359486638167775
36544 10532852 -0.5431877279073983 0.006051509026842815 0.44196 -2.183577092901297 -1.359486638167775
36545 10532852 -0.519507618074077 0.0064882119470643105 0.44196 -2.183577092901297 -1.359486638167775
36546 10532852 -0.4778592889687128 0.006191556050197999 0.4343400000000001 -2.183577092901297 -1.359486638167775
36547 10532852 -0.452255039038617 0.004363845795517199 0.4343400000000001 -2.183577092901297 -1.359486638167775
36548 10532852 -0.4266507891085212 0.0025361355408363984 0.4343400000000001 -2.183577092901297 -1.359486638167775
36549 10532852 -0.39085679925649297 0.0019924621652109564 0.4305300000000001 -2.183577092901297 -1.359486638167775
36550 10532852 -0.3550628094044648 0.0014487887895855145 0.42672 -2.183577092901297 -1.359486638167775
36551 10532852 -0.320438445719784 0.00683724376206471 0.42672 -2.183577092901297 -1.359486638167775
36552 10532852 -0.2784453835561511 0.0075972821012013905 0.4191 -2.183577092901297 -1.359486638167775
36553 10532852 -0.24116747350634535 0.006160223057366382 0.4191 -2.183577092901297 -1.359486638167775
36554 10532852 -0.20482799967541973 0.006743801281353795 0.41656 -2.183577092901297 -1.359486638167775
36555 10532852 -0.16848852584449409 0.007327379505341207 0.41402 -2.183577092901297 -1.359486638167775
36556 10532852 -0.1321490520135684 0.007910957729328622 0.41148 -2.183577092901297 -1.359486638167775
36557 10532852 -0.1040904487543799 0.006800935892179089 0.40386 -2.183577092901297 -1.359486638167775
36558 10532852 -0.07093968099570735 0.006596883216350964 0.40386 -2.183577092901297 -1.359486638167775
36559 10532852 -0.04530124058999857 0.0048762003207239455 0.40386 -2.183577092901297 -1.359486638167775
36560 10532852 -0.019662800184289786 0.0031555174250969265 0.40386 -2.183577092901297 -1.359486638167775
36561 10532852 0.022558488536611358 0.0032584448714347712 0.39624 -2.183577092901297 -1.359486638167775
36562 10532852 0.0729114090010542 0.005143391589208984 0.38861999999999997 -2.183577092901297 -1.359486638167775
36563 10532852 0.09246885111972293 0.005877977941590422 0.38861999999999997 -2.183577092901297 -1.359486638167775
36564 10532852 0.11202629323839164 0.006612564293971862 0.38861999999999997 -2.183577092901297 -1.359486638167775
36565 10532852 0.15344113814562 0.0028907057642658662 0.38861999999999997 -2.183577092901297 -1.359486638167775
36566 10532852 0.1804639204964638 0.002961623540821573 0.38861999999999997 -2.183577092901297 -1.359486638167775
36567 10532852 0.20748670284730766 0.0030325413173772795 0.38861999999999997 -2.183577092901297 -1.359486638167775
36568 10532852 0.2345094851981515 0.003103459093932986 0.38861999999999997 -2.183577092901297 -1.359486638167775
36569 10532852 0.2615322675489953 0.003174376870488693 0.38861999999999997 -2.183577092901297 -1.359486638167775
36570 10532852 0.2885550498998392 0.0032452946470444 0.38861999999999997 -2.183577092901297 -1.359486638167775
36571 10532852 0.3140189511914845 0.003257457857161227 0.38861999999999997 -2.183577092901297 -1.359486638167775
36572 10532852 0.33948285248313004 0.0032696210672780537 0.38861999999999997 -2.183577092901297 -1.359486638167775
36573 10532852 0.36494675377477537 0.0032817842773948808 0.38861999999999997 -2.183577092901297 -1.359486638167775
36574 10532852 0.4049543674036872 0.0034092129822857753 0.38861999999999997 -2.183577092901297 -1.359486638167775
36575 10532852 0.4206915905477826 0.0037340991573889563 0.38861999999999997 -2.183577092901297 -1.359486638167775
36576 10532852 0.436428813691878 0.0040589853324921365 0.38861999999999997 -2.183577092901297 -1.359486638167775
36577 10532852 0.4521660368359735 0.004383871507595318 0.38861999999999997 -2.183577092901297 -1.359486638167775
36578 10532852 0.4679032599800689 0.0047087576826985 0.38861999999999997 -2.183577092901297 -1.359486638167775
36579 10532852 0.4836404831241643 0.005033643857801681 0.38861999999999997 -2.183577092901297 -1.359486638167775
36580 10532852 0.5054496623751495 0.004507776144693283 0.38861999999999997 -2.183577092901297 -1.359486638167775
36581 10532852 0.5272588416261348 0.003981908431584885 0.38861999999999997 -2.183577092901297 -1.359486638167775
36582 10532852 0.5490680208771199 0.003456040718476487 0.38861999999999997 -2.183577092901297 -1.359486638167775
36583 10532852 0.5708772001281053 0.002930173005368089 0.38861999999999997 -2.183577092901297 -1.359486638167775
36584 10532852 0.5871521953232062 0.0029082913537652 0.38861999999999997 -2.183577092901297 -1.359486638167775
36585 10532852 0.6034271905183071 0.002886409702162312 0.38861999999999997 -2.183577092901297 -1.359486638167775
