38971 10628960 2.7714009773867625 2.9882432257250184 0.67056 -2.5168630959519693 -0.5306722116665519
38972 10628960 2.7525903298605257 2.9727744895715422 0.67056 -2.5168630959519693 -0.5306722116665519
38973 10628960 2.7337796823342897 2.9573057534180656 0.67056 -2.5168630959519693 -0.5306722116665519
38974 10628960 2.68165433656169 2.907916090557919 0.67056 -2.5168630959519693 -0.5306722116665519
38975 10628960 2.6180273235728464 2.852937260131577 0.67056 -2.5168630959519693 -0.5306722116665519
38976 10628960 2.5725400016469737 2.81966275463768 0.67056 -2.5168630959519693 -0.5306722116665519
38977 10628960 2.5422054268703977 2.7865794863057327 0.67056 -2.5168630959519693 -0.5306722116665519
38978 10628960 2.5024195594704386 2.746302779194953 0.67056 -2.5168630959519693 -0.5306722116665519
38979 10628960 2.486859130154854 2.7326349702234536 0.67056 -2.5168630959519693 -0.5306722116665519
38980 10628960 2.4712987008392693 2.7189671612519537 0.67056 -2.5168630959519693 -0.5306722116665519
38981 10628960 2.41366859697714 2.6561308859824035 0.67056 -2.5168630959519693 -0.5306722116665519
38982 10628960 2.377146942604437 2.620687933882915 0.67056 -2.5168630959519693 -0.5306722116665519
38983 10628960 2.3406252882317338 2.5852449817834278 0.67056 -2.5168630959519693 -0.5306722116665519
38984 10628960 2.3023205611132864 2.5495083996421144 0.67056 -2.5168630959519693 -0.5306722116665519
38985 10628960 2.2589852415835656 2.5157655959379266 0.67056 -2.5168630959519693 -0.5306722116665519
38986 10628960 2.19218678766428 2.470527947690312 0.67056 -2.5168630959519693 -0.5306722116665519
38987 10628960 2.1523021400986053 2.438111638328758 0.67056 -2.5168630959519693 -0.5306722116665519
38988 10628960 2.115352671193208 2.419777905858875 0.67056 -2.5168630959519693 -0.5306722116665519
38989 10628960 2.078403202287809 2.4014441733889917 0.67056 -2.5168630959519693 -0.5306722116665519
38990 10628960 2.0410632037670435 2.382595702329344 0.67056 -2.5168630959519693 -0.5306722116665519
38991 10628960 2.0037232052462777 2.3637472312696945 0.67056 -2.5168630959519693 -0.5306722116665519
38992 10628960 1.9549338197579385 2.34755859598956 0.0 -2.5168630959519693 -0.5306722116665519
38993 10628960 1.8802604088444208 2.318447077019925 0.67056 -2.5168630959519693 -0.5306722116665519
38994 10628960 1.8267127971364303 2.3018275007967985 0.67056 -2.5168630959519693 -0.5306722116665519
38995 10628960 1.7766359913294678 2.2827892156322886 0.67056 -2.5168630959519693 -0.5306722116665519
38996 10628960 1.7401007678077194 2.2742224847834605 0.67056 -2.5168630959519693 -0.5306722116665519
38997 10628960 1.7035655442859707 2.2656557539346323 0.67056 -2.5168630959519693 -0.5306722116665519
38998 10628960 1.6429884602664016 2.2473617178825704 0.6400800000000001 -2.5168630959519693 -0.5306722116665519
38999 10628960 1.591560495155232 2.2309855447498927 0.6400800000000001 -2.5168630959519693 -0.5306722116665519
39000 10628960 1.5332807371058927 2.2183671058122547 0.6400800000000001 -2.5168630959519693 -0.5306722116665519
39001 10628960 1.4862584229614588 2.2065102298618493 0.6400800000000001 -2.5168630959519693 -0.5306722116665519
39002 10628960 1.4319929695503784 2.19666977925395 0.6400800000000001 -2.5168630959519693 -0.5306722116665519
39003 10628960 1.3822211088306031 2.1869969578560826 0.6400800000000001 -2.5168630959519693 -0.5306722116665519
39004 10628960 1.3025147687551986 2.1740211051056897 0.6400800000000001 -2.5168630959519693 -0.5306722116665519
39005 10628960 1.244131732773472 2.1627234166614664 0.6400800000000001 -2.5168630959519693 -0.5306722116665519
39006 10628960 1.2149762005080973 2.1588153884191588 0.6400800000000001 -2.5168630959519693 -0.5306722116665519
39007 10628960 1.1533390743510457 2.149516298008861 0.6400800000000001 -2.5168630959519693 -0.5306722116665519
39008 10628960 1.0965060317463766 2.14133478596114 0.6400800000000001 -2.5168630959519693 -0.5306722116665519
39009 10628960 1.0404075912022597 2.134315538206072 0.6400800000000001 -2.5168630959519693 -0.5306722116665519
39010 10628960 0.969547515307652 2.119620095096789 0.6400800000000001 -2.5168630959519693 -0.5306722116665519
39011 10628960 0.9142765098979304 2.115135180549735 0.6400800000000001 -2.5168630959519693 -0.5306722116665519
39012 10628960 0.8507905401354927 2.1039890617508483 0.6400800000000001 -2.5168630959519693 -0.5306722116665519
39013 10628960 0.7946204924550497 2.095125544943309 0.6400800000000001 -2.5168630959519693 -0.5306722116665519
39014 10628960 0.7371563139068497 2.087736845885971 0.6400800000000001 -2.5168630959519693 -0.5306722116665519
39015 10628960 0.6839531133483903 2.0770865467128568 0.6400800000000001 -2.5168630959519693 -0.5306722116665519
39016 10628960 0.6425064258378824 2.0725246722568706 0.6400800000000001 -2.5168630959519693 -0.5306722116665519
39017 10628960 0.6010597383273746 2.067962797800885 0.6400800000000001 -2.5168630959519693 -0.5306722116665519
39018 10628960 0.5507714745811195 2.0608001426756526 0.6400800000000001 -2.5168630959519693 -0.5306722116665519
39019 10628960 0.479938481086408 2.0471513157093773 0.6400800000000001 -2.5168630959519693 -0.5306722116665519
39020 10628960 0.40577121076836864 2.0355276044907606 0.6400800000000001 -2.5168630959519693 -0.5306722116665519
39021 10628960 0.3629565120058907 2.028142970574855 0.6400800000000001 -2.5168630959519693 -0.5306722116665519
39022 10628960 0.32014181324341273 2.020758336658949 0.6400800000000001 -2.5168630959519693 -0.5306722116665519
39023 10628960 0.2665314124477973 2.006154527044259 0.6400800000000001 -2.5168630959519693 -0.5306722116665519
39024 10628960 0.1909918054740023 1.9934624480182344 0.6400800000000001 -2.5168630959519693 -0.5306722116665519
39025 10628960 0.1328884004115446 1.9803282528948312 0.6400800000000001 -2.5168630959519693 -0.5306722116665519
39026 10628960 0.1029646558593642 1.9784276545996689 0.6400800000000001 -2.5168630959519693 -0.5306722116665519
39027 10628960 0.025113835761787277 1.9603004053607656 0.6400800000000001 -2.5168630959519693 -0.5306722116665519
39028 10628960 -0.03595097638747402 1.944630466484505 0.6400800000000001 -2.5168630959519693 -0.5306722116665519
39029 10628960 -0.08956308626940146 1.9300293013308083 0.6400800000000001 -2.5168630959519693 -0.5306722116665519
39030 10628960 -0.14415871262621338 1.9178530398251752 0.67056 -2.5168630959519693 -0.5306722116665519
39031 10628960 -0.19476497678806529 1.9056579140310237 0.67056 -2.5168630959519693 -0.5306722116665519
39032 10628960 -0.25082289987797113 1.8985169953952776 0.67056 -2.5168630959519693 -0.5306722116665519
39033 10628960 -0.2984147583718568 1.886037840092356 0.67056 -2.5168630959519693 -0.5306722116665519
39034 10628960 -0.3567547697098936 1.8787091184125382 0.6400800000000001 -2.5168630959519693 -0.5306722116665519
39035 10628960 -0.3995094623832831 1.8658171665274352 0.6400800000000001 -2.5168630959519693 -0.5306722116665519
39036 10628960 -0.4456008935293075 1.8577262018040837 0.6400800000000001 -2.5168630959519693 -0.5306722116665519
39037 10628960 -0.4916923246753319 1.849635237080732 0.6400800000000001 -2.5168630959519693 -0.5306722116665519
39038 10628960 -0.5307089959450288 1.8426778515670856 0.6400800000000001 -2.5168630959519693 -0.5306722116665519
39039 10628960 -0.5697256672147261 1.83572046605344 0.6400800000000001 -2.5168630959519693 -0.5306722116665519
39040 10628960 -0.6265659116123155 1.8275526116262064 0.6400800000000001 -2.5168630959519693 -0.5306722116665519
39041 10628960 -0.6910026106638398 1.813807647277005 0.6400800000000001 -2.5168630959519693 -0.5306722116665519
39042 10628960 -0.7273054724596959 1.8093811353820992 0.6400800000000001 -2.5168630959519693 -0.5306722116665519
39043 10628960 -0.763608334255552 1.8049546234871927 0.6400800000000001 -2.5168630959519693 -0.5306722116665519
39044 10628960 -0.8054092289743484 1.7952577731970762 0.6400800000000001 -2.5168630959519693 -0.5306722116665519
39045 10628960 -0.880690130965337 1.7836586880211271 0.6400800000000001 -2.5168630959519693 -0.5306722116665519
39046 10628960 -0.9322957307959664 1.7724955993835672 0.6096 -2.5168630959519693 -0.5306722116665519
39047 10628960 -1.006719205107052 1.7594487843011402 0.6096 -2.5168630959519693 -0.5306722116665519
39048 10628960 -1.0507435185173664 1.7416005414122024 0.6096 -2.5168630959519693 -0.5306722116665519
39049 10628960 -1.099512461170886 1.7255380589939362 0.6096 -2.5168630959519693 -0.5306722116665519
39050 10628960 -1.1411469266011909 1.7122831341522993 0.6096 -2.5168630959519693 -0.5306722116665519
39051 10628960 -1.1659327196338845 1.7043833589794994 0.6096 -2.5168630959519693 -0.5306722116665519
39052 10628960 -1.2117506480039917 1.6801512572058908 0.6096 -2.5168630959519693 -0.5306722116665519
39053 10628960 -1.2575685763740985 1.655919155432282 0.6096 -2.5168630959519693 -0.5306722116665519
39054 10628960 -1.3033865047442057 1.6316870536586732 0.6096 -2.5168630959519693 -0.5306722116665519
39055 10628960 -1.3518316890842053 1.6003306607607002 0.6096 -2.5168630959519693 -0.5306722116665519
39056 10628960 -1.3960161019057298 1.5657112306752643 0.6096 -2.5168630959519693 -0.5306722116665519
39057 10628960 -1.443894245806905 1.5252314066593509 0.57912 -2.5168630959519693 -0.5306722116665519
39058 10628960 -1.4745948111776117 1.4938251996380358 0.57912 -2.5168630959519693 -0.5306722116665519
39059 10628960 -1.5052953765483184 1.4624189926167208 0.57912 -2.5168630959519693 -0.5306722116665519
39060 10628960 -1.5387751898365842 1.4252329220364268 0.57912 -2.5168630959519693 -0.5306722116665519
39061 10628960 -1.5499073818857678 1.4074927729559847 0.57912 -2.5168630959519693 -0.5306722116665519
39062 10628960 -1.5978740445536943 1.3382410872204722 0.57912 -2.5168630959519693 -0.5306722116665519
39063 10628960 -1.620679926322674 1.291604416658754 0.57912 -2.5168630959519693 -0.5306722116665519
39064 10628960 -1.6461069204748633 1.2301685406586362 0.57912 -2.5168630959519693 -0.5306722116665519
39065 10628960 -1.6618517154347636 1.1820398166954025 0.54864 -2.5168630959519693 -0.5306722116665519
39066 10628960 -1.6754049160547273 1.1351804362205733 0.54864 -2.5168630959519693 -0.5306722116665519
39067 10628960 -1.6885964745749942 1.0839964810831009 0.54864 -2.5168630959519693 -0.5306722116665519
39068 10628960 -1.6943449522845435 1.043346953658069 0.54864 -2.5168630959519693 -0.5306722116665519
39069 10628960 -1.6989788584581198 0.9857414299592004 0.54864 -2.5168630959519693 -0.5306722116665519
39070 10628960 -1.7028544474130396 0.9481013060319392 0.54864 -2.5168630959519693 -0.5306722116665519
39071 10628960 -1.6950369649349268 0.8986908546775805 0.54864 -2.5168630959519693 -0.5306722116665519
39072 10628960 -1.6956306199031723 0.8534340854014109 0.54864 -2.5168630959519693 -0.5306722116665519
39073 10628960 -1.6919751856056338 0.8204869123038256 0.54864 -2.5168630959519693 -0.5306722116665519
39074 10628960 -1.6883197513080948 0.7875397392062402 0.54864 -2.5168630959519693 -0.5306722116665519
39075 10628960 -1.6784915402492342 0.716849451636859 0.54864 -2.5168630959519693 -0.5306722116665519
39076 10628960 -1.6782912671520531 0.6924811906167503 0.54864 -2.5168630959519693 -0.5306722116665519
39077 10628960 -1.6780909940548718 0.6681129295966415 0.54864 -2.5168630959519693 -0.5306722116665519
39078 10628960 -1.6733351002669126 0.6174843859749518 0.54864 -2.5168630959519693 -0.5306722116665519
39079 10628960 -1.6655465946500183 0.5565751426991954 0.5181600000000001 -2.5168630959519693 -0.5306722116665519
39080 10628960 -1.6626025613423343 0.5224004196779772 0.5181600000000001 -2.5168630959519693 -0.5306722116665519
39081 10628960 -1.6596585280346512 0.4882256966567592 0.5181600000000001 -2.5168630959519693 -0.5306722116665519
39082 10628960 -1.649681400437078 0.4399788787889193 0.5181600000000001 -2.5168630959519693 -0.5306722116665519
39083 10628960 -1.6367915142254157 0.3718514089050424 0.5181600000000001 -2.5168630959519693 -0.5306722116665519
39084 10628960 -1.6148103042351818 0.3211972527026869 0.48768 -2.5168630959519693 -0.5306722116665519
39085 10628960 -1.59449499063726 0.2773974885685073 0.48768 -2.5168630959519693 -0.5306722116665519
39086 10628960 -1.5855622695951908 0.2571835514590962 0.48768 -2.5168630959519693 -0.5306722116665519
39087 10628960 -1.5548878671145758 0.2165387323421548 0.48768 -2.5168630959519693 -0.5306722116665519
39088 10628960 -1.518610038637524 0.16179340157230612 0.48768 -2.5168630959519693 -0.5306722116665519
39089 10628960 -1.4904233407645295 0.13119300093242126 0.48768 -2.5168630959519693 -0.5306722116665519
39090 10628960 -1.4588522606367718 0.10170581329734138 0.48768 -2.5168630959519693 -0.5306722116665519
39091 10628960 -1.4232333563385218 0.07182968943123011 0.48768 -2.5168630959519693 -0.5306722116665519
39092 10628960 -1.4003471150066409 0.05897021446751562 0.48768 -2.5168630959519693 -0.5306722116665519
39093 10628960 -1.3774608736747596 0.04611073950380115 0.48768 -2.5168630959519693 -0.5306722116665519
39094 10628960 -1.323857887033307 0.01853235650666127 0.48768 -2.5168630959519693 -0.5306722116665519
39095 10628960 -1.2910615457957664 0.007456374873880038 0.48768 -2.5168630959519693 -0.5306722116665519
39096 10628960 -1.258265204558226 -0.003619606758901189 0.48768 -2.5168630959519693 -0.5306722116665519
39097 10628960 -1.213367287377362 -0.011642582881025515 0.48768 -2.5168630959519693 -0.5306722116665519
39098 10628960 -1.1598667640449771 -0.017804975814559115 0.4572000000000001 -2.5168630959519693 -0.5306722116665519
39099 10628960 -1.1179585460478914 -0.022746624348176675 0.4572000000000001 -2.5168630959519693 -0.5306722116665519
39100 10628960 -1.071684288730962 -0.019768848751171603 0.4572000000000001 -2.5168630959519693 -0.5306722116665519
39101 10628960 -1.019788736528835 -0.01453968274898834 0.4572000000000001 -2.5168630959519693 -0.5306722116665519
39102 10628960 -0.9753741399686632 -0.013173141729386578 0.4572000000000001 -2.5168630959519693 -0.5306722116665519
39103 10628960 -0.9294091297617956 -0.009509260173967832 0.4572000000000001 -2.5168630959519693 -0.5306722116665519
39104 10628960 -0.8838100902853518 -0.004790777885093106 0.4572000000000001 -2.5168630959519693 -0.5306722116665519
39105 10628960 -0.8372689936286528 0.0017229590886826684 0.4572000000000001 -2.5168630959519693 -0.5306722116665519
39106 10628960 -0.7959652607687355 0.00036892542529878836 0.42672 -2.5168630959519693 -0.5306722116665519
39107 10628960 -0.7519523696504222 0.0018680434777911534 0.42672 -2.5168630959519693 -0.5306722116665519
39108 10628960 -0.7145661223867457 0.004832977242737818 0.42672 -2.5168630959519693 -0.5306722116665519
39109 10628960 -0.6787794760287257 0.0023626975231799594 0.42672 -2.5168630959519693 -0.5306722116665519
39110 10628960 -0.6429928296707056 -0.00010758219637789936 0.42672 -2.5168630959519693 -0.5306722116665519
39111 10628960 -0.6072061833126856 -0.0025778619159357585 0.42672 -2.5168630959519693 -0.5306722116665519
39112 10628960 -0.5658244584809607 -0.00015895723563161268 0.42672 -2.5168630959519693 -0.5306722116665519
39113 10628960 -0.5244427336492359 0.0022599474446725327 0.42672 -2.5168630959519693 -0.5306722116665519
39114 10628960 -0.505063752273933 0.0017662061286986273 0.42672 -2.5168630959519693 -0.5306722116665519
39115 10628960 -0.4478175392717114 0.004081455240361437 0.42672 -2.5168630959519693 -0.5306722116665519
39116 10628960 -0.410343599818372 0.003514159101257713 0.39624 -2.5168630959519693 -0.5306722116665519
39117 10628960 -0.371353086578518 0.0059562525860961954 0.39624 -2.5168630959519693 -0.5306722116665519
39118 10628960 -0.3316894085459245 0.005024004444347169 0.39624 -2.5168630959519693 -0.5306722116665519
39119 10628960 -0.320438445719784 0.00683724376206471 0.39624 -2.5168630959519693 -0.5306722116665519
39120 10628960 -0.27416579547228953 0.006198614553700771 0.39624 -2.5168630959519693 -0.5306722116665519
39121 10628960 -0.22789314522479506 0.005559985345336832 0.39624 -2.5168630959519693 -0.5306722116665519
39122 10628960 -0.1816204949773006 0.004921356136972893 0.39624 -2.5168630959519693 -0.5306722116665519
39123 10628960 -0.1409496056665548 0.0023174073639232184 0.39624 -2.5168630959519693 -0.5306722116665519
39124 10628960 -0.10027871635580897 -0.0002865414091264562 0.39624 -2.5168630959519693 -0.5306722116665519
39125 10628960 -0.06737798568330503 0.0018694345748929144 0.39624 -2.5168630959519693 -0.5306722116665519
39126 10628960 -0.03447725501080107 0.0040254105589122855 0.39624 -2.5168630959519693 -0.5306722116665519
39127 10628960 -0.008550050868802644 0.0045470826616029894 0.381 -2.5168630959519693 -0.5306722116665519
39128 10628960 0.017377153273195778 0.0050687547642936925 0.36576 -2.5168630959519693 -0.5306722116665519
39129 10628960 0.058951152309867576 0.005909269330975271 0.36576 -2.5168630959519693 -0.5306722116665519
39130 10628960 0.1005251513465394 0.006749783897656847 0.36576 -2.5168630959519693 -0.5306722116665519
39131 10628960 0.1300474056879646 0.0055907398570141644 0.36576 -2.5168630959519693 -0.5306722116665519
39132 10628960 0.15956966002938985 0.0044316958163714846 0.36576 -2.5168630959519693 -0.5306722116665519
39133 10628960 0.18909191437081507 0.003272651775728802 0.36576 -2.5168630959519693 -0.5306722116665519
39134 10628960 0.20302583922628425 0.005144398833064556 0.36576 -2.5168630959519693 -0.5306722116665519
39135 10628960 0.2322877612725662 0.003642511499196373 0.36576 -2.5168630959519693 -0.5306722116665519
39136 10628960 0.2615496833188481 0.002140624165328189 0.36576 -2.5168630959519693 -0.5306722116665519
39137 10628960 0.2908116053651301 0.0006387368314600059 0.36576 -2.5168630959519693 -0.5306722116665519
39138 10628960 0.32007352741141204 -0.0008631505024081776 0.36576 -2.5168630959519693 -0.5306722116665519
39139 10628960 0.34268640387840155 -0.0004254777610975397 0.36576 -2.5168630959519693 -0.5306722116665519
39140 10628960 0.3652992803453911 1.2194980213098285e-05 0.36576 -2.5168630959519693 -0.5306722116665519
39141 10628960 0.38165090966251897 4.269345893842536e-05 0.36576 -2.5168630959519693 -0.5306722116665519
39142 10628960 0.4009254128613489 0.001407992173120648 0.36576 -2.5168630959519693 -0.5306722116665519
39143 10628960 0.4201999160601788 0.0027732908873028704 0.36576 -2.5168630959519693 -0.5306722116665519
39144 10628960 0.4394744192590087 0.004138589601485093 0.36576 -2.5168630959519693 -0.5306722116665519
39145 10628960 0.4587489224578386 0.0055038883156673145 0.36576 -2.5168630959519693 -0.5306722116665519
39146 10628960 0.4780234256566685 0.006869187029849538 0.36576 -2.5168630959519693 -0.5306722116665519
39147 10628960 0.4895806899733338 0.0055459129654249215 0.36576 -2.5168630959519693 -0.5306722116665519
39148 10628960 0.5011379542899992 0.004222638901000303 0.36576 -2.5168630959519693 -0.5306722116665519
39149 10628960 0.5145565097493258 0.0038391784563787603 0.36576 -2.5168630959519693 -0.5306722116665519
39150 10628960 0.5279750652086523 0.003455718011757217 0.36576 -2.5168630959519693 -0.5306722116665519
39151 10628960 0.5413936206679789 0.0030722575671356736 0.36576 -2.5168630959519693 -0.5306722116665519
39152 10628960 0.5548121761273055 0.0026887971225141305 0.36576 -2.5168630959519693 -0.5306722116665519
39153 10628960 0.5612134612900257 0.005971147688794315 0.36576 -2.5168630959519693 -0.5306722116665519
39154 10628960 0.5676147464527459 0.009253498255074502 0.36576 -2.5168630959519693 -0.5306722116665519
39155 10628960 0.5734732498683321 0.008156925372439476 0.36576 -2.5168630959519693 -0.5306722116665519
39156 10628960 0.5767872925080813 0.014901481887310428 0.36576 -2.5168630959519693 -0.5306722116665519
39157 10628960 0.5801013351478304 0.021646038402181374 0.36576 -2.5168630959519693 -0.5306722116665519
39158 10628960 0.5834153777875793 0.028390594917052325 0.36576 -2.5168630959519693 -0.5306722116665519
39159 10628960 0.5867294204273285 0.03513515143192328 0.36576 -2.5168630959519693 -0.5306722116665519
39160 10628960 0.5864871500183336 0.03905295228569065 0.36576 -2.5168630959519693 -0.5306722116665519
39161 10628960 0.5862448796093389 0.04297075313945802 0.36576 -2.5168630959519693 -0.5306722116665519
39162 10628960 0.5860026092003441 0.046888553993225376 0.36576 -2.5168630959519693 -0.5306722116665519
39163 10628960 0.5857603387913494 0.05080635484699275 0.36576 -2.5168630959519693 -0.5306722116665519
39164 10628960 0.5855180683823545 0.05472415570076011 0.36576 -2.5168630959519693 -0.5306722116665519
39165 10628960 0.5852757979733598 0.058641956554527475 0.36576 -2.5168630959519693 -0.5306722116665519
39166 10628960 0.585033527564365 0.06255975740829485 0.36576 -2.5168630959519693 -0.5306722116665519
39167 10628960 0.5833232900205922 0.07363313426792872 0.36576 -2.5168630959519693 -0.5306722116665519
39168 10628960 0.583668217122266 0.07468870358518978 0.36576 -2.5168630959519693 -0.5306722116665519
39169 10628960 0.5840131442239398 0.07574427290245081 0.36576 -2.5168630959519693 -0.5306722116665519
39170 10628960 0.5823029222523304 0.08681764851851348 0.36576 -2.5168630959519693 -0.5306722116665519
39171 10628960 0.5827685748241893 0.08824266680624666 0.36576 -2.5168630959519693 -0.5306722116665519
39172 10628960 0.5832342273960482 0.08966768509397986 0.36576 -2.5168630959519693 -0.5306722116665519
39173 10628960 0.5848381418255605 0.09457608146868753 0.36576 -2.5168630959519693 -0.5306722116665519
39174 10628960 0.5864420562550727 0.09948447784339516 0.36576 -2.5168630959519693 -0.5306722116665519
39175 10628960 0.5864007951467518 0.09993801331248736 0.36576 -2.5168630959519693 -0.5306722116665519
39176 10628960 0.586359534038431 0.10039154878157952 0.36576 -2.5168630959519693 -0.5306722116665519
39177 10628960 0.5863182729301101 0.10084508425067172 0.36576 -2.5168630959519693 -0.5306722116665519
39178 10628960 0.5862770118217892 0.10129861971976394 0.36576 -2.5168630959519693 -0.5306722116665519
39179 10628960 0.5862357507134682 0.10175215518885612 0.36576 -2.5168630959519693 -0.5306722116665519
39180 10628960 0.5861944896051474 0.10220569065794832 0.36576 -2.5168630959519693 -0.5306722116665519
39181 10628960 0.5861532284968265 0.10265922612704052 0.36576 -2.5168630959519693 -0.5306722116665519
39182 10628960 0.5861119673885056 0.10311276159613272 0.36576 -2.5168630959519693 -0.5306722116665519
39183 10628960 0.5860707062801847 0.10356629706522492 0.36576 -2.5168630959519693 -0.5306722116665519
39184 10628960 0.5860294451718638 0.1040198325343171 0.36576 -2.5168630959519693 -0.5306722116665519
39185 10628960 0.5859881840635429 0.1044733680034093 0.36576 -2.5168630959519693 -0.5306722116665519
39186 10628960 0.5859469229552221 0.1049269034725015 0.36576 -2.5168630959519693 -0.5306722116665519
39187 10628960 0.5859056618469011 0.10538043894159367 0.36576 -2.5168630959519693 -0.5306722116665519
39188 10628960 0.5858644007385803 0.10583397441068587 0.36576 -2.5168630959519693 -0.5306722116665519
39189 10628960 0.5858231396302593 0.10628750987977807 0.36576 -2.5168630959519693 -0.5306722116665519
39190 10628960 0.5857818785219384 0.10674104534887027 0.36576 -2.5168630959519693 -0.5306722116665519
39191 10628960 0.5857406174136176 0.10719458081796247 0.36576 -2.5168630959519693 -0.5306722116665519
39192 10628960 0.5856993563052967 0.10764811628705466 0.36576 -2.5168630959519693 -0.5306722116665519
39193 10628960 0.5856580951969758 0.10810165175614686 0.36576 -2.5168630959519693 -0.5306722116665519
39194 10628960 0.5856168340886548 0.10855518722523906 0.36576 -2.5168630959519693 -0.5306722116665519
39195 10628960 0.585575572980334 0.10900872269433123 0.36576 -2.5168630959519693 -0.5306722116665519
39196 10628960 0.5855343118720131 0.10946225816342343 0.36576 -2.5168630959519693 -0.5306722116665519
39197 10628960 0.5854930507636922 0.10991579363251563 0.36576 -2.5168630959519693 -0.5306722116665519
39198 10628960 0.5854517896553713 0.11036932910160784 0.36576 -2.5168630959519693 -0.5306722116665519
39199 10628960 0.5854105285470504 0.11082286457070004 0.36576 -2.5168630959519693 -0.5306722116665519
39200 10628960 0.5853692674387295 0.11127640003979222 0.36576 -2.5168630959519693 -0.5306722116665519
39201 10628960 0.5853280063304086 0.11172993550888442 0.36576 -2.5168630959519693 -0.5306722116665519
39202 10628960 0.5852867452220877 0.11218347097797662 0.36576 -2.5168630959519693 -0.5306722116665519
39203 10628960 0.5852454841137669 0.1126370064470688 0.36576 -2.5168630959519693 -0.5306722116665519
39204 10628960 0.5852042230054461 0.113090541916161 0.36576 -2.5168630959519693 -0.5306722116665519
39205 10628960 0.5859745635814738 0.11544797911859275 0.36576 -2.5168630959519693 -0.5306722116665519
39206 10628960 0.5867449041575018 0.11780541632102448 0.36576 -2.5168630959519693 -0.5306722116665519
39207 10628960 0.5875152447335297 0.12016285352345622 0.36576 -2.5168630959519693 -0.5306722116665519
39208 10628960 0.5871778564552397 0.12244610570935653 0.36576 -2.5168630959519693 -0.5306722116665519
39209 10628960 0.5868404681769497 0.12472935789525685 0.36576 -2.5168630959519693 -0.5306722116665519
39210 10628960 0.5865030798986597 0.12701261008115716 0.36576 -2.5168630959519693 -0.5306722116665519
